0,0,0,0,0,0,0,11.592,-2.8393e-15,1.3556e-15
0.1,0.0013054,-5.8312e-19,1.9124e-18,0.026101,-1.1677e-17,3.7963e-17,11.592,-2.8393e-15,1.3556e-15
0.2,0.0052179,-2.3169e-18,7.5435e-18,0.052135,-2.3394e-17,7.4451e-17,11.592,-2.8393e-15,1.3556e-15
0.3,0.011729,-5.1722e-18,1.6768e-17,0.078065,-3.5352e-17,1.099e-16,11.592,-2.8393e-15,1.3556e-15
0.4,0.020826,-9.1118e-18,2.9502e-17,0.10385,-4.7738e-17,1.4471e-16,11.592,-2.8393e-15,1.3556e-15
0.5,0.032494,-1.4091e-17,4.5702e-17,0.12946,-6.0736e-17,1.7927e-16,11.592,-2.8393e-15,1.3556e-15
0.6,0.046712,-2.0057e-17,6.536e-17,0.15486,-7.4523e-17,2.1393e-16,11.592,-2.8393e-15,1.3556e-15
0.7,0.063458,-2.695e-17,8.8504e-17,0.18002,-8.928e-17,2.4905e-16,11.592,-2.8393e-15,1.3556e-15
0.8,0.082707,-3.4703e-17,1.152e-16,0.20491,-1.0519e-16,2.8498e-16,11.592,-2.8393e-15,1.3556e-15
0.9,0.10443,-4.3241e-17,1.4554e-16,0.2295,-1.2244e-16,3.2208e-16,11.592,-2.8393e-15,1.3556e-15
1,0.1286,-5.2482e-17,1.7966e-16,0.25376,-1.4124e-16,3.607e-16,11.592,-2.8393e-15,1.3556e-15
1.1,0.15517,-6.2339e-17,2.1774e-16,0.27768,-1.6179e-16,4.0125e-16,11.592,-2.8393e-15,1.3556e-15
1.2,0.18412,-7.2714e-17,2.5999e-16,0.30122,-1.8433e-16,4.4412e-16,11.592,-2.8393e-15,1.3556e-15
1.3,0.2154,-8.3507e-17,3.0666e-16,0.32438,-2.0913e-16,4.8976e-16,11.592,-2.8393e-15,1.3556e-15
1.4,0.24898,-9.4607e-17,3.5805e-16,0.34714,-2.3645e-16,5.3865e-16,11.592,-2.8393e-15,1.3556e-15
1.5,0.28482,-1.059e-16,4.1451e-16,0.36947,-2.6661e-16,5.9132e-16,11.592,-2.8393e-15,1.3556e-15
1.6,0.32286,-1.1726e-16,4.7646e-16,0.39137,-2.9997e-16,6.4836e-16,11.592,-2.8393e-15,1.3556e-15
1.7,0.36308,-1.2855e-16,5.4435e-16,0.41283,-3.3691e-16,7.1042e-16,11.592,-2.8393e-15,1.3556e-15
1.8,0.40541,-1.3965e-16,6.1874e-16,0.43384,-3.7789e-16,7.7825e-16,11.592,-2.8393e-15,1.3556e-15
1.9,0.44983,-1.504e-16,7.0022e-16,0.45439,-4.2341e-16,8.5268e-16,11.592,-2.8393e-15,1.3556e-15
2,0.49628,-1.6064e-16,7.8952e-16,0.47447,-4.7404e-16,9.3464e-16,11.592,-2.8393e-15,1.3556e-15
2.1,0.54471,-1.7023e-16,8.8744e-16,0.49408,-5.3043e-16,1.0252e-15,11.592,-2.8393e-15,1.3556e-15
2.2,0.59508,-1.7898e-16,9.9489e-16,0.51322,-5.9334e-16,1.1256e-15,11.592,-2.8393e-15,1.3556e-15
2.3,0.64733,-1.8671e-16,1.1129e-15,0.53189,-6.6362e-16,1.2372e-15,11.592,-2.8393e-15,1.3556e-15
2.4,0.70144,-1.9325e-16,1.2428e-15,0.55008,-7.4226e-16,1.3617e-15,11.592,-2.8393e-15,1.3556e-15
2.5,0.75733,-1.9837e-16,1.3858e-15,0.5678,-8.3037e-16,1.5008e-15,11.592,-2.8393e-15,1.3556e-15
2.6,0.81498,-2.0188e-16,1.5435e-15,0.58505,-9.2927e-16,1.6567e-15,11.592,-2.8393e-15,1.3556e-15
2.7,0.87433,-2.0354e-16,1.7177e-15,0.60184,-1.0404e-15,1.8318e-15,11.592,-2.8393e-15,1.3556e-15
2.8,0.93533,-2.0313e-16,1.9106e-15,0.61816,-1.1656e-15,2.029e-15,11.592,-2.8393e-15,1.3556e-15
2.9,0.99795,-2.0037e-16,2.1244e-15,0.63403,-1.3068e-15,2.2514e-15,11.592,-2.8393e-15,1.3556e-15
3,1.0621,-1.9501e-16,2.3618e-15,0.64944,-1.4663e-15,2.5029e-15,11.592,-2.8393e-15,1.3556e-15
3.1,1.1278,-1.8675e-16,2.6261e-15,0.66441,-1.6468e-15,2.7878e-15,11.592,-2.8393e-15,1.3556e-15
3.2,1.195,-1.753e-16,2.9207e-15,0.67894,-1.8514e-15,3.1112e-15,11.592,-2.8393e-15,1.3556e-15
3.3,1.2636,-1.6032e-16,3.2498e-15,0.69304,-2.0836e-15,3.479e-15,11.592,-2.8393e-15,1.3556e-15
3.4,1.3336,-1.4146e-16,3.6182e-15,0.70672,-2.3478e-15,3.898e-15,11.592,-2.8393e-15,1.3556e-15
3.5,1.4049,-1.1835e-16,4.0314e-15,0.71998,-2.6488e-15,4.3763e-15,11.592,-2.8393e-15,1.3556e-15
3.6,1.4776,-9.0594e-17,4.4957e-15,0.73283,-2.9923e-15,4.9232e-15,11.592,-2.8393e-15,1.3556e-15
3.7,1.5515,-5.7752e-17,5.0187e-15,0.74528,-3.3849e-15,5.5496e-15,11.592,-2.8393e-15,1.3556e-15
3.8,1.6266,-1.9364e-17,5.6087e-15,0.75734,-3.8345e-15,6.2682e-15,11.592,-2.8393e-15,1.3556e-15
3.9,1.7029,2.5066e-17,6.2759e-15,0.76902,-4.35e-15,7.094e-15,11.592,-2.8393e-15,1.3556e-15
4,1.7804,7.6075e-17,7.0317e-15,0.78033,-4.9421e-15,8.0443e-15,11.592,-2.8393e-15,1.3556e-15
4.1,1.859,1.3424e-16,7.8896e-15,0.79127,-5.6234e-15,9.1398e-15,11.592,-2.8393e-15,1.3556e-15
4.2,1.9386,2.0018e-16,8.8653e-15,0.80187,-6.4083e-15,1.0404e-14,11.592,-2.8393e-15,1.3556e-15
4.3,2.0193,2.7456e-16,9.977e-15,0.81211,-7.314e-15,1.1867e-14,11.592,-2.8393e-15,1.3556e-15
4.4,2.1011,3.5811e-16,1.1246e-14,0.82202,-8.3608e-15,1.3559e-14,11.592,-2.8393e-15,1.3556e-15
4.5,2.1837,4.5161e-16,1.2698e-14,0.8316,-9.5723e-15,1.5522e-14,11.592,-2.8393e-15,1.3556e-15
4.6,2.2674,5.5588e-16,1.4361e-14,0.84087,-1.0976e-14,1.7801e-14,11.592,-2.8393e-15,1.3556e-15
4.7,2.3519,6.7182e-16,1.627e-14,0.84983,-1.2606e-14,2.045e-14,11.592,-2.8393e-15,1.3556e-15
4.8,2.4373,8.0041e-16,1.8466e-14,0.85848,-1.45e-14,2.3534e-14,11.592,-2.8393e-15,1.3556e-15
4.9,2.5236,9.4267e-16,2.0994e-14,0.86685,-1.6704e-14,2.7128e-14,11.592,-2.8393e-15,1.3556e-15
5,2.6107,1.0997e-15,2.3911e-14,0.87493,-1.9272e-14,3.1322e-14,11.592,-2.8393e-15,1.3556e-15
5.1,2.6986,1.2727e-15,2.7282e-14,0.88274,-2.2269e-14,3.6223e-14,11.592,-2.8393e-15,1.3556e-15
5.2,2.7872,1.463e-15,3.1183e-14,0.89028,-2.5769e-14,4.1955e-14,11.592,-2.8393e-15,1.3556e-15
5.3,2.8766,1.6717e-15,3.5706e-14,0.89756,-2.9863e-14,4.8669e-14,11.592,-2.8393e-15,1.3556e-15
5.4,2.9667,1.9005e-15,4.0956e-14,0.90459,-3.4656e-14,5.6539e-14,11.592,-2.8393e-15,1.3556e-15
5.5,3.0575,2.1506e-15,4.7059e-14,0.91139,-4.0275e-14,6.5776e-14,11.592,-2.8393e-15,1.3556e-15
5.6,3.149,2.4238e-15,5.4165e-14,0.91794,-4.6869e-14,7.6628e-14,11.592,-2.8393e-15,1.3556e-15
5.7,3.2411,2.7214e-15,6.2448e-14,0.92427,-5.4615e-14,8.9391e-14,11.592,-2.8393e-15,1.3556e-15
5.8,3.3338,3.0452e-15,7.2118e-14,0.93038,-6.3724e-14,1.0442e-13,11.592,-2.8393e-15,1.3556e-15
5.9,3.4272,3.3967e-15,8.3421e-14,0.93628,-7.4446e-14,1.2212e-13,11.592,-2.8393e-15,1.3556e-15
6,3.5211,3.7774e-15,9.6648e-14,0.94197,-8.708e-14,1.43e-13,11.592,-2.8393e-15,1.3556e-15
6.1,3.6156,4.1889e-15,1.1215e-13,0.94746,-1.0198e-13,1.6765e-13,11.592,-2.8393e-15,1.3556e-15
6.2,3.7106,4.6326e-15,1.3033e-13,0.95276,-1.1957e-13,1.9677e-13,11.592,-2.8393e-15,1.3556e-15
6.3,3.8061,5.1093e-15,1.5168e-13,0.95787,-1.4035e-13,2.3121e-13,11.592,-2.8393e-15,1.3556e-15
6.4,3.9021,5.62e-15,1.7678e-13,0.9628,-1.6492e-13,2.7197e-13,11.592,-2.8393e-15,1.3556e-15
6.5,3.9987,6.165e-15,2.0632e-13,0.96756,-1.9401e-13,3.2025e-13,11.592,-2.8393e-15,1.3556e-15
6.6,4.0956,6.7438e-15,2.4113e-13,0.97215,-2.2846e-13,3.7747e-13,11.592,-2.8393e-15,1.3556e-15
6.7,4.1931,7.3553e-15,2.8217e-13,0.97658,-2.6929e-13,4.4535e-13,11.592,-2.8393e-15,1.3556e-15
6.8,4.291,7.9972e-15,3.3062e-13,0.98085,-3.1773e-13,5.2592e-13,11.592,-2.8393e-15,1.3556e-15
6.9,4.3893,8.6657e-15,3.8786e-13,0.98496,-3.7523e-13,6.2164e-13,11.592,-2.8393e-15,1.3556e-15
7,4.4879,9.3551e-15,4.5555e-13,0.98894,-4.4353e-13,7.3542e-13,11.592,-2.8393e-15,1.3556e-15
7.1,4.587,1.0057e-14,5.3566e-13,0.99277,-5.2473e-13,8.7076e-13,11.592,-2.8393e-15,1.3556e-15
7.2,4.6865,1.0761e-14,6.3056e-13,0.99646,-6.2132e-13,1.0318e-12,11.592,-2.8393e-15,1.3556e-15
7.3,4.7863,1.1452e-14,7.4305e-13,1,-7.3629e-13,1.2237e-12,11.592,-2.8393e-15,1.3556e-15
7.4,4.8865,1.2109e-14,8.7652e-13,1.0035,-8.7322e-13,1.4523e-12,11.592,-2.8393e-15,1.3556e-15
7.5,4.987,1.2707e-14,1.035e-12,1.0068,-1.0364e-12,1.7249e-12,11.592,-2.8393e-15,1.3556e-15
7.6,5.0878,1.3212e-14,1.2232e-12,1.01,-1.231e-12,2.0501e-12,11.592,-2.8393e-15,1.3556e-15
7.7,5.189,1.3581e-14,1.4471e-12,1.013,-1.4631e-12,2.4382e-12,11.592,-2.8393e-15,1.3556e-15
7.8,5.2904,1.3759e-14,1.7134e-12,1.016,-1.7402e-12,2.9018e-12,11.592,-2.8393e-15,1.3556e-15
7.9,5.3922,1.3676e-14,2.0304e-12,1.0189,-2.0712e-12,3.4556e-12,11.592,-2.8393e-15,1.3556e-15
8,5.4942,1.3244e-14,2.4081e-12,1.0216,-2.4666e-12,4.1177e-12,11.592,-2.8393e-15,1.3556e-15
8.1,5.5965,1.2352e-14,2.8583e-12,1.0243,-2.9394e-12,4.9096e-12,11.592,-2.8393e-15,1.3556e-15
8.2,5.6991,1.0863e-14,3.3952e-12,1.0268,-3.5048e-12,5.857e-12,11.592,-2.8393e-15,1.3556e-15
8.3,5.8019,8.6033e-15,4.0359e-12,1.0293,-4.1814e-12,6.9911e-12,11.592,-2.8393e-15,1.3556e-15
8.4,5.9049,5.3594e-15,4.8009e-12,1.0317,-4.9913e-12,8.3492e-12,11.592,-2.8393e-15,1.3556e-15
8.5,6.0082,8.6497e-16,5.7147e-12,1.034,-5.9612e-12,9.9762e-12,11.592,-2.8393e-15,1.3556e-15
8.6,6.1117,-5.2096e-15,6.8069e-12,1.0362,-7.1233e-12,1.1926e-11,11.592,-2.8393e-15,1.3556e-15
8.7,6.2155,-1.3272e-14,8.1129e-12,1.0383,-8.5161e-12,1.4264e-11,11.592,-2.8393e-15,1.3556e-15
8.8,6.3194,-2.3824e-14,9.6752e-12,1.0404,-1.0186e-11,1.7068e-11,11.592,-2.8393e-15,1.3556e-15
8.9,6.4235,-3.7485e-14,1.1545e-11,1.0424,-1.2189e-11,2.0432e-11,11.592,-2.8393e-15,1.3556e-15
9,6.5279,-5.5018e-14,1.3784e-11,1.0443,-1.4592e-11,2.4469e-11,11.592,-2.8393e-15,1.3556e-15
9.1,6.6324,-7.7359e-14,1.6466e-11,1.0461,-1.7477e-11,2.9316e-11,11.592,-2.8393e-15,1.3556e-15
9.2,6.7371,-1.0566e-13,1.968e-11,1.0479,-2.094e-11,3.5137e-11,11.592,-2.8393e-15,1.3556e-15
9.3,6.842,-1.4133e-13,2.3532e-11,1.0496,-2.5099e-11,4.213e-11,11.592,-2.8393e-15,1.3556e-15
9.4,6.947,-1.8609e-13,2.8153e-11,1.0513,-3.0096e-11,5.0534e-11,11.592,-2.8393e-15,1.3556e-15
9.5,7.0522,-2.4206e-13,3.3696e-11,1.0528,-3.61e-11,6.0634e-11,11.592,-2.8393e-15,1.3556e-15
9.6,7.1576,-3.1184e-13,4.0348e-11,1.0544,-4.3318e-11,7.2779e-11,11.592,-2.8393e-15,1.3556e-15
9.7,7.2631,-3.9859e-13,4.8333e-11,1.0559,-5.1997e-11,8.7384e-11,11.592,-2.8393e-15,1.3556e-15
9.8,7.3687,-5.0616e-13,5.7923e-11,1.0573,-6.2435e-11,1.0495e-10,11.592,-2.8393e-15,1.3556e-15
9.9,7.4745,-6.393e-13,6.9443e-11,1.0586,-7.4992e-11,1.2609e-10,11.592,-2.8393e-15,1.3556e-15
10,7.5805,-8.0376e-13,8.3285e-11,1.06,-9.0102e-11,1.5154e-10,11.592,-2.8393e-15,1.3556e-15
10.1,7.6865,-1.0066e-12,9.9923e-11,1.0612,-1.0829e-10,1.8217e-10,11.592,-2.8393e-15,1.3556e-15
10.2,7.7927,-1.2563e-12,1.1993e-10,1.0625,-1.3018e-10,2.1904e-10,11.592,-2.8393e-15,1.3556e-15
10.3,7.899,-1.5634e-12,1.4398e-10,1.0636,-1.5654e-10,2.6346e-10,11.592,-2.8393e-15,1.3556e-15
10.4,8.0054,-1.9407e-12,1.7292e-10,1.0648,-1.8829e-10,3.1696e-10,0.94252,-0.12622,0.061911
10.5,8.1108,-2.6406e-05,9.2498e-05,1.0423,-0.00062681,0.0019015,0.94252,-0.12622,0.061911
10.6,8.2139,-0.00010661,0.00039119,1.0207,-0.0014758,0.0041297,0.94252,-0.12622,0.061911
10.7,8.315,-0.00024239,0.00093049,0.99979,-0.0025732,0.0067195,0.94252,-0.12622,0.061911
10.8,8.4139,-0.000436,0.0017482,0.97967,-0.0039464,0.0097039,0.94252,-0.12622,0.061911
10.9,8.5109,-0.0006901,0.0028854,0.96025,-0.0056244,0.013113,0.94252,-0.12622,0.061911
11,8.606,-0.0010078,0.0043857,0.94152,-0.0076364,0.01697,0.94252,-0.12622,0.061911
11.1,8.6992,-0.0013928,0.0062949,0.92344,-0.010012,0.021292,0.94252,-0.12622,0.061911
11.2,8.7907,-0.0018489,0.00866,0.90598,-0.012778,0.026087,0.94252,-0.12622,0.061911
11.3,8.8805,-0.0023807,0.011528,0.88912,-0.015961,0.031348,0.94252,-0.12622,0.061911
11.4,8.9686,-0.0029927,0.014944,0.87281,-0.019584,0.037056,0.94252,-0.12622,0.061911
11.5,9.0551,-0.00369,0.018953,0.85705,-0.023663,0.043175,0.94252,-0.12622,0.061911
11.6,9.1401,-0.0044777,0.023591,0.84178,-0.028211,0.049653,0.94252,-0.12622,0.061911
11.7,9.2236,-0.0053609,0.028893,0.827,-0.033231,0.056424,0.94252,-0.12622,0.061911
11.8,9.3056,-0.0063444,0.034883,0.81267,-0.03872,0.063406,0.94252,-0.12622,0.061911
11.9,9.3863,-0.007433,0.041578,0.79876,-0.044664,0.070505,0.94252,-0.12622,0.061911
12,9.4656,-0.0086304,0.048985,0.78525,-0.051042,0.077621,0.94252,-0.12622,0.061911
12.1,9.5437,-0.00994,0.0571,0.77211,-0.057822,0.084649,0.94252,-0.12622,0.061911
12.2,9.6205,-0.011364,0.065908,0.75931,-0.064965,0.091487,0.94252,-0.12622,0.061911
12.3,9.6961,-0.012903,0.075387,0.74683,-0.072423,0.098038,0.94252,-0.12622,0.061911
12.4,9.7705,-0.014557,0.085504,0.73466,-0.080143,0.10421,0.94252,-0.12622,0.061911
12.5,9.8438,-0.016325,0.096215,0.72276,-0.088067,0.10994,0.94252,-0.12622,0.061911
12.6,9.9161,-0.018201,0.10748,0.71112,-0.096137,0.11517,0.94252,-0.12622,0.061911
12.7,9.9873,-0.020183,0.11923,0.69972,-0.10429,0.11985,0.94252,-0.12622,0.061911
12.8,10.058,-0.022263,0.13143,0.68855,-0.11247,0.12395,0.94252,-0.12622,0.061911
12.9,10.127,-0.024433,0.144,0.67761,-0.12061,0.12748,0.94252,-0.12622,0.061911
13,10.195,-0.026685,0.1569,0.66687,-0.12868,0.13042,0.94252,-0.12622,0.061911
13.1,10.263,-0.029008,0.17007,0.65633,-0.1366,0.13279,0.94252,-0.12622,0.061911
13.2,10.329,-0.031391,0.18344,0.64598,-0.14436,0.13462,0.94252,-0.12622,0.061911
13.3,10.395,-0.033824,0.19697,0.63583,-0.1519,0.13593,0.94252,-0.12622,0.061911
13.4,10.46,-0.036293,0.21061,0.62587,-0.1592,0.13676,0.94252,-0.12622,0.061911
13.5,10.524,-0.038788,0.22431,0.6161,-0.16624,0.13715,0.94252,-0.12622,0.061911
13.6,10.587,-0.041296,0.23803,0.60652,-0.17299,0.13712,0.94252,-0.12622,0.061911
13.7,10.65,-0.043805,0.25172,0.59712,-0.17944,0.13673,0.94252,-0.12622,0.061911
13.8,10.712,-0.046303,0.26536,0.58792,-0.18557,0.136,0.94252,-0.12622,0.061911
13.9,10.773,-0.048779,0.27891,0.5789,-0.19139,0.13498,0.94252,-0.12622,0.061911
14,10.834,-0.051222,0.29235,0.57008,-0.19689,0.1337,0.94252,-0.12622,0.061911
14.1,10.894,-0.053623,0.30564,0.56145,-0.20207,0.13218,0.94252,-0.12622,0.061911
14.2,10.953,-0.055971,0.31878,0.55301,-0.20693,0.13046,0.94252,-0.12622,0.061911
14.3,11.012,-0.058257,0.33173,0.54477,-0.21148,0.12857,0.94252,-0.12622,0.061911
14.4,11.07,-0.060474,0.34449,0.53672,-0.21572,0.12654,0.94252,-0.12622,0.061911
14.5,11.127,-0.062613,0.35703,0.52886,-0.21967,0.12437,0.94252,-0.12622,0.061911
14.6,11.184,-0.064669,0.36936,0.5212,-0.22333,0.1221,0.94252,-0.12622,0.061911
14.7,11.241,-0.066633,0.38145,0.51373,-0.22672,0.11974,0.94252,-0.12622,0.061911
14.8,11.297,-0.068502,0.3933,0.50645,-0.22983,0.11731,0.94252,-0.12622,0.061911
14.9,11.352,-0.070269,0.40491,0.49937,-0.23269,0.11482,0.94252,-0.12622,0.061911
15,11.407,-0.071931,0.41627,0.49247,-0.2353,0.11229,0.94252,-0.12622,0.061911
15.1,11.461,-0.073483,0.42737,0.48576,-0.23767,0.10973,0.94252,-0.12622,0.061911
15.2,11.515,-0.074922,0.43821,0.47924,-0.23983,0.10715,0.94252,-0.12622,0.061911
15.3,11.568,-0.076244,0.4488,0.4729,-0.24177,0.10455,0.94252,-0.12622,0.061911
15.4,11.621,-0.077449,0.45912,0.46675,-0.2435,0.10195,0.94252,-0.12622,0.061911
15.5,11.673,-0.078532,0.46919,0.46077,-0.24505,0.099353,0.94252,-0.12622,0.061911
15.6,11.725,-0.079494,0.47899,0.45496,-0.24641,0.096764,0.94252,-0.12622,0.061911
15.7,11.777,-0.080331,0.48854,0.44933,-0.2476,0.09419,0.94252,-0.12622,0.061911
15.8,11.828,-0.081044,0.49783,0.44386,-0.24863,0.091634,0.94252,-0.12622,0.061911
15.9,11.879,-0.081631,0.50687,0.43856,-0.24951,0.089102,0.94252,-0.12622,0.061911
16,11.929,-0.082092,0.51565,0.43342,-0.25024,0.086597,0.94252,-0.12622,0.061911
16.1,11.979,-0.082427,0.52419,0.42844,-0.25083,0.084121,0.94252,-0.12622,0.061911
16.2,12.028,-0.082635,0.53248,0.42361,-0.25129,0.081678,0.94252,-0.12622,0.061911
16.3,12.077,-0.082716,0.54053,0.41893,-0.25164,0.079269,0.94252,-0.12622,0.061911
16.4,12.126,-0.082672,0.54833,0.4144,-0.25186,0.076897,0.94252,-0.12622,0.061911
16.5,12.174,-0.082501,0.55591,0.41002,-0.25198,0.074564,0.94252,-0.12622,0.061911
16.6,12.222,-0.082206,0.56325,0.40577,-0.252,0.07227,0.94252,-0.12622,0.061911
16.7,12.27,-0.081786,0.57036,0.40166,-0.25193,0.070016,0.94252,-0.12622,0.061911
16.8,12.317,-0.081242,0.57725,0.39768,-0.25176,0.067804,0.94252,-0.12622,0.061911
16.9,12.364,-0.080575,0.58392,0.39382,-0.25151,0.065634,0.94252,-0.12622,0.061911
17,12.41,-0.079787,0.59038,0.3901,-0.25118,0.063507,1.0441,-2.5573e-16,1.2658e-16
17.1,12.457,-0.078849,0.59654,0.38674,-0.25024,0.059741,1.0441,-2.5573e-16,1.2658e-16
17.2,12.503,-0.07774,0.60234,0.38352,-0.2492,0.05614,1.0441,-2.5573e-16,1.2658e-16
17.3,12.548,-0.076462,0.60778,0.38046,-0.24808,0.052692,1.0441,-2.5573e-16,1.2658e-16
17.4,12.593,-0.07502,0.61288,0.37752,-0.24688,0.049381,1.0441,-2.5573e-16,1.2658e-16
17.5,12.638,-0.07342,0.61766,0.37472,-0.2456,0.046196,1.0441,-2.5573e-16,1.2658e-16
17.6,12.683,-0.071664,0.62212,0.37204,-0.24426,0.043127,1.0441,-2.5573e-16,1.2658e-16
17.7,12.727,-0.069757,0.62628,0.36949,-0.24285,0.040166,1.0441,-2.5573e-16,1.2658e-16
17.8,12.771,-0.067704,0.63016,0.36704,-0.24139,0.037302,1.0441,-2.5573e-16,1.2658e-16
17.9,12.815,-0.065507,0.63375,0.36471,-0.23988,0.03453,1.0441,-2.5573e-16,1.2658e-16
18,12.858,-0.063171,0.63707,0.36248,-0.23832,0.031843,1.0441,-2.5573e-16,1.2658e-16
18.1,12.902,-0.060699,0.64012,0.36036,-0.23672,0.029233,1.0441,-2.5573e-16,1.2658e-16
18.2,12.944,-0.058095,0.64292,0.35833,-0.23507,0.026696,1.0441,-2.5573e-16,1.2658e-16
18.3,12.987,-0.055363,0.64546,0.35639,-0.23339,0.024227,1.0441,-2.5573e-16,1.2658e-16
18.4,13.03,-0.052505,0.64776,0.35454,-0.23167,0.02182,1.0441,-2.5573e-16,1.2658e-16
18.5,13.072,-0.049525,0.64983,0.35278,-0.22991,0.019471,1.0441,-2.5573e-16,1.2658e-16
18.6,13.114,-0.046427,0.65166,0.35109,-0.22813,0.017175,1.0441,-2.5573e-16,1.2658e-16
18.7,13.155,-0.043214,0.65326,0.34949,-0.22631,0.014929,1.0441,-2.5573e-16,1.2658e-16
18.8,13.197,-0.039889,0.65465,0.34797,-0.22447,0.012729,1.0441,-2.5573e-16,1.2658e-16
18.9,13.238,-0.036454,0.65581,0.34651,-0.2226,0.010571,1.0441,-2.5573e-16,1.2658e-16
19,13.279,-0.032913,0.65676,0.34513,-0.22071,0.0084508,1.0441,-2.5573e-16,1.2658e-16
19.1,13.319,-0.02927,0.6575,0.34381,-0.21879,0.0063656,1.0441,-2.5573e-16,1.2658e-16
19.2,13.36,-0.025526,0.65804,0.34256,-0.21685,0.0043118,1.0441,-2.5573e-16,1.2658e-16
19.3,13.4,-0.021685,0.65837,0.34137,-0.21489,0.0022859,1.0441,-2.5573e-16,1.2658e-16
19.4,13.44,-0.01775,0.65849,0.34024,-0.2129,0.0002846,1.0441,-2.5573e-16,1.2658e-16
19.5,13.48,-0.013721,0.65842,0.33917,-0.21083,-0.0016687,1.0441,-2.5573e-16,1.2658e-16
19.6,13.52,-0.0095915,0.65816,0.33815,-0.20855,-0.0035251,1.0441,-2.5573e-16,1.2658e-16
19.7,13.559,-0.0053479,0.65772,0.33719,-0.20608,-0.0052776,1.0441,-2.5573e-16,1.2658e-16
19.8,13.598,-0.0009798,0.65711,0.33627,-0.20343,-0.0069215,1.0441,-2.5573e-16,1.2658e-16
19.9,13.637,0.0035228,0.65634,0.33539,-0.20062,-0.0084536,1.0441,-2.5573e-16,1.2658e-16
20,13.676,0.008169,0.65542,0.33456,-0.19766,-0.0098726,1.0441,-2.5573e-16,1.2658e-16
20.1,13.714,0.012967,0.65437,0.33376,-0.19458,-0.011178,1.0441,-2.5573e-16,1.2658e-16
20.2,13.752,0.017923,0.65319,0.33299,-0.19139,-0.012372,1.0441,-2.5573e-16,1.2658e-16
20.3,13.79,0.023045,0.6519,0.33226,-0.18809,-0.013456,1.0441,-2.5573e-16,1.2658e-16
20.4,13.828,0.028336,0.6505,0.33155,-0.18472,-0.014433,1.0441,-2.5573e-16,1.2658e-16
20.5,13.865,0.033803,0.64902,0.33086,-0.18129,-0.015307,1.0441,-2.5573e-16,1.2658e-16
20.6,13.903,0.039447,0.64745,0.3302,-0.1778,-0.016083,1.0441,-2.5573e-16,1.2658e-16
20.7,13.94,0.045272,0.6458,0.32955,-0.17427,-0.016765,1.0441,-2.5573e-16,1.2658e-16
20.8,13.976,0.05128,0.6441,0.32892,-0.17071,-0.017358,1.0441,-2.5573e-16,1.2658e-16
20.9,14.013,0.057473,0.64233,0.3283,-0.16714,-0.017868,1.0441,-2.5573e-16,1.2658e-16
21,14.049,0.06385,0.64053,0.3277,-0.16356,-0.0183,1.0441,-2.5573e-16,1.2658e-16
21.1,14.085,0.070412,0.63868,0.32711,-0.15998,-0.018659,1.0441,-2.5573e-16,1.2658e-16
21.2,14.12,0.07716,0.6368,0.32652,-0.15642,-0.01895,1.0441,-2.5573e-16,1.2658e-16
21.3,14.156,0.084091,0.63489,0.32595,-0.15288,-0.019179,1.0441,-2.5573e-16,1.2658e-16
21.4,14.191,0.091204,0.63296,0.32538,-0.14936,-0.019351,1.0441,-2.5573e-16,1.2658e-16
21.5,14.226,0.098499,0.63102,0.32481,-0.14588,-0.01947,1.0441,-2.5573e-16,1.2658e-16
21.6,14.261,0.10597,0.62907,0.32426,-0.14243,-0.019542,1.0441,-2.5573e-16,1.2658e-16
21.7,14.295,0.11362,0.62711,0.3237,-0.13903,-0.019569,1.0441,-2.5573e-16,1.2658e-16
21.8,14.329,0.12145,0.62516,0.32315,-0.13567,-0.019557,1.0441,-2.5573e-16,1.2658e-16
21.9,14.364,0.12944,0.6232,0.32261,-0.13236,-0.019509,1.0441,-2.5573e-16,1.2658e-16
22,14.397,0.13761,0.62126,0.32206,-0.12911,-0.019429,1.0441,-2.5573e-16,1.2658e-16
22.1,14.431,0.14594,0.61932,0.32152,-0.12591,-0.019321,1.0441,-2.5573e-16,1.2658e-16
22.2,14.464,0.15443,0.61739,0.32099,-0.12276,-0.019186,1.0441,-2.5573e-16,1.2658e-16
22.3,14.497,0.16308,0.61548,0.32045,-0.11968,-0.019029,1.0441,-2.5573e-16,1.2658e-16
22.4,14.53,0.17189,0.61359,0.31992,-0.11666,-0.018851,1.0441,-2.5573e-16,1.2658e-16
22.5,14.563,0.18085,0.61171,0.31939,-0.11369,-0.018656,1.0441,-2.5573e-16,1.2658e-16
22.6,14.596,0.18995,0.60986,0.31886,-0.11079,-0.018445,1.0441,-2.5573e-16,1.2658e-16
22.7,14.628,0.19921,0.60802,0.31833,-0.10795,-0.018221,1.0441,-2.5573e-16,1.2658e-16
22.8,14.66,0.2086,0.60621,0.31781,-0.10517,-0.017985,1.0441,-2.5573e-16,1.2658e-16
22.9,14.692,0.21813,0.60443,0.31729,-0.10246,-0.017739,1.0441,-2.5573e-16,1.2658e-16
23,14.724,0.2278,0.60267,0.31677,-0.099803,-0.017485,1.0441,-2.5573e-16,1.2658e-16
23.1,14.756,0.2376,0.60093,0.31625,-0.09721,-0.017224,1.0441,-2.5573e-16,1.2658e-16
23.2,14.787,0.24753,0.59922,0.31574,-0.094678,-0.016958,1.0441,-2.5573e-16,1.2658e-16
23.3,14.819,0.25758,0.59754,0.31523,-0.092207,-0.016687,1.0441,-2.5573e-16,1.2658e-16
23.4,14.85,0.26775,0.59588,0.31472,-0.089794,-0.016412,1.0441,-2.5573e-16,1.2658e-16
23.5,14.881,0.27804,0.59426,0.31421,-0.087441,-0.016135,1.0441,-2.5573e-16,1.2658e-16
23.6,14.912,0.28844,0.59266,0.31371,-0.085145,-0.015857,1.0441,-2.5573e-16,1.2658e-16
23.7,14.942,0.29896,0.59109,0.31321,-0.082906,-0.015577,1.0441,-2.5573e-16,1.2658e-16
23.8,14.973,0.30958,0.58954,0.31272,-0.080723,-0.015298,1.0441,-2.5573e-16,1.2658e-16
23.9,15.003,0.32031,0.58803,0.31222,-0.078595,-0.015019,1.0441,-2.5573e-16,1.2658e-16
24,15.034,0.33114,0.58654,0.31173,-0.076521,-0.014741,1.0441,-2.5573e-16,1.2658e-16
24.1,15.064,0.34207,0.58508,0.31125,-0.074499,-0.014465,1.0441,-2.5573e-16,1.2658e-16
24.2,15.094,0.3531,0.58364,0.31077,-0.072529,-0.01419,1.0441,-2.5573e-16,1.2658e-16
24.3,15.124,0.36422,0.58224,0.31029,-0.07061,-0.013918,1.0441,-2.5573e-16,1.2658e-16
24.4,15.153,0.37543,0.58086,0.30982,-0.068739,-0.013649,1.0441,-2.5573e-16,1.2658e-16
24.5,15.183,0.38673,0.57951,0.30935,-0.066918,-0.013382,1.0441,-2.5573e-16,1.2658e-16
24.6,15.213,0.39811,0.57818,0.30888,-0.065143,-0.013119,1.0441,-2.5573e-16,1.2658e-16
24.7,15.242,0.40958,0.57689,0.30842,-0.063414,-0.012859,1.0441,-2.5573e-16,1.2658e-16
24.8,15.271,0.42112,0.57561,0.30796,-0.061731,-0.012603,1.0441,-2.5573e-16,1.2658e-16
24.9,15.3,0.43275,0.57437,0.30751,-0.060091,-0.012351,1.0441,-2.5573e-16,1.2658e-16
25,15.329,0.44445,0.57314,0.30706,-0.058494,-0.012103,1.0441,-2.5573e-16,1.2658e-16
25.1,15.358,0.45622,0.57194,0.30662,-0.056938,-0.011859,1.0441,-2.5573e-16,1.2658e-16
25.2,15.387,0.46806,0.57077,0.30618,-0.055424,-0.011619,1.0441,-2.5573e-16,1.2658e-16
25.3,15.416,0.47998,0.56962,0.30575,-0.053948,-0.011383,1.0441,-2.5573e-16,1.2658e-16
25.4,15.444,0.49195,0.56849,0.30532,-0.052512,-0.011152,1.0441,-2.5573e-16,1.2658e-16
25.5,15.473,0.504,0.56739,0.30489,-0.051113,-0.010925,1.0441,-2.5573e-16,1.2658e-16
25.6,15.501,0.51611,0.56631,0.30447,-0.04975,-0.010703,1.0441,-2.5573e-16,1.2658e-16
25.7,15.53,0.52827,0.56525,0.30405,-0.048424,-0.010484,1.0441,-2.5573e-16,1.2658e-16
25.8,15.558,0.5405,0.56421,0.30364,-0.047132,-0.010271,1.0441,-2.5573e-16,1.2658e-16
25.9,15.586,0.55278,0.56319,0.30324,-0.045873,-0.010062,1.0441,-2.5573e-16,1.2658e-16
26,15.614,0.56512,0.5622,0.30283,-0.044648,-0.0098568,1.0441,-2.5573e-16,1.2658e-16
26.1,15.642,0.57751,0.56122,0.30244,-0.043455,-0.0096564,1.0441,-2.5573e-16,1.2658e-16
26.2,15.67,0.58995,0.56027,0.30205,-0.042292,-0.0094604,1.0441,-2.5573e-16,1.2658e-16
26.3,15.698,0.60245,0.55933,0.30166,-0.04116,-0.0092688,1.0441,-2.5573e-16,1.2658e-16
26.4,15.725,0.61499,0.55841,0.30128,-0.040058,-0.0090815,1.0441,-2.5573e-16,1.2658e-16
26.5,15.753,0.62758,0.55751,0.3009,-0.038984,-0.0088985,1.0441,-2.5573e-16,1.2658e-16
26.6,15.781,0.64021,0.55663,0.30052,-0.037938,-0.0087197,1.0441,-2.5573e-16,1.2658e-16
26.7,15.808,0.65289,0.55577,0.30016,-0.03692,-0.0085451,1.0441,-2.5573e-16,1.2658e-16
26.8,15.835,0.66561,0.55492,0.29979,-0.035927,-0.0083747,1.0441,-2.5573e-16,1.2658e-16
26.9,15.863,0.67837,0.5541,0.29943,-0.034961,-0.0082083,1.0441,-2.5573e-16,1.2658e-16
27,15.89,0.69118,0.55328,0.29908,-0.034019,-0.008046,1.0441,-2.5573e-16,1.2658e-16
27.1,15.917,0.70402,0.55249,0.29873,-0.033102,-0.0078876,1.0441,-2.5573e-16,1.2658e-16
27.2,15.944,0.71689,0.55171,0.29838,-0.032209,-0.0077331,1.0441,-2.5573e-16,1.2658e-16
27.3,15.971,0.72981,0.55094,0.29804,-0.031338,-0.0075825,1.0441,-2.5573e-16,1.2658e-16
27.4,15.998,0.74276,0.55019,0.29771,-0.03049,-0.0074357,1.0441,-2.5573e-16,1.2658e-16
27.5,16.025,0.75574,0.54945,0.29738,-0.029664,-0.0072926,1.0441,-2.5573e-16,1.2658e-16
27.6,16.052,0.76876,0.54873,0.29705,-0.028858,-0.0071531,1.0441,-2.5573e-16,1.2658e-16
27.7,16.079,0.78181,0.54802,0.29673,-0.028074,-0.0070172,1.0441,-2.5573e-16,1.2658e-16
27.8,16.106,0.79488,0.54733,0.29641,-0.027309,-0.0068849,1.0441,-2.5573e-16,1.2658e-16
27.9,16.133,0.80799,0.54664,0.2961,-0.026564,-0.0067561,1.0441,-2.5573e-16,1.2658e-16
28,16.159,0.82113,0.54598,0.29579,-0.025838,-0.0066306,1.0441,-2.5573e-16,1.2658e-16
28.1,16.186,0.83429,0.54532,0.29548,-0.025131,-0.0065085,1.0441,-2.5573e-16,1.2658e-16
28.2,16.212,0.84748,0.54467,0.29518,-0.024441,-0.0063896,1.0441,-2.5573e-16,1.2658e-16
28.3,16.239,0.8607,0.54404,0.29488,-0.023769,-0.006274,1.0441,-2.5573e-16,1.2658e-16
28.4,16.265,0.87394,0.54342,0.29459,-0.023114,-0.0061615,1.0441,-2.5573e-16,1.2658e-16
28.5,16.292,0.88721,0.54281,0.2943,-0.022475,-0.0060521,1.0441,-2.5573e-16,1.2658e-16
28.6,16.318,0.9005,0.54221,0.29402,-0.021852,-0.0059457,1.0441,-2.5573e-16,1.2658e-16
28.7,16.344,0.91381,0.54162,0.29374,-0.021245,-0.0058423,1.0441,-2.5573e-16,1.2658e-16
28.8,16.37,0.92714,0.54104,0.29346,-0.020654,-0.0057418,1.0441,-2.5573e-16,1.2658e-16
28.9,16.397,0.94049,0.54047,0.29319,-0.020077,-0.0056441,1.0441,-2.5573e-16,1.2658e-16
29,16.423,0.95387,0.53991,0.29292,-0.019514,-0.0055493,1.0441,-2.5573e-16,1.2658e-16
29.1,16.449,0.96726,0.53936,0.29266,-0.018966,-0.0054571,1.0441,-2.5573e-16,1.2658e-16
29.2,16.475,0.98068,0.53882,0.2924,-0.018431,-0.0053676,1.0441,-2.5573e-16,1.2658e-16
29.3,16.501,0.99411,0.53829,0.29214,-0.017909,-0.0052808,1.0441,-2.5573e-16,1.2658e-16
29.4,16.527,1.0076,0.53776,0.29189,-0.017401,-0.0051964,1.0441,-2.5573e-16,1.2658e-16
29.5,16.553,1.021,0.53725,0.29164,-0.016905,-0.0051147,1.0441,-2.5573e-16,1.2658e-16
29.6,16.579,1.0345,0.53674,0.29139,-0.016421,-0.0050353,1.0441,-2.5573e-16,1.2658e-16
29.7,16.605,1.048,0.53624,0.29115,-0.015949,-0.0049584,1.0441,-2.5573e-16,1.2658e-16
29.8,16.631,1.0615,0.53575,0.29091,-0.015488,-0.0048838,1.0441,-2.5573e-16,1.2658e-16
29.9,16.656,1.075,0.53526,0.29068,-0.015039,-0.0048115,1.0441,-2.5573e-16,1.2658e-16
30,16.682,1.0886,0.53479,0.29045,-0.014601,-0.0047415,1.0441,-2.5573e-16,1.2658e-16
30.1,16.708,1.1021,0.53431,0.29022,-0.014173,-0.0046736,1.0441,-2.5573e-16,1.2658e-16
30.2,16.733,1.1157,0.53385,0.28999,-0.013756,-0.004608,1.0441,-2.5573e-16,1.2658e-16
30.3,16.759,1.1293,0.53339,0.28977,-0.013349,-0.0045444,1.0441,-2.5573e-16,1.2658e-16
30.4,16.785,1.1429,0.53294,0.28955,-0.012952,-0.0044829,1.0441,-2.5573e-16,1.2658e-16
30.5,16.81,1.1565,0.5325,0.28934,-0.012564,-0.0044235,1.0441,-2.5573e-16,1.2658e-16
30.6,16.836,1.1701,0.53206,0.28913,-0.012186,-0.004366,3.6218,0.26941,-0.13214
30.7,16.862,1.1839,0.53144,0.29468,-0.010637,-0.0080443,3.6218,0.26941,-0.13214
30.8,16.888,1.1981,0.53045,0.30015,-0.0089749,-0.011718,3.6218,0.26941,-0.13214
30.9,16.914,1.2127,0.52909,0.30553,-0.0071994,-0.015383,3.6218,0.26941,-0.13214
31,16.941,1.2277,0.52737,0.31082,-0.0053119,-0.019032,3.6218,0.26941,-0.13214
31.1,16.969,1.2431,0.52529,0.31602,-0.0033144,-0.022662,3.6218,0.26941,-0.13214
31.2,16.996,1.2588,0.52284,0.32114,-0.0012095,-0.026268,3.6218,0.26941,-0.13214
31.3,17.024,1.2749,0.52003,0.32616,0.0010009,-0.029844,3.6218,0.26941,-0.13214
31.4,17.053,1.2914,0.51687,0.33108,0.0033244,-0.033375,3.6218,0.26941,-0.13214
31.5,17.082,1.3082,0.51336,0.33592,0.0057621,-0.036851,3.6218,0.26941,-0.13214
31.6,17.111,1.3254,0.50951,0.34066,0.0083127,-0.040263,3.6218,0.26941,-0.13214
31.7,17.14,1.3429,0.50531,0.34531,0.010974,-0.043605,3.6218,0.26941,-0.13214
31.8,17.17,1.3608,0.50079,0.34985,0.013744,-0.046871,3.6218,0.26941,-0.13214
31.9,17.2,1.3789,0.49594,0.35431,0.016619,-0.050054,3.6218,0.26941,-0.13214
32,17.231,1.3974,0.49078,0.35866,0.019596,-0.053151,3.6218,0.26941,-0.13214
32.1,17.262,1.4162,0.48531,0.36292,0.02267,-0.056157,3.6218,0.26941,-0.13214
32.2,17.293,1.4353,0.47955,0.36708,0.025837,-0.059069,3.6218,0.26941,-0.13214
32.3,17.324,1.4546,0.4735,0.37113,0.029093,-0.061883,3.6218,0.26941,-0.13214
32.4,17.356,1.4743,0.46718,0.37509,0.032433,-0.064599,3.6218,0.26941,-0.13214
32.5,17.388,1.4942,0.46059,0.37895,0.03585,-0.067216,3.6218,0.26941,-0.13214
32.6,17.421,1.5144,0.45374,0.3827,0.039341,-0.069731,3.6218,0.26941,-0.13214
32.7,17.454,1.5348,0.44664,0.38635,0.0429,-0.072146,3.6218,0.26941,-0.13214
32.8,17.487,1.5555,0.43931,0.38991,0.046521,-0.07446,3.6218,0.26941,-0.13214
32.9,17.52,1.5764,0.43175,0.39336,0.050198,-0.076675,3.6218,0.26941,-0.13214
33,17.554,1.5975,0.42398,0.39671,0.053926,-0.078791,3.6218,0.26941,-0.13214
33.1,17.588,1.6189,0.416,0.39996,0.0577,-0.08081,3.6218,0.26941,-0.13214
33.2,17.623,1.6404,0.40782,0.4031,0.061514,-0.082733,3.6218,0.26941,-0.13214
33.3,17.657,1.6621,0.39946,0.40615,0.065363,-0.084563,3.6218,0.26941,-0.13214
33.4,17.693,1.684,0.39091,0.4091,0.069242,-0.086302,3.6218,0.26941,-0.13214
33.5,17.728,1.7061,0.3822,0.41195,0.073145,-0.087952,3.6218,0.26941,-0.13214
33.6,17.763,1.7283,0.37332,0.4147,0.077069,-0.089514,3.6218,0.26941,-0.13214
33.7,17.799,1.7507,0.3643,0.41736,0.081008,-0.090993,3.6218,0.26941,-0.13214
33.8,17.836,1.7732,0.35513,0.41992,0.084957,-0.092389,3.6218,0.26941,-0.13214
33.9,17.872,1.7958,0.34582,0.42238,0.088913,-0.093705,3.6218,0.26941,-0.13214
34,17.909,1.8186,0.33639,0.42475,0.092871,-0.094945,3.6218,0.26941,-0.13214
34.1,17.946,1.8414,0.32684,0.42703,0.096828,-0.096109,3.6218,0.26941,-0.13214
34.2,17.984,1.8643,0.31717,0.42922,0.10078,-0.097201,3.6218,0.26941,-0.13214
34.3,18.022,1.8873,0.3074,0.43133,0.10472,-0.098223,3.6218,0.26941,-0.13214
34.4,18.06,1.9104,0.29753,0.43334,0.10865,-0.099177,3.6218,0.26941,-0.13214
34.5,18.098,1.9335,0.28757,0.43527,0.11257,-0.10007,3.6218,0.26941,-0.13214
34.6,18.137,1.9567,0.27752,0.43712,0.11646,-0.10089,3.6218,0.26941,-0.13214
34.7,18.176,1.9799,0.26739,0.43888,0.12034,-0.10165,3.6218,0.26941,-0.13214
34.8,18.215,2.0031,0.25719,0.44057,0.12419,-0.10236,3.6218,0.26941,-0.13214
34.9,18.255,2.0263,0.24692,0.44217,0.12802,-0.10301,3.6218,0.26941,-0.13214
35,18.295,2.0495,0.23659,0.44371,0.13181,-0.1036,3.6218,0.26941,-0.13214
35.1,18.335,2.0727,0.2262,0.44516,0.13558,-0.10414,3.6218,0.26941,-0.13214
35.2,18.375,2.0959,0.21576,0.44655,0.13931,-0.10462,3.6218,0.26941,-0.13214
35.3,18.416,2.1191,0.20528,0.44786,0.14301,-0.10506,3.6218,0.26941,-0.13214
35.4,18.457,2.1422,0.19475,0.44911,0.14667,-0.10545,3.6218,0.26941,-0.13214
35.5,18.499,2.1652,0.18419,0.4503,0.1503,-0.10579,3.6218,0.26941,-0.13214
35.6,18.54,2.1882,0.1736,0.45141,0.15388,-0.10609,3.6218,0.26941,-0.13214
35.7,18.582,2.2111,0.16298,0.45247,0.15743,-0.10634,3.6218,0.26941,-0.13214
35.8,18.624,2.2339,0.15233,0.45347,0.16093,-0.10655,3.6218,0.26941,-0.13214
35.9,18.667,2.2567,0.14167,0.45441,0.1644,-0.10673,3.6218,0.26941,-0.13214
36,18.71,2.2793,0.13099,0.45529,0.16781,-0.10686,3.6218,0.26941,-0.13214
36.1,18.753,2.3019,0.1203,0.45612,0.17119,-0.10696,3.6218,0.26941,-0.13214
36.2,18.796,2.3243,0.1096,0.4569,0.17452,-0.10702,3.6218,0.26941,-0.13214
36.3,18.84,2.3465,0.098893,0.45763,0.1778,-0.10704,3.6218,0.26941,-0.13214
36.4,18.884,2.3687,0.088189,0.45832,0.18104,-0.10703,3.6218,0.26941,-0.13214
36.5,18.928,2.3907,0.077487,0.45895,0.18423,-0.10699,3.6218,0.26941,-0.13214
36.6,18.972,2.4125,0.066791,0.45955,0.18737,-0.10692,3.6218,0.26941,-0.13214
36.7,19.017,2.4342,0.056103,0.4601,0.19046,-0.10682,3.6218,0.26941,-0.13214
36.8,19.062,2.4557,0.045427,0.46061,0.19351,-0.1067,3.6218,0.26941,-0.13214
36.9,19.107,2.477,0.034765,0.46109,0.19651,-0.10654,0.38556,-9.4434e-17,4.655e-17
37,19.153,2.4981,0.024304,0.45435,0.19823,-0.10271,0.38556,-9.4434e-17,4.655e-17
37.1,19.197,2.5189,0.014218,0.44781,0.19969,-0.099029,0.38556,-9.4434e-17,4.655e-17
37.2,19.242,2.5393,0.0044938,0.44146,0.20091,-0.095474,0.38556,-9.4434e-17,4.655e-17
37.3,19.285,2.5595,-0.0048808,0.43529,0.2019,-0.092037,0.38556,-9.4434e-17,4.655e-17
37.4,19.329,2.5793,-0.013917,0.42931,0.20269,-0.08871,0.38556,-9.4434e-17,4.655e-17
37.5,19.372,2.5988,-0.022626,0.42351,0.20328,-0.085485,0.38556,-9.4434e-17,4.655e-17
37.6,19.414,2.618,-0.031017,0.41788,0.2037,-0.082354,0.38556,-9.4434e-17,4.655e-17
37.7,19.457,2.6369,-0.0391,0.41241,0.20395,-0.079313,0.38556,-9.4434e-17,4.655e-17
37.8,19.498,2.6556,-0.046883,0.40711,0.20405,-0.076356,0.38556,-9.4434e-17,4.655e-17
37.9,19.54,2.6739,-0.054374,0.40196,0.20401,-0.073478,0.38556,-9.4434e-17,4.655e-17
38,19.581,2.6919,-0.061581,0.39697,0.20383,-0.070677,0.38556,-9.4434e-17,4.655e-17
38.1,19.622,2.7097,-0.068512,0.39213,0.20354,-0.067949,0.38556,-9.4434e-17,4.655e-17
38.2,19.662,2.7272,-0.075173,0.38744,0.20312,-0.06529,0.38556,-9.4434e-17,4.655e-17
38.3,19.702,2.7444,-0.081572,0.38288,0.2026,-0.062698,0.38556,-9.4434e-17,4.655e-17
38.4,19.742,2.7613,-0.087715,0.37846,0.20199,-0.060171,0.38556,-9.4434e-17,4.655e-17
38.5,19.781,2.778,-0.093608,0.37417,0.20127,-0.057705,0.38556,-9.4434e-17,4.655e-17
38.6,19.82,2.7944,-0.099258,0.37001,0.20048,-0.0553,0.38556,-9.4434e-17,4.655e-17
38.7,19.858,2.8106,-0.10467,0.36598,0.1996,-0.052953,0.38556,-9.4434e-17,4.655e-17
38.8,19.897,2.8265,-0.10985,0.36206,0.19864,-0.050661,0.38556,-9.4434e-17,4.655e-17
38.9,19.935,2.8421,-0.1148,0.35826,0.19762,-0.048425,0.38556,-9.4434e-17,4.655e-17
39,19.973,2.8575,-0.11954,0.35458,0.19653,-0.046241,0.38556,-9.4434e-17,4.655e-17
39.1,20.01,2.8727,-0.12405,0.351,0.19538,-0.044108,0.38556,-9.4434e-17,4.655e-17
39.2,20.047,2.8876,-0.12836,0.34753,0.19418,-0.042025,0.38556,-9.4434e-17,4.655e-17
39.3,20.084,2.9023,-0.13246,0.34416,0.19292,-0.03999,0.38556,-9.4434e-17,4.655e-17
39.4,20.12,2.9168,-0.13636,0.34089,0.19161,-0.038002,0.38556,-9.4434e-17,4.655e-17
39.5,20.157,2.931,-0.14006,0.33771,0.19026,-0.03606,0.38556,-9.4434e-17,4.655e-17
39.6,20.193,2.945,-0.14357,0.33463,0.18886,-0.034161,0.38556,-9.4434e-17,4.655e-17
39.7,20.228,2.9588,-0.1469,0.33163,0.18743,-0.032306,0.38556,-9.4434e-17,4.655e-17
39.8,20.264,2.9724,-0.15004,0.32873,0.18596,-0.030493,0.38556,-9.4434e-17,4.655e-17
39.9,20.299,2.9858,-0.153,0.3259,0.18445,-0.02872,0.38556,-9.4434e-17,4.655e-17
40,20.334,2.9989,-0.15578,0.32316,0.18292,-0.026986,0.38556,-9.4434e-17,4.655e-17
40.1,20.368,3.0119,-0.15839,0.3205,0.18135,-0.025291,0.38556,-9.4434e-17,4.655e-17
40.2,20.403,3.0246,-0.16084,0.31791,0.17976,-0.023633,0.38556,-9.4434e-17,4.655e-17
40.3,20.437,3.0372,-0.16312,0.31539,0.17814,-0.022012,0.38556,-9.4434e-17,4.655e-17
40.4,20.471,3.0495,-0.16524,0.31295,0.17649,-0.020425,0.38556,-9.4434e-17,4.655e-17
40.5,20.504,3.0617,-0.16721,0.31057,0.17483,-0.018872,0.38556,-9.4434e-17,4.655e-17
40.6,20.538,3.0737,-0.16902,0.30826,0.17315,-0.017353,0.38556,-9.4434e-17,4.655e-17
40.7,20.571,3.0855,-0.17068,0.30601,0.17145,-0.015865,0.38556,-9.4434e-17,4.655e-17
40.8,20.604,3.0971,-0.17219,0.30383,0.16973,-0.014409,0.38556,-9.4434e-17,4.655e-17
40.9,20.637,3.1085,-0.17356,0.3017,0.168,-0.012982,0.38556,-9.4434e-17,4.655e-17
41,20.669,3.1198,-0.17479,0.29963,0.16625,-0.011585,0.38556,-9.4434e-17,4.655e-17
41.1,20.701,3.1308,-0.17588,0.29762,0.16449,-0.010216,0.38556,-9.4434e-17,4.655e-17
41.2,20.734,3.1417,-0.17684,0.29566,0.16272,-0.0088741,0.38556,-9.4434e-17,4.655e-17
41.3,20.765,3.1525,-0.17766,0.29375,0.16093,-0.0075587,0.38556,-9.4434e-17,4.655e-17
41.4,20.797,3.163,-0.17835,0.2919,0.15914,-0.0062687,0.38556,-9.4434e-17,4.655e-17
41.5,20.828,3.1734,-0.17891,0.29009,0.15734,-0.0050034,0.38556,-9.4434e-17,4.655e-17
41.6,20.86,3.1837,-0.17935,0.28833,0.15553,-0.0037618,0.38556,-9.4434e-17,4.655e-17
41.7,20.891,3.1938,-0.17966,0.28661,0.15372,-0.002543,0.38556,-9.4434e-17,4.655e-17
41.8,20.922,3.2037,-0.17986,0.28494,0.1519,-0.0013461,0.38556,-9.4434e-17,4.655e-17
41.9,20.952,3.2134,-0.17993,0.28331,0.15007,-0.0001704,0.38556,-9.4434e-17,4.655e-17
42,20.983,3.2231,-0.17989,0.28173,0.14821,0.00097422,0.38556,-9.4434e-17,4.655e-17
42.1,21.013,3.2325,-0.17974,0.28018,0.14627,0.0020682,0.38556,-9.4434e-17,4.655e-17
42.2,21.043,3.2418,-0.17948,0.27867,0.14426,0.0031094,0.38556,-9.4434e-17,4.655e-17
42.3,21.073,3.251,-0.17912,0.27719,0.14218,0.0040966,0.38556,-9.4434e-17,4.655e-17
42.4,21.103,3.2599,-0.17866,0.27575,0.14003,0.0050289,0.38556,-9.4434e-17,4.655e-17
42.5,21.132,3.2687,-0.17812,0.27434,0.13784,0.0059062,0.38556,-9.4434e-17,4.655e-17
42.6,21.162,3.2773,-0.17749,0.27296,0.13559,0.0067284,0.38556,-9.4434e-17,4.655e-17
42.7,21.191,3.2858,-0.17677,0.27161,0.13331,0.0074961,0.38556,-9.4434e-17,4.655e-17
42.8,21.22,3.294,-0.17599,0.27029,0.131,0.0082102,0.38556,-9.4434e-17,4.655e-17
42.9,21.249,3.3021,-0.17513,0.269,0.12865,0.0088717,0.38556,-9.4434e-17,4.655e-17
43,21.277,3.31,-0.17421,0.26773,0.12629,0.0094821,0.38556,-9.4434e-17,4.655e-17
43.1,21.306,3.3177,-0.17324,0.26648,0.1239,0.010043,0.38556,-9.4434e-17,4.655e-17
43.2,21.334,3.3252,-0.17221,0.26526,0.12151,0.010556,0.38556,-9.4434e-17,4.655e-17
43.3,21.362,3.3326,-0.17113,0.26406,0.11911,0.011023,0.38556,-9.4434e-17,4.655e-17
43.4,21.39,3.3397,-0.17,0.26287,0.11671,0.011446,0.38556,-9.4434e-17,4.655e-17
43.5,21.418,3.3467,-0.16884,0.26171,0.11431,0.011827,0.38556,-9.4434e-17,4.655e-17
43.6,21.446,3.3534,-0.16764,0.26057,0.11192,0.012168,0.38556,-9.4434e-17,4.655e-17
43.7,21.473,3.36,-0.16641,0.25944,0.10954,0.012471,0.38556,-9.4434e-17,4.655e-17
43.8,21.5,3.3665,-0.16515,0.25833,0.10718,0.012739,0.38556,-9.4434e-17,4.655e-17
43.9,21.528,3.3727,-0.16386,0.25723,0.10483,0.012973,0.38556,-9.4434e-17,4.655e-17
44,21.555,3.3787,-0.16255,0.25615,0.1025,0.013175,0.38556,-9.4434e-17,4.655e-17
44.1,21.581,3.3846,-0.16123,0.25509,0.1002,0.013348,0.38556,-9.4434e-17,4.655e-17
44.2,21.608,3.3903,-0.15989,0.25404,0.097916,0.013493,0.38556,-9.4434e-17,4.655e-17
44.3,21.635,3.3959,-0.15853,0.253,0.095663,0.013612,0.38556,-9.4434e-17,4.655e-17
44.4,21.661,3.4012,-0.15716,0.25198,0.093438,0.013707,0.38556,-9.4434e-17,4.655e-17
44.5,21.687,3.4064,-0.15579,0.25097,0.091244,0.013779,0.38556,-9.4434e-17,4.655e-17
44.6,21.714,3.4115,-0.15441,0.24997,0.089081,0.013831,0.38556,-9.4434e-17,4.655e-17
44.7,21.74,3.4164,-0.15302,0.24898,0.086951,0.013864,0.38556,-9.4434e-17,4.655e-17
44.8,21.765,3.4211,-0.15164,0.24801,0.084855,0.013878,0.38556,-9.4434e-17,4.655e-17
44.9,21.791,3.4256,-0.15025,0.24704,0.082794,0.013877,0.38556,-9.4434e-17,4.655e-17
45,21.817,3.4301,-0.14886,0.24609,0.080768,0.013861,0.38556,-9.4434e-17,4.655e-17
45.1,21.842,3.4343,-0.14748,0.24515,0.078778,0.013831,0.38556,-9.4434e-17,4.655e-17
45.2,21.868,3.4384,-0.1461,0.24421,0.076824,0.013788,0.38556,-9.4434e-17,4.655e-17
45.3,21.893,3.4424,-0.14472,0.24329,0.074906,0.013734,0.38556,-9.4434e-17,4.655e-17
45.4,21.918,3.4462,-0.14335,0.24238,0.073026,0.01367,0.38556,-9.4434e-17,4.655e-17
45.5,21.943,3.4499,-0.14199,0.24148,0.071183,0.013596,0.38556,-9.4434e-17,4.655e-17
45.6,21.968,3.4535,-0.14063,0.24059,0.069376,0.013513,0.38556,-9.4434e-17,4.655e-17
45.7,21.992,3.4569,-0.13928,0.2397,0.067606,0.013423,0.38556,-9.4434e-17,4.655e-17
45.8,22.017,3.4602,-0.13795,0.23883,0.065873,0.013326,0.38556,-9.4434e-17,4.655e-17
45.9,22.042,3.4634,-0.13662,0.23797,0.064177,0.013223,0.38556,-9.4434e-17,4.655e-17
46,22.066,3.4665,-0.1353,0.23711,0.062517,0.013114,0.38556,-9.4434e-17,4.655e-17
46.1,22.09,3.4694,-0.134,0.23627,0.060893,0.013,0.38556,-9.4434e-17,4.655e-17
46.2,22.114,3.4722,-0.1327,0.23543,0.059304,0.012882,0.38556,-9.4434e-17,4.655e-17
46.3,22.138,3.4749,-0.13142,0.2346,0.057751,0.01276,0.38556,-9.4434e-17,4.655e-17
46.4,22.162,3.4775,-0.13015,0.23378,0.056232,0.012635,0.38556,-9.4434e-17,4.655e-17
46.5,22.186,3.48,-0.12889,0.23297,0.054748,0.012507,0.38556,-9.4434e-17,4.655e-17
46.6,22.21,3.4824,-0.12765,0.23217,0.053298,0.012376,0.38556,-9.4434e-17,4.655e-17
46.7,22.234,3.4847,-0.12642,0.23137,0.051881,0.012243,0.38556,-9.4434e-17,4.655e-17
46.8,22.257,3.4869,-0.1252,0.23059,0.050496,0.012109,0.38556,-9.4434e-17,4.655e-17
46.9,22.281,3.4889,-0.124,0.22981,0.049145,0.011974,0.38556,-9.4434e-17,4.655e-17
47,22.304,3.4909,-0.12281,0.22904,0.047825,0.011837,1.29,-0.20441,0.10026
47.1,22.327,3.4928,-0.12149,0.23031,0.045633,0.014488,1.29,-0.20441,0.10026
47.2,22.351,3.4944,-0.11991,0.23157,0.043368,0.017048,1.29,-0.20441,0.10026
47.3,22.374,3.4958,-0.11808,0.23283,0.041038,0.019515,1.29,-0.20441,0.10026
47.4,22.398,3.4971,-0.11601,0.23407,0.038651,0.021888,1.29,-0.20441,0.10026
47.5,22.422,3.4981,-0.11371,0.23529,0.036216,0.02417,1.29,-0.20441,0.10026
47.6,22.446,3.4989,-0.11118,0.23651,0.033739,0.026361,1.29,-0.20441,0.10026
47.7,22.47,3.4996,-0.10844,0.23771,0.031229,0.028464,1.29,-0.20441,0.10026
47.8,22.494,3.5,-0.10549,0.23889,0.028692,0.03048,1.29,-0.20441,0.10026
47.9,22.518,3.5002,-0.10235,0.24006,0.026137,0.032414,1.29,-0.20441,0.10026
48,22.542,3.5003,-0.09901,0.24121,0.023568,0.034269,1.29,-0.20441,0.10026
48.1,22.566,3.5002,-0.095494,0.24234,0.020994,0.036047,1.29,-0.20441,0.10026
48.2,22.591,3.4999,-0.091803,0.24345,0.018418,0.037754,1.29,-0.20441,0.10026
48.3,22.615,3.4994,-0.087945,0.24454,0.015848,0.039393,1.29,-0.20441,0.10026
48.4,22.64,3.4987,-0.083927,0.24562,0.013287,0.040967,1.29,-0.20441,0.10026
48.5,22.664,3.4979,-0.079754,0.24667,0.010741,0.04248,1.29,-0.20441,0.10026
48.6,22.689,3.4969,-0.075433,0.2477,0.0082139,0.043937,1.29,-0.20441,0.10026
48.7,22.714,3.4958,-0.070968,0.2487,0.005709,0.045341,1.29,-0.20441,0.10026
48.8,22.739,3.4945,-0.066366,0.24969,0.0032301,0.046695,1.29,-0.20441,0.10026
48.9,22.764,3.4931,-0.061631,0.25065,0.00078024,0.048003,1.29,-0.20441,0.10026
49,22.789,3.4916,-0.056767,0.25159,-0.0016434,0.049262,1.29,-0.20441,0.10026
49.1,22.814,3.49,-0.051781,0.25251,-0.0040563,0.050455,1.29,-0.20441,0.10026
49.2,22.839,3.4882,-0.046678,0.2534,-0.0064575,0.051582,1.29,-0.20441,0.10026
49.3,22.864,3.4863,-0.041466,0.25427,-0.0088451,0.052645,1.29,-0.20441,0.10026
49.4,22.89,3.4843,-0.036151,0.25512,-0.011217,0.053647,1.29,-0.20441,0.10026
49.5,22.915,3.4822,-0.030739,0.25594,-0.013572,0.05459,1.29,-0.20441,0.10026
49.6,22.941,3.48,-0.025235,0.25674,-0.015908,0.055475,1.29,-0.20441,0.10026
49.7,22.967,3.4778,-0.019646,0.25752,-0.018224,0.056305,1.29,-0.20441,0.10026
49.8,22.992,3.4754,-0.013976,0.25827,-0.020518,0.057083,1.29,-0.20441,0.10026
49.9,23.018,3.4729,-0.0082309,0.259,-0.022788,0.057809,1.29,-0.20441,0.10026
50,23.044,3.4704,-0.0024156,0.25971,-0.025035,0.058488,1.29,-0.20441,0.10026
50.1,23.07,3.4678,0.0034651,0.2604,-0.027256,0.05912,1.29,-0.20441,0.10026
50.2,23.096,3.4651,0.0094068,0.26106,-0.029451,0.059707,1.29,-0.20441,0.10026
50.3,23.122,3.4624,0.015405,0.26171,-0.031619,0.060253,1.29,-0.20441,0.10026
50.4,23.149,3.4596,0.021456,0.26233,-0.033758,0.060759,1.29,-0.20441,0.10026
50.5,23.175,3.4568,0.027556,0.26292,-0.03587,0.061227,1.29,-0.20441,0.10026
50.6,23.201,3.4539,0.0337,0.2635,-0.037952,0.061658,1.29,-0.20441,0.10026
50.7,23.228,3.451,0.039886,0.26406,-0.040004,0.062056,1.29,-0.20441,0.10026
50.8,23.254,3.448,0.04611,0.2646,-0.042026,0.06242,1.29,-0.20441,0.10026
50.9,23.281,3.445,0.052369,0.26511,-0.044018,0.062754,1.29,-0.20441,0.10026
51,23.308,3.442,0.05866,0.26561,-0.04598,0.063059,1.29,-0.20441,0.10026
51.1,23.335,3.439,0.06498,0.26609,-0.04791,0.063337,1.29,-0.20441,0.10026
51.2,23.362,3.4359,0.071327,0.26655,-0.049809,0.063588,1.29,-0.20441,0.10026
51.3,23.389,3.4328,0.077697,0.26699,-0.051677,0.063814,1.29,-0.20441,0.10026
51.4,23.416,3.4297,0.084089,0.26741,-0.053514,0.064017,1.29,-0.20441,0.10026
51.5,23.443,3.4266,0.0905,0.26782,-0.05532,0.064198,1.29,-0.20441,0.10026
51.6,23.47,3.4236,0.096928,0.26821,-0.057094,0.064358,1.29,-0.20441,0.10026
51.7,23.497,3.4205,0.10337,0.26858,-0.058838,0.064498,1.29,-0.20441,0.10026
51.8,23.525,3.4174,0.10983,0.26894,-0.06055,0.06462,1.29,-0.20441,0.10026
51.9,23.552,3.4143,0.11629,0.26928,-0.062232,0.064725,1.29,-0.20441,0.10026
52,23.58,3.4113,0.12277,0.26961,-0.063883,0.064812,1.29,-0.20441,0.10026
52.1,23.607,3.4083,0.12926,0.26992,-0.065503,0.064885,1.29,-0.20441,0.10026
52.2,23.635,3.4053,0.13575,0.27022,-0.067094,0.064942,1.29,-0.20441,0.10026
52.3,23.662,3.4023,0.14224,0.2705,-0.068654,0.064986,1.29,-0.20441,0.10026
52.4,23.69,3.3993,0.14874,0.27078,-0.070185,0.065017,1.29,-0.20441,0.10026
52.5,23.718,3.3964,0.15525,0.27103,-0.071686,0.065035,1.29,-0.20441,0.10026
52.6,23.746,3.3935,0.16175,0.27128,-0.073158,0.065042,11.28,-2.7629e-15,1.3322e-15
52.7,23.775,3.3909,0.16812,0.29386,-0.073804,0.062507,11.28,-2.7629e-15,1.3322e-15
52.8,23.806,3.3888,0.17427,0.31608,-0.074525,0.060516,11.28,-2.7629e-15,1.3322e-15
52.9,23.84,3.3872,0.18024,0.33793,-0.075327,0.059006,11.28,-2.7629e-15,1.3322e-15
53,23.876,3.3861,0.18609,0.35938,-0.076216,0.057926,11.28,-2.7629e-15,1.3322e-15
53.1,23.913,3.3855,0.19184,0.38043,-0.077199,0.057236,11.28,-2.7629e-15,1.3322e-15
53.2,23.953,3.3855,0.19754,0.40106,-0.078283,0.056905,11.28,-2.7629e-15,1.3322e-15
53.3,23.995,3.3859,0.20323,0.42126,-0.079479,0.056907,11.28,-2.7629e-15,1.3322e-15
53.4,24.039,3.3869,0.20894,0.44102,-0.080795,0.057224,11.28,-2.7629e-15,1.3322e-15
53.5,24.085,3.3884,0.21469,0.46033,-0.082242,0.057839,11.28,-2.7629e-15,1.3322e-15
53.6,24.132,3.3905,0.22051,0.47919,-0.083833,0.058741,11.28,-2.7629e-15,1.3322e-15
53.7,24.182,3.393,0.22645,0.49759,-0.085579,0.05992,11.28,-2.7629e-15,1.3322e-15
53.8,24.233,3.3961,0.23251,0.51553,-0.087495,0.061368,11.28,-2.7629e-15,1.3322e-15
53.9,24.286,3.3998,0.23873,0.533,-0.089593,0.063079,11.28,-2.7629e-15,1.3322e-15
54,24.341,3.4039,0.24513,0.55,-0.091889,0.065048,11.28,-2.7629e-15,1.3322e-15
54.1,24.397,3.4086,0.25175,0.56654,-0.094399,0.06727,11.28,-2.7629e-15,1.3322e-15
54.2,24.455,3.4139,0.25859,0.5826,-0.097138,0.06974,11.28,-2.7629e-15,1.3322e-15
54.3,24.515,3.4196,0.2657,0.5982,-0.10012,0.072454,11.28,-2.7629e-15,1.3322e-15
54.4,24.576,3.426,0.27309,0.61333,-0.10337,0.075405,11.28,-2.7629e-15,1.3322e-15
54.5,24.639,3.4328,0.28079,0.62799,-0.10689,0.078588,11.28,-2.7629e-15,1.3322e-15
54.6,24.703,3.4402,0.28882,0.64218,-0.11072,0.081993,11.28,-2.7629e-15,1.3322e-15
54.7,24.768,3.4482,0.2972,0.65591,-0.11485,0.085612,11.28,-2.7629e-15,1.3322e-15
54.8,24.835,3.4567,0.30595,0.66918,-0.11931,0.089432,11.28,-2.7629e-15,1.3322e-15
54.9,24.903,3.4657,0.31509,0.68198,-0.12411,0.09344,11.28,-2.7629e-15,1.3322e-15
55,24.972,3.4753,0.32464,0.69433,-0.12926,0.09762,11.28,-2.7629e-15,1.3322e-15
55.1,25.043,3.4855,0.33462,0.70622,-0.13478,0.10195,11.28,-2.7629e-15,1.3322e-15
55.2,25.114,3.4963,0.34504,0.71766,-0.14068,0.10642,11.28,-2.7629e-15,1.3322e-15
55.3,25.187,3.5076,0.35591,0.72864,-0.14697,0.11099,11.28,-2.7629e-15,1.3322e-15
55.4,25.261,3.5195,0.36724,0.73917,-0.15364,0.11566,11.28,-2.7629e-15,1.3322e-15
55.5,25.336,3.532,0.37904,0.74925,-0.16071,0.12038,11.28,-2.7629e-15,1.3322e-15
55.6,25.412,3.5451,0.39131,0.75888,-0.16817,0.12513,11.28,-2.7629e-15,1.3322e-15
55.7,25.489,3.5588,0.40406,0.76807,-0.17602,0.12988,11.28,-2.7629e-15,1.3322e-15
55.8,25.567,3.5731,0.41729,0.77681,-0.18426,0.1346,11.28,-2.7629e-15,1.3322e-15
55.9,25.646,3.5881,0.43098,0.78511,-0.19287,0.13927,11.28,-2.7629e-15,1.3322e-15
56,25.726,3.6037,0.44514,0.79296,-0.20185,0.14385,11.28,-2.7629e-15,1.3322e-15
56.1,25.807,3.6199,0.45975,0.80039,-0.21118,0.14831,11.28,-2.7629e-15,1.3322e-15
56.2,25.888,3.6369,0.4748,0.80738,-0.22084,0.15263,11.28,-2.7629e-15,1.3322e-15
56.3,25.971,3.6545,0.49027,0.81394,-0.23081,0.15678,11.28,-2.7629e-15,1.3322e-15
56.4,26.054,3.6728,0.50615,0.82007,-0.24108,0.16074,11.28,-2.7629e-15,1.3322e-15
56.5,26.137,3.6918,0.52241,0.8258,-0.25161,0.16449,11.28,-2.7629e-15,1.3322e-15
56.6,26.222,3.7116,0.53904,0.83111,-0.26239,0.16801,11.28,-2.7629e-15,1.3322e-15
56.7,26.307,3.7321,0.556,0.83601,-0.27338,0.17128,11.28,-2.7629e-15,1.3322e-15
56.8,26.393,3.7534,0.57328,0.84053,-0.28457,0.17429,11.28,-2.7629e-15,1.3322e-15
56.9,26.479,3.7755,0.59085,0.84466,-0.29591,0.17702,11.28,-2.7629e-15,1.3322e-15
57,26.566,3.7984,0.60868,0.84842,-0.30739,0.17947,11.28,-2.7629e-15,1.3322e-15
57.1,26.653,3.8221,0.62674,0.85182,-0.31898,0.18164,11.28,-2.7629e-15,1.3322e-15
57.2,26.741,3.8466,0.645,0.85487,-0.33065,0.18351,11.28,-2.7629e-15,1.3322e-15
57.3,26.83,3.872,0.66343,0.85759,-0.34238,0.18509,11.28,-2.7629e-15,1.3322e-15
57.4,26.919,3.8983,0.682,0.85999,-0.35414,0.18637,11.28,-2.7629e-15,1.3322e-15
57.5,27.008,3.9255,0.70069,0.86208,-0.36591,0.18736,11.28,-2.7629e-15,1.3322e-15
57.6,27.098,3.9535,0.71947,0.86389,-0.37767,0.18806,11.28,-2.7629e-15,1.3322e-15
57.7,27.188,3.9825,0.73829,0.86543,-0.3894,0.18847,11.28,-2.7629e-15,1.3322e-15
57.8,27.278,4.0124,0.75715,0.86671,-0.40109,0.18859,11.28,-2.7629e-15,1.3322e-15
57.9,27.369,4.0433,0.776,0.86776,-0.41271,0.18844,11.28,-2.7629e-15,1.3322e-15
58,27.46,4.0751,0.79483,0.86859,-0.42425,0.18802,11.28,-2.7629e-15,1.3322e-15
58.1,27.551,4.1078,0.8136,0.86923,-0.43571,0.18734,11.28,-2.7629e-15,1.3322e-15
58.2,27.643,4.1416,0.83229,0.86968,-0.44707,0.18639,11.28,-2.7629e-15,1.3322e-15
58.3,27.734,4.1763,0.85087,0.86997,-0.45832,0.1852,11.28,-2.7629e-15,1.3322e-15
58.4,27.826,4.212,0.86932,0.87012,-0.46945,0.18376,11.28,-2.7629e-15,1.3322e-15
58.5,27.918,4.2486,0.88761,0.87014,-0.48047,0.18208,11.28,-2.7629e-15,1.3322e-15
58.6,28.011,4.2863,0.90573,0.87006,-0.49137,0.18018,11.28,-2.7629e-15,1.3322e-15
58.7,28.103,4.3249,0.92364,0.86989,-0.50215,0.17804,11.28,-2.7629e-15,1.3322e-15
58.8,28.196,4.3645,0.94133,0.86965,-0.51281,0.17569,11.28,-2.7629e-15,1.3322e-15
58.9,28.288,4.4051,0.95877,0.86935,-0.52335,0.17312,11.28,-2.7629e-15,1.3322e-15
59,28.381,4.4467,0.97595,0.86902,-0.53377,0.17034,11.28,-2.7629e-15,1.3322e-15
59.1,28.474,4.4892,0.99283,0.86867,-0.54408,0.16736,11.28,-2.7629e-15,1.3322e-15
59.2,28.567,4.5328,1.0094,0.86832,-0.55429,0.16416,11.28,-2.7629e-15,1.3322e-15
59.3,28.66,4.5772,1.0257,0.86799,-0.5644,0.16076,11.28,-2.7629e-15,1.3322e-15
59.4,28.754,4.6227,1.0416,0.86768,-0.57443,0.15716,11.28,-2.7629e-15,1.3322e-15
59.5,28.847,4.669,1.0571,0.86742,-0.58437,0.15334,11.28,-2.7629e-15,1.3322e-15
59.6,28.941,4.7163,1.0722,0.86723,-0.59425,0.14932,11.28,-2.7629e-15,1.3322e-15
59.7,29.034,4.7645,1.0869,0.86712,-0.60408,0.14508,11.28,-2.7629e-15,1.3322e-15
59.8,29.128,4.8136,1.1012,0.8671,-0.61386,0.14061,11.28,-2.7629e-15,1.3322e-15
59.9,29.222,4.8636,1.1151,0.8672,-0.62362,0.13591,11.28,-2.7629e-15,1.3322e-15
60,29.317,4.9145,1.1284,0.86743,-0.63337,0.13096,11.28,-2.7629e-15,1.3322e-15
60.1,29.411,4.9662,1.1412,0.8678,-0.64312,0.12574,11.28,-2.7629e-15,1.3322e-15
60.2,29.506,5.0187,1.1535,0.86835,-0.6529,0.12025,11.28,-2.7629e-15,1.3322e-15
60.3,29.601,5.072,1.1653,0.86908,-0.66273,0.11444,11.28,-2.7629e-15,1.3322e-15
60.4,29.696,5.1261,1.1764,0.87002,-0.67264,0.1083,11.28,-2.7629e-15,1.3322e-15
60.5,29.792,5.1809,1.1869,0.87119,-0.68263,0.10178,11.28,-2.7629e-15,1.3322e-15
60.6,29.888,5.2365,1.1968,0.87262,-0.69275,0.094843,11.28,-2.7629e-15,1.3322e-15
60.7,29.985,5.2928,1.2059,0.87434,-0.70303,0.087425,11.28,-2.7629e-15,1.3322e-15
60.8,30.082,5.3497,1.2142,0.87638,-0.71349,0.079462,11.28,-2.7629e-15,1.3322e-15
60.9,30.18,5.4072,1.2217,0.87878,-0.72418,0.070864,11.28,-2.7629e-15,1.3322e-15
61,30.278,5.4653,1.2284,0.88158,-0.73514,0.061524,11.28,-2.7629e-15,1.3322e-15
61.1,30.377,5.5239,1.234,0.88485,-0.74642,0.051302,11.28,-2.7629e-15,1.3322e-15
61.2,30.478,5.583,1.2386,0.88864,-0.75808,0.040017,11.28,-2.7629e-15,1.3322e-15
61.3,30.579,5.6424,1.242,0.89304,-0.7702,0.02743,11.28,-2.7629e-15,1.3322e-15
61.4,30.681,5.7022,1.244,0.89816,-0.78287,0.013222,11.28,-2.7629e-15,1.3322e-15
61.5,30.785,5.7623,1.2446,0.90412,-0.79609,-0.0030111,11.28,-2.7629e-15,1.3322e-15
61.6,30.89,5.8225,1.2434,0.91105,-0.8057,-0.019972,11.28,-2.7629e-15,1.3322e-15
61.7,30.996,5.883,1.2406,0.91893,-0.80935,-0.036092,11.28,-2.7629e-15,1.3322e-15
61.8,31.102,5.9439,1.2362,0.92763,-0.80717,-0.050567,11.28,-2.7629e-15,1.3322e-15
61.9,31.209,6.0053,1.2306,0.93696,-0.79968,-0.062844,11.28,-2.7629e-15,1.3322e-15
62,31.316,6.0672,1.2238,0.9467,-0.78768,-0.072641,11.28,-2.7629e-15,1.3322e-15
62.1,31.422,6.1298,1.2161,0.95661,-0.77209,-0.079922,11.28,-2.7629e-15,1.3322e-15
62.2,31.527,6.193,1.2079,0.96647,-0.75385,-0.084827,11.28,-2.7629e-15,1.3322e-15
62.3,31.631,6.257,1.1992,0.9761,-0.73384,-0.087606,11.28,-2.7629e-15,1.3322e-15
62.4,31.734,6.3216,1.1904,0.98535,-0.71286,-0.088558,11.28,-2.7629e-15,1.3322e-15
62.5,31.837,6.387,1.1816,0.99412,-0.69154,-0.087987,11.28,-2.7629e-15,1.3322e-15
62.6,31.938,6.4531,1.1728,1.0023,-0.67042,-0.086174,11.28,-2.7629e-15,1.3322e-15
62.7,32.038,6.5198,1.1644,1.01,-0.64991,-0.083365,11.28,-2.7629e-15,1.3322e-15
62.8,32.137,6.5872,1.1562,1.017,-0.63032,-0.079766,11.28,-2.7629e-15,1.3322e-15
62.9,32.235,6.6552,1.1484,1.0234,-0.61187,-0.075541,11.28,-2.7629e-15,1.3322e-15
63,32.333,6.7237,1.1411,1.0292,-0.59476,-0.07082,11.28,-2.7629e-15,1.3322e-15
63.1,32.429,6.7928,1.1343,1.0344,-0.5791,-0.0657,11.28,-2.7629e-15,1.3322e-15
63.2,32.525,6.8622,1.128,1.0391,-0.56499,-0.060252,11.28,-2.7629e-15,1.3322e-15
63.3,32.62,6.9321,1.1222,1.0433,-0.5525,-0.054526,11.28,-2.7629e-15,1.3322e-15
63.4,32.715,7.0023,1.1171,1.047,-0.54171,-0.048553,11.28,-2.7629e-15,1.3322e-15
63.5,32.81,7.0728,1.1125,1.0502,-0.53266,-0.04235,11.28,-2.7629e-15,1.3322e-15
63.6,32.904,7.1435,1.1086,1.053,-0.52541,-0.035923,11.28,-2.7629e-15,1.3322e-15
63.7,32.998,7.2144,1.1053,1.0553,-0.52004,-0.029273,11.28,-2.7629e-15,1.3322e-15
63.8,33.091,7.2854,1.1028,1.0572,-0.5166,-0.022391,11.28,-2.7629e-15,1.3322e-15
63.9,33.185,7.3565,1.1009,1.0587,-0.51519,-0.01527,11.28,-2.7629e-15,1.3322e-15
64,33.279,7.4275,1.0997,1.0599,-0.51591,-0.0079016,11.28,-2.7629e-15,1.3322e-15
64.1,33.373,7.4985,1.0993,1.0607,-0.51888,-0.00028359,11.28,-2.7629e-15,1.3322e-15
64.2,33.468,7.5694,1.0997,1.061,-0.52334,0.0078888,11.28,-2.7629e-15,1.3322e-15
64.3,33.563,7.6401,1.1009,1.061,-0.52835,0.016957,11.28,-2.7629e-15,1.3322e-15
64.4,33.658,7.7108,1.1031,1.0606,-0.53396,0.02687,11.28,-2.7629e-15,1.3322e-15
64.5,33.754,7.7813,1.1063,1.0596,-0.54023,0.037526,11.28,-2.7629e-15,1.3322e-15
64.6,33.85,7.8518,1.1106,1.0582,-0.54721,0.048774,11.28,-2.7629e-15,1.3322e-15
64.7,33.946,7.9223,1.1161,1.0562,-0.55493,0.06041,11.28,-2.7629e-15,1.3322e-15
64.8,34.042,7.9929,1.1227,1.0537,-0.56342,0.07219,11.28,-2.7629e-15,1.3322e-15
64.9,34.139,8.0635,1.1305,1.0507,-0.57268,0.08384,11.28,-2.7629e-15,1.3322e-15
65,34.235,8.1342,1.1395,1.0472,-0.5827,0.095072,11.28,-2.7629e-15,1.3322e-15
65.1,34.332,8.205,1.1495,1.0432,-0.59345,0.10561,11.28,-2.7629e-15,1.3322e-15
65.2,34.429,8.2761,1.1606,1.0387,-0.60487,0.11519,5.4713,-0.063746,0.031268
65.3,34.526,8.3467,1.1725,1.021,-0.61706,0.12405,5.4713,-0.063746,0.031268
65.4,34.622,8.4164,1.1853,1.0033,-0.62954,0.13071,5.4713,-0.063746,0.031268
65.5,34.718,8.4853,1.1986,0.98591,-0.64217,0.13509,5.4713,-0.063746,0.031268
65.6,34.813,8.5534,1.2122,0.96876,-0.65484,0.13723,5.4713,-0.063746,0.031268
65.7,34.909,8.6208,1.226,0.95202,-0.66745,0.13721,5.4713,-0.063746,0.031268
65.8,35.003,8.6875,1.2396,0.93577,-0.67993,0.13518,5.4713,-0.063746,0.031268
65.9,35.098,8.7536,1.2529,0.92011,-0.69223,0.13126,5.4713,-0.063746,0.031268
66,35.192,8.8191,1.2658,0.90514,-0.70436,0.12561,5.4713,-0.063746,0.031268
66.1,35.287,8.884,1.278,0.89093,-0.71632,0.11835,5.4713,-0.063746,0.031268
66.2,35.381,8.9483,1.2894,0.87756,-0.72813,0.10957,5.4713,-0.063746,0.031268
66.3,35.475,9.0122,1.2999,0.86513,-0.73987,0.099323,5.4713,-0.063746,0.031268
66.4,35.57,9.0754,1.3092,0.8537,-0.7516,0.087627,5.4713,-0.063746,0.031268
66.5,35.665,9.1382,1.3174,0.84336,-0.76343,0.074429,5.4713,-0.063746,0.031268
66.6,35.76,9.2004,1.3241,0.8342,-0.77546,0.059608,5.4713,-0.063746,0.031268
66.7,35.856,9.2621,1.3292,0.82633,-0.78786,0.042953,5.4713,-0.063746,0.031268
66.8,35.953,9.3232,1.3326,0.81988,-0.80078,0.024123,5.4713,-0.063746,0.031268
66.9,36.05,9.3837,1.334,0.81502,-0.81446,0.0025996,5.4713,-0.063746,0.031268
67,36.149,9.4434,1.333,0.81193,-0.82549,-0.020818,5.4713,-0.063746,0.031268
67.1,36.249,9.5026,1.3298,0.81063,-0.82825,-0.043117,5.4713,-0.063746,0.031268
67.2,36.349,9.5614,1.3245,0.8109,-0.82297,-0.062877,5.4713,-0.063746,0.031268
67.3,36.448,9.6198,1.3174,0.81244,-0.81057,-0.079221,5.4713,-0.063746,0.031268
67.4,36.546,9.6781,1.3088,0.81487,-0.79239,-0.091819,5.4713,-0.063746,0.031268
67.5,36.643,9.7362,1.2991,0.81783,-0.76986,-0.10078,5.4713,-0.063746,0.031268
67.6,36.738,9.7943,1.2887,0.82097,-0.74439,-0.10649,5.4713,-0.063746,0.031268
67.7,36.832,9.8525,1.2779,0.82406,-0.71719,-0.10946,5.4713,-0.063746,0.031268
67.8,36.923,9.9107,1.2669,0.82691,-0.68924,-0.11024,5.4713,-0.063746,0.031268
67.9,37.013,9.9691,1.2559,0.82938,-0.6613,-0.1093,5.4713,-0.063746,0.031268
68,37.1,10.028,1.2451,0.83141,-0.63391,-0.10709,5.4713,-0.063746,0.031268
68.1,37.186,10.086,1.2345,0.83296,-0.60745,-0.10394,5.4713,-0.063746,0.031268
68.2,37.27,10.145,1.2243,0.83404,-0.58217,-0.10013,5.4713,-0.063746,0.031268
68.3,37.352,10.203,1.2145,0.83464,-0.55823,-0.095864,5.4713,-0.063746,0.031268
68.4,37.433,10.262,1.2052,0.83481,-0.53569,-0.091298,5.4713,-0.063746,0.031268
68.5,37.512,10.321,1.1963,0.83457,-0.51461,-0.086549,5.4713,-0.063746,0.031268
68.6,37.59,10.38,1.1879,0.83396,-0.49496,-0.081699,5.4713,-0.063746,0.031268
68.7,37.666,10.439,1.1799,0.83302,-0.47673,-0.076809,5.4713,-0.063746,0.031268
68.8,37.741,10.498,1.1725,0.83178,-0.45988,-0.071918,5.4713,-0.063746,0.031268
68.9,37.816,10.556,1.1656,0.83027,-0.44435,-0.067051,5.4713,-0.063746,0.031268
69,37.889,10.615,1.1591,0.82853,-0.43011,-0.062225,5.4713,-0.063746,0.031268
69.1,37.961,10.674,1.1531,0.82659,-0.41709,-0.057446,5.4713,-0.063746,0.031268
69.2,38.032,10.732,1.1476,0.82447,-0.40525,-0.052715,5.4713,-0.063746,0.031268
69.3,38.102,10.791,1.1426,0.82219,-0.39455,-0.04803,5.4713,-0.063746,0.031268
69.4,38.172,10.849,1.138,0.81979,-0.38494,-0.043385,5.4713,-0.063746,0.031268
69.5,38.241,10.907,1.1339,0.81726,-0.37639,-0.03877,5.4713,-0.063746,0.031268
69.6,38.309,10.965,1.1302,0.81464,-0.36886,-0.034175,5.4713,-0.063746,0.031268
69.7,38.377,11.023,1.127,0.81193,-0.36233,-0.02959,5.4713,-0.063746,0.031268
69.8,38.445,11.081,1.1243,0.80915,-0.35677,-0.025,5.4713,-0.063746,0.031268
69.9,38.512,11.138,1.122,0.8063,-0.35218,-0.020394,5.4713,-0.063746,0.031268
70,38.578,11.196,1.1202,0.80339,-0.34854,-0.015759,5.4713,-0.063746,0.031268
70.1,38.644,11.253,1.1189,0.80043,-0.34586,-0.011082,5.4713,-0.063746,0.031268
70.2,38.71,11.31,1.118,0.79742,-0.34412,-0.0063515,5.4713,-0.063746,0.031268
70.3,38.776,11.366,1.1176,0.79436,-0.34336,-0.0015563,5.4713,-0.063746,0.031268
70.4,38.842,11.422,1.1177,0.79126,-0.34338,0.0033755,5.4713,-0.063746,0.031268
70.5,38.907,11.478,1.1183,0.7881,-0.34366,0.0086357,5.4713,-0.063746,0.031268
70.6,38.972,11.534,1.1195,0.78489,-0.34416,0.014217,5.4713,-0.063746,0.031268
70.7,39.037,11.59,1.1212,0.7816,-0.3449,0.020085,5.4713,-0.063746,0.031268
70.8,39.102,11.645,1.1235,0.77824,-0.34589,0.026199,5.4713,-0.063746,0.031268
70.9,39.167,11.7,1.1264,0.7748,-0.34715,0.032503,5.4713,-0.063746,0.031268
71,39.232,11.755,1.13,0.77128,-0.34868,0.038935,5.4713,-0.063746,0.031268
71.1,39.296,11.81,1.1342,0.76767,-0.3505,0.045425,5.4713,-0.063746,0.031268
71.2,39.36,11.864,1.1391,0.76398,-0.35259,0.051898,5.4713,-0.063746,0.031268
71.3,39.424,11.919,1.1446,0.7602,-0.35495,0.058276,5.4713,-0.063746,0.031268
71.4,39.488,11.973,1.1507,0.75634,-0.35759,0.064482,5.4713,-0.063746,0.031268
71.5,39.551,12.028,1.1575,0.75241,-0.36048,0.070444,5.4713,-0.063746,0.031268
71.6,39.614,12.082,1.1648,0.7484,-0.36361,0.076094,5.4713,-0.063746,0.031268
71.7,39.677,12.137,1.1727,0.74433,-0.36696,0.081374,5.4713,-0.063746,0.031268
71.8,39.739,12.191,1.1811,0.74021,-0.3705,0.086236,5.4713,-0.063746,0.031268
71.9,39.802,12.246,1.1899,0.73605,-0.37422,0.090642,5.4713,-0.063746,0.031268
72,39.864,12.3,1.1992,0.73187,-0.37809,0.094567,5.4713,-0.063746,0.031268
72.1,39.925,12.354,1.2088,0.72766,-0.38208,0.097994,5.4713,-0.063746,0.031268
72.2,39.987,12.409,1.2188,0.72345,-0.38616,0.10092,5.4713,-0.063746,0.031268
72.3,40.048,12.464,1.229,0.71925,-0.3903,0.10335,7.6321,-1.8693e-15,9.0234e-16
72.4,40.108,12.519,1.2394,0.71987,-0.39424,0.10455,7.6321,-1.8693e-15,9.0234e-16
72.5,40.169,12.574,1.2499,0.72041,-0.39825,0.10556,7.6321,-1.8693e-15,9.0234e-16
72.6,40.229,12.63,1.2605,0.72086,-0.4023,0.10638,7.6321,-1.8693e-15,9.0234e-16
72.7,40.29,12.687,1.2711,0.72124,-0.40641,0.10701,7.6321,-1.8693e-15,9.0234e-16
72.8,40.35,12.744,1.2819,0.72154,-0.41055,0.10746,7.6321,-1.8693e-15,9.0234e-16
72.9,40.41,12.802,1.2926,0.72179,-0.41472,0.10773,7.6321,-1.8693e-15,9.0234e-16
73,40.469,12.86,1.3034,0.72199,-0.41891,0.10783,7.6321,-1.8693e-15,9.0234e-16
73.1,40.528,12.919,1.3142,0.72213,-0.42312,0.10776,7.6321,-1.8693e-15,9.0234e-16
73.2,40.588,12.978,1.325,0.72224,-0.42734,0.10753,7.6321,-1.8693e-15,9.0234e-16
73.3,40.647,13.038,1.3357,0.72232,-0.43157,0.10714,7.6321,-1.8693e-15,9.0234e-16
73.4,40.705,13.099,1.3464,0.72237,-0.43579,0.10661,7.6321,-1.8693e-15,9.0234e-16
73.5,40.764,13.16,1.357,0.7224,-0.44001,0.10593,7.6321,-1.8693e-15,9.0234e-16
73.6,40.822,13.221,1.3676,0.72242,-0.44422,0.1051,7.6321,-1.8693e-15,9.0234e-16
73.7,40.88,13.283,1.378,0.72243,-0.44842,0.10415,7.6321,-1.8693e-15,9.0234e-16
73.8,40.938,13.346,1.3884,0.72244,-0.45261,0.10306,7.6321,-1.8693e-15,9.0234e-16
73.9,40.995,13.409,1.3986,0.72246,-0.45678,0.10185,7.6321,-1.8693e-15,9.0234e-16
74,41.052,13.473,1.4088,0.72249,-0.46093,0.10052,7.6321,-1.8693e-15,9.0234e-16
74.1,41.109,13.537,1.4187,0.72253,-0.46506,0.099078,7.6321,-1.8693e-15,9.0234e-16
74.2,41.166,13.601,1.4286,0.7226,-0.46918,0.097518,7.6321,-1.8693e-15,9.0234e-16
74.3,41.223,13.666,1.4382,0.72269,-0.47327,0.095847,7.6321,-1.8693e-15,9.0234e-16
74.4,41.279,13.732,1.4477,0.72281,-0.47735,0.094067,7.6321,-1.8693e-15,9.0234e-16
74.5,41.335,13.798,1.457,0.72297,-0.48141,0.092181,7.6321,-1.8693e-15,9.0234e-16
74.6,41.391,13.865,1.4662,0.72316,-0.48545,0.090189,7.6321,-1.8693e-15,9.0234e-16
74.7,41.447,13.932,1.4751,0.72341,-0.48947,0.088092,7.6321,-1.8693e-15,9.0234e-16
74.8,41.502,13.999,1.4838,0.7237,-0.49348,0.085889,7.6321,-1.8693e-15,9.0234e-16
74.9,41.558,14.067,1.4923,0.72405,-0.49747,0.083581,7.6321,-1.8693e-15,9.0234e-16
75,41.613,14.136,1.5005,0.72446,-0.50145,0.081165,7.6321,-1.8693e-15,9.0234e-16
75.1,41.668,14.205,1.5085,0.72493,-0.50543,0.078638,7.6321,-1.8693e-15,9.0234e-16
75.2,41.723,14.274,1.5162,0.72546,-0.50939,0.075999,7.6321,-1.8693e-15,9.0234e-16
75.3,41.778,14.344,1.5237,0.72608,-0.51335,0.073242,7.6321,-1.8693e-15,9.0234e-16
75.4,41.832,14.415,1.5309,0.72677,-0.51731,0.070362,7.6321,-1.8693e-15,9.0234e-16
75.5,41.887,14.485,1.5377,0.72754,-0.52127,0.067353,7.6321,-1.8693e-15,9.0234e-16
75.6,41.941,14.557,1.5443,0.7284,-0.52523,0.064207,7.6321,-1.8693e-15,9.0234e-16
75.7,41.996,14.628,1.5506,0.72936,-0.5292,0.060915,7.6321,-1.8693e-15,9.0234e-16
75.8,42.05,14.7,1.5565,0.73042,-0.53319,0.057465,7.6321,-1.8693e-15,9.0234e-16
75.9,42.104,14.773,1.5621,0.73158,-0.53719,0.053844,7.6321,-1.8693e-15,9.0234e-16
76,42.159,14.846,1.5673,0.73287,-0.54121,0.050037,7.6321,-1.8693e-15,9.0234e-16
76.1,42.213,14.919,1.5721,0.73427,-0.54525,0.046024,7.6321,-1.8693e-15,9.0234e-16
76.2,42.268,14.993,1.5765,0.73581,-0.54933,0.041785,7.6321,-1.8693e-15,9.0234e-16
76.3,42.322,15.067,1.5804,0.73749,-0.55344,0.037292,7.6321,-1.8693e-15,9.0234e-16
76.4,42.377,15.141,1.5839,0.73933,-0.55759,0.032515,7.6321,-1.8693e-15,9.0234e-16
76.5,42.432,15.216,1.5869,0.74134,-0.5618,0.027415,7.6321,-1.8693e-15,9.0234e-16
76.6,42.487,15.291,1.5894,0.74353,-0.56605,0.021947,7.6321,-1.8693e-15,9.0234e-16
76.7,42.542,15.367,1.5913,0.74592,-0.57038,0.016055,7.6321,-1.8693e-15,9.0234e-16
76.8,42.598,15.443,1.5926,0.74853,-0.57477,0.0096697,7.6321,-1.8693e-15,9.0234e-16
76.9,42.654,15.519,1.5932,0.7514,-0.57925,0.0027052,7.6321,-1.8693e-15,9.0234e-16
77,42.71,15.596,1.5931,0.75454,-0.5834,-0.0047847,7.6321,-1.8693e-15,9.0234e-16
77.1,42.767,15.672,1.5922,0.75796,-0.58568,-0.012188,7.6321,-1.8693e-15,9.0234e-16
77.2,42.824,15.75,1.5907,0.76165,-0.58594,-0.019255,7.6321,-1.8693e-15,9.0234e-16
77.3,42.881,15.827,1.5884,0.76558,-0.58423,-0.02581,7.6321,-1.8693e-15,9.0234e-16
77.4,42.938,15.905,1.5855,0.76969,-0.58067,-0.031718,7.6321,-1.8693e-15,9.0234e-16
77.5,42.995,15.983,1.5821,0.77395,-0.57545,-0.036882,7.6321,-1.8693e-15,9.0234e-16
77.6,43.052,16.061,1.5782,0.7783,-0.56875,-0.041247,7.6321,-1.8693e-15,9.0234e-16
77.7,43.108,16.139,1.5739,0.78268,-0.56082,-0.044799,7.6321,-1.8693e-15,9.0234e-16
77.8,43.163,16.218,1.5692,0.78704,-0.55188,-0.047549,7.6321,-1.8693e-15,9.0234e-16
77.9,43.218,16.296,1.5644,0.79134,-0.54216,-0.049535,7.6321,-1.8693e-15,9.0234e-16
78,43.273,16.375,1.5594,0.79554,-0.53188,-0.050811,7.6321,-1.8693e-15,9.0234e-16
78.1,43.326,16.454,1.5542,0.7996,-0.52124,-0.051438,7.6321,-1.8693e-15,9.0234e-16
78.2,43.38,16.533,1.5491,0.80349,-0.51042,-0.051482,7.6321,-1.8693e-15,9.0234e-16
78.3,43.432,16.613,1.544,0.8072,-0.49958,-0.05101,7.6321,-1.8693e-15,9.0234e-16
78.4,43.484,16.692,1.5389,0.81071,-0.48885,-0.050085,7.6321,-1.8693e-15,9.0234e-16
78.5,43.535,16.772,1.534,0.81401,-0.47835,-0.048764,7.6321,-1.8693e-15,9.0234e-16
78.6,43.585,16.851,1.5292,0.81709,-0.46818,-0.0471,7.6321,-1.8693e-15,9.0234e-16
78.7,43.635,16.931,1.5246,0.81995,-0.45842,-0.045138,7.6321,-1.8693e-15,9.0234e-16
78.8,43.685,17.011,1.5201,0.82259,-0.44913,-0.042918,7.6321,-1.8693e-15,9.0234e-16
78.9,43.733,17.091,1.516,0.82502,-0.44037,-0.040473,7.6321,-1.8693e-15,9.0234e-16
79,43.782,17.171,1.5121,0.82724,-0.43219,-0.037829,7.6321,-1.8693e-15,9.0234e-16
79.1,43.829,17.251,1.5084,0.82925,-0.42464,-0.03501,7.6321,-1.8693e-15,9.0234e-16
79.2,43.877,17.331,1.5051,0.83107,-0.41773,-0.032032,7.6321,-1.8693e-15,9.0234e-16
79.3,43.924,17.411,1.502,0.83269,-0.41151,-0.028909,7.6321,-1.8693e-15,9.0234e-16
79.4,43.97,17.492,1.4993,0.83413,-0.406,-0.025651,7.6321,-1.8693e-15,9.0234e-16
79.5,44.017,17.572,1.4969,0.83539,-0.40123,-0.022263,7.6321,-1.8693e-15,9.0234e-16
79.6,44.063,17.652,1.4948,0.83647,-0.39722,-0.018751,7.6321,-1.8693e-15,9.0234e-16
79.7,44.108,17.733,1.4931,0.83739,-0.394,-0.015116,7.6321,-1.8693e-15,9.0234e-16
79.8,44.154,17.813,1.4918,0.83815,-0.39159,-0.011359,7.6321,-1.8693e-15,9.0234e-16
79.9,44.2,17.894,1.4909,0.83874,-0.39003,-0.0074788,7.6321,-1.8693e-15,9.0234e-16
80,44.245,17.974,1.4903,0.83918,-0.38936,-0.0034761,7.6321,-1.8693e-15,9.0234e-16
80.1,44.291,18.055,1.4902,0.83947,-0.38958,0.00065306,7.6321,-1.8693e-15,9.0234e-16
80.2,44.337,18.135,1.4905,0.8396,-0.39027,0.0050791,7.6321,-1.8693e-15,9.0234e-16
80.3,44.382,18.216,1.4912,0.83957,-0.39116,0.0098977,7.6321,-1.8693e-15,9.0234e-16
80.4,44.428,18.296,1.4925,0.83937,-0.39227,0.015101,7.6321,-1.8693e-15,9.0234e-16
80.5,44.474,18.377,1.4942,0.83899,-0.39364,0.020669,7.6321,-1.8693e-15,9.0234e-16
80.6,44.519,18.458,1.4966,0.83843,-0.39527,0.026574,7.6321,-1.8693e-15,9.0234e-16
80.7,44.565,18.538,1.4996,0.83767,-0.39718,0.032772,7.6321,-1.8693e-15,9.0234e-16
80.8,44.61,18.619,1.5032,0.83672,-0.3994,0.039211,7.6321,-1.8693e-15,9.0234e-16
80.9,44.656,18.7,1.5074,0.83557,-0.40194,0.045826,7.6321,-1.8693e-15,9.0234e-16
81,44.701,18.781,1.5123,0.83422,-0.40481,0.052542,7.6321,-1.8693e-15,9.0234e-16
81.1,44.746,18.862,1.5179,0.83267,-0.40801,0.059278,7.6321,-1.8693e-15,9.0234e-16
81.2,44.791,18.943,1.5242,0.83092,-0.41154,0.065949,7.6321,-1.8693e-15,9.0234e-16
81.3,44.836,19.024,1.5311,0.82897,-0.41539,0.072467,7.6321,-1.8693e-15,9.0234e-16
81.4,44.881,19.105,1.5387,0.82685,-0.41957,0.078747,7.6321,-1.8693e-15,9.0234e-16
81.5,44.925,19.186,1.5469,0.82455,-0.42404,0.084712,7.6321,-1.8693e-15,9.0234e-16
81.6,44.97,19.268,1.5556,0.82208,-0.4288,0.090291,7.6321,-1.8693e-15,9.0234e-16
81.7,45.014,19.35,1.5649,0.81947,-0.43382,0.095423,7.6321,-1.8693e-15,9.0234e-16
81.8,45.057,19.431,1.5747,0.81673,-0.43907,0.10006,7.6321,-1.8693e-15,9.0234e-16
81.9,45.101,19.513,1.5849,0.81387,-0.44452,0.10417,7.6321,-1.8693e-15,9.0234e-16
82,45.144,19.595,1.5955,0.81091,-0.45014,0.10772,7.6321,-1.8693e-15,9.0234e-16
82.1,45.187,19.678,1.6064,0.80787,-0.45591,0.11071,7.6321,-1.8693e-15,9.0234e-16
82.2,45.229,19.76,1.6176,0.80478,-0.46178,0.11313,7.6321,-1.8693e-15,9.0234e-16
82.3,45.272,19.843,1.629,0.80165,-0.46775,0.11499,7.6321,-1.8693e-15,9.0234e-16
82.4,45.313,19.926,1.6406,0.79849,-0.47377,0.1163,7.6321,-1.8693e-15,9.0234e-16
82.5,45.355,20.009,1.6523,0.79534,-0.47982,0.11709,7.6321,-1.8693e-15,9.0234e-16
82.6,45.396,20.092,1.664,0.79221,-0.48589,0.11737,7.6321,-1.8693e-15,9.0234e-16
82.7,45.437,20.175,1.6757,0.78911,-0.49195,0.11718,7.6321,-1.8693e-15,9.0234e-16
82.8,45.477,20.259,1.6874,0.78607,-0.498,0.11654,7.6321,-1.8693e-15,9.0234e-16
82.9,45.518,20.343,1.699,0.7831,-0.504,0.11547,7.6321,-1.8693e-15,9.0234e-16
83,45.557,20.427,1.7105,0.78022,-0.50997,0.11401,7.6321,-1.8693e-15,9.0234e-16
83.1,45.597,20.512,1.7218,0.77744,-0.51588,0.11219,7.6321,-1.8693e-15,9.0234e-16
83.2,45.636,20.597,1.7329,0.77478,-0.52174,0.11001,7.6321,-1.8693e-15,9.0234e-16
83.3,45.675,20.682,1.7438,0.77225,-0.52753,0.10751,7.6321,-1.8693e-15,9.0234e-16
83.4,45.713,20.767,1.7544,0.76986,-0.53327,0.1047,7.6321,-1.8693e-15,9.0234e-16
83.5,45.752,20.853,1.7647,0.76763,-0.53895,0.1016,7.6321,-1.8693e-15,9.0234e-16
83.6,45.79,20.938,1.7747,0.76557,-0.54458,0.098214,7.6321,-1.8693e-15,9.0234e-16
83.7,45.827,21.025,1.7844,0.76368,-0.55015,0.094562,7.6321,-1.8693e-15,9.0234e-16
83.8,45.865,21.111,1.7936,0.76199,-0.55569,0.090644,7.6321,-1.8693e-15,9.0234e-16
83.9,45.902,21.198,1.8025,0.76049,-0.56118,0.086464,7.6321,-1.8693e-15,9.0234e-16
84,45.939,21.285,1.8109,0.7592,-0.56664,0.082019,7.6321,-1.8693e-15,9.0234e-16
84.1,45.976,21.372,1.8189,0.75814,-0.57209,0.077302,7.6321,-1.8693e-15,9.0234e-16
84.2,46.013,21.46,1.8264,0.7573,-0.57752,0.072304,7.6321,-1.8693e-15,9.0234e-16
84.3,46.049,21.548,1.8333,0.75672,-0.58296,0.067009,7.6321,-1.8693e-15,9.0234e-16
84.4,46.086,21.636,1.8398,0.75638,-0.58841,0.061395,7.6321,-1.8693e-15,9.0234e-16
84.5,46.123,21.725,1.8456,0.75633,-0.59389,0.055432,7.6321,-1.8693e-15,9.0234e-16
84.6,46.159,21.814,1.8508,0.75655,-0.59941,0.049084,7.6321,-1.8693e-15,9.0234e-16
84.7,46.196,21.904,1.8554,0.75709,-0.60499,0.042302,7.6321,-1.8693e-15,9.0234e-16
84.8,46.233,21.993,1.8593,0.75795,-0.61065,0.035026,7.6321,-1.8693e-15,9.0234e-16
84.9,46.27,22.084,1.8624,0.75917,-0.61641,0.02718,7.6321,-1.8693e-15,9.0234e-16
85,46.307,22.174,1.8647,0.76077,-0.6223,0.018664,7.6321,-1.8693e-15,9.0234e-16
85.1,46.345,22.265,1.8661,0.7628,-0.62833,0.0093521,7.6321,-1.8693e-15,9.0234e-16
85.2,46.383,22.357,1.8665,0.76529,-0.63454,-0.00091637,7.6321,-1.8693e-15,9.0234e-16
85.3,46.422,22.449,1.8659,0.76829,-0.63906,-0.011566,7.6321,-1.8693e-15,9.0234e-16
85.4,46.461,22.541,1.8642,0.77178,-0.64049,-0.021813,7.6321,-1.8693e-15,9.0234e-16
85.5,46.5,22.633,1.8616,0.77572,-0.63889,-0.031318,7.6321,-1.8693e-15,9.0234e-16
85.6,46.539,22.726,1.858,0.78004,-0.63444,-0.039815,7.6321,-1.8693e-15,9.0234e-16
85.7,46.577,22.819,1.8536,0.78464,-0.62744,-0.047131,11.15,-0.94497,0.46351
85.8,46.616,22.912,1.8492,0.79689,-0.62416,-0.040649,11.15,-0.94497,0.46351
85.9,46.654,23.007,1.8455,0.80836,-0.62286,-0.034073,11.15,-0.94497,0.46351
86,46.692,23.102,1.8424,0.8191,-0.6236,-0.027477,11.15,-0.94497,0.46351
86.1,46.73,23.198,1.84,0.82913,-0.62643,-0.020937,11.15,-0.94497,0.46351
86.2,46.768,23.295,1.8382,0.83847,-0.63139,-0.014535,11.15,-0.94497,0.46351
86.3,46.807,23.393,1.8371,0.84716,-0.63851,-0.0083682,11.15,-0.94497,0.46351
86.4,46.847,23.492,1.8366,0.85523,-0.64781,-0.0025473,11.15,-0.94497,0.46351
86.5,46.887,23.592,1.8366,0.86271,-0.65904,0.0028799,11.15,-0.94497,0.46351
86.6,46.929,23.693,1.8371,0.86963,-0.67095,0.0082253,11.15,-0.94497,0.46351
86.7,46.971,23.795,1.8382,0.876,-0.6834,0.013437,11.15,-0.94497,0.46351
86.8,47.014,23.898,1.8398,0.88183,-0.69639,0.018387,11.15,-0.94497,0.46351
86.9,47.059,24.002,1.8419,0.88715,-0.70996,0.022935,11.15,-0.94497,0.46351
87,47.104,24.107,1.8444,0.892,-0.72412,0.026932,11.15,-0.94497,0.46351
87.1,47.15,24.213,1.8472,0.89642,-0.73889,0.03022,11.15,-0.94497,0.46351
87.2,47.197,24.32,1.8504,0.90046,-0.75431,0.032634,11.15,-0.94497,0.46351
87.3,47.245,24.428,1.8537,0.9042,-0.77039,0.034007,11.15,-0.94497,0.46351
87.4,47.294,24.537,1.8571,0.90771,-0.78718,0.034159,11.15,-0.94497,0.46351
87.5,47.345,24.646,1.8605,0.91108,-0.80472,0.032903,11.15,-0.94497,0.46351
87.6,47.397,24.757,1.8637,0.91443,-0.82307,0.03003,11.15,-0.94497,0.46351
87.7,47.45,24.869,1.8665,0.91789,-0.84232,0.025298,11.15,-0.94497,0.46351
87.8,47.504,24.982,1.8687,0.9216,-0.86258,0.018413,11.15,-0.94497,0.46351
87.9,47.561,25.096,1.8701,0.92577,-0.88398,0.0089972,11.15,-0.94497,0.46351
88,47.619,25.211,1.8704,0.93061,-0.90654,-0.0033936,11.15,-0.94497,0.46351
88.1,47.679,25.327,1.8693,0.93636,-0.92622,-0.01755,11.15,-0.94497,0.46351
88.2,47.741,25.444,1.8668,0.94311,-0.94073,-0.032087,11.15,-0.94497,0.46351
88.3,47.804,25.562,1.8629,0.95083,-0.94966,-0.046053,11.15,-0.94497,0.46351
88.4,47.868,25.681,1.8577,0.95943,-0.95308,-0.058629,11.15,-0.94497,0.46351
88.5,47.932,25.8,1.8513,0.96871,-0.95143,-0.06922,11.15,-0.94497,0.46351
88.6,47.997,25.92,1.8439,0.97843,-0.94548,-0.077499,11.15,-0.94497,0.46351
88.7,48.061,26.04,1.8358,0.98835,-0.93614,-0.083378,11.15,-0.94497,0.46351
88.8,48.126,26.16,1.8273,0.99824,-0.9244,-0.086959,11.15,-0.94497,0.46351
88.9,48.189,26.28,1.8185,1.0079,-0.91119,-0.088465,11.15,-0.94497,0.46351
89,48.253,26.4,1.8097,1.0171,-0.89734,-0.088181,11.15,-0.94497,0.46351
89.1,48.316,26.52,1.8009,1.0258,-0.88359,-0.08641,11.15,-0.94497,0.46351
89.2,48.378,26.64,1.7924,1.0339,-0.8705,-0.083444,11.15,-0.94497,0.46351
89.3,48.44,26.76,1.7843,1.0414,-0.85855,-0.079551,11.15,-0.94497,0.46351
89.4,48.502,26.88,1.7765,1.0482,-0.84809,-0.074968,11.15,-0.94497,0.46351
89.5,48.563,27,1.7693,1.0543,-0.83939,-0.069901,11.15,-0.94497,0.46351
89.6,48.625,27.12,1.7626,1.0598,-0.83264,-0.064532,11.15,-0.94497,0.46351
89.7,48.687,27.24,1.7564,1.0646,-0.82796,-0.059022,11.15,-0.94497,0.46351
89.8,48.748,27.36,1.7508,1.0688,-0.82543,-0.053519,11.15,-0.94497,0.46351
89.9,48.811,27.479,1.7457,1.0724,-0.82508,-0.048161,11.15,-0.94497,0.46351
90,48.874,27.599,1.7411,1.0756,-0.82689,-0.04308,11.15,-0.94497,0.46351
90.1,48.937,27.72,1.7371,1.0783,-0.8308,-0.038408,11.15,-0.94497,0.46351
90.2,49.002,27.84,1.7334,1.0806,-0.83671,-0.034275,11.15,-0.94497,0.46351
90.3,49.067,27.96,1.7302,1.0825,-0.84446,-0.030809,11.15,-0.94497,0.46351
90.4,49.134,28.08,1.7272,1.0841,-0.85384,-0.02813,11.15,-0.94497,0.46351
90.5,49.202,28.201,1.7245,1.0856,-0.86458,-0.026349,11.15,-0.94497,0.46351
90.6,49.272,28.321,1.7219,1.0869,-0.87638,-0.025551,11.15,-0.94497,0.46351
90.7,49.343,28.442,1.7194,1.0882,-0.88886,-0.025792,11.15,-0.94497,0.46351
90.8,49.416,28.563,1.7167,1.0895,-0.90161,-0.027082,11.15,-0.94497,0.46351
90.9,49.49,28.684,1.7139,1.091,-0.91418,-0.029381,11.15,-0.94497,0.46351
91,49.565,28.805,1.7108,1.0927,-0.92614,-0.03259,11.15,-0.94497,0.46351
91.1,49.643,28.926,1.7074,1.0946,-0.93705,-0.036554,11.15,-0.94497,0.46351
91.2,49.721,29.047,1.7035,1.0968,-0.94654,-0.041071,11.15,-0.94497,0.46351
91.3,49.801,29.168,1.6992,1.0994,-0.95433,-0.045903,11.15,-0.94497,0.46351
91.4,49.882,29.29,1.6943,1.1023,-0.96022,-0.050799,11.15,-0.94497,0.46351
91.5,49.965,29.411,1.689,1.1055,-0.96412,-0.055518,11.15,-0.94497,0.46351
91.6,50.048,29.532,1.6832,1.1091,-0.96607,-0.059845,11.15,-0.94497,0.46351
91.7,50.132,29.653,1.6771,1.1128,-0.96619,-0.063607,11.15,-0.94497,0.46351
91.8,50.216,29.774,1.6705,1.1167,-0.96472,-0.066682,11.15,-0.94497,0.46351
91.9,50.301,29.894,1.6637,1.1207,-0.96191,-0.069001,11.15,-0.94497,0.46351
92,50.387,30.015,1.6568,1.1247,-0.95809,-0.070544,11.15,-0.94497,0.46351
92.1,50.473,30.135,1.6497,1.1286,-0.95358,-0.071331,11.15,-0.94497,0.46351
92.2,50.559,30.255,1.6425,1.1323,-0.9487,-0.071414,11.15,-0.94497,0.46351
92.3,50.646,30.374,1.6354,1.1359,-0.94375,-0.07087,11.15,-0.94497,0.46351
92.4,50.733,30.494,1.6284,1.1392,-0.93901,-0.069791,11.15,-0.94497,0.46351
92.5,50.82,30.613,1.6215,1.1423,-0.93471,-0.068277,1.1048,-2.7059e-16,1.3859e-16
92.6,50.908,30.73,1.6141,1.1234,-0.92408,-0.079132,1.1048,-2.7059e-16,1.3859e-16
92.7,50.995,30.845,1.6057,1.106,-0.90848,-0.088536,1.1048,-2.7059e-16,1.3859e-16
92.8,51.082,30.958,1.5964,1.0897,-0.88863,-0.096133,1.1048,-2.7059e-16,1.3859e-16
92.9,51.167,31.068,1.5865,1.0744,-0.86544,-0.1018,1.1048,-2.7059e-16,1.3859e-16
93,51.251,31.175,1.5761,1.0598,-0.83982,-0.10558,1.1048,-2.7059e-16,1.3859e-16
93.1,51.334,31.281,1.5655,1.0457,-0.81263,-0.10764,1.1048,-2.7059e-16,1.3859e-16
93.2,51.415,31.384,1.5547,1.0319,-0.78462,-0.10823,1.1048,-2.7059e-16,1.3859e-16
93.3,51.494,31.484,1.5439,1.0184,-0.7564,-0.1076,1.1048,-2.7059e-16,1.3859e-16
93.4,51.572,31.583,1.5332,1.005,-0.72847,-0.10599,1.1048,-2.7059e-16,1.3859e-16
93.5,51.647,31.68,1.5227,0.99172,-0.70118,-0.10364,1.1048,-2.7059e-16,1.3859e-16
93.6,51.721,31.774,1.5125,0.97849,-0.67479,-0.10072,1.1048,-2.7059e-16,1.3859e-16
93.7,51.793,31.867,1.5026,0.96531,-0.64946,-0.097405,1.1048,-2.7059e-16,1.3859e-16
93.8,51.864,31.958,1.493,0.95219,-0.62531,-0.093822,1.1048,-2.7059e-16,1.3859e-16
93.9,51.933,32.047,1.4838,0.93912,-0.60239,-0.090074,1.1048,-2.7059e-16,1.3859e-16
94,52,32.135,1.475,0.92613,-0.58071,-0.08624,1.1048,-2.7059e-16,1.3859e-16
94.1,52.066,32.221,1.4665,0.91323,-0.56027,-0.082382,1.1048,-2.7059e-16,1.3859e-16
94.2,52.131,32.305,1.4585,0.90044,-0.54102,-0.078546,1.1048,-2.7059e-16,1.3859e-16
94.3,52.194,32.388,1.4508,0.88778,-0.52294,-0.074766,1.1048,-2.7059e-16,1.3859e-16
94.4,52.256,32.469,1.4435,0.87525,-0.50597,-0.071069,1.1048,-2.7059e-16,1.3859e-16
94.5,52.317,32.548,1.4366,0.86288,-0.49005,-0.06747,1.1048,-2.7059e-16,1.3859e-16
94.6,52.376,32.627,1.43,0.85069,-0.47513,-0.063983,1.1048,-2.7059e-16,1.3859e-16
94.7,52.435,32.704,1.4238,0.83867,-0.46114,-0.060614,1.1048,-2.7059e-16,1.3859e-16
94.8,52.492,32.779,1.4179,0.82684,-0.44804,-0.05737,1.1048,-2.7059e-16,1.3859e-16
94.9,52.548,32.853,1.4123,0.81521,-0.43576,-0.054251,1.1048,-2.7059e-16,1.3859e-16
95,52.604,32.926,1.4071,0.80379,-0.42426,-0.051258,1.1048,-2.7059e-16,1.3859e-16
95.1,52.658,32.998,1.4021,0.79258,-0.41347,-0.048391,1.1048,-2.7059e-16,1.3859e-16
95.2,52.712,33.069,1.3974,0.78159,-0.40336,-0.045647,1.1048,-2.7059e-16,1.3859e-16
95.3,52.765,33.138,1.3929,0.77081,-0.39388,-0.043024,1.1048,-2.7059e-16,1.3859e-16
95.4,52.817,33.207,1.3888,0.76025,-0.38498,-0.040519,1.1048,-2.7059e-16,1.3859e-16
95.5,52.868,33.274,1.3848,0.74991,-0.37662,-0.038129,1.1048,-2.7059e-16,1.3859e-16
95.6,52.918,33.34,1.3811,0.73978,-0.36878,-0.035851,1.1048,-2.7059e-16,1.3859e-16
95.7,52.968,33.405,1.3777,0.72988,-0.3614,-0.033682,1.1048,-2.7059e-16,1.3859e-16
95.8,53.017,33.469,1.3744,0.7202,-0.35446,-0.031618,1.1048,-2.7059e-16,1.3859e-16
95.9,53.066,33.533,1.3713,0.71072,-0.34793,-0.029656,1.1048,-2.7059e-16,1.3859e-16
96,53.114,33.595,1.3685,0.70147,-0.34178,-0.027793,1.1048,-2.7059e-16,1.3859e-16
96.1,53.161,33.656,1.3658,0.69242,-0.33598,-0.026026,1.1048,-2.7059e-16,1.3859e-16
96.2,53.208,33.717,1.3633,0.68358,-0.3305,-0.024352,1.1048,-2.7059e-16,1.3859e-16
96.3,53.254,33.777,1.3609,0.67495,-0.32533,-0.022769,1.1048,-2.7059e-16,1.3859e-16
96.4,53.3,33.835,1.3587,0.66651,-0.32043,-0.021273,1.1048,-2.7059e-16,1.3859e-16
96.5,53.345,33.893,1.3566,0.65827,-0.3158,-0.019863,1.1048,-2.7059e-16,1.3859e-16
96.6,53.389,33.951,1.3547,0.65023,-0.31139,-0.018535,1.1048,-2.7059e-16,1.3859e-16
96.7,53.433,34.007,1.3529,0.64238,-0.30721,-0.017287,1.1048,-2.7059e-16,1.3859e-16
96.8,53.477,34.063,1.3513,0.63471,-0.30323,-0.016117,1.1048,-2.7059e-16,1.3859e-16
96.9,53.52,34.118,1.3497,0.62723,-0.29944,-0.015023,1.1048,-2.7059e-16,1.3859e-16
97,53.563,34.172,1.3483,0.61992,-0.29581,-0.014002,1.1048,-2.7059e-16,1.3859e-16
97.1,53.605,34.226,1.3469,0.61279,-0.29233,-0.013052,1.1048,-2.7059e-16,1.3859e-16
97.2,53.647,34.279,1.3456,0.60583,-0.289,-0.012172,1.1048,-2.7059e-16,1.3859e-16
97.3,53.689,34.331,1.3445,0.59904,-0.28579,-0.011358,1.1048,-2.7059e-16,1.3859e-16
97.4,53.73,34.382,1.3434,0.59241,-0.2827,-0.010608,1.1048,-2.7059e-16,1.3859e-16
97.5,53.77,34.434,1.3424,0.58594,-0.27971,-0.0099209,1.1048,-2.7059e-16,1.3859e-16
97.6,53.811,34.484,1.3414,0.57963,-0.27681,-0.0092936,1.1048,-2.7059e-16,1.3859e-16
97.7,53.851,34.534,1.3405,0.57347,-0.27399,-0.0087239,1.1048,-2.7059e-16,1.3859e-16
97.8,53.89,34.583,1.3396,0.56746,-0.27125,-0.0082095,1.1048,-2.7059e-16,1.3859e-16
97.9,53.93,34.632,1.3388,0.5616,-0.26857,-0.007748,1.1048,-2.7059e-16,1.3859e-16
98,53.968,34.68,1.3381,0.55588,-0.26594,-0.007337,1.1048,-2.7059e-16,1.3859e-16
98.1,54.007,34.728,1.3374,0.55029,-0.26335,-0.006974,1.1048,-2.7059e-16,1.3859e-16
98.2,54.045,34.775,1.3367,0.54484,-0.26081,-0.0066565,1.1048,-2.7059e-16,1.3859e-16
98.3,54.083,34.822,1.336,0.53953,-0.2583,-0.0063821,1.1048,-2.7059e-16,1.3859e-16
98.4,54.12,34.868,1.3354,0.53434,-0.25582,-0.0061481,1.1048,-2.7059e-16,1.3859e-16
98.5,54.158,34.914,1.3348,0.52928,-0.25335,-0.0059519,1.1048,-2.7059e-16,1.3859e-16
98.6,54.194,34.959,1.3342,0.52434,-0.2509,-0.0057911,1.1048,-2.7059e-16,1.3859e-16
98.7,54.231,35.004,1.3337,0.51952,-0.24847,-0.005663,1.1048,-2.7059e-16,1.3859e-16
98.8,54.267,35.048,1.3331,0.51482,-0.24604,-0.0055649,1.1048,-2.7059e-16,1.3859e-16
98.9,54.303,35.092,1.3325,0.51023,-0.24361,-0.0054945,1.1048,-2.7059e-16,1.3859e-16
99,54.339,35.136,1.332,0.50575,-0.24119,-0.0054491,1.1048,-2.7059e-16,1.3859e-16
99.1,54.374,35.179,1.3314,0.50138,-0.23876,-0.0054263,1.1048,-2.7059e-16,1.3859e-16
99.2,54.409,35.222,1.3309,0.49711,-0.23633,-0.0054236,1.1048,-2.7059e-16,1.3859e-16
99.3,54.443,35.265,1.3304,0.49295,-0.23389,-0.0054387,1.1048,-2.7059e-16,1.3859e-16
99.4,54.478,35.307,1.3298,0.48888,-0.23144,-0.0054693,1.1048,-2.7059e-16,1.3859e-16
99.5,54.512,35.348,1.3293,0.48491,-0.22899,-0.0055131,1.1048,-2.7059e-16,1.3859e-16
99.6,54.545,35.39,1.3287,0.48104,-0.22652,-0.005568,1.1048,-2.7059e-16,1.3859e-16
99.7,54.579,35.431,1.3282,0.47726,-0.22405,-0.005632,1.1048,-2.7059e-16,1.3859e-16
99.8,54.612,35.472,1.3276,0.47356,-0.22156,-0.0057031,1.1048,-2.7059e-16,1.3859e-16
99.9,54.645,35.512,1.327,0.46995,-0.21907,-0.0057796,1.1048,-2.7059e-16,1.3859e-16
100,54.677,35.552,1.3264,0.46643,-0.21656,-0.0058596,1.1048,-2.7059e-16,1.3859e-16
100.1,54.709,35.592,1.3258,0.46299,-0.21405,-0.0059417,1.1048,-2.7059e-16,1.3859e-16
100.2,54.741,35.632,1.3252,0.45963,-0.21152,-0.0060243,1.1048,-2.7059e-16,1.3859e-16
100.3,54.773,35.671,1.3246,0.45634,-0.20899,-0.006106,1.1048,-2.7059e-16,1.3859e-16
100.4,54.804,35.71,1.324,0.45313,-0.20646,-0.0061857,1.1048,-2.7059e-16,1.3859e-16
100.5,54.835,35.749,1.3234,0.44999,-0.20391,-0.0062621,1.1048,-2.7059e-16,1.3859e-16
100.6,54.865,35.788,1.3228,0.44692,-0.20137,-0.0063343,1.1048,-2.7059e-16,1.3859e-16
100.7,54.896,35.826,1.3221,0.44393,-0.19882,-0.0064013,1.1048,-2.7059e-16,1.3859e-16
100.8,54.926,35.864,1.3215,0.44099,-0.19627,-0.0064624,1.1048,-2.7059e-16,1.3859e-16
100.9,54.956,35.902,1.3208,0.43813,-0.19372,-0.0065169,1.1048,-2.7059e-16,1.3859e-16
101,54.985,35.939,1.3202,0.43532,-0.19117,-0.0065641,1.1048,-2.7059e-16,1.3859e-16
101.1,55.014,35.976,1.3195,0.43258,-0.18863,-0.0066036,1.1048,-2.7059e-16,1.3859e-16
101.2,55.043,36.014,1.3189,0.42989,-0.1861,-0.0066349,1.1048,-2.7059e-16,1.3859e-16
101.3,55.072,36.05,1.3182,0.42726,-0.18357,-0.0066578,1.1048,-2.7059e-16,1.3859e-16
101.4,55.1,36.087,1.3175,0.42469,-0.18105,-0.0066719,1.1048,-2.7059e-16,1.3859e-16
101.5,55.128,36.124,1.3169,0.42217,-0.17853,-0.0066772,1.1048,-2.7059e-16,1.3859e-16
101.6,55.156,36.16,1.3162,0.4197,-0.17604,-0.0066734,1.1048,-2.7059e-16,1.3859e-16
101.7,55.183,36.196,1.3155,0.41729,-0.17355,-0.0066605,1.1048,-2.7059e-16,1.3859e-16
101.8,55.21,36.232,1.3149,0.41492,-0.17108,-0.0066386,1.1048,-2.7059e-16,1.3859e-16
101.9,55.237,36.268,1.3142,0.41261,-0.16863,-0.0066076,1.1048,-2.7059e-16,1.3859e-16
102,55.264,36.303,1.3135,0.41034,-0.16619,-0.0065677,1.1048,-2.7059e-16,1.3859e-16
102.1,55.29,36.338,1.3129,0.40811,-0.16377,-0.0065191,1.1048,-2.7059e-16,1.3859e-16
102.2,55.316,36.374,1.3122,0.40593,-0.16138,-0.0064618,1.1048,-2.7059e-16,1.3859e-16
102.3,55.342,36.409,1.3116,0.4038,-0.159,-0.006396,1.1048,-2.7059e-16,1.3859e-16
102.4,55.368,36.444,1.311,0.4017,-0.15665,-0.0063221,1.1048,-2.7059e-16,1.3859e-16
102.5,55.393,36.478,1.3103,0.39965,-0.15432,-0.0062402,1.1048,-2.7059e-16,1.3859e-16
102.6,55.418,36.513,1.3097,0.39763,-0.15201,-0.0061505,1.1048,-2.7059e-16,1.3859e-16
102.7,55.443,36.547,1.3091,0.39566,-0.14973,-0.0060534,1.1048,-2.7059e-16,1.3859e-16
102.8,55.468,36.582,1.3085,0.39372,-0.14748,-0.0059492,1.1048,-2.7059e-16,1.3859e-16
102.9,55.492,36.616,1.3079,0.39182,-0.14525,-0.0058381,1.1048,-2.7059e-16,1.3859e-16
103,55.516,36.65,1.3073,0.38995,-0.14305,-0.0057204,1.1048,-2.7059e-16,1.3859e-16
103.1,55.54,36.684,1.3068,0.38812,-0.14088,-0.0055964,0.89269,-0.081334,0.039895
103.2,55.564,36.717,1.3063,0.38585,-0.13912,-0.0043484,0.89269,-0.081334,0.039895
103.3,55.587,36.751,1.3059,0.3836,-0.13749,-0.0031129,0.89269,-0.081334,0.039895
103.4,55.61,36.784,1.3057,0.38138,-0.13598,-0.0018892,0.89269,-0.081334,0.039895
103.5,55.633,36.817,1.3055,0.3792,-0.13459,-0.00067639,0.89269,-0.081334,0.039895
103.6,55.656,36.85,1.3055,0.37704,-0.13331,0.0005287,0.89269,-0.081334,0.039895
103.7,55.679,36.883,1.3056,0.37491,-0.13207,0.0017452,0.89269,-0.081334,0.039895
103.8,55.701,36.916,1.3059,0.3728,-0.13088,0.0029748,0.89269,-0.081334,0.039895
103.9,55.723,36.948,1.3062,0.37073,-0.12972,0.0042148,0.89269,-0.081334,0.039895
104,55.746,36.98,1.3067,0.36868,-0.12859,0.0054623,0.89269,-0.081334,0.039895
104.1,55.768,37.013,1.3073,0.36666,-0.1275,0.0067144,0.89269,-0.081334,0.039895
104.2,55.789,37.045,1.3081,0.36466,-0.12645,0.0079683,0.89269,-0.081334,0.039895
104.3,55.811,37.076,1.3089,0.36269,-0.12544,0.0092208,0.89269,-0.081334,0.039895
104.4,55.832,37.108,1.3099,0.36074,-0.12447,0.010469,0.89269,-0.081334,0.039895
104.5,55.854,37.14,1.311,0.35882,-0.12353,0.01171,0.89269,-0.081334,0.039895
104.6,55.875,37.171,1.3122,0.35692,-0.12263,0.012941,0.89269,-0.081334,0.039895
104.7,55.896,37.202,1.3136,0.35504,-0.12176,0.014159,0.89269,-0.081334,0.039895
104.8,55.916,37.234,1.3151,0.35319,-0.12093,0.015362,0.89269,-0.081334,0.039895
104.9,55.937,37.265,1.3167,0.35136,-0.12014,0.016546,0.89269,-0.081334,0.039895
105,55.957,37.296,1.3184,0.34956,-0.11937,0.017709,0.89269,-0.081334,0.039895
105.1,55.977,37.326,1.3202,0.34778,-0.11864,0.018849,0.89269,-0.081334,0.039895
105.2,55.997,37.357,1.3221,0.34602,-0.11795,0.019964,0.89269,-0.081334,0.039895
105.3,56.017,37.388,1.3242,0.34428,-0.11728,0.021051,0.89269,-0.081334,0.039895
105.4,56.037,37.418,1.3264,0.34257,-0.11665,0.022109,0.89269,-0.081334,0.039895
105.5,56.057,37.449,1.3286,0.34088,-0.11604,0.023137,0.89269,-0.081334,0.039895
105.6,56.076,37.479,1.331,0.33921,-0.11547,0.024132,0.89269,-0.081334,0.039895
105.7,56.095,37.509,1.3334,0.33756,-0.11491,0.025093,0.89269,-0.081334,0.039895
105.8,56.114,37.539,1.336,0.33594,-0.11439,0.02602,0.89269,-0.081334,0.039895
105.9,56.133,37.569,1.3386,0.33433,-0.11389,0.026912,0.89269,-0.081334,0.039895
106,56.152,37.599,1.3414,0.33275,-0.11341,0.027768,0.89269,-0.081334,0.039895
106.1,56.17,37.629,1.3442,0.33119,-0.11296,0.028587,0.89269,-0.081334,0.039895
106.2,56.189,37.658,1.3471,0.32965,-0.11253,0.029369,0.89269,-0.081334,0.039895
106.3,56.207,37.688,1.3501,0.32813,-0.11211,0.030115,0.89269,-0.081334,0.039895
106.4,56.225,37.717,1.3531,0.32663,-0.11172,0.030823,0.89269,-0.081334,0.039895
106.5,56.243,37.747,1.3562,0.32516,-0.11134,0.031495,0.89269,-0.081334,0.039895
106.6,56.26,37.776,1.3594,0.3237,-0.11098,0.032131,0.89269,-0.081334,0.039895
106.7,56.278,37.806,1.3627,0.32227,-0.11064,0.03273,0.89269,-0.081334,0.039895
106.8,56.295,37.835,1.366,0.32085,-0.1103,0.033295,0.89269,-0.081334,0.039895
106.9,56.313,37.864,1.3693,0.31946,-0.10999,0.033824,0.89269,-0.081334,0.039895
107,56.33,37.893,1.3727,0.31809,-0.10968,0.03432,0.89269,-0.081334,0.039895
107.1,56.347,37.922,1.3762,0.31673,-0.10938,0.034782,0.89269,-0.081334,0.039895
107.2,56.363,37.951,1.3797,0.3154,-0.1091,0.035213,0.89269,-0.081334,0.039895
107.3,56.38,37.98,1.3832,0.31409,-0.10882,0.035612,0.89269,-0.081334,0.039895
107.4,56.396,38.009,1.3868,0.3128,-0.10855,0.035981,0.89269,-0.081334,0.039895
107.5,56.413,38.037,1.3904,0.31152,-0.10829,0.036321,0.89269,-0.081334,0.039895
107.6,56.429,38.066,1.3941,0.31027,-0.10803,0.036633,0.89269,-0.081334,0.039895
107.7,56.445,38.095,1.3977,0.30904,-0.10778,0.036918,0.89269,-0.081334,0.039895
107.8,56.461,38.123,1.4014,0.30782,-0.10753,0.037177,0.89269,-0.081334,0.039895
107.9,56.477,38.152,1.4052,0.30662,-0.10729,0.037411,0.89269,-0.081334,0.039895
108,56.492,38.18,1.4089,0.30545,-0.10705,0.037621,0.89269,-0.081334,0.039895
108.1,56.508,38.208,1.4127,0.30429,-0.10682,0.037809,0.89269,-0.081334,0.039895
108.2,56.523,38.237,1.4165,0.30315,-0.10658,0.037976,0.89269,-0.081334,0.039895
108.3,56.538,38.265,1.4203,0.30203,-0.10635,0.038122,0.89269,-0.081334,0.039895
108.4,56.553,38.293,1.4241,0.30092,-0.10612,0.038249,0.89269,-0.081334,0.039895
108.5,56.568,38.322,1.4279,0.29984,-0.10589,0.038357,0.89269,-0.081334,0.039895
108.6,56.582,38.35,1.4318,0.29877,-0.10567,0.038449,0.89269,-0.081334,0.039895
108.7,56.597,38.378,1.4356,0.29772,-0.10544,0.038524,0.89269,-0.081334,0.039895
108.8,56.611,38.406,1.4395,0.29669,-0.10521,0.038583,0.89269,-0.081334,0.039895
108.9,56.626,38.434,1.4434,0.29567,-0.10498,0.038629,0.89269,-0.081334,0.039895
109,56.64,38.462,1.4472,0.29467,-0.10475,0.038661,0.89269,-0.081334,0.039895
109.1,56.654,38.49,1.4511,0.29369,-0.10452,0.03868,0.89269,-0.081334,0.039895
109.2,56.667,38.518,1.455,0.29272,-0.10429,0.038688,0.89269,-0.081334,0.039895
109.3,56.681,38.545,1.4588,0.29177,-0.10406,0.038685,0.89269,-0.081334,0.039895
109.4,56.695,38.573,1.4627,0.29084,-0.10383,0.038671,0.89269,-0.081334,0.039895
109.5,56.708,38.601,1.4666,0.28992,-0.10359,0.038648,0.89269,-0.081334,0.039895
109.6,56.721,38.629,1.4704,0.28902,-0.10335,0.038617,0.89269,-0.081334,0.039895
109.7,56.734,38.657,1.4743,0.28814,-0.10311,0.038577,0.89269,-0.081334,0.039895
109.8,56.747,38.684,1.4781,0.28726,-0.10287,0.03853,0.89269,-0.081334,0.039895
109.9,56.76,38.712,1.482,0.28641,-0.10263,0.038477,0.89269,-0.081334,0.039895
110,56.773,38.739,1.4858,0.28557,-0.10239,0.038417,0.89269,-0.081334,0.039895
110.1,56.785,38.767,1.4897,0.28474,-0.10214,0.038351,0.89269,-0.081334,0.039895
110.2,56.798,38.795,1.4935,0.28393,-0.10189,0.03828,0.89269,-0.081334,0.039895
110.3,56.81,38.822,1.4973,0.28313,-0.10164,0.038205,0.89269,-0.081334,0.039895
110.4,56.822,38.85,1.5011,0.28235,-0.10139,0.038126,0.89269,-0.081334,0.039895
110.5,56.834,38.877,1.5049,0.28158,-0.10113,0.038043,0.89269,-0.081334,0.039895
110.6,56.846,38.904,1.5087,0.28082,-0.10087,0.037956,0.89269,-0.081334,0.039895
110.7,56.858,38.932,1.5125,0.28008,-0.10062,0.037867,0.89269,-0.081334,0.039895
110.8,56.87,38.959,1.5163,0.27935,-0.10035,0.037775,0.89269,-0.081334,0.039895
110.9,56.881,38.986,1.5201,0.27863,-0.10009,0.037681,0.89269,-0.081334,0.039895
111,56.892,39.014,1.5239,0.27793,-0.099827,0.037585,0.89269,-0.081334,0.039895
111.1,56.904,39.041,1.5276,0.27724,-0.099561,0.037488,0.89269,-0.081334,0.039895
111.2,56.915,39.068,1.5314,0.27656,-0.099294,0.037389,0.89269,-0.081334,0.039895
111.3,56.926,39.096,1.5351,0.27589,-0.099024,0.03729,0.89269,-0.081334,0.039895
111.4,56.936,39.123,1.5388,0.27523,-0.098754,0.037189,0.89269,-0.081334,0.039895
111.5,56.947,39.15,1.5425,0.27459,-0.098482,0.037088,0.89269,-0.081334,0.039895
111.6,56.958,39.177,1.5462,0.27396,-0.098208,0.036987,0.89269,-0.081334,0.039895
111.7,56.968,39.204,1.5499,0.27334,-0.097933,0.036886,0.89269,-0.081334,0.039895
111.8,56.978,39.231,1.5536,0.27273,-0.097658,0.036785,0.89269,-0.081334,0.039895
111.9,56.989,39.258,1.5573,0.27213,-0.097381,0.036685,0.89269,-0.081334,0.039895
112,56.999,39.285,1.5609,0.27154,-0.097103,0.036584,0.89269,-0.081334,0.039895
112.1,57.008,39.313,1.5646,0.27096,-0.096824,0.036485,0.89269,-0.081334,0.039895
112.2,57.018,39.34,1.5682,0.2704,-0.096544,0.036386,0.89269,-0.081334,0.039895
112.3,57.028,39.367,1.5719,0.26984,-0.096264,0.036288,0.89269,-0.081334,0.039895
112.4,57.037,39.394,1.5755,0.26929,-0.095983,0.036191,6.3778,-1.5621e-15,7.619e-16
112.5,57.047,39.421,1.5791,0.28103,-0.095383,0.035076,6.3778,-1.5621e-15,7.619e-16
112.6,57.056,39.45,1.5825,0.29259,-0.09482,0.034169,6.3778,-1.5621e-15,7.619e-16
112.7,57.065,39.48,1.5859,0.30397,-0.094295,0.03345,6.3778,-1.5621e-15,7.619e-16
112.8,57.074,39.511,1.5892,0.31517,-0.093811,0.032907,6.3778,-1.5621e-15,7.619e-16
112.9,57.083,39.543,1.5925,0.32618,-0.093368,0.032527,6.3778,-1.5621e-15,7.619e-16
113,57.091,39.577,1.5957,0.337,-0.092969,0.032298,6.3778,-1.5621e-15,7.619e-16
113.1,57.1,39.611,1.599,0.34763,-0.092617,0.032212,6.3778,-1.5621e-15,7.619e-16
113.2,57.108,39.647,1.6022,0.35807,-0.092315,0.032262,6.3778,-1.5621e-15,7.619e-16
113.3,57.116,39.683,1.6054,0.3683,-0.092064,0.03244,6.3778,-1.5621e-15,7.619e-16
113.4,57.124,39.721,1.6087,0.37834,-0.091867,0.032741,6.3778,-1.5621e-15,7.619e-16
113.5,57.131,39.76,1.612,0.38818,-0.091729,0.03316,6.3778,-1.5621e-15,7.619e-16
113.6,57.139,39.799,1.6153,0.39782,-0.091653,0.033693,6.3778,-1.5621e-15,7.619e-16
113.7,57.146,39.84,1.6187,0.40725,-0.091641,0.034335,6.3778,-1.5621e-15,7.619e-16
113.8,57.153,39.881,1.6222,0.41649,-0.091698,0.035083,6.3778,-1.5621e-15,7.619e-16
113.9,57.16,39.924,1.6257,0.42552,-0.091827,0.035934,6.3778,-1.5621e-15,7.619e-16
114,57.167,39.967,1.6294,0.43435,-0.092032,0.036887,6.3778,-1.5621e-15,7.619e-16
114.1,57.173,40.012,1.6331,0.44298,-0.092318,0.037937,6.3778,-1.5621e-15,7.619e-16
114.2,57.18,40.057,1.637,0.4514,-0.092688,0.039083,6.3778,-1.5621e-15,7.619e-16
114.3,57.186,40.103,1.6409,0.45963,-0.093146,0.040322,6.3778,-1.5621e-15,7.619e-16
114.4,57.192,40.15,1.645,0.46766,-0.093697,0.041653,6.3778,-1.5621e-15,7.619e-16
114.5,57.198,40.198,1.6493,0.47549,-0.094345,0.043072,6.3778,-1.5621e-15,7.619e-16
114.6,57.203,40.246,1.6536,0.48312,-0.095094,0.044577,6.3778,-1.5621e-15,7.619e-16
114.7,57.209,40.296,1.6582,0.49056,-0.095948,0.046166,6.3778,-1.5621e-15,7.619e-16
114.8,57.214,40.346,1.6629,0.4978,-0.096911,0.047836,6.3778,-1.5621e-15,7.619e-16
114.9,57.219,40.396,1.6677,0.50485,-0.097987,0.049584,6.3778,-1.5621e-15,7.619e-16
115,57.224,40.448,1.6728,0.51171,-0.09918,0.051407,6.3778,-1.5621e-15,7.619e-16
115.1,57.228,40.5,1.678,0.51838,-0.10049,0.053301,6.3778,-1.5621e-15,7.619e-16
115.2,57.232,40.553,1.6835,0.52487,-0.10193,0.055263,6.3778,-1.5621e-15,7.619e-16
115.3,57.237,40.607,1.6891,0.53116,-0.1035,0.057287,6.3778,-1.5621e-15,7.619e-16
115.4,57.24,40.661,1.6949,0.53728,-0.10519,0.059371,6.3778,-1.5621e-15,7.619e-16
115.5,57.244,40.716,1.701,0.54321,-0.10702,0.061508,6.3778,-1.5621e-15,7.619e-16
115.6,57.248,40.772,1.7072,0.54896,-0.10898,0.063694,6.3778,-1.5621e-15,7.619e-16
115.7,57.251,40.828,1.7137,0.55453,-0.11108,0.065923,6.3778,-1.5621e-15,7.619e-16
115.8,57.254,40.885,1.7204,0.55993,-0.11332,0.068189,6.3778,-1.5621e-15,7.619e-16
115.9,57.257,40.942,1.7273,0.56515,-0.1157,0.070486,6.3778,-1.5621e-15,7.619e-16
116,57.259,41,1.7345,0.5702,-0.11822,0.072808,6.3778,-1.5621e-15,7.619e-16
116.1,57.261,41.058,1.7419,0.57507,-0.12088,0.075147,6.3778,-1.5621e-15,7.619e-16
116.2,57.263,41.117,1.7495,0.57978,-0.12368,0.077498,6.3778,-1.5621e-15,7.619e-16
116.3,57.265,41.177,1.7574,0.58432,-0.12661,0.079853,6.3778,-1.5621e-15,7.619e-16
116.4,57.266,41.237,1.7655,0.58869,-0.12968,0.082205,6.3778,-1.5621e-15,7.619e-16
116.5,57.268,41.297,1.7738,0.5929,-0.13289,0.084546,6.3778,-1.5621e-15,7.619e-16
116.6,57.269,41.358,1.7824,0.59695,-0.13623,0.086871,6.3778,-1.5621e-15,7.619e-16
116.7,57.269,41.42,1.7912,0.60083,-0.1397,0.089171,6.3778,-1.5621e-15,7.619e-16
116.8,57.27,41.482,1.8002,0.60456,-0.1433,0.09144,6.3778,-1.5621e-15,7.619e-16
116.9,57.27,41.544,1.8095,0.60813,-0.14701,0.093671,6.3778,-1.5621e-15,7.619e-16
117,57.269,41.607,1.819,0.61155,-0.15084,0.095858,6.3778,-1.5621e-15,7.619e-16
117.1,57.269,41.67,1.8287,0.61481,-0.15479,0.097995,6.3778,-1.5621e-15,7.619e-16
117.2,57.268,41.734,1.8386,0.61793,-0.15884,0.10008,6.3778,-1.5621e-15,7.619e-16
117.3,57.267,41.798,1.8487,0.6209,-0.16299,0.10209,6.3778,-1.5621e-15,7.619e-16
117.4,57.265,41.862,1.859,0.62372,-0.16723,0.10405,6.3778,-1.5621e-15,7.619e-16
117.5,57.263,41.927,1.8695,0.6264,-0.17156,0.10593,6.3778,-1.5621e-15,7.619e-16
117.6,57.261,41.992,1.8802,0.62894,-0.17597,0.10773,6.3778,-1.5621e-15,7.619e-16
117.7,57.259,42.057,1.891,0.63134,-0.18045,0.10946,6.3778,-1.5621e-15,7.619e-16
117.8,57.256,42.123,1.9021,0.63361,-0.185,0.1111,6.3778,-1.5621e-15,7.619e-16
117.9,57.252,42.189,1.9133,0.63574,-0.18961,0.11266,6.3778,-1.5621e-15,7.619e-16
118,57.249,42.255,1.9246,0.63775,-0.19428,0.11414,6.3778,-1.5621e-15,7.619e-16
118.1,57.245,42.322,1.9361,0.63963,-0.19898,0.11552,6.3778,-1.5621e-15,7.619e-16
118.2,57.24,42.389,1.9477,0.64139,-0.20373,0.11681,6.3778,-1.5621e-15,7.619e-16
118.3,57.235,42.456,1.9594,0.64303,-0.20851,0.11801,6.3778,-1.5621e-15,7.619e-16
118.4,57.23,42.524,1.9713,0.64456,-0.21331,0.11912,6.3778,-1.5621e-15,7.619e-16
118.5,57.224,42.592,1.9833,0.64598,-0.21813,0.12013,6.3778,-1.5621e-15,7.619e-16
118.6,57.218,42.66,1.9953,0.64728,-0.22296,0.12105,6.3778,-1.5621e-15,7.619e-16
118.7,57.212,42.728,2.0075,0.64849,-0.22779,0.12188,6.3778,-1.5621e-15,7.619e-16
118.8,57.205,42.797,2.0197,0.64959,-0.23263,0.12262,6.3778,-1.5621e-15,7.619e-16
118.9,57.197,42.865,2.032,0.6506,-0.23745,0.12326,6.3778,-1.5621e-15,7.619e-16
119,57.189,42.934,2.0443,0.65151,-0.24227,0.12382,6.3778,-1.5621e-15,7.619e-16
119.1,57.181,43.003,2.0567,0.65234,-0.24707,0.12429,6.3778,-1.5621e-15,7.619e-16
119.2,57.172,43.073,2.0692,0.65308,-0.25184,0.12467,6.3778,-1.5621e-15,7.619e-16
119.3,57.163,43.142,2.0817,0.65375,-0.25659,0.12497,6.3778,-1.5621e-15,7.619e-16
119.4,57.153,43.212,2.0942,0.65433,-0.2613,0.12518,6.3778,-1.5621e-15,7.619e-16
119.5,57.142,43.282,2.1067,0.65485,-0.26598,0.12532,6.3778,-1.5621e-15,7.619e-16
119.6,57.132,43.352,2.1192,0.65529,-0.27062,0.12537,6.3778,-1.5621e-15,7.619e-16
119.7,57.12,43.422,2.1318,0.65568,-0.27521,0.12535,6.3778,-1.5621e-15,7.619e-16
119.8,57.109,43.492,2.1443,0.656,-0.27976,0.12525,6.3778,-1.5621e-15,7.619e-16
119.9,57.096,43.562,2.1568,0.65626,-0.28426,0.12509,6.3778,-1.5621e-15,7.619e-16
120,57.083,43.633,2.1693,0.65648,-0.28871,0.12485,6.3778,-1.5621e-15,7.619e-16
120.1,57.07,43.703,2.1818,0.65664,-0.29311,0.12454,6.3778,-1.5621e-15,7.619e-16
120.2,57.056,43.774,2.1942,0.65676,-0.29745,0.12417,6.3778,-1.5621e-15,7.619e-16
120.3,57.041,43.845,2.2066,0.65684,-0.30173,0.12374,6.3778,-1.5621e-15,7.619e-16
120.4,57.026,43.915,2.219,0.65689,-0.30595,0.12325,6.3778,-1.5621e-15,7.619e-16
120.5,57.011,43.986,2.2313,0.65689,-0.31012,0.1227,6.3778,-1.5621e-15,7.619e-16
120.6,56.995,44.057,2.2435,0.65687,-0.31422,0.12209,6.3778,-1.5621e-15,7.619e-16
120.7,56.978,44.128,2.2557,0.65682,-0.31826,0.12144,6.3778,-1.5621e-15,7.619e-16
120.8,56.961,44.199,2.2678,0.65675,-0.32224,0.12073,6.3778,-1.5621e-15,7.619e-16
120.9,56.943,44.27,2.2798,0.65666,-0.32615,0.11997,6.3778,-1.5621e-15,7.619e-16
121,56.925,44.341,2.2918,0.65654,-0.33,0.11917,6.3778,-1.5621e-15,7.619e-16
121.1,56.906,44.413,2.3037,0.65642,-0.33379,0.11832,6.3778,-1.5621e-15,7.619e-16
121.2,56.887,44.484,2.3155,0.65628,-0.33752,0.11743,6.3778,-1.5621e-15,7.619e-16
121.3,56.867,44.555,2.3272,0.65613,-0.34118,0.11649,6.3778,-1.5621e-15,7.619e-16
121.4,56.846,44.626,2.3388,0.65598,-0.34478,0.11552,6.3778,-1.5621e-15,7.619e-16
121.5,56.825,44.697,2.3503,0.65582,-0.34832,0.11452,6.3778,-1.5621e-15,7.619e-16
121.6,56.804,44.768,2.3617,0.65566,-0.3518,0.11347,6.3778,-1.5621e-15,7.619e-16
121.7,56.782,44.839,2.373,0.6555,-0.35521,0.1124,6.3778,-1.5621e-15,7.619e-16
121.8,56.759,44.91,2.3841,0.65535,-0.35857,0.11129,6.3778,-1.5621e-15,7.619e-16
121.9,56.736,44.981,2.3952,0.65519,-0.36187,0.11015,6.3778,-1.5621e-15,7.619e-16
122,56.712,45.052,2.4062,0.65505,-0.36511,0.10898,6.3778,-1.5621e-15,7.619e-16
122.1,56.688,45.123,2.417,0.65491,-0.36829,0.10779,6.3778,-1.5621e-15,7.619e-16
122.2,56.663,45.194,2.4277,0.65479,-0.37142,0.10656,6.3778,-1.5621e-15,7.619e-16
122.3,56.637,45.265,2.4383,0.65467,-0.37449,0.10532,6.3778,-1.5621e-15,7.619e-16
122.4,56.611,45.336,2.4488,0.65458,-0.37751,0.10404,6.3778,-1.5621e-15,7.619e-16
122.5,56.585,45.407,2.4591,0.65449,-0.38048,0.10275,6.3778,-1.5621e-15,7.619e-16
122.6,56.558,45.478,2.4693,0.65442,-0.3834,0.10143,6.3778,-1.5621e-15,7.619e-16
122.7,56.53,45.549,2.4794,0.65438,-0.38627,0.10009,6.3778,-1.5621e-15,7.619e-16
122.8,56.502,45.619,2.4893,0.65435,-0.38909,0.098725,8.7225,0.31111,-0.1526
122.9,56.473,45.69,2.4989,0.65961,-0.39053,0.093313,8.7225,0.31111,-0.1526
123,56.443,45.761,2.508,0.66489,-0.39186,0.088397,8.7225,0.31111,-0.1526
123.1,56.412,45.832,2.5166,0.67015,-0.39309,0.083916,8.7225,0.31111,-0.1526
123.2,56.38,45.903,2.5248,0.67538,-0.39424,0.079816,8.7225,0.31111,-0.1526
123.3,56.348,45.974,2.5326,0.68058,-0.39532,0.076055,8.7225,0.31111,-0.1526
123.4,56.314,46.046,2.54,0.68574,-0.39633,0.072597,8.7225,0.31111,-0.1526
123.5,56.279,46.117,2.5471,0.69085,-0.39729,0.069411,8.7225,0.31111,-0.1526
123.6,56.244,46.189,2.5539,0.6959,-0.39821,0.066472,8.7225,0.31111,-0.1526
123.7,56.208,46.261,2.5604,0.70089,-0.39909,0.063757,8.7225,0.31111,-0.1526
123.8,56.171,46.333,2.5667,0.70582,-0.39993,0.061247,8.7225,0.31111,-0.1526
123.9,56.133,46.405,2.5727,0.71066,-0.40074,0.058926,8.7225,0.31111,-0.1526
124,56.094,46.477,2.5785,0.71544,-0.40153,0.05678,8.7225,0.31111,-0.1526
124.1,56.055,46.549,2.5841,0.72013,-0.4023,0.054797,8.7225,0.31111,-0.1526
124.2,56.014,46.621,2.5894,0.72474,-0.40305,0.052966,8.7225,0.31111,-0.1526
124.3,55.974,46.694,2.5947,0.72927,-0.40379,0.051277,8.7225,0.31111,-0.1526
124.4,55.932,46.766,2.5997,0.7337,-0.40452,0.049722,8.7225,0.31111,-0.1526
124.5,55.89,46.839,2.6046,0.73805,-0.40524,0.048294,8.7225,0.31111,-0.1526
124.6,55.847,46.911,2.6094,0.7423,-0.40595,0.046987,8.7225,0.31111,-0.1526
124.7,55.803,46.984,2.614,0.74647,-0.40667,0.045795,8.7225,0.31111,-0.1526
124.8,55.759,47.057,2.6185,0.75054,-0.40738,0.044712,8.7225,0.31111,-0.1526
124.9,55.714,47.129,2.623,0.75451,-0.4081,0.043735,8.7225,0.31111,-0.1526
125,55.668,47.202,2.6273,0.75839,-0.40883,0.04286,8.7225,0.31111,-0.1526
125.1,55.622,47.275,2.6315,0.76217,-0.40956,0.042082,8.7225,0.31111,-0.1526
125.2,55.575,47.348,2.6357,0.76585,-0.41031,0.041399,8.7225,0.31111,-0.1526
125.3,55.527,47.421,2.6398,0.76944,-0.41106,0.040808,8.7225,0.31111,-0.1526
125.4,55.48,47.494,2.6439,0.77293,-0.41184,0.040307,8.7225,0.31111,-0.1526
125.5,55.431,47.567,2.6479,0.77632,-0.41264,0.039892,8.7225,0.31111,-0.1526
125.6,55.382,47.641,2.6519,0.77961,-0.41345,0.039563,8.7225,0.31111,-0.1526
125.7,55.332,47.714,2.6558,0.7828,-0.41429,0.039315,8.7225,0.31111,-0.1526
125.8,55.282,47.787,2.6597,0.7859,-0.41516,0.039149,8.7225,0.31111,-0.1526
125.9,55.231,47.86,2.6636,0.7889,-0.41606,0.039061,8.7225,0.31111,-0.1526
126,55.18,47.933,2.6675,0.7918,-0.41699,0.03905,8.7225,0.31111,-0.1526
126.1,55.129,48.007,2.6714,0.7946,-0.41795,0.039113,8.7225,0.31111,-0.1526
126.2,55.077,48.08,2.6754,0.7973,-0.41896,0.039249,8.7225,0.31111,-0.1526
126.3,55.024,48.153,2.6793,0.79991,-0.42,0.039456,8.7225,0.31111,-0.1526
126.4,54.971,48.226,2.6833,0.80241,-0.42108,0.03973,8.7225,0.31111,-0.1526
126.5,54.917,48.3,2.6872,0.80483,-0.42222,0.04007,8.7225,0.31111,-0.1526
126.6,54.863,48.373,2.6913,0.80714,-0.42339,0.040474,8.7225,0.31111,-0.1526
126.7,54.809,48.446,2.6953,0.80936,-0.42462,0.040937,8.7225,0.31111,-0.1526
126.8,54.754,48.519,2.6995,0.81149,-0.42591,0.041457,8.7225,0.31111,-0.1526
126.9,54.699,48.593,2.7036,0.81352,-0.42724,0.04203,8.7225,0.31111,-0.1526
127,54.643,48.666,2.7079,0.81545,-0.42864,0.042653,8.7225,0.31111,-0.1526
127.1,54.587,48.739,2.7122,0.8173,-0.4301,0.043321,8.7225,0.31111,-0.1526
127.2,54.53,48.812,2.7165,0.81905,-0.43162,0.04403,8.7225,0.31111,-0.1526
127.3,54.473,48.885,2.721,0.82071,-0.4332,0.044775,8.7225,0.31111,-0.1526
127.4,54.415,48.958,2.7255,0.82229,-0.43485,0.045551,8.7225,0.31111,-0.1526
127.5,54.358,49.031,2.7301,0.82377,-0.43656,0.046353,8.7225,0.31111,-0.1526
127.6,54.299,49.104,2.7348,0.82517,-0.43834,0.047174,8.7225,0.31111,-0.1526
127.7,54.241,49.177,2.7395,0.82648,-0.4402,0.048009,8.7225,0.31111,-0.1526
127.8,54.182,49.25,2.7444,0.82772,-0.44212,0.04885,8.7225,0.31111,-0.1526
127.9,54.122,49.323,2.7493,0.82887,-0.44412,0.049691,8.7225,0.31111,-0.1526
128,54.063,49.395,2.7543,0.82994,-0.44618,0.050525,8.7225,0.31111,-0.1526
128.1,54.002,49.468,2.7594,0.83093,-0.44832,0.051345,8.7225,0.31111,-0.1526
128.2,53.942,49.54,2.7646,0.83185,-0.45053,0.052143,8.7225,0.31111,-0.1526
128.3,53.881,49.613,2.7698,0.83271,-0.45281,0.052912,8.7225,0.31111,-0.1526
128.4,53.82,49.685,2.7751,0.83349,-0.45516,0.053644,8.7225,0.31111,-0.1526
128.5,53.758,49.758,2.7805,0.83421,-0.45758,0.054331,8.7225,0.31111,-0.1526
128.6,53.696,49.83,2.786,0.83486,-0.46006,0.054966,8.7225,0.31111,-0.1526
128.7,53.633,49.902,2.7915,0.83546,-0.46261,0.05554,8.7225,0.31111,-0.1526
128.8,53.571,49.974,2.7971,0.83601,-0.46523,0.056047,1.944,-4.7615e-16,2.2721e-16
128.9,53.508,50.046,2.8029,0.8214,-0.46921,0.060461,1.944,-4.7615e-16,2.2721e-16
129,53.447,50.117,2.8092,0.80709,-0.47324,0.064097,1.944,-4.7615e-16,2.2721e-16
129.1,53.386,50.188,2.8157,0.7931,-0.4773,0.066914,1.944,-4.7615e-16,2.2721e-16
129.2,53.327,50.258,2.8225,0.77944,-0.48134,0.06889,1.944,-4.7615e-16,2.2721e-16
129.3,53.269,50.328,2.8295,0.76613,-0.48533,0.070023,1.944,-4.7615e-16,2.2721e-16
129.4,53.211,50.398,2.8365,0.7532,-0.48924,0.070323,1.944,-4.7615e-16,2.2721e-16
129.5,53.154,50.467,2.8435,0.74065,-0.49305,0.069814,1.944,-4.7615e-16,2.2721e-16
129.6,53.098,50.536,2.8505,0.7285,-0.49675,0.068527,1.944,-4.7615e-16,2.2721e-16
129.7,53.043,50.604,2.8572,0.71679,-0.50031,0.066495,1.944,-4.7615e-16,2.2721e-16
129.8,52.989,50.672,2.8637,0.70551,-0.50374,0.063757,1.944,-4.7615e-16,2.2721e-16
129.9,52.935,50.739,2.8699,0.69469,-0.50703,0.060347,1.944,-4.7615e-16,2.2721e-16
130,52.882,50.807,2.8758,0.68433,-0.51018,0.056296,1.944,-4.7615e-16,2.2721e-16
130.1,52.83,50.874,2.8812,0.67446,-0.51321,0.051631,1.944,-4.7615e-16,2.2721e-16
130.2,52.778,50.941,2.8861,0.66509,-0.51611,0.046369,1.944,-4.7615e-16,2.2721e-16
130.3,52.727,51.007,2.8904,0.65623,-0.51891,0.04052,1.944,-4.7615e-16,2.2721e-16
130.4,52.677,51.074,2.8942,0.64789,-0.52162,0.034081,1.944,-4.7615e-16,2.2721e-16
130.5,52.627,51.14,2.8972,0.64009,-0.52426,0.027036,1.944,-4.7615e-16,2.2721e-16
130.6,52.578,51.207,2.8996,0.63284,-0.52686,0.019353,1.944,-4.7615e-16,2.2721e-16
130.7,52.53,51.273,2.9011,0.62615,-0.52944,0.010982,1.944,-4.7615e-16,2.2721e-16
130.8,52.482,51.339,2.9017,0.62006,-0.53203,0.0018454,1.944,-4.7615e-16,2.2721e-16
130.9,52.434,51.406,2.9014,0.61458,-0.53386,-0.0078412,1.944,-4.7615e-16,2.2721e-16
131,52.388,51.472,2.9002,0.60971,-0.53331,-0.017317,1.944,-4.7615e-16,2.2721e-16
131.1,52.341,51.538,2.898,0.6054,-0.53039,-0.026278,1.944,-4.7615e-16,2.2721e-16
131.2,52.296,51.604,2.8949,0.60161,-0.52522,-0.034492,1.944,-4.7615e-16,2.2721e-16
131.3,52.25,51.67,2.8911,0.59827,-0.51803,-0.041797,1.944,-4.7615e-16,2.2721e-16
131.4,52.205,51.734,2.8866,0.5953,-0.50905,-0.0481,1.944,-4.7615e-16,2.2721e-16
131.5,52.161,51.798,2.8815,0.59264,-0.49859,-0.05337,1.944,-4.7615e-16,2.2721e-16
131.6,52.117,51.861,2.876,0.59021,-0.48693,-0.057629,1.944,-4.7615e-16,2.2721e-16
131.7,52.073,51.923,2.87,0.58795,-0.47434,-0.060935,1.944,-4.7615e-16,2.2721e-16
131.8,52.029,51.984,2.8638,0.58581,-0.46108,-0.063371,1.944,-4.7615e-16,2.2721e-16
131.9,51.985,52.044,2.8574,0.58373,-0.44739,-0.065033,1.944,-4.7615e-16,2.2721e-16
132,51.942,52.103,2.8508,0.58169,-0.43347,-0.06602,1.944,-4.7615e-16,2.2721e-16
132.1,51.899,52.16,2.8442,0.57965,-0.41947,-0.066432,1.944,-4.7615e-16,2.2721e-16
132.2,51.855,52.217,2.8376,0.57758,-0.40554,-0.066358,1.944,-4.7615e-16,2.2721e-16
132.3,51.813,52.272,2.8309,0.57549,-0.39178,-0.065885,1.944,-4.7615e-16,2.2721e-16
132.4,51.77,52.327,2.8244,0.57334,-0.37828,-0.065084,1.944,-4.7615e-16,2.2721e-16
132.5,51.727,52.38,2.8179,0.57115,-0.3651,-0.064021,1.944,-4.7615e-16,2.2721e-16
132.6,51.685,52.432,2.8116,0.5689,-0.35229,-0.062752,1.944,-4.7615e-16,2.2721e-16
132.7,51.642,52.483,2.8054,0.5666,-0.33989,-0.061322,1.944,-4.7615e-16,2.2721e-16
132.8,51.6,52.534,2.7993,0.56424,-0.32791,-0.059771,1.944,-4.7615e-16,2.2721e-16
132.9,51.558,52.583,2.7934,0.56184,-0.31636,-0.058132,1.944,-4.7615e-16,2.2721e-16
133,51.516,52.632,2.7877,0.5594,-0.30526,-0.056431,1.944,-4.7615e-16,2.2721e-16
133.1,51.474,52.679,2.7821,0.55691,-0.2946,-0.054691,1.944,-4.7615e-16,2.2721e-16
133.2,51.433,52.726,2.7768,0.5544,-0.28437,-0.052929,1.944,-4.7615e-16,2.2721e-16
133.3,51.391,52.772,2.7716,0.55186,-0.27458,-0.051159,1.944,-4.7615e-16,2.2721e-16
133.4,51.35,52.817,2.7665,0.5493,-0.26519,-0.049394,1.944,-4.7615e-16,2.2721e-16
133.5,51.308,52.861,2.7617,0.54672,-0.25622,-0.047642,1.944,-4.7615e-16,2.2721e-16
133.6,51.267,52.905,2.757,0.54413,-0.24763,-0.04591,1.944,-4.7615e-16,2.2721e-16
133.7,51.226,52.948,2.7525,0.54153,-0.23942,-0.044203,1.944,-4.7615e-16,2.2721e-16
133.8,51.185,52.991,2.7482,0.53893,-0.23157,-0.042526,1.944,-4.7615e-16,2.2721e-16
133.9,51.144,53.032,2.744,0.53634,-0.22407,-0.040881,1.944,-4.7615e-16,2.2721e-16
134,51.103,53.073,2.74,0.53375,-0.2169,-0.039271,1.944,-4.7615e-16,2.2721e-16
134.1,51.063,53.114,2.7361,0.53117,-0.21006,-0.037697,1.944,-4.7615e-16,2.2721e-16
134.2,51.022,53.154,2.7324,0.5286,-0.20351,-0.036159,1.944,-4.7615e-16,2.2721e-16
134.3,50.982,53.193,2.7289,0.52606,-0.19726,-0.034658,1.944,-4.7615e-16,2.2721e-16
134.4,50.942,53.232,2.7255,0.52352,-0.19129,-0.033194,1.944,-4.7615e-16,2.2721e-16
134.5,50.902,53.271,2.7223,0.52102,-0.18558,-0.031765,1.944,-4.7615e-16,2.2721e-16
134.6,50.862,53.309,2.7192,0.51853,-0.18013,-0.030372,1.944,-4.7615e-16,2.2721e-16
134.7,50.822,53.346,2.7162,0.51607,-0.17492,-0.029013,1.944,-4.7615e-16,2.2721e-16
134.8,50.782,53.383,2.7134,0.51363,-0.16994,-0.027687,1.944,-4.7615e-16,2.2721e-16
134.9,50.743,53.42,2.7107,0.51123,-0.16519,-0.026394,1.944,-4.7615e-16,2.2721e-16
135,50.703,53.456,2.7081,0.50885,-0.16064,-0.025131,1.944,-4.7615e-16,2.2721e-16
135.1,50.664,53.492,2.7056,0.5065,-0.1563,-0.023898,1.944,-4.7615e-16,2.2721e-16
135.2,50.624,53.527,2.7033,0.50419,-0.15216,-0.022693,1.944,-4.7615e-16,2.2721e-16
135.3,50.585,53.562,2.7011,0.5019,-0.1482,-0.021514,1.944,-4.7615e-16,2.2721e-16
135.4,50.546,53.597,2.699,0.49965,-0.14441,-0.02036,1.944,-4.7615e-16,2.2721e-16
135.5,50.507,53.631,2.697,0.49743,-0.1408,-0.019231,1.944,-4.7615e-16,2.2721e-16
135.6,50.469,53.665,2.6951,0.49525,-0.13735,-0.018123,1.944,-4.7615e-16,2.2721e-16
135.7,50.43,53.698,2.6934,0.4931,-0.13406,-0.017036,1.944,-4.7615e-16,2.2721e-16
135.8,50.391,53.732,2.6917,0.49098,-0.13092,-0.015968,1.944,-4.7615e-16,2.2721e-16
135.9,50.353,53.765,2.6902,0.4889,-0.12792,-0.014918,1.944,-4.7615e-16,2.2721e-16
136,50.315,53.797,2.6888,0.48685,-0.12507,-0.013884,1.944,-4.7615e-16,2.2721e-16
136.1,50.276,53.83,2.6874,0.48483,-0.12234,-0.012864,1.944,-4.7615e-16,2.2721e-16
136.2,50.238,53.862,2.6862,0.48285,-0.11975,-0.011859,1.944,-4.7615e-16,2.2721e-16
136.3,50.2,53.894,2.685,0.4809,-0.11729,-0.010865,1.944,-4.7615e-16,2.2721e-16
136.4,50.162,53.925,2.684,0.47899,-0.11494,-0.0098812,1.944,-4.7615e-16,2.2721e-16
136.5,50.124,53.957,2.6831,0.47711,-0.11271,-0.0089068,1.944,-4.7615e-16,2.2721e-16
136.6,50.087,53.988,2.6822,0.47526,-0.1106,-0.00794,1.944,-4.7615e-16,2.2721e-16
136.7,50.049,54.019,2.6815,0.47344,-0.1086,-0.0069793,1.944,-4.7615e-16,2.2721e-16
136.8,50.011,54.049,2.6808,0.47166,-0.1067,-0.0060234,1.944,-4.7615e-16,2.2721e-16
136.9,49.974,54.08,2.6803,0.4699,-0.10491,-0.0050709,1.944,-4.7615e-16,2.2721e-16
137,49.937,54.11,2.6798,0.46818,-0.10322,-0.0041202,1.944,-4.7615e-16,2.2721e-16
137.1,49.899,54.14,2.6794,0.46649,-0.10163,-0.0031699,1.944,-4.7615e-16,2.2721e-16
137.2,49.862,54.17,2.6792,0.46483,-0.10013,-0.0022186,1.944,-4.7615e-16,2.2721e-16
137.3,49.825,54.199,2.679,0.46319,-0.098736,-0.0012647,1.944,-4.7615e-16,2.2721e-16
137.4,49.788,54.229,2.6789,0.46159,-0.09743,-0.00030687,1.944,-4.7615e-16,2.2721e-16
137.5,49.751,54.258,2.6789,0.46001,-0.096206,0.00066002,1.944,-4.7615e-16,2.2721e-16
137.6,49.714,54.287,2.6791,0.45847,-0.095032,0.0016471,1.944,-4.7615e-16,2.2721e-16
137.7,49.677,54.316,2.6793,0.45695,-0.093906,0.0026544,1.944,-4.7615e-16,2.2721e-16
137.8,49.641,54.345,2.6796,0.45545,-0.092828,0.003681,1.944,-4.7615e-16,2.2721e-16
137.9,49.604,54.373,2.68,0.45399,-0.0918,0.0047257,1.944,-4.7615e-16,2.2721e-16
138,49.568,54.401,2.6805,0.45254,-0.090821,0.0057875,1.944,-4.7615e-16,2.2721e-16
138.1,49.531,54.43,2.6812,0.45113,-0.089893,0.0068651,1.944,-4.7615e-16,2.2721e-16
138.2,49.495,54.458,2.6819,0.44973,-0.089015,0.0079572,1.944,-4.7615e-16,2.2721e-16
138.3,49.459,54.486,2.6828,0.44836,-0.088187,0.0090622,1.944,-4.7615e-16,2.2721e-16
138.4,49.422,54.513,2.6837,0.44702,-0.08741,0.010179,1.944,-4.7615e-16,2.2721e-16
138.5,49.386,54.541,2.6848,0.44569,-0.086684,0.011305,1.944,-4.7615e-16,2.2721e-16
138.6,49.35,54.568,2.686,0.44439,-0.086009,0.012439,1.944,-4.7615e-16,2.2721e-16
138.7,49.314,54.595,2.6873,0.44311,-0.085384,0.01358,1.944,-4.7615e-16,2.2721e-16
138.8,49.278,54.622,2.6887,0.44185,-0.08481,0.014725,1.944,-4.7615e-16,2.2721e-16
138.9,49.242,54.649,2.6902,0.44061,-0.084286,0.015873,1.944,-4.7615e-16,2.2721e-16
139,49.206,54.676,2.6919,0.43939,-0.083811,0.017021,1.944,-4.7615e-16,2.2721e-16
139.1,49.17,54.703,2.6936,0.43819,-0.083386,0.018169,1.944,-4.7615e-16,2.2721e-16
139.2,49.134,54.729,2.6955,0.437,-0.08301,0.019313,1.944,-4.7615e-16,2.2721e-16
139.3,49.098,54.755,2.6975,0.43584,-0.082681,0.020452,1.944,-4.7615e-16,2.2721e-16
139.4,49.062,54.781,2.6996,0.4347,-0.0824,0.021583,1.944,-4.7615e-16,2.2721e-16
139.5,49.027,54.807,2.7018,0.43357,-0.082165,0.022706,0.95368,-0.12322,0.06044
139.6,48.991,54.833,2.7042,0.43025,-0.082515,0.025514,0.95368,-0.12322,0.06044
139.7,48.956,54.859,2.7069,0.42698,-0.082963,0.028277,0.95368,-0.12322,0.06044
139.8,48.921,54.884,2.7099,0.42376,-0.083504,0.030982,0.95368,-0.12322,0.06044
139.9,48.886,54.909,2.7131,0.42059,-0.084134,0.033617,0.95368,-0.12322,0.06044
140,48.851,54.934,2.7166,0.41747,-0.084848,0.036172,0.95368,-0.12322,0.06044
140.1,48.817,54.959,2.7203,0.4144,-0.08564,0.038635,0.95368,-0.12322,0.06044
140.2,48.782,54.984,2.7243,0.41137,-0.086503,0.040999,0.95368,-0.12322,0.06044
140.3,48.748,55.008,2.7285,0.40839,-0.087432,0.043255,0.95368,-0.12322,0.06044
140.4,48.715,55.033,2.733,0.40545,-0.08842,0.045399,0.95368,-0.12322,0.06044
140.5,48.681,55.057,2.7376,0.40255,-0.089461,0.047424,0.95368,-0.12322,0.06044
140.6,48.648,55.081,2.7425,0.3997,-0.090547,0.049329,0.95368,-0.12322,0.06044
140.7,48.614,55.105,2.7475,0.39688,-0.091673,0.051109,0.95368,-0.12322,0.06044
140.8,48.581,55.128,2.7527,0.39411,-0.092832,0.052765,0.95368,-0.12322,0.06044
140.9,48.549,55.152,2.758,0.39138,-0.094017,0.054296,0.95368,-0.12322,0.06044
141,48.516,55.175,2.7635,0.38868,-0.095223,0.055703,0.95368,-0.12322,0.06044
141.1,48.483,55.198,2.7692,0.38603,-0.096444,0.056989,0.95368,-0.12322,0.06044
141.2,48.451,55.221,2.7749,0.38341,-0.097674,0.058156,0.95368,-0.12322,0.06044
141.3,48.419,55.244,2.7808,0.38083,-0.098907,0.059207,0.95368,-0.12322,0.06044
141.4,48.387,55.266,2.7868,0.37829,-0.10014,0.060146,0.95368,-0.12322,0.06044
141.5,48.355,55.289,2.7928,0.37578,-0.10137,0.060978,0.95368,-0.12322,0.06044
141.6,48.323,55.311,2.7989,0.37331,-0.10258,0.061707,0.95368,-0.12322,0.06044
141.7,48.291,55.333,2.8051,0.37088,-0.10379,0.062338,0.95368,-0.12322,0.06044
141.8,48.26,55.355,2.8114,0.36848,-0.10497,0.062876,0.95368,-0.12322,0.06044
141.9,48.228,55.377,2.8177,0.36612,-0.10614,0.063326,0.95368,-0.12322,0.06044
142,48.197,55.399,2.8241,0.3638,-0.10728,0.063693,0.95368,-0.12322,0.06044
142.1,48.166,55.42,2.8305,0.36151,-0.1084,0.063983,0.95368,-0.12322,0.06044
142.2,48.135,55.441,2.8369,0.35925,-0.10949,0.0642,0.95368,-0.12322,0.06044
142.3,48.104,55.463,2.8433,0.35703,-0.11055,0.06435,0.95368,-0.12322,0.06044
142.4,48.073,55.484,2.8497,0.35485,-0.11158,0.064437,0.95368,-0.12322,0.06044
142.5,48.043,55.504,2.8562,0.3527,-0.11258,0.064465,0.95368,-0.12322,0.06044
142.6,48.012,55.525,2.8626,0.35059,-0.11354,0.06444,0.95368,-0.12322,0.06044
142.7,47.981,55.545,2.8691,0.34851,-0.11447,0.064366,0.95368,-0.12322,0.06044
142.8,47.951,55.566,2.8755,0.34646,-0.11536,0.064247,0.95368,-0.12322,0.06044
142.9,47.921,55.586,2.8819,0.34445,-0.11622,0.064085,0.95368,-0.12322,0.06044
143,47.89,55.606,2.8883,0.34247,-0.11704,0.063887,0.95368,-0.12322,0.06044
143.1,47.86,55.626,2.8947,0.34052,-0.11782,0.063653,0.95368,-0.12322,0.06044
143.2,47.83,55.645,2.901,0.33861,-0.11857,0.063389,0.95368,-0.12322,0.06044
143.3,47.8,55.665,2.9074,0.33673,-0.11928,0.063097,0.95368,-0.12322,0.06044
143.4,47.77,55.684,2.9137,0.33489,-0.11996,0.06278,0.95368,-0.12322,0.06044
143.5,47.74,55.703,2.9199,0.33307,-0.1206,0.06244,0.95368,-0.12322,0.06044
143.6,47.71,55.722,2.9262,0.33129,-0.1212,0.06208,0.95368,-0.12322,0.06044
143.7,47.681,55.741,2.9323,0.32954,-0.12177,0.061703,0.95368,-0.12322,0.06044
143.8,47.651,55.76,2.9385,0.32783,-0.12231,0.06131,0.95368,-0.12322,0.06044
143.9,47.621,55.778,2.9446,0.32614,-0.12281,0.060904,0.95368,-0.12322,0.06044
144,47.592,55.797,2.9507,0.32448,-0.12328,0.060486,0.95368,-0.12322,0.06044
144.1,47.562,55.815,2.9567,0.32286,-0.12372,0.060059,0.95368,-0.12322,0.06044
144.2,47.533,55.833,2.9627,0.32126,-0.12412,0.059623,0.95368,-0.12322,0.06044
144.3,47.503,55.851,2.9686,0.3197,-0.1245,0.059181,0.95368,-0.12322,0.06044
144.4,47.474,55.869,2.9745,0.31816,-0.12484,0.058733,0.95368,-0.12322,0.06044
144.5,47.445,55.886,2.9804,0.31666,-0.12515,0.058281,0.95368,-0.12322,0.06044
144.6,47.416,55.903,2.9862,0.31518,-0.12544,0.057827,0.95368,-0.12322,0.06044
144.7,47.387,55.921,2.9919,0.31373,-0.1257,0.057371,0.95368,-0.12322,0.06044
144.8,47.357,55.938,2.9976,0.31231,-0.12593,0.056914,0.95368,-0.12322,0.06044
144.9,47.328,55.954,3.0033,0.31092,-0.12613,0.056457,0.95368,-0.12322,0.06044
145,47.299,55.971,3.0089,0.30955,-0.12631,0.056001,0.95368,-0.12322,0.06044
145.1,47.27,55.988,3.0145,0.30821,-0.12646,0.055547,0.95368,-0.12322,0.06044
145.2,47.241,56.004,3.02,0.3069,-0.1266,0.055095,0.95368,-0.12322,0.06044
145.3,47.212,56.02,3.0255,0.30561,-0.1267,0.054647,0.95368,-0.12322,0.06044
145.4,47.184,56.036,3.031,0.30435,-0.12679,0.054202,0.95368,-0.12322,0.06044
145.5,47.155,56.052,3.0364,0.30311,-0.12685,0.053761,0.95368,-0.12322,0.06044
145.6,47.126,56.068,3.0417,0.3019,-0.12689,0.053325,0.95368,-0.12322,0.06044
145.7,47.097,56.083,3.047,0.30071,-0.12692,0.052894,0.95368,-0.12322,0.06044
145.8,47.068,56.099,3.0523,0.29955,-0.12692,0.052468,0.95368,-0.12322,0.06044
145.9,47.04,56.114,3.0575,0.29841,-0.12691,0.052048,0.95368,-0.12322,0.06044
146,47.011,56.129,3.0627,0.29729,-0.12687,0.051634,0.95368,-0.12322,0.06044
146.1,46.982,56.144,3.0679,0.29619,-0.12683,0.051227,11.468,-2.809e-15,1.3614e-15
146.2,46.953,56.159,3.0729,0.31863,-0.12631,0.049385,11.468,-2.809e-15,1.3614e-15
146.3,46.921,56.174,3.0778,0.34069,-0.1259,0.048045,11.468,-2.809e-15,1.3614e-15
146.4,46.886,56.188,3.0825,0.36236,-0.1256,0.047158,11.468,-2.809e-15,1.3614e-15
146.5,46.85,56.203,3.0872,0.38363,-0.12541,0.046685,11.468,-2.809e-15,1.3614e-15
146.6,46.811,56.218,3.0919,0.40448,-0.12534,0.046595,11.468,-2.809e-15,1.3614e-15
146.7,46.77,56.232,3.0965,0.4249,-0.12541,0.046865,11.468,-2.809e-15,1.3614e-15
146.8,46.727,56.246,3.1012,0.44487,-0.12561,0.047474,11.468,-2.809e-15,1.3614e-15
146.9,46.682,56.261,3.106,0.46438,-0.12596,0.048407,11.468,-2.809e-15,1.3614e-15
147,46.635,56.275,3.1109,0.48344,-0.12647,0.049652,11.468,-2.809e-15,1.3614e-15
147.1,46.587,56.289,3.116,0.50203,-0.12716,0.051198,11.468,-2.809e-15,1.3614e-15
147.2,46.536,56.303,3.1212,0.52014,-0.12804,0.053038,11.468,-2.809e-15,1.3614e-15
147.3,46.483,56.317,3.1266,0.53777,-0.12913,0.055164,11.468,-2.809e-15,1.3614e-15
147.4,46.429,56.33,3.1322,0.55493,-0.13044,0.05757,11.468,-2.809e-15,1.3614e-15
147.5,46.372,56.344,3.1381,0.57161,-0.13199,0.06025,11.468,-2.809e-15,1.3614e-15
147.6,46.314,56.357,3.1443,0.5878,-0.1338,0.063196,11.468,-2.809e-15,1.3614e-15
147.7,46.255,56.37,3.1508,0.60351,-0.13588,0.066402,11.468,-2.809e-15,1.3614e-15
147.8,46.193,56.383,3.1576,0.61874,-0.13826,0.069858,11.468,-2.809e-15,1.3614e-15
147.9,46.131,56.396,3.1647,0.63349,-0.14096,0.073556,11.468,-2.809e-15,1.3614e-15
148,46.066,56.408,3.1723,0.64776,-0.14399,0.077483,11.468,-2.809e-15,1.3614e-15
148.1,46,56.421,3.1803,0.66155,-0.14737,0.081624,11.468,-2.809e-15,1.3614e-15
148.2,45.933,56.433,3.1886,0.67487,-0.15112,0.085965,11.468,-2.809e-15,1.3614e-15
148.3,45.864,56.445,3.1974,0.68771,-0.15525,0.090486,11.468,-2.809e-15,1.3614e-15
148.4,45.794,56.456,3.2067,0.70008,-0.15978,0.095166,11.468,-2.809e-15,1.3614e-15
148.5,45.722,56.467,3.2165,0.71197,-0.16471,0.099982,11.468,-2.809e-15,1.3614e-15
148.6,45.649,56.478,3.2267,0.7234,-0.17007,0.10491,11.468,-2.809e-15,1.3614e-15
148.7,45.575,56.489,3.2375,0.73436,-0.17585,0.10992,11.468,-2.809e-15,1.3614e-15
148.8,45.5,56.499,3.2487,0.74486,-0.18206,0.11498,11.468,-2.809e-15,1.3614e-15
148.9,45.423,56.509,3.2605,0.75489,-0.1887,0.12006,11.468,-2.809e-15,1.3614e-15
149,45.345,56.519,3.2727,0.76447,-0.19577,0.12514,11.468,-2.809e-15,1.3614e-15
149.1,45.266,56.528,3.2855,0.77358,-0.20327,0.13017,11.468,-2.809e-15,1.3614e-15
149.2,45.186,56.537,3.2988,0.78224,-0.21117,0.13514,11.468,-2.809e-15,1.3614e-15
149.3,45.105,56.545,3.3125,0.79045,-0.21949,0.13999,11.468,-2.809e-15,1.3614e-15
149.4,45.023,56.553,3.3268,0.79821,-0.22818,0.14472,11.468,-2.809e-15,1.3614e-15
149.5,44.94,56.561,3.3415,0.80553,-0.23725,0.14929,11.468,-2.809e-15,1.3614e-15
149.6,44.856,56.568,3.3566,0.81241,-0.24667,0.15367,11.468,-2.809e-15,1.3614e-15
149.7,44.771,56.574,3.3722,0.81885,-0.25642,0.15784,11.468,-2.809e-15,1.3614e-15
149.8,44.685,56.58,3.3882,0.82487,-0.26647,0.16177,11.468,-2.809e-15,1.3614e-15
149.9,44.598,56.586,3.4045,0.83047,-0.27679,0.16546,11.468,-2.809e-15,1.3614e-15
150,44.51,56.59,3.4212,0.83566,-0.28736,0.16889,11.468,-2.809e-15,1.3614e-15
150.1,44.421,56.595,3.4383,0.84044,-0.29815,0.17203,11.468,-2.809e-15,1.3614e-15
150.2,44.332,56.598,3.4556,0.84484,-0.30913,0.17489,11.468,-2.809e-15,1.3614e-15
150.3,44.242,56.601,3.4733,0.84885,-0.32028,0.17745,11.468,-2.809e-15,1.3614e-15
150.4,44.15,56.604,3.4911,0.8525,-0.33156,0.17971,11.468,-2.809e-15,1.3614e-15
150.5,44.059,56.605,3.5092,0.8558,-0.34295,0.18167,11.468,-2.809e-15,1.3614e-15
150.6,43.966,56.606,3.5275,0.85875,-0.35442,0.18332,11.468,-2.809e-15,1.3614e-15
150.7,43.873,56.606,3.5459,0.86138,-0.36595,0.18467,11.468,-2.809e-15,1.3614e-15
150.8,43.779,56.606,3.5644,0.8637,-0.37751,0.18571,11.468,-2.809e-15,1.3614e-15
150.9,43.684,56.604,3.583,0.86573,-0.38908,0.18645,11.468,-2.809e-15,1.3614e-15
151,43.589,56.602,3.6017,0.86749,-0.40065,0.1869,11.468,-2.809e-15,1.3614e-15
151.1,43.493,56.599,3.6204,0.86898,-0.41218,0.18706,11.468,-2.809e-15,1.3614e-15
151.2,43.397,56.595,3.6391,0.87024,-0.42368,0.18693,11.468,-2.809e-15,1.3614e-15
151.3,43.3,56.59,3.6577,0.87128,-0.43512,0.18653,11.468,-2.809e-15,1.3614e-15
151.4,43.202,56.585,3.6764,0.87211,-0.44648,0.18585,11.468,-2.809e-15,1.3614e-15
151.5,43.104,56.578,3.6949,0.87276,-0.45777,0.18492,11.468,-2.809e-15,1.3614e-15
151.6,43.006,56.571,3.7133,0.87324,-0.46897,0.18372,11.468,-2.809e-15,1.3614e-15
151.7,42.907,56.563,3.7316,0.87358,-0.48007,0.18227,11.468,-2.809e-15,1.3614e-15
151.8,42.807,56.554,3.7498,0.87379,-0.49108,0.18058,11.468,-2.809e-15,1.3614e-15
151.9,42.707,56.543,3.7677,0.8739,-0.50198,0.17866,11.468,-2.809e-15,1.3614e-15
152,42.607,56.532,3.7855,0.87391,-0.51277,0.1765,11.468,-2.809e-15,1.3614e-15
152.1,42.506,56.521,3.803,0.87385,-0.52346,0.17411,11.468,-2.809e-15,1.3614e-15
152.2,42.405,56.508,3.8203,0.87373,-0.53405,0.1715,11.468,-2.809e-15,1.3614e-15
152.3,42.303,56.494,3.8373,0.87358,-0.54454,0.16867,11.468,-2.809e-15,1.3614e-15
152.4,42.201,56.479,3.854,0.87341,-0.55493,0.16562,11.468,-2.809e-15,1.3614e-15
152.5,42.098,56.464,3.8704,0.87324,-0.56524,0.16236,11.468,-2.809e-15,1.3614e-15
152.6,41.995,56.447,3.8865,0.87308,-0.57546,0.15888,11.468,-2.809e-15,1.3614e-15
152.7,41.892,56.43,3.9022,0.87295,-0.58562,0.15518,11.468,-2.809e-15,1.3614e-15
152.8,41.788,56.412,3.9175,0.87288,-0.59571,0.15126,11.468,-2.809e-15,1.3614e-15
152.9,41.684,56.393,3.9325,0.87287,-0.60575,0.14712,11.468,-2.809e-15,1.3614e-15
153,41.579,56.373,3.9469,0.87295,-0.61576,0.14274,11.468,-2.809e-15,1.3614e-15
153.1,41.474,56.352,3.961,0.87313,-0.62575,0.13812,11.468,-2.809e-15,1.3614e-15
153.2,41.368,56.331,3.9746,0.87343,-0.63573,0.13324,11.468,-2.809e-15,1.3614e-15
153.3,41.262,56.309,3.9876,0.87387,-0.64572,0.12809,11.468,-2.809e-15,1.3614e-15
153.4,41.156,56.286,4.0002,0.87446,-0.65574,0.12265,11.468,-2.809e-15,1.3614e-15
153.5,41.049,56.262,4.0122,0.87524,-0.66581,0.1169,11.468,-2.809e-15,1.3614e-15
153.6,40.941,56.238,4.0235,0.87621,-0.67596,0.1108,11.468,-2.809e-15,1.3614e-15
153.7,40.833,56.213,4.0343,0.87742,-0.6862,0.10432,11.468,-2.809e-15,1.3614e-15
153.8,40.724,56.187,4.0444,0.87887,-0.69657,0.097409,11.468,-2.809e-15,1.3614e-15
153.9,40.615,56.161,4.0538,0.88061,-0.7071,0.090018,11.468,-2.809e-15,1.3614e-15
154,40.504,56.134,4.0624,0.88266,-0.71783,0.082077,11.468,-2.809e-15,1.3614e-15
154.1,40.393,56.107,4.0702,0.88507,-0.72878,0.073498,11.468,-2.809e-15,1.3614e-15
154.2,40.282,56.08,4.077,0.88789,-0.74001,0.064174,11.468,-2.809e-15,1.3614e-15
154.3,40.169,56.052,4.083,0.89116,-0.75157,0.053966,11.468,-2.809e-15,1.3614e-15
154.4,40.055,56.024,4.0878,0.89496,-0.76352,0.042694,11.468,-2.809e-15,1.3614e-15
154.5,39.94,55.996,4.0915,0.89937,-0.77594,0.030122,11.468,-2.809e-15,1.3614e-15
154.6,39.824,55.968,4.0938,0.90449,-0.78891,0.015934,11.468,-2.809e-15,1.3614e-15
154.7,39.707,55.94,4.0946,0.91046,-0.80255,-0.00030814,11.468,-2.809e-15,1.3614e-15
154.8,39.588,55.913,4.0937,0.91741,-0.81346,-0.017699,11.468,-2.809e-15,1.3614e-15
154.9,39.468,55.885,4.0911,0.92536,-0.81822,-0.034374,11.468,-2.809e-15,1.3614e-15
155,39.347,55.858,4.0869,0.93419,-0.81691,-0.049461,11.468,-2.809e-15,1.3614e-15
155.1,39.226,55.829,4.0812,0.9437,-0.81003,-0.062338,11.468,-2.809e-15,1.3614e-15
155.2,39.105,55.801,4.0745,0.95367,-0.79838,-0.072677,11.468,-2.809e-15,1.3614e-15
155.3,38.985,55.771,4.0668,0.96384,-0.78289,-0.080409,11.468,-2.809e-15,1.3614e-15
155.4,38.864,55.741,4.0585,0.97398,-0.76455,-0.085665,11.468,-2.809e-15,1.3614e-15
155.5,38.745,55.71,4.0497,0.98391,-0.74431,-0.088697,11.468,-2.809e-15,1.3614e-15
155.6,38.626,55.677,4.0408,0.99345,-0.72299,-0.089813,11.468,-2.809e-15,1.3614e-15
155.7,38.508,55.644,4.0318,1.0025,-0.70127,-0.089332,11.468,-2.809e-15,1.3614e-15
155.8,38.391,55.61,4.023,1.011,-0.67972,-0.087551,11.468,-2.809e-15,1.3614e-15
155.9,38.274,55.574,4.0144,1.0189,-0.65877,-0.084727,11.468,-2.809e-15,1.3614e-15
156,38.159,55.538,4.0061,1.0261,-0.63876,-0.081079,11.468,-2.809e-15,1.3614e-15
156.1,38.044,55.501,3.9982,1.0328,-0.61992,-0.076779,11.468,-2.809e-15,1.3614e-15
156.2,37.93,55.463,3.9907,1.0388,-0.60245,-0.071965,11.468,-2.809e-15,1.3614e-15
156.3,37.816,55.425,3.9838,1.0442,-0.58648,-0.066737,11.468,-2.809e-15,1.3614e-15
156.4,37.703,55.386,3.9774,1.049,-0.57211,-0.061172,11.468,-2.809e-15,1.3614e-15
156.5,37.591,55.346,3.9716,1.0533,-0.55941,-0.055319,11.468,-2.809e-15,1.3614e-15
156.6,37.478,55.306,3.9663,1.0571,-0.54846,-0.049212,11.468,-2.809e-15,1.3614e-15
156.7,37.367,55.265,3.9617,1.0604,-0.53932,-0.042869,11.468,-2.809e-15,1.3614e-15
156.8,37.255,55.224,3.9578,1.0633,-0.53204,-0.036297,11.468,-2.809e-15,1.3614e-15
156.9,37.143,55.183,3.9545,1.0657,-0.52669,-0.029495,11.468,-2.809e-15,1.3614e-15
157,37.032,55.142,3.9519,1.0677,-0.52336,-0.022455,11.468,-2.809e-15,1.3614e-15
157.1,36.92,55.101,3.95,1.0693,-0.52212,-0.01517,11.468,-2.809e-15,1.3614e-15
157.2,36.809,55.06,3.9488,1.0704,-0.5231,-0.0076321,11.468,-2.809e-15,1.3614e-15
157.3,36.697,55.019,3.9485,1.0712,-0.52641,0.00015966,11.468,-2.809e-15,1.3614e-15
157.4,36.584,54.978,3.9489,1.0716,-0.53116,0.0085574,11.468,-2.809e-15,1.3614e-15
157.5,36.472,54.937,3.9502,1.0716,-0.53648,0.017874,11.468,-2.809e-15,1.3614e-15
157.6,36.359,54.897,3.9525,1.0711,-0.54243,0.028051,10.913,1.5797,-0.77486
157.7,36.246,54.856,3.9547,1.0694,-0.54186,0.0161,10.913,1.5797,-0.77486
157.8,36.133,54.816,3.9557,1.0684,-0.54064,0.0027043,10.913,1.5797,-0.77486
157.9,36.02,54.775,3.9552,1.068,-0.53747,-0.012002,10.913,1.5797,-0.77486
158,35.908,54.734,3.9533,1.0684,-0.52973,-0.026974,10.913,1.5797,-0.77486
158.1,35.797,54.693,3.9498,1.0695,-0.5173,-0.041788,10.913,1.5797,-0.77486
158.2,35.686,54.651,3.9449,1.0711,-0.50029,-0.056123,10.913,1.5797,-0.77486
158.3,35.576,54.608,3.9386,1.0732,-0.47899,-0.069772,10.913,1.5797,-0.77486
158.4,35.467,54.564,3.931,1.0757,-0.45379,-0.082654,10.913,1.5797,-0.77486
158.5,35.36,54.519,3.9221,1.0783,-0.42515,-0.094811,10.913,1.5797,-0.77486
158.6,35.254,54.473,3.912,1.0811,-0.39356,-0.10639,10.913,1.5797,-0.77486
158.7,35.15,54.425,3.9008,1.0839,-0.35947,-0.1176,10.913,1.5797,-0.77486
158.8,35.048,54.376,3.8885,1.0867,-0.32331,-0.12872,10.913,1.5797,-0.77486
158.9,34.947,54.325,3.8751,1.0892,-0.28548,-0.14006,10.913,1.5797,-0.77486
159,34.848,54.273,3.8605,1.0915,-0.2463,-0.15189,10.913,1.5797,-0.77486
159.1,34.75,54.218,3.8447,1.0935,-0.20609,-0.16452,10.913,1.5797,-0.77486
159.2,34.654,54.163,3.8276,1.0951,-0.16512,-0.1782,10.913,1.5797,-0.77486
159.3,34.56,54.105,3.809,1.0963,-0.12366,-0.19311,10.913,1.5797,-0.77486
159.4,34.466,54.046,3.7889,1.0969,-0.082005,-0.20938,10.913,1.5797,-0.77486
159.5,34.375,53.986,3.7671,1.097,-0.040449,-0.22705,10.913,1.5797,-0.77486
159.6,34.284,53.925,3.7434,1.0964,0.00067377,-0.24605,10.913,1.5797,-0.77486
159.7,34.194,53.862,3.7179,1.095,0.042107,-0.26499,10.913,1.5797,-0.77486
159.8,34.105,53.798,3.6905,1.0927,0.084537,-0.2823,10.913,1.5797,-0.77486
159.9,34.016,53.733,3.6615,1.0895,0.12759,-0.29755,10.913,1.5797,-0.77486
160,33.928,53.668,3.6311,1.0851,0.17088,-0.3105,10.913,1.5797,-0.77486
160.1,33.841,53.601,3.5995,1.0797,0.21402,-0.32104,10.913,1.5797,-0.77486
160.2,33.753,53.534,3.5669,1.0731,0.25666,-0.32917,10.913,1.5797,-0.77486
160.3,33.666,53.466,3.5337,1.0655,0.29849,-0.33499,10.913,1.5797,-0.77486
160.4,33.579,53.397,3.5,1.0568,0.33926,-0.33865,10.913,1.5797,-0.77486
160.5,33.492,53.328,3.4661,1.0472,0.37878,-0.3403,10.913,1.5797,-0.77486
160.6,33.405,53.259,3.432,1.0368,0.41691,-0.34016,10.913,1.5797,-0.77486
160.7,33.317,53.189,3.3981,1.0256,0.45356,-0.33839,10.913,1.5797,-0.77486
160.8,33.229,53.119,3.3644,1.0139,0.4887,-0.33518,10.913,1.5797,-0.77486
160.9,33.141,53.049,3.3311,1.0018,0.5223,-0.33069,10.913,1.5797,-0.77486
161,33.052,52.979,3.2983,0.98933,0.55441,-0.32507,10.913,1.5797,-0.77486
161.1,32.963,52.909,3.2661,0.97668,0.58508,-0.31846,10.913,1.5797,-0.77486
161.2,32.873,52.838,3.2346,0.96395,0.61437,-0.31096,10.913,1.5797,-0.77486
161.3,32.782,52.768,3.2039,0.95127,0.64238,-0.30267,10.913,1.5797,-0.77486
161.4,32.691,52.698,3.1741,0.93875,0.66922,-0.29368,10.913,1.5797,-0.77486
161.5,32.599,52.628,3.1452,0.92648,0.695,-0.28405,10.913,1.5797,-0.77486
161.6,32.506,52.559,3.1173,0.91455,0.71984,-0.27383,10.913,1.5797,-0.77486
161.7,32.413,52.489,3.0905,0.90305,0.74388,-0.26306,10.913,1.5797,-0.77486
161.8,32.318,52.419,3.0647,0.89206,0.76726,-0.25173,10.913,1.5797,-0.77486
161.9,32.223,52.35,3.0401,0.88166,0.79011,-0.23987,10.913,1.5797,-0.77486
162,32.127,52.28,3.0168,0.87192,0.8126,-0.22744,10.913,1.5797,-0.77486
162.1,32.03,52.21,2.9947,0.86291,0.83487,-0.2144,10.913,1.5797,-0.77486
162.2,31.932,52.14,2.9739,0.85471,0.85711,-0.20069,10.913,1.5797,-0.77486
162.3,31.833,52.07,2.9546,0.84739,0.87949,-0.18621,10.913,1.5797,-0.77486
162.4,31.732,51.999,2.9367,0.84103,0.90221,-0.17084,10.913,1.5797,-0.77486
162.5,31.631,51.927,2.9204,0.83575,0.9255,-0.15439,10.913,1.5797,-0.77486
162.6,31.529,51.855,2.9059,0.83165,0.94962,-0.13662,10.913,1.5797,-0.77486
162.7,31.425,51.781,2.8932,0.82889,0.97486,-0.1172,10.913,1.5797,-0.77486
162.8,31.32,51.706,2.8825,0.82765,1.0016,-0.095666,10.913,1.5797,-0.77486
162.9,31.214,51.63,2.8741,0.82818,1.0303,-0.071382,10.913,1.5797,-0.77486
163,31.106,51.551,2.8683,0.83082,1.0615,-0.0434,10.913,1.5797,-0.77486
163.1,30.996,51.47,2.8656,0.83605,1.096,-0.010292,10.913,1.5797,-0.77486
163.2,30.885,51.386,2.8665,0.84452,1.1294,0.02783,10.913,1.5797,-0.77486
163.3,30.773,51.299,2.8711,0.8565,1.1471,0.063856,10.913,1.5797,-0.77486
163.4,30.659,51.211,2.879,0.87148,1.1488,0.09386,10.913,1.5797,-0.77486
163.5,30.545,51.123,2.8896,0.88858,1.1373,0.116,10.913,1.5797,-0.77486
163.6,30.43,51.035,2.902,0.90677,1.116,0.13017,10.913,1.5797,-0.77486
163.7,30.316,50.949,2.9154,0.9251,1.0887,0.13734,10.913,1.5797,-0.77486
163.8,30.201,50.865,2.9293,0.94287,1.0585,0.13894,10.913,1.5797,-0.77486
163.9,30.087,50.782,2.9431,0.9596,1.028,0.13638,10.913,1.5797,-0.77486
164,29.973,50.701,2.9564,0.97499,0.9987,0.13088,10.913,1.5797,-0.77486
164.1,29.858,50.621,2.9692,0.98893,0.97194,0.12339,10.913,1.5797,-0.77486
164.2,29.744,50.543,2.9811,1.0014,0.9484,0.11463,10.913,1.5797,-0.77486
164.3,29.63,50.466,2.9921,1.0124,0.92851,0.10514,10.913,1.5797,-0.77486
164.4,29.516,50.39,3.0021,1.022,0.91252,0.095296,10.913,1.5797,-0.77486
164.5,29.403,50.314,3.0111,1.0304,0.90051,0.085399,10.913,1.5797,-0.77486
164.6,29.289,50.238,3.0192,1.0376,0.89249,0.075686,4.0335,-9.8793e-16,4.9877e-16
164.7,29.176,50.162,3.0273,1.0293,0.87721,0.086844,4.0335,-9.8793e-16,4.9877e-16
164.8,29.064,50.087,3.0365,1.022,0.8573,0.09549,4.0335,-9.8793e-16,4.9877e-16
164.9,28.954,50.013,3.0463,1.0153,0.83387,0.10163,4.0335,-9.8793e-16,4.9877e-16
165,28.846,49.94,3.0567,1.009,0.80803,0.10545,4.0335,-9.8793e-16,4.9877e-16
165.1,28.74,49.869,3.0674,1.0029,0.78075,0.10727,4.0335,-9.8793e-16,4.9877e-16
165.2,28.634,49.8,3.0781,0.99684,0.75284,0.10741,4.0335,-9.8793e-16,4.9877e-16
165.3,28.531,49.732,3.0888,0.99068,0.72497,0.10621,4.0335,-9.8793e-16,4.9877e-16
165.4,28.429,49.665,3.0993,0.98437,0.6976,0.10398,4.0335,-9.8793e-16,4.9877e-16
165.5,28.328,49.6,3.1096,0.97787,0.67111,0.10097,4.0335,-9.8793e-16,4.9877e-16
165.6,28.229,49.537,3.1195,0.97117,0.64571,0.097391,4.0335,-9.8793e-16,4.9877e-16
165.7,28.131,49.476,3.129,0.96428,0.62157,0.093418,4.0335,-9.8793e-16,4.9877e-16
165.8,28.035,49.415,3.1382,0.95721,0.59878,0.08918,4.0335,-9.8793e-16,4.9877e-16
165.9,27.939,49.356,3.1469,0.94998,0.57738,0.084781,4.0335,-9.8793e-16,4.9877e-16
166,27.845,49.299,3.1551,0.94262,0.55736,0.080295,4.0335,-9.8793e-16,4.9877e-16
166.1,27.752,49.242,3.1629,0.93515,0.53872,0.07578,4.0335,-9.8793e-16,4.9877e-16
166.2,27.661,49.187,3.1703,0.92761,0.52141,0.071277,4.0335,-9.8793e-16,4.9877e-16
166.3,27.57,49.133,3.1772,0.92001,0.50541,0.066814,4.0335,-9.8793e-16,4.9877e-16
166.4,27.48,49.08,3.1836,0.91239,0.49064,0.062412,4.0335,-9.8793e-16,4.9877e-16
166.5,27.392,49.027,3.1897,0.90476,0.47707,0.058084,4.0335,-9.8793e-16,4.9877e-16
166.6,27.304,48.976,3.1953,0.89714,0.46464,0.053837,4.0335,-9.8793e-16,4.9877e-16
166.7,27.218,48.925,3.2004,0.88955,0.45329,0.049675,4.0335,-9.8793e-16,4.9877e-16
166.8,27.132,48.875,3.2052,0.88201,0.44299,0.045601,4.0335,-9.8793e-16,4.9877e-16
166.9,27.047,48.825,3.2096,0.87452,0.43367,0.041614,4.0335,-9.8793e-16,4.9877e-16
167,26.963,48.776,3.2135,0.86711,0.42531,0.037713,4.0335,-9.8793e-16,4.9877e-16
167.1,26.88,48.728,3.2171,0.85977,0.41785,0.033895,4.0335,-9.8793e-16,4.9877e-16
167.2,26.798,48.68,3.2203,0.85252,0.41127,0.030159,4.0335,-9.8793e-16,4.9877e-16
167.3,26.717,48.632,3.2231,0.84536,0.40551,0.026503,4.0335,-9.8793e-16,4.9877e-16
167.4,26.636,48.585,3.2256,0.8383,0.40057,0.022925,4.0335,-9.8793e-16,4.9877e-16
167.5,26.556,48.538,3.2277,0.83133,0.3964,0.019425,4.0335,-9.8793e-16,4.9877e-16
167.6,26.477,48.492,3.2295,0.82447,0.39298,0.016004,4.0335,-9.8793e-16,4.9877e-16
167.7,26.399,48.446,3.2309,0.81772,0.39029,0.012664,4.0335,-9.8793e-16,4.9877e-16
167.8,26.321,48.4,3.232,0.81107,0.3883,0.0094076,4.0335,-9.8793e-16,4.9877e-16
167.9,26.244,48.354,3.2328,0.80453,0.38699,0.0062405,4.0335,-9.8793e-16,4.9877e-16
168,26.168,48.308,3.2333,0.79809,0.38634,0.0031699,4.0335,-9.8793e-16,4.9877e-16
168.1,26.093,48.262,3.2335,0.79176,0.38634,0.0002051,4.0335,-9.8793e-16,4.9877e-16
168.2,26.018,48.216,3.2333,0.78554,0.38673,-0.0027226,4.0335,-9.8793e-16,4.9877e-16
168.3,25.943,48.171,3.2329,0.77942,0.38721,-0.0057051,4.0335,-9.8793e-16,4.9877e-16
168.4,25.869,48.125,3.2322,0.77339,0.38779,-0.0087281,4.0335,-9.8793e-16,4.9877e-16
168.5,25.796,48.079,3.2312,0.76745,0.38845,-0.011775,4.0335,-9.8793e-16,4.9877e-16
168.6,25.724,48.034,3.2298,0.7616,0.38921,-0.014826,4.0335,-9.8793e-16,4.9877e-16
168.7,25.651,47.988,3.2282,0.75583,0.39005,-0.017862,4.0335,-9.8793e-16,4.9877e-16
168.8,25.58,47.943,3.2263,0.75014,0.39098,-0.020861,4.0335,-9.8793e-16,4.9877e-16
168.9,25.508,47.898,3.224,0.74453,0.392,-0.023801,4.0335,-9.8793e-16,4.9877e-16
169,25.438,47.853,3.2215,0.73899,0.39309,-0.026661,4.0335,-9.8793e-16,4.9877e-16
169.1,25.367,47.808,3.2187,0.73352,0.39426,-0.029417,4.0335,-9.8793e-16,4.9877e-16
169.2,25.298,47.763,3.2156,0.72813,0.39549,-0.03205,4.0335,-9.8793e-16,4.9877e-16
169.3,25.228,47.718,3.2123,0.72282,0.39679,-0.034538,4.0335,-9.8793e-16,4.9877e-16
169.4,25.159,47.673,3.2087,0.71758,0.39815,-0.036863,4.0335,-9.8793e-16,4.9877e-16
169.5,25.09,47.629,3.2049,0.71243,0.39956,-0.039008,4.0335,-9.8793e-16,4.9877e-16
169.6,25.022,47.585,3.2009,0.70736,0.401,-0.040959,4.0335,-9.8793e-16,4.9877e-16
169.7,24.954,47.54,3.1967,0.70237,0.40249,-0.042703,4.0335,-9.8793e-16,4.9877e-16
169.8,24.886,47.497,3.1924,0.69747,0.404,-0.04423,4.0335,-9.8793e-16,4.9877e-16
169.9,24.818,47.453,3.1879,0.69267,0.40553,-0.045533,4.0335,-9.8793e-16,4.9877e-16
170,24.751,47.409,3.1833,0.68796,0.40707,-0.046606,4.0335,-9.8793e-16,4.9877e-16
170.1,24.684,47.366,3.1786,0.68335,0.40861,-0.047445,4.0335,-9.8793e-16,4.9877e-16
170.2,24.618,47.322,3.1738,0.67885,0.41015,-0.048051,4.0335,-9.8793e-16,4.9877e-16
170.3,24.551,47.279,3.169,0.67446,0.41169,-0.048423,4.0335,-9.8793e-16,4.9877e-16
170.4,24.485,47.236,3.1641,0.67019,0.4132,-0.048564,4.0335,-9.8793e-16,4.9877e-16
170.5,24.419,47.194,3.1593,0.66603,0.4147,-0.048478,4.0335,-9.8793e-16,4.9877e-16
170.6,24.353,47.151,3.1544,0.662,0.41617,-0.048168,4.0335,-9.8793e-16,4.9877e-16
170.7,24.288,47.109,3.1497,0.65809,0.41761,-0.047641,4.0335,-9.8793e-16,4.9877e-16
170.8,24.222,47.067,3.1449,0.65431,0.41901,-0.046902,4.0335,-9.8793e-16,4.9877e-16
170.9,24.157,47.024,3.1403,0.65067,0.42038,-0.045958,4.0335,-9.8793e-16,4.9877e-16
171,24.092,46.983,3.1357,0.64716,0.42171,-0.044815,4.0335,-9.8793e-16,4.9877e-16
171.1,24.027,46.941,3.1313,0.6438,0.42299,-0.043479,4.0335,-9.8793e-16,4.9877e-16
171.2,23.963,46.899,3.127,0.64058,0.42423,-0.041956,4.0335,-9.8793e-16,4.9877e-16
171.3,23.898,46.858,3.1229,0.6375,0.42542,-0.040251,4.0335,-9.8793e-16,4.9877e-16
171.4,23.834,46.817,3.119,0.63458,0.42656,-0.038368,4.0335,-9.8793e-16,4.9877e-16
171.5,23.769,46.775,3.1153,0.63181,0.42766,-0.036312,4.0335,-9.8793e-16,4.9877e-16
171.6,23.705,46.734,3.1117,0.62919,0.4287,-0.034084,4.0335,-9.8793e-16,4.9877e-16
171.7,23.641,46.694,3.1085,0.62672,0.4297,-0.031687,4.0335,-9.8793e-16,4.9877e-16
171.8,23.577,46.653,3.1054,0.62442,0.43065,-0.029121,4.0335,-9.8793e-16,4.9877e-16
171.9,23.513,46.612,3.1026,0.62228,0.43155,-0.026384,4.0335,-9.8793e-16,4.9877e-16
172,23.449,46.571,3.1001,0.6203,0.43241,-0.023474,4.0335,-9.8793e-16,4.9877e-16
172.1,23.385,46.531,3.0979,0.61849,0.43322,-0.020384,4.0335,-9.8793e-16,4.9877e-16
172.2,23.322,46.49,3.0961,0.61684,0.43398,-0.017109,4.0335,-9.8793e-16,4.9877e-16
172.3,23.258,46.45,3.0945,0.61537,0.43471,-0.013637,4.0335,-9.8793e-16,4.9877e-16
172.4,23.195,46.409,3.0934,0.61407,0.43538,-0.0099563,4.0335,-9.8793e-16,4.9877e-16
172.5,23.131,46.369,3.0926,0.61296,0.43602,-0.0060502,4.0335,-9.8793e-16,4.9877e-16
172.6,23.068,46.328,3.0922,0.61203,0.43662,-0.0018977,4.0335,-9.8793e-16,4.9877e-16
172.7,23.005,46.287,3.0922,0.61128,0.43703,0.002473,4.0335,-9.8793e-16,4.9877e-16
172.8,22.942,46.247,3.0926,0.61073,0.43658,0.0067945,4.0335,-9.8793e-16,4.9877e-16
172.9,22.878,46.206,3.0935,0.61035,0.43519,0.010964,4.0335,-9.8793e-16,4.9877e-16
173,22.815,46.166,3.0948,0.61014,0.43289,0.014917,4.0335,-9.8793e-16,4.9877e-16
173.1,22.753,46.125,3.0965,0.61008,0.42972,0.0186,4.0335,-9.8793e-16,4.9877e-16
173.2,22.69,46.085,3.0985,0.61014,0.42575,0.02197,4.0335,-9.8793e-16,4.9877e-16
173.3,22.627,46.046,3.1009,0.61032,0.42104,0.024998,4.0335,-9.8793e-16,4.9877e-16
173.4,22.564,46.006,3.1035,0.61059,0.41568,0.027667,4.0335,-9.8793e-16,4.9877e-16
173.5,22.502,45.967,3.1064,0.61093,0.40975,0.029968,4.0335,-9.8793e-16,4.9877e-16
173.6,22.439,45.929,3.1095,0.61132,0.40334,0.031905,4.0335,-9.8793e-16,4.9877e-16
173.7,22.377,45.89,3.1128,0.61175,0.39653,0.033487,4.0335,-9.8793e-16,4.9877e-16
173.8,22.315,45.853,3.1162,0.61219,0.38941,0.03473,4.0335,-9.8793e-16,4.9877e-16
173.9,22.253,45.816,3.1197,0.61263,0.38204,0.035653,4.0335,-9.8793e-16,4.9877e-16
174,22.191,45.779,3.1233,0.61307,0.37451,0.036278,4.0335,-9.8793e-16,4.9877e-16
174.1,22.129,45.743,3.127,0.61349,0.36687,0.036631,4.0335,-9.8793e-16,4.9877e-16
174.2,22.067,45.708,3.1306,0.61387,0.35919,0.036734,4.0335,-9.8793e-16,4.9877e-16
174.3,22.005,45.673,3.1343,0.61423,0.35152,0.036613,4.0335,-9.8793e-16,4.9877e-16
174.4,21.943,45.638,3.1379,0.61454,0.3439,0.036291,4.0335,-9.8793e-16,4.9877e-16
174.5,21.882,45.604,3.1416,0.6148,0.33637,0.035789,4.0335,-9.8793e-16,4.9877e-16
174.6,21.82,45.571,3.1451,0.61502,0.32897,0.035128,4.0335,-9.8793e-16,4.9877e-16
174.7,21.759,45.538,3.1486,0.61518,0.32172,0.034328,4.0335,-9.8793e-16,4.9877e-16
174.8,21.698,45.506,3.152,0.6153,0.31465,0.033403,4.0335,-9.8793e-16,4.9877e-16
174.9,21.637,45.474,3.1553,0.61536,0.30778,0.032371,4.0335,-9.8793e-16,4.9877e-16
175,21.576,45.442,3.1584,0.61538,0.30112,0.031244,4.0335,-9.8793e-16,4.9877e-16
175.1,21.515,45.412,3.1615,0.61534,0.29469,0.030033,4.0335,-9.8793e-16,4.9877e-16
175.2,21.454,45.381,3.1644,0.61525,0.28849,0.028749,4.0335,-9.8793e-16,4.9877e-16
175.3,21.393,45.351,3.1672,0.61512,0.28254,0.027401,4.0335,-9.8793e-16,4.9877e-16
175.4,21.332,45.321,3.1699,0.61494,0.27684,0.025996,4.0335,-9.8793e-16,4.9877e-16
175.5,21.272,45.292,3.1724,0.61472,0.2714,0.02454,4.0335,-9.8793e-16,4.9877e-16
175.6,21.211,45.263,3.1748,0.61446,0.26621,0.023037,4.0335,-9.8793e-16,4.9877e-16
175.7,21.151,45.235,3.177,0.61416,0.26129,0.021493,4.0335,-9.8793e-16,4.9877e-16
175.8,21.09,45.207,3.1791,0.61382,0.25664,0.019909,4.0335,-9.8793e-16,4.9877e-16
175.9,21.03,45.179,3.181,0.61345,0.25225,0.018289,4.0335,-9.8793e-16,4.9877e-16
176,20.97,45.152,3.1828,0.61304,0.24813,0.016633,4.0335,-9.8793e-16,4.9877e-16
176.1,20.909,45.124,3.1844,0.6126,0.24428,0.014943,4.0335,-9.8793e-16,4.9877e-16
176.2,20.849,45.097,3.1858,0.61213,0.24069,0.013219,4.0335,-9.8793e-16,4.9877e-16
176.3,20.789,45.071,3.187,0.61164,0.23738,0.01146,4.0335,-9.8793e-16,4.9877e-16
176.4,20.729,45.045,3.1881,0.61111,0.23434,0.0096653,4.0335,-9.8793e-16,4.9877e-16
176.5,20.669,45.018,3.1889,0.61056,0.23157,0.0078337,4.0335,-9.8793e-16,4.9877e-16
176.6,20.609,44.992,3.1896,0.60999,0.22907,0.0059635,4.0335,-9.8793e-16,4.9877e-16
176.7,20.55,44.967,3.1901,0.60939,0.22685,0.0040524,4.0335,-9.8793e-16,4.9877e-16
176.8,20.49,44.941,3.1904,0.60877,0.22491,0.0020978,4.0335,-9.8793e-16,4.9877e-16
176.9,20.43,44.916,3.1905,0.60813,0.22325,9.679e-05,4.0335,-9.8793e-16,4.9877e-16
177,20.371,44.891,3.1904,0.60747,0.22178,-0.0019872,4.0335,-9.8793e-16,4.9877e-16
177.1,20.311,44.866,3.1901,0.60678,0.2204,-0.0041953,4.0335,-9.8793e-16,4.9877e-16
177.2,20.252,44.841,3.1896,0.60607,0.21909,-0.0065259,4.0335,-9.8793e-16,4.9877e-16
177.3,20.192,44.816,3.1888,0.60533,0.21788,-0.008976,4.0335,-9.8793e-16,4.9877e-16
177.4,20.133,44.792,3.1878,0.60457,0.21677,-0.011541,4.0335,-9.8793e-16,4.9877e-16
177.5,20.073,44.767,3.1865,0.60378,0.21576,-0.014215,4.0335,-9.8793e-16,4.9877e-16
177.6,20.014,44.743,3.185,0.60296,0.21486,-0.016991,4.0335,-9.8793e-16,4.9877e-16
177.7,19.955,44.719,3.1831,0.60212,0.21407,-0.01986,4.0335,-9.8793e-16,4.9877e-16
177.8,19.895,44.695,3.181,0.60124,0.2134,-0.02281,4.0335,-9.8793e-16,4.9877e-16
177.9,19.836,44.672,3.1786,0.60034,0.21285,-0.025831,4.0335,-9.8793e-16,4.9877e-16
178,19.777,44.648,3.1758,0.59941,0.21243,-0.028909,4.0335,-9.8793e-16,4.9877e-16
178.1,19.718,44.625,3.1728,0.59844,0.21214,-0.032029,4.0335,-9.8793e-16,4.9877e-16
178.2,19.659,44.602,3.1694,0.59745,0.21198,-0.035176,4.0335,-9.8793e-16,4.9877e-16
178.3,19.6,44.579,3.1657,0.59643,0.21196,-0.038334,4.0335,-9.8793e-16,4.9877e-16
178.4,19.54,44.557,3.1617,0.59538,0.21207,-0.041487,4.0335,-9.8793e-16,4.9877e-16
178.5,19.481,44.535,3.1574,0.5943,0.21231,-0.044617,4.0335,-9.8793e-16,4.9877e-16
178.6,19.422,44.513,3.1528,0.5932,0.21268,-0.04771,4.0335,-9.8793e-16,4.9877e-16
178.7,19.363,44.491,3.1479,0.59207,0.21318,-0.050748,10.607,0.54783,-0.26871
178.8,19.303,44.469,3.1423,0.60545,0.2163,-0.061418,10.607,0.54783,-0.26871
178.9,19.242,44.447,3.1356,0.61825,0.22003,-0.072149,10.607,0.54783,-0.26871
179,19.179,44.426,3.1279,0.63048,0.22439,-0.082815,10.607,0.54783,-0.26871
179.1,19.115,44.404,3.1191,0.64213,0.2294,-0.093296,10.607,0.54783,-0.26871
179.2,19.05,44.383,3.1092,0.65322,0.23507,-0.10348,10.607,0.54783,-0.26871
179.3,18.983,44.361,3.0984,0.66374,0.24139,-0.11326,10.607,0.54783,-0.26871
179.4,18.915,44.34,3.0866,0.67372,0.24835,-0.12256,10.607,0.54783,-0.26871
179.5,18.846,44.319,3.0739,0.68314,0.25592,-0.1313,10.607,0.54783,-0.26871
179.6,18.776,44.298,3.0603,0.69203,0.26407,-0.13944,10.607,0.54783,-0.26871
179.7,18.704,44.278,3.046,0.70039,0.27275,-0.14694,10.607,0.54783,-0.26871
179.8,18.631,44.258,3.031,0.70823,0.28193,-0.1538,10.607,0.54783,-0.26871
179.9,18.557,44.238,3.0153,0.71557,0.29155,-0.16,10.607,0.54783,-0.26871
180,18.482,44.218,2.999,0.72241,0.30157,-0.16555,10.607,0.54783,-0.26871
180.1,18.405,44.198,2.9822,0.72877,0.31193,-0.17048,10.607,0.54783,-0.26871
180.2,18.328,44.179,2.9649,0.73467,0.32259,-0.1748,10.607,0.54783,-0.26871
180.3,18.249,44.161,2.9472,0.74012,0.3335,-0.17854,10.607,0.54783,-0.26871
180.4,18.17,44.142,2.9292,0.74514,0.34462,-0.18174,10.607,0.54783,-0.26871
180.5,18.089,44.125,2.9109,0.74975,0.3559,-0.18443,10.607,0.54783,-0.26871
180.6,18.007,44.107,2.8924,0.75396,0.36731,-0.18663,10.607,0.54783,-0.26871
180.7,17.925,44.091,2.8736,0.7578,0.37881,-0.18837,10.607,0.54783,-0.26871
180.8,17.841,44.075,2.8547,0.76128,0.39038,-0.18969,10.607,0.54783,-0.26871
180.9,17.757,44.059,2.8357,0.76442,0.40199,-0.19061,10.607,0.54783,-0.26871
181,17.671,44.044,2.8166,0.76725,0.41361,-0.19115,10.607,0.54783,-0.26871
181.1,17.585,44.03,2.7975,0.76978,0.42523,-0.19135,10.607,0.54783,-0.26871
181.2,17.498,44.016,2.7783,0.77204,0.43682,-0.19121,10.607,0.54783,-0.26871
181.3,17.41,44.003,2.7592,0.77404,0.44838,-0.19075,10.607,0.54783,-0.26871
181.4,17.321,43.99,2.7402,0.7758,0.45989,-0.19,10.607,0.54783,-0.26871
181.5,17.231,43.979,2.7212,0.77735,0.47134,-0.18897,10.607,0.54783,-0.26871
181.6,17.14,43.968,2.7024,0.77871,0.48272,-0.18767,10.607,0.54783,-0.26871
181.7,17.049,43.958,2.6837,0.77989,0.49404,-0.18611,10.607,0.54783,-0.26871
181.8,16.957,43.948,2.6652,0.78091,0.50529,-0.1843,10.607,0.54783,-0.26871
181.9,16.864,43.939,2.6469,0.7818,0.51646,-0.18225,10.607,0.54783,-0.26871
182,16.77,43.931,2.6287,0.78258,0.52757,-0.17998,10.607,0.54783,-0.26871
182.1,16.676,43.924,2.6109,0.78325,0.5386,-0.17747,10.607,0.54783,-0.26871
182.2,16.58,43.918,2.5933,0.78385,0.54958,-0.17474,10.607,0.54783,-0.26871
182.3,16.484,43.912,2.5759,0.78439,0.5605,-0.1718,10.607,0.54783,-0.26871
182.4,16.388,43.907,2.5589,0.78488,0.57137,-0.16863,10.607,0.54783,-0.26871
182.5,16.29,43.903,2.5422,0.78535,0.5822,-0.16524,10.607,0.54783,-0.26871
182.6,16.192,43.9,2.5259,0.78582,0.59301,-0.16164,10.607,0.54783,-0.26871
182.7,16.094,43.897,2.5099,0.7863,0.6038,-0.15781,10.607,0.54783,-0.26871
182.8,15.994,43.895,2.4943,0.78681,0.6146,-0.15374,10.607,0.54783,-0.26871
182.9,15.894,43.894,2.4792,0.78737,0.62541,-0.14944,10.607,0.54783,-0.26871
183,15.793,43.893,2.4644,0.788,0.63626,-0.14489,10.607,0.54783,-0.26871
183.1,15.691,43.893,2.4502,0.78872,0.64716,-0.14007,10.607,0.54783,-0.26871
183.2,15.589,43.894,2.4364,0.78955,0.65814,-0.13497,10.607,0.54783,-0.26871
183.3,15.486,43.896,2.4232,0.79051,0.66922,-0.12957,10.607,0.54783,-0.26871
183.4,15.382,43.897,2.4105,0.79162,0.68043,-0.12383,10.607,0.54783,-0.26871
183.5,15.277,43.9,2.3984,0.79291,0.6918,-0.11773,10.607,0.54783,-0.26871
183.6,15.172,43.903,2.387,0.79441,0.70336,-0.11123,10.607,0.54783,-0.26871
183.7,15.065,43.906,2.3762,0.79614,0.71515,-0.10428,10.607,0.54783,-0.26871
183.8,14.958,43.91,2.3662,0.79815,0.72721,-0.096817,10.607,0.54783,-0.26871
183.9,14.849,43.914,2.3569,0.80047,0.7396,-0.088767,10.607,0.54783,-0.26871
184,14.74,43.918,2.3484,0.80314,0.75236,-0.080039,10.607,0.54783,-0.26871
184.1,14.629,43.923,2.3409,0.80621,0.76557,-0.070515,10.607,0.54783,-0.26871
184.2,14.518,43.928,2.3344,0.80976,0.7793,-0.060047,10.607,0.54783,-0.26871
184.3,14.405,43.932,2.3289,0.81386,0.79365,-0.048443,10.607,0.54783,-0.26871
184.4,14.29,43.937,2.3247,0.8186,0.80871,-0.035448,10.607,0.54783,-0.26871
184.5,14.175,43.941,2.3219,0.82411,0.82465,-0.02072,10.607,0.54783,-0.26871
184.6,14.057,43.944,2.3206,0.83054,0.84162,-0.0037876,10.607,0.54783,-0.26871
184.7,13.938,43.948,2.3212,0.83808,0.85739,0.015,10.607,0.54783,-0.26871
184.8,13.818,43.95,2.3236,0.84678,0.86673,0.033229,10.607,0.54783,-0.26871
184.9,13.696,43.953,2.3278,0.85654,0.86947,0.049756,10.607,0.54783,-0.26871
185,13.574,43.955,2.3335,0.86716,0.86611,0.063796,10.607,0.54783,-0.26871
185.1,13.451,43.959,2.3404,0.87834,0.85752,0.074927,10.607,0.54783,-0.26871
185.2,13.328,43.962,2.3484,0.88982,0.84478,0.083061,10.607,0.54783,-0.26871
185.3,13.206,43.967,2.357,0.9013,0.82903,0.088354,10.607,0.54783,-0.26871
185.4,13.084,43.972,2.366,0.91255,0.81135,0.091115,10.607,0.54783,-0.26871
185.5,12.962,43.979,2.3751,0.92339,0.79267,0.091716,10.607,0.54783,-0.26871
185.6,12.841,43.986,2.3842,0.93368,0.7738,0.090538,10.607,0.54783,-0.26871
185.7,12.72,43.995,2.3932,0.94333,0.75534,0.087931,10.607,0.54783,-0.26871
185.8,12.6,44.004,2.4018,0.95228,0.7378,0.0842,10.607,0.54783,-0.26871
185.9,12.48,44.014,2.41,0.96052,0.72155,0.079598,10.607,0.54783,-0.26871
186,12.36,44.025,2.4177,0.96804,0.70685,0.074332,10.607,0.54783,-0.26871
186.1,12.241,44.036,2.4248,0.97486,0.69391,0.068567,10.607,0.54783,-0.26871
186.2,12.122,44.048,2.4314,0.98099,0.68288,0.062436,10.607,0.54783,-0.26871
186.3,12.003,44.061,2.4373,0.98647,0.67386,0.056045,10.607,0.54783,-0.26871
186.4,11.885,44.073,2.4426,0.99133,0.66695,0.049482,10.607,0.54783,-0.26871
186.5,11.766,44.086,2.4472,0.99559,0.66219,0.042823,10.607,0.54783,-0.26871
186.6,11.647,44.099,2.4512,0.99929,0.65963,0.03614,10.607,0.54783,-0.26871
186.7,11.528,44.112,2.4544,1.0025,0.65932,0.029506,10.607,0.54783,-0.26871
186.8,11.408,44.124,2.4571,1.0052,0.66127,0.022997,10.607,0.54783,-0.26871
186.9,11.288,44.136,2.459,1.0074,0.6655,0.016702,10.607,0.54783,-0.26871
187,11.168,44.148,2.4604,1.0092,0.67201,0.010725,1.9263,-4.7181e-16,2.2558e-16
187.1,11.048,44.158,2.4616,0.99159,0.67704,0.013104,1.9263,-4.7181e-16,2.2558e-16
187.2,10.928,44.167,2.4631,0.97481,0.68117,0.016532,1.9263,-4.7181e-16,2.2558e-16
187.3,10.81,44.175,2.4649,0.95887,0.68401,0.020853,1.9263,-4.7181e-16,2.2558e-16
187.4,10.693,44.181,2.4673,0.94377,0.68526,0.025868,1.9263,-4.7181e-16,2.2558e-16
187.5,10.577,44.186,2.4701,0.92952,0.68469,0.031344,1.9263,-4.7181e-16,2.2558e-16
187.6,10.462,44.189,2.4735,0.9161,0.68212,0.037035,1.9263,-4.7181e-16,2.2558e-16
187.7,10.349,44.192,2.4775,0.90348,0.6775,0.0427,1.9263,-4.7181e-16,2.2558e-16
187.8,10.237,44.194,2.4821,0.89161,0.67087,0.048122,1.9263,-4.7181e-16,2.2558e-16
187.9,10.126,44.195,2.4871,0.88042,0.66232,0.05312,1.9263,-4.7181e-16,2.2558e-16
188,10.016,44.196,2.4927,0.86985,0.65203,0.057559,1.9263,-4.7181e-16,2.2558e-16
188.1,9.9084,44.197,2.4986,0.85982,0.64022,0.061351,1.9263,-4.7181e-16,2.2558e-16
188.2,9.802,44.197,2.5049,0.85025,0.62713,0.06445,1.9263,-4.7181e-16,2.2558e-16
188.3,9.6971,44.197,2.5115,0.84109,0.61303,0.06685,1.9263,-4.7181e-16,2.2558e-16
188.4,9.5938,44.197,2.5183,0.83226,0.59816,0.068576,1.9263,-4.7181e-16,2.2558e-16
188.5,9.4922,44.197,2.5252,0.82371,0.58275,0.069671,1.9263,-4.7181e-16,2.2558e-16
188.6,9.392,44.197,2.5322,0.81538,0.56702,0.070194,1.9263,-4.7181e-16,2.2558e-16
188.7,9.2935,44.197,2.5392,0.80725,0.55115,0.07021,1.9263,-4.7181e-16,2.2558e-16
188.8,9.1965,44.198,2.5462,0.79928,0.53531,0.069786,1.9263,-4.7181e-16,2.2558e-16
188.9,9.1011,44.198,2.5532,0.79144,0.51962,0.068988,1.9263,-4.7181e-16,2.2558e-16
189,9.0072,44.199,2.56,0.78371,0.5042,0.067877,1.9263,-4.7181e-16,2.2558e-16
189.1,8.9147,44.2,2.5667,0.77609,0.48912,0.066509,1.9263,-4.7181e-16,2.2558e-16
189.2,8.8237,44.201,2.5733,0.76855,0.47444,0.064934,1.9263,-4.7181e-16,2.2558e-16
189.3,8.7341,44.203,2.5797,0.76111,0.46023,0.063196,1.9263,-4.7181e-16,2.2558e-16
189.4,8.6458,44.205,2.5859,0.75375,0.4465,0.061331,1.9263,-4.7181e-16,2.2558e-16
189.5,8.5589,44.207,2.592,0.74647,0.43328,0.059373,1.9263,-4.7181e-16,2.2558e-16
189.6,8.4733,44.209,2.5978,0.73927,0.42058,0.057348,1.9263,-4.7181e-16,2.2558e-16
189.7,8.3889,44.211,2.6034,0.73216,0.40841,0.055279,1.9263,-4.7181e-16,2.2558e-16
189.8,8.3056,44.214,2.6089,0.72513,0.39676,0.053184,1.9263,-4.7181e-16,2.2558e-16
189.9,8.2236,44.216,2.6141,0.7182,0.38563,0.051078,1.9263,-4.7181e-16,2.2558e-16
190,8.1427,44.219,2.6191,0.71135,0.375,0.048974,1.9263,-4.7181e-16,2.2558e-16
190.1,8.0629,44.222,2.6239,0.7046,0.36487,0.046882,1.9263,-4.7181e-16,2.2558e-16
190.2,7.9841,44.226,2.6284,0.69794,0.35522,0.044808,1.9263,-4.7181e-16,2.2558e-16
190.3,7.9064,44.229,2.6328,0.69138,0.34604,0.04276,1.9263,-4.7181e-16,2.2558e-16
190.4,7.8296,44.232,2.637,0.68492,0.3373,0.040741,1.9263,-4.7181e-16,2.2558e-16
190.5,7.7538,44.236,2.641,0.67856,0.329,0.038756,1.9263,-4.7181e-16,2.2558e-16
190.6,7.679,44.24,2.6448,0.67231,0.32111,0.036806,1.9263,-4.7181e-16,2.2558e-16
190.7,7.605,44.244,2.6483,0.66616,0.31362,0.034894,1.9263,-4.7181e-16,2.2558e-16
190.8,7.5319,44.248,2.6517,0.66011,0.30651,0.03302,1.9263,-4.7181e-16,2.2558e-16
190.9,7.4597,44.252,2.6549,0.65417,0.29976,0.031185,1.9263,-4.7181e-16,2.2558e-16
191,7.3882,44.256,2.658,0.64834,0.29337,0.029389,1.9263,-4.7181e-16,2.2558e-16
191.1,7.3176,44.26,2.6608,0.64261,0.28731,0.027632,1.9263,-4.7181e-16,2.2558e-16
191.2,7.2477,44.264,2.6635,0.63699,0.28157,0.025913,1.9263,-4.7181e-16,2.2558e-16
191.3,7.1786,44.269,2.666,0.63147,0.27614,0.024232,1.9263,-4.7181e-16,2.2558e-16
191.4,7.1101,44.273,2.6683,0.62605,0.27101,0.022587,1.9263,-4.7181e-16,2.2558e-16
191.5,7.0424,44.278,2.6705,0.62074,0.26615,0.020979,1.9263,-4.7181e-16,2.2558e-16
191.6,6.9753,44.282,2.6725,0.61554,0.26157,0.019405,1.9263,-4.7181e-16,2.2558e-16
191.7,6.9089,44.287,2.6744,0.61043,0.25725,0.017865,1.9263,-4.7181e-16,2.2558e-16
191.8,6.8432,44.291,2.6761,0.60542,0.25317,0.016358,1.9263,-4.7181e-16,2.2558e-16
191.9,6.778,44.296,2.6777,0.60052,0.24933,0.014882,1.9263,-4.7181e-16,2.2558e-16
192,6.7134,44.3,2.6791,0.59571,0.24572,0.013438,1.9263,-4.7181e-16,2.2558e-16
192.1,6.6494,44.305,2.6804,0.591,0.24233,0.012023,1.9263,-4.7181e-16,2.2558e-16
192.2,6.586,44.309,2.6815,0.58638,0.23914,0.010637,1.9263,-4.7181e-16,2.2558e-16
192.3,6.5231,44.314,2.6825,0.58185,0.23617,0.0092789,1.9263,-4.7181e-16,2.2558e-16
192.4,6.4607,44.319,2.6834,0.57742,0.23338,0.0079482,1.9263,-4.7181e-16,2.2558e-16
192.5,6.3989,44.323,2.6841,0.57308,0.23079,0.0066438,1.9263,-4.7181e-16,2.2558e-16
192.6,6.3375,44.328,2.6847,0.56882,0.22837,0.0053653,1.9263,-4.7181e-16,2.2558e-16
192.7,6.2766,44.332,2.6852,0.56465,0.22613,0.004112,1.9263,-4.7181e-16,2.2558e-16
192.8,6.2162,44.337,2.6855,0.56057,0.22406,0.0028835,1.9263,-4.7181e-16,2.2558e-16
192.9,6.1562,44.342,2.6857,0.55657,0.22215,0.0016794,1.9263,-4.7181e-16,2.2558e-16
193,6.0967,44.346,2.6858,0.55265,0.2204,0.00049943,1.9263,-4.7181e-16,2.2558e-16
193.1,6.0376,44.351,2.6858,0.54881,0.21878,-0.00066346,1.9263,-4.7181e-16,2.2558e-16
193.2,5.9789,44.355,2.6857,0.54504,0.21719,-0.00184,1.9263,-4.7181e-16,2.2558e-16
193.3,5.9206,44.36,2.6855,0.54135,0.21564,-0.0030327,1.9263,-4.7181e-16,2.2558e-16
193.4,5.8627,44.364,2.6851,0.53774,0.21412,-0.0042401,1.9263,-4.7181e-16,2.2558e-16
193.5,5.8052,44.369,2.6846,0.53419,0.21263,-0.0054602,1.9263,-4.7181e-16,2.2558e-16
193.6,5.748,44.373,2.684,0.53071,0.21118,-0.0066913,1.9263,-4.7181e-16,2.2558e-16
193.7,5.6913,44.378,2.6833,0.5273,0.20975,-0.0079311,1.9263,-4.7181e-16,2.2558e-16
193.8,5.6349,44.382,2.6824,0.52395,0.20836,-0.0091773,1.9263,-4.7181e-16,2.2558e-16
193.9,5.5789,44.387,2.6814,0.52066,0.207,-0.010428,1.9263,-4.7181e-16,2.2558e-16
194,5.5232,44.391,2.6803,0.51744,0.20567,-0.01168,1.9263,-4.7181e-16,2.2558e-16
194.1,5.4679,44.396,2.6791,0.51427,0.20438,-0.01293,1.9263,-4.7181e-16,2.2558e-16
194.2,5.4129,44.401,2.6778,0.51117,0.20312,-0.014177,1.9263,-4.7181e-16,2.2558e-16
194.3,5.3583,44.405,2.6763,0.50811,0.20189,-0.015418,1.9263,-4.7181e-16,2.2558e-16
194.4,5.304,44.41,2.6747,0.50512,0.2007,-0.016649,1.9263,-4.7181e-16,2.2558e-16
194.5,5.25,44.415,2.6729,0.50218,0.19954,-0.017868,1.9263,-4.7181e-16,2.2558e-16
194.6,5.1964,44.42,2.6711,0.49929,0.19842,-0.019072,1.9263,-4.7181e-16,2.2558e-16
194.7,5.143,44.425,2.6691,0.49645,0.19732,-0.020259,1.9263,-4.7181e-16,2.2558e-16
194.8,5.09,44.43,2.667,0.49366,0.19626,-0.021426,1.9263,-4.7181e-16,2.2558e-16
194.9,5.0373,44.435,2.6648,0.49092,0.19522,-0.02257,1.9263,-4.7181e-16,2.2558e-16
195,4.9848,44.44,2.6625,0.48823,0.19422,-0.023689,1.9263,-4.7181e-16,2.2558e-16
195.1,4.9327,44.446,2.6601,0.48559,0.19325,-0.024781,1.9263,-4.7181e-16,2.2558e-16
195.2,4.8808,44.451,2.6576,0.48299,0.1923,-0.025844,1.9263,-4.7181e-16,2.2558e-16
195.3,4.8293,44.457,2.6549,0.48045,0.19139,-0.026875,1.9263,-4.7181e-16,2.2558e-16
195.4,4.778,44.462,2.6522,0.47794,0.1905,-0.027874,1.9263,-4.7181e-16,2.2558e-16
195.5,4.727,44.468,2.6494,0.47549,0.18963,-0.028838,1.9263,-4.7181e-16,2.2558e-16
195.6,4.6763,44.474,2.6464,0.47307,0.18879,-0.029766,1.9263,-4.7181e-16,2.2558e-16
195.7,4.6258,44.48,2.6434,0.4707,0.18797,-0.030658,1.9263,-4.7181e-16,2.2558e-16
195.8,4.5756,44.486,2.6403,0.46838,0.18718,-0.031512,1.9263,-4.7181e-16,2.2558e-16
195.9,4.5257,44.492,2.6371,0.4661,0.1864,-0.032327,1.9263,-4.7181e-16,2.2558e-16
196,4.476,44.498,2.6338,0.46386,0.18565,-0.033103,1.9263,-4.7181e-16,2.2558e-16
196.1,4.4266,44.504,2.6305,0.46166,0.18491,-0.033839,1.9263,-4.7181e-16,2.2558e-16
196.2,4.3774,44.511,2.6271,0.4595,0.18419,-0.034536,1.9263,-4.7181e-16,2.2558e-16
196.3,4.3284,44.518,2.6236,0.45738,0.18349,-0.035193,1.9263,-4.7181e-16,2.2558e-16
196.4,4.2797,44.524,2.62,0.45531,0.1828,-0.035811,1.9263,-4.7181e-16,2.2558e-16
196.5,4.2313,44.531,2.6164,0.45327,0.18212,-0.03639,1.9263,-4.7181e-16,2.2558e-16
196.6,4.183,44.538,2.6128,0.45128,0.18146,-0.03693,1.9263,-4.7181e-16,2.2558e-16
196.7,4.135,44.545,2.609,0.44932,0.1808,-0.037432,1.9263,-4.7181e-16,2.2558e-16
196.8,4.0872,44.553,2.6053,0.4474,0.18016,-0.037897,1.9263,-4.7181e-16,2.2558e-16
196.9,4.0397,44.56,2.6015,0.44552,0.17952,-0.038326,1.9263,-4.7181e-16,2.2558e-16
197,3.9924,44.568,2.5976,0.44368,0.1789,-0.038719,1.9263,-4.7181e-16,2.2558e-16
197.1,3.9452,44.576,2.5937,0.44187,0.17828,-0.039077,1.9263,-4.7181e-16,2.2558e-16
197.2,3.8983,44.583,2.5898,0.44011,0.17766,-0.039402,1.9263,-4.7181e-16,2.2558e-16
197.3,3.8517,44.591,2.5858,0.43838,0.17705,-0.039695,1.9263,-4.7181e-16,2.2558e-16
197.4,3.8052,44.6,2.5819,0.43668,0.17645,-0.039957,1.9263,-4.7181e-16,2.2558e-16
197.5,3.7589,44.608,2.5779,0.43502,0.17585,-0.040189,1.9263,-4.7181e-16,2.2558e-16
197.6,3.7128,44.616,2.5738,0.4334,0.17525,-0.040393,1.9263,-4.7181e-16,2.2558e-16
197.7,3.667,44.625,2.5698,0.43181,0.17465,-0.040569,1.9263,-4.7181e-16,2.2558e-16
197.8,3.6213,44.634,2.5657,0.43026,0.17405,-0.040719,1.9263,-4.7181e-16,2.2558e-16
197.9,3.5758,44.643,2.5616,0.42874,0.17346,-0.040845,1.9263,-4.7181e-16,2.2558e-16
198,3.5306,44.652,2.5575,0.42725,0.17286,-0.040947,1.9263,-4.7181e-16,2.2558e-16
198.1,3.4855,44.661,2.5534,0.4258,0.17227,-0.041027,1.9263,-4.7181e-16,2.2558e-16
198.2,3.4406,44.67,2.5493,0.42438,0.17167,-0.041086,1.9263,-4.7181e-16,2.2558e-16
198.3,3.3959,44.68,2.5452,0.42299,0.17107,-0.041126,1.9263,-4.7181e-16,2.2558e-16
198.4,3.3514,44.689,2.5411,0.42163,0.17047,-0.041147,1.9263,-4.7181e-16,2.2558e-16
198.5,3.3071,44.699,2.537,0.4203,0.16987,-0.041151,1.9263,-4.7181e-16,2.2558e-16
198.6,3.2629,44.709,2.5329,0.41901,0.16927,-0.041139,1.9263,-4.7181e-16,2.2558e-16
198.7,3.219,44.719,2.5288,0.41774,0.16866,-0.041113,1.9263,-4.7181e-16,2.2558e-16
198.8,3.1752,44.73,2.5247,0.41651,0.16805,-0.041072,1.9263,-4.7181e-16,2.2558e-16
198.9,3.1316,44.74,2.5206,0.4153,0.16744,-0.041019,1.9263,-4.7181e-16,2.2558e-16
199,3.0881,44.751,2.5165,0.41412,0.16683,-0.040954,1.9263,-4.7181e-16,2.2558e-16
199.1,3.0449,44.762,2.5124,0.41297,0.16621,-0.040878,1.9263,-4.7181e-16,2.2558e-16
199.2,3.0018,44.773,2.5083,0.41185,0.16559,-0.040793,1.9263,-4.7181e-16,2.2558e-16
199.3,2.9589,44.784,2.5042,0.41075,0.16497,-0.040699,1.9263,-4.7181e-16,2.2558e-16
199.4,2.9161,44.795,2.5001,0.40968,0.16434,-0.040597,1.9263,-4.7181e-16,2.2558e-16
199.5,2.8736,44.806,2.4961,0.40864,0.16371,-0.040487,1.9263,-4.7181e-16,2.2558e-16
199.6,2.8312,44.818,2.4921,0.40762,0.16308,-0.040372,1.9263,-4.7181e-16,2.2558e-16
199.7,2.7889,44.83,2.488,0.40663,0.16244,-0.040251,1.9263,-4.7181e-16,2.2558e-16
199.8,2.7468,44.842,2.484,0.40566,0.1618,-0.040125,1.9263,-4.7181e-16,2.2558e-16
199.9,2.7049,44.854,2.48,0.40472,0.16116,-0.039994,1.9263,-4.7181e-16,2.2558e-16
200,2.6632,44.866,2.476,0.4038,0.16051,-0.039861,1.9263,-4.7181e-16,2.2558e-16
200.1,2.6216,44.878,2.472,0.4029,0.15987,-0.039724,6.6309,-0.33104,0.16237
200.2,2.5798,44.891,2.4683,0.41255,0.15781,-0.035164,6.6309,-0.33104,0.16237
200.3,2.5374,44.905,2.465,0.42206,0.15568,-0.030903,6.6309,-0.33104,0.16237
200.4,2.4945,44.92,2.4621,0.43142,0.15349,-0.02689,6.6309,-0.33104,0.16237
200.5,2.451,44.935,2.4596,0.44064,0.15123,-0.023082,6.6309,-0.33104,0.16237
200.6,2.407,44.952,2.4575,0.44971,0.1489,-0.019439,6.6309,-0.33104,0.16237
200.7,2.3625,44.969,2.4557,0.45862,0.1465,-0.015928,6.6309,-0.33104,0.16237
200.8,2.3175,44.987,2.4543,0.46737,0.14403,-0.012514,6.6309,-0.33104,0.16237
200.9,2.272,45.006,2.4532,0.47597,0.14148,-0.0091661,6.6309,-0.33104,0.16237
201,2.226,45.026,2.4524,0.48441,0.13884,-0.0058542,6.6309,-0.33104,0.16237
201.1,2.1795,45.046,2.452,0.49269,0.13612,-0.0025475,6.6309,-0.33104,0.16237
201.2,2.1326,45.068,2.4519,0.50081,0.13329,0.00078336,6.6309,-0.33104,0.16237
201.3,2.0853,45.09,2.4522,0.50877,0.13022,0.0041115,6.6309,-0.33104,0.16237
201.4,2.0376,45.112,2.4528,0.51657,0.12684,0.0074222,6.6309,-0.33104,0.16237
201.5,1.9894,45.136,2.4537,0.52422,0.12315,0.010722,6.6309,-0.33104,0.16237
201.6,1.9409,45.16,2.4549,0.5317,0.11917,0.014018,6.6309,-0.33104,0.16237
201.7,1.8921,45.185,2.4565,0.53903,0.1149,0.017319,6.6309,-0.33104,0.16237
201.8,1.8429,45.21,2.4584,0.54619,0.11034,0.020637,6.6309,-0.33104,0.16237
201.9,1.7934,45.236,2.4606,0.5532,0.1055,0.023982,6.6309,-0.33104,0.16237
202,1.7437,45.263,2.4632,0.56005,0.10039,0.027367,6.6309,-0.33104,0.16237
202.1,1.6936,45.291,2.4661,0.56673,0.095009,0.030806,6.6309,-0.33104,0.16237
202.2,1.6434,45.319,2.4693,0.57326,0.08937,0.034312,6.6309,-0.33104,0.16237
202.3,1.5928,45.349,2.4729,0.57962,0.083477,0.037901,6.6309,-0.33104,0.16237
202.4,1.542,45.378,2.4769,0.58583,0.077337,0.041588,6.6309,-0.33104,0.16237
202.5,1.4911,45.409,2.4813,0.59187,0.070955,0.045388,6.6309,-0.33104,0.16237
202.6,1.4399,45.44,2.486,0.59774,0.064339,0.049316,6.6309,-0.33104,0.16237
202.7,1.3884,45.471,2.4911,0.60346,0.057495,0.053388,6.6309,-0.33104,0.16237
202.8,1.3368,45.504,2.4967,0.60901,0.05043,0.057618,6.6309,-0.33104,0.16237
202.9,1.285,45.536,2.5027,0.61439,0.043152,0.062019,6.6309,-0.33104,0.16237
203,1.2331,45.57,2.5091,0.61961,0.035668,0.066604,6.6309,-0.33104,0.16237
203.1,1.1809,45.604,2.516,0.62465,0.027989,0.071382,6.6309,-0.33104,0.16237
203.2,1.1285,45.639,2.5234,0.62952,0.020123,0.076364,6.6309,-0.33104,0.16237
203.3,1.0759,45.674,2.5313,0.63422,0.012083,0.081554,6.6309,-0.33104,0.16237
203.4,1.0232,45.709,2.5397,0.63874,0.0038812,0.086956,6.6309,-0.33104,0.16237
203.5,0.9702,45.745,2.5487,0.64308,-0.0044898,0.092546,6.6309,-0.33104,0.16237
203.6,0.91702,45.782,2.5582,0.64724,-0.013139,0.098177,6.6309,-0.33104,0.16237
203.7,0.86361,45.819,2.5683,0.6512,-0.022077,0.10379,6.6309,-0.33104,0.16237
203.8,0.80999,45.856,2.579,0.65497,-0.031293,0.10935,6.6309,-0.33104,0.16237
203.9,0.75615,45.894,2.5902,0.65854,-0.040776,0.11481,6.6309,-0.33104,0.16237
204,0.70208,45.932,2.6019,0.6619,-0.050508,0.12014,6.6309,-0.33104,0.16237
204.1,0.64777,45.971,2.6142,0.66504,-0.06047,0.1253,6.6309,-0.33104,0.16237
204.2,0.59323,46.01,2.627,0.66797,-0.070639,0.13027,6.6309,-0.33104,0.16237
204.3,0.53843,46.049,2.6402,0.67068,-0.080992,0.13501,6.6309,-0.33104,0.16237
204.4,0.48338,46.088,2.654,0.67317,-0.091502,0.13951,6.6309,-0.33104,0.16237
204.5,0.42806,46.128,2.6681,0.67543,-0.10214,0.14373,6.6309,-0.33104,0.16237
204.6,0.37247,46.168,2.6827,0.67746,-0.11289,0.14768,6.6309,-0.33104,0.16237
204.7,0.31659,46.208,2.6977,0.67927,-0.1237,0.15134,6.6309,-0.33104,0.16237
204.8,0.26041,46.249,2.713,0.68085,-0.13457,0.15469,6.6309,-0.33104,0.16237
204.9,0.20392,46.289,2.7286,0.68222,-0.14545,0.15775,6.6309,-0.33104,0.16237
205,0.14711,46.33,2.7445,0.68336,-0.15633,0.1605,6.6309,-0.33104,0.16237
205.1,0.089968,46.371,2.7607,0.68429,-0.16718,0.16295,6.6309,-0.33104,0.16237
205.2,0.032486,46.412,2.7771,0.68501,-0.17797,0.16511,1.6969,-4.1561e-16,1.9557e-16
205.3,-0.024856,46.453,2.7935,0.67462,-0.18705,0.16248,1.6969,-4.1561e-16,1.9557e-16
205.4,-0.081591,46.493,2.8096,0.66444,-0.19554,0.15976,1.6969,-4.1561e-16,1.9557e-16
205.5,-0.13775,46.533,2.8254,0.65449,-0.20346,0.15694,1.6969,-4.1561e-16,1.9557e-16
205.6,-0.19336,46.573,2.841,0.64476,-0.21085,0.15403,1.6969,-4.1561e-16,1.9557e-16
205.7,-0.24844,46.612,2.8562,0.63527,-0.21772,0.15104,1.6969,-4.1561e-16,1.9557e-16
205.8,-0.30302,46.65,2.8712,0.626,-0.2241,0.14798,1.6969,-4.1561e-16,1.9557e-16
205.9,-0.35712,46.688,2.8858,0.61697,-0.23002,0.14485,1.6969,-4.1561e-16,1.9557e-16
206,-0.41077,46.726,2.9001,0.60817,-0.23548,0.14166,1.6969,-4.1561e-16,1.9557e-16
206.1,-0.46397,46.763,2.9141,0.59961,-0.24053,0.13843,1.6969,-4.1561e-16,1.9557e-16
206.2,-0.51676,46.8,2.9278,0.59128,-0.24517,0.13516,1.6969,-4.1561e-16,1.9557e-16
206.3,-0.56914,46.836,2.9412,0.58319,-0.24944,0.13186,1.6969,-4.1561e-16,1.9557e-16
206.4,-0.62113,46.872,2.9542,0.57533,-0.25334,0.12855,1.6969,-4.1561e-16,1.9557e-16
206.5,-0.67276,46.907,2.9669,0.56771,-0.25689,0.12522,1.6969,-4.1561e-16,1.9557e-16
206.6,-0.72402,46.942,2.9792,0.56032,-0.26013,0.12188,1.6969,-4.1561e-16,1.9557e-16
206.7,-0.77494,46.977,2.9913,0.55316,-0.26306,0.11855,1.6969,-4.1561e-16,1.9557e-16
206.8,-0.82553,47.011,3.0029,0.54622,-0.2657,0.11522,1.6969,-4.1561e-16,1.9557e-16
206.9,-0.8758,47.044,3.0143,0.53951,-0.26806,0.11191,1.6969,-4.1561e-16,1.9557e-16
207,-0.92575,47.078,3.0253,0.53302,-0.27017,0.10862,1.6969,-4.1561e-16,1.9557e-16
207.1,-0.97541,47.11,3.036,0.52674,-0.27204,0.10535,1.6969,-4.1561e-16,1.9557e-16
207.2,-1.0248,47.143,3.0464,0.52068,-0.27367,0.10211,1.6969,-4.1561e-16,1.9557e-16
207.3,-1.0739,47.175,3.0564,0.51482,-0.2751,0.098901,1.6969,-4.1561e-16,1.9557e-16
207.4,-1.1227,47.206,3.0662,0.50917,-0.27631,0.095724,1.6969,-4.1561e-16,1.9557e-16
207.5,-1.1713,47.238,3.0756,0.50372,-0.27734,0.092583,1.6969,-4.1561e-16,1.9557e-16
207.6,-1.2196,47.268,3.0847,0.49846,-0.27819,0.089481,1.6969,-4.1561e-16,1.9557e-16
207.7,-1.2676,47.299,3.0935,0.4934,-0.27887,0.086419,1.6969,-4.1561e-16,1.9557e-16
207.8,-1.3155,47.329,3.102,0.48852,-0.27939,0.083399,1.6969,-4.1561e-16,1.9557e-16
207.9,-1.363,47.359,3.1102,0.48382,-0.27976,0.080421,1.6969,-4.1561e-16,1.9557e-16
208,-1.4104,47.388,3.1181,0.4793,-0.27999,0.077488,1.6969,-4.1561e-16,1.9557e-16
208.1,-1.4576,47.417,3.1257,0.47496,-0.28009,0.074599,1.6969,-4.1561e-16,1.9557e-16
208.2,-1.5045,47.445,3.133,0.47078,-0.28006,0.071755,1.6969,-4.1561e-16,1.9557e-16
208.3,-1.5512,47.474,3.14,0.46676,-0.27992,0.068957,1.6969,-4.1561e-16,1.9557e-16
208.4,-1.5978,47.501,3.1468,0.4629,-0.27966,0.066204,1.6969,-4.1561e-16,1.9557e-16
208.5,-1.6441,47.529,3.1533,0.4592,-0.2793,0.063496,1.6969,-4.1561e-16,1.9557e-16
208.6,-1.6903,47.556,3.1595,0.45564,-0.27885,0.060833,1.6969,-4.1561e-16,1.9557e-16
208.7,-1.7362,47.583,3.1654,0.45223,-0.2783,0.058215,1.6969,-4.1561e-16,1.9557e-16
208.8,-1.782,47.61,3.1711,0.44896,-0.27766,0.055642,1.6969,-4.1561e-16,1.9557e-16
208.9,-1.8276,47.636,3.1766,0.44583,-0.27695,0.053112,1.6969,-4.1561e-16,1.9557e-16
209,-1.8731,47.662,3.1817,0.44283,-0.27615,0.050624,1.6969,-4.1561e-16,1.9557e-16
209.1,-1.9183,47.688,3.1867,0.43995,-0.27529,0.04818,1.6969,-4.1561e-16,1.9557e-16
209.2,-1.9634,47.713,3.1914,0.4372,-0.27435,0.045776,1.6969,-4.1561e-16,1.9557e-16
209.3,-2.0084,47.738,3.1958,0.43457,-0.27335,0.043413,1.6969,-4.1561e-16,1.9557e-16
209.4,-2.0532,47.763,3.2001,0.43206,-0.27229,0.041089,1.6969,-4.1561e-16,1.9557e-16
209.5,-2.0978,47.787,3.2041,0.42965,-0.27117,0.038804,1.6969,-4.1561e-16,1.9557e-16
209.6,-2.1423,47.812,3.2078,0.42736,-0.26999,0.036556,1.6969,-4.1561e-16,1.9557e-16
209.7,-2.1867,47.836,3.2114,0.42517,-0.26876,0.034345,1.6969,-4.1561e-16,1.9557e-16
209.8,-2.2309,47.859,3.2147,0.42308,-0.26748,0.032169,1.6969,-4.1561e-16,1.9557e-16
209.9,-2.275,47.883,3.2178,0.42109,-0.26616,0.030026,1.6969,-4.1561e-16,1.9557e-16
210,-2.3189,47.906,3.2207,0.4192,-0.26479,0.027916,1.6969,-4.1561e-16,1.9557e-16
210.1,-2.3628,47.929,3.2234,0.41739,-0.26337,0.025837,1.6969,-4.1561e-16,1.9557e-16
210.2,-2.4065,47.952,3.2259,0.41568,-0.26191,0.023788,1.6969,-4.1561e-16,1.9557e-16
210.3,-2.45,47.974,3.2282,0.41405,-0.26042,0.021768,1.6969,-4.1561e-16,1.9557e-16
210.4,-2.4935,47.996,3.2302,0.4125,-0.25888,0.019774,1.6969,-4.1561e-16,1.9557e-16
210.5,-2.5368,48.018,3.2321,0.41103,-0.25731,0.017806,1.6969,-4.1561e-16,1.9557e-16
210.6,-2.58,48.04,3.2338,0.40964,-0.2557,0.015862,1.6969,-4.1561e-16,1.9557e-16
210.7,-2.6231,48.062,3.2353,0.40832,-0.25406,0.013941,1.6969,-4.1561e-16,1.9557e-16
210.8,-2.666,48.083,3.2366,0.40708,-0.25239,0.01204,1.6969,-4.1561e-16,1.9557e-16
210.9,-2.7089,48.104,3.2377,0.4059,-0.25068,0.010157,1.6969,-4.1561e-16,1.9557e-16
211,-2.7517,48.125,3.2386,0.40479,-0.24894,0.0082919,1.6969,-4.1561e-16,1.9557e-16
211.1,-2.7943,48.146,3.2394,0.40375,-0.24718,0.0064416,1.6969,-4.1561e-16,1.9557e-16
211.2,-2.8368,48.167,3.2399,0.40276,-0.24538,0.0046043,1.6969,-4.1561e-16,1.9557e-16
211.3,-2.8793,48.187,3.2403,0.40184,-0.24355,0.0027779,1.6969,-4.1561e-16,1.9557e-16
211.4,-2.9216,48.207,3.2405,0.40098,-0.2417,0.00096004,1.6969,-4.1561e-16,1.9557e-16
211.5,-2.9639,48.227,3.2405,0.40017,-0.23979,-0.0008434,1.6969,-4.1561e-16,1.9557e-16
211.6,-3.006,48.247,3.2403,0.39942,-0.23769,-0.0025754,1.6969,-4.1561e-16,1.9557e-16
211.7,-3.048,48.267,3.24,0.39872,-0.23537,-0.0042183,1.6969,-4.1561e-16,1.9557e-16
211.8,-3.09,48.286,3.2395,0.39806,-0.23285,-0.0057658,1.6969,-4.1561e-16,1.9557e-16
211.9,-3.1318,48.305,3.2388,0.39745,-0.23015,-0.0072134,1.6969,-4.1561e-16,1.9557e-16
212,-3.1736,48.324,3.238,0.39688,-0.22728,-0.008558,1.6969,-4.1561e-16,1.9557e-16
212.1,-3.2152,48.343,3.2371,0.39634,-0.22425,-0.0097978,1.6969,-4.1561e-16,1.9557e-16
212.2,-3.2567,48.361,3.2361,0.39583,-0.22109,-0.010932,1.6969,-4.1561e-16,1.9557e-16
212.3,-3.2982,48.379,3.2349,0.39536,-0.21782,-0.011963,1.6969,-4.1561e-16,1.9557e-16
212.4,-3.3395,48.397,3.2337,0.39491,-0.21444,-0.01289,1.6969,-4.1561e-16,1.9557e-16
212.5,-3.3808,48.415,3.2323,0.39448,-0.21097,-0.013718,1.6969,-4.1561e-16,1.9557e-16
212.6,-3.4219,48.432,3.2309,0.39407,-0.20743,-0.014449,1.6969,-4.1561e-16,1.9557e-16
212.7,-3.463,48.449,3.2295,0.39367,-0.20383,-0.015086,1.6969,-4.1561e-16,1.9557e-16
212.8,-3.5039,48.466,3.2279,0.39329,-0.20019,-0.015635,1.6969,-4.1561e-16,1.9557e-16
212.9,-3.5448,48.482,3.2263,0.39292,-0.19652,-0.0161,1.6969,-4.1561e-16,1.9557e-16
213,-3.5856,48.498,3.2247,0.39256,-0.19282,-0.016485,1.6969,-4.1561e-16,1.9557e-16
213.1,-3.6262,48.514,3.223,0.39221,-0.18912,-0.016795,1.6969,-4.1561e-16,1.9557e-16
213.2,-3.6668,48.53,3.2213,0.39187,-0.18542,-0.017036,1.6969,-4.1561e-16,1.9557e-16
213.3,-3.7073,48.545,3.2196,0.39153,-0.18173,-0.017211,1.6969,-4.1561e-16,1.9557e-16
213.4,-3.7477,48.56,3.2179,0.39119,-0.17805,-0.017327,1.6969,-4.1561e-16,1.9557e-16
213.5,-3.788,48.574,3.2162,0.39086,-0.17441,-0.017386,1.6969,-4.1561e-16,1.9557e-16
213.6,-3.8283,48.589,3.2144,0.39053,-0.17079,-0.017395,1.6969,-4.1561e-16,1.9557e-16
213.7,-3.8684,48.603,3.2127,0.3902,-0.16721,-0.017356,1.6969,-4.1561e-16,1.9557e-16
213.8,-3.9085,48.617,3.211,0.38987,-0.16368,-0.017275,1.6969,-4.1561e-16,1.9557e-16
213.9,-3.9485,48.63,3.2092,0.38954,-0.16019,-0.017154,1.6969,-4.1561e-16,1.9557e-16
214,-3.9884,48.643,3.2075,0.38921,-0.15676,-0.016998,1.6969,-4.1561e-16,1.9557e-16
214.1,-4.0282,48.656,3.2058,0.38888,-0.15338,-0.016809,1.6969,-4.1561e-16,1.9557e-16
214.2,-4.068,48.669,3.2042,0.38854,-0.15006,-0.016592,1.6969,-4.1561e-16,1.9557e-16
214.3,-4.1077,48.681,3.2025,0.38821,-0.14679,-0.016348,1.6969,-4.1561e-16,1.9557e-16
214.4,-4.1473,48.693,3.2009,0.38787,-0.14359,-0.016081,1.6969,-4.1561e-16,1.9557e-16
214.5,-4.1868,48.705,3.1993,0.38754,-0.14046,-0.015793,1.6969,-4.1561e-16,1.9557e-16
214.6,-4.2263,48.717,3.1977,0.3872,-0.13739,-0.015487,1.6969,-4.1561e-16,1.9557e-16
214.7,-4.2657,48.728,3.1962,0.38686,-0.13438,-0.015164,1.6969,-4.1561e-16,1.9557e-16
214.8,-4.305,48.74,3.1947,0.38652,-0.13144,-0.014826,1.6969,-4.1561e-16,1.9557e-16
214.9,-4.3443,48.751,3.1932,0.38618,-0.12857,-0.014475,1.6969,-4.1561e-16,1.9557e-16
215,-4.3835,48.761,3.1918,0.38584,-0.12576,-0.014114,1.6969,-4.1561e-16,1.9557e-16
215.1,-4.4226,48.772,3.1904,0.38549,-0.12302,-0.013742,1.6969,-4.1561e-16,1.9557e-16
215.2,-4.4617,48.782,3.1891,0.38515,-0.12035,-0.013362,1.6969,-4.1561e-16,1.9557e-16
215.3,-4.5007,48.792,3.1877,0.38481,-0.11774,-0.012974,1.6969,-4.1561e-16,1.9557e-16
215.4,-4.5396,48.802,3.1865,0.38446,-0.1152,-0.012581,1.6969,-4.1561e-16,1.9557e-16
215.5,-4.5785,48.812,3.1852,0.38412,-0.11273,-0.012182,1.6969,-4.1561e-16,1.9557e-16
215.6,-4.6174,48.821,3.184,0.38377,-0.11032,-0.011778,1.6969,-4.1561e-16,1.9557e-16
215.7,-4.6561,48.831,3.1829,0.38343,-0.10797,-0.011371,1.6969,-4.1561e-16,1.9557e-16
215.8,-4.6949,48.84,3.1818,0.38309,-0.10569,-0.010961,1.6969,-4.1561e-16,1.9557e-16
215.9,-4.7335,48.849,3.1807,0.38274,-0.10347,-0.010548,1.6969,-4.1561e-16,1.9557e-16
216,-4.7722,48.857,3.1796,0.3824,-0.10131,-0.010134,1.6969,-4.1561e-16,1.9557e-16
216.1,-4.8107,48.866,3.1787,0.38206,-0.099212,-0.0097177,1.6969,-4.1561e-16,1.9557e-16
216.2,-4.8493,48.874,3.1777,0.38172,-0.097172,-0.0093005,1.6969,-4.1561e-16,1.9557e-16
216.3,-4.8877,48.883,3.1768,0.38138,-0.09519,-0.0088826,1.6969,-4.1561e-16,1.9557e-16
216.4,-4.9262,48.891,3.1759,0.38105,-0.093266,-0.0084641,1.6969,-4.1561e-16,1.9557e-16
216.5,-4.9645,48.899,3.1751,0.38071,-0.091399,-0.0080453,1.6969,-4.1561e-16,1.9557e-16
216.6,-5.0029,48.906,3.1743,0.38038,-0.089586,-0.0076264,1.6969,-4.1561e-16,1.9557e-16
216.7,-5.0412,48.914,3.1736,0.38005,-0.087828,-0.0072076,1.6969,-4.1561e-16,1.9557e-16
216.8,-5.0794,48.922,3.1729,0.37972,-0.086123,-0.0067888,1.6969,-4.1561e-16,1.9557e-16
216.9,-5.1176,48.929,3.1722,0.37939,-0.08447,-0.0063702,1.6969,-4.1561e-16,1.9557e-16
217,-5.1558,48.936,3.1716,0.37907,-0.082868,-0.0059518,1.6969,-4.1561e-16,1.9557e-16
217.1,-5.1939,48.943,3.171,0.37875,-0.081317,-0.0055336,1.6969,-4.1561e-16,1.9557e-16
217.2,-5.232,48.95,3.1705,0.37843,-0.079815,-0.0051156,1.6969,-4.1561e-16,1.9557e-16
217.3,-5.27,48.957,3.17,0.37811,-0.078361,-0.0046977,1.6969,-4.1561e-16,1.9557e-16
217.4,-5.308,48.964,3.1696,0.3778,-0.076955,-0.0042798,1.6969,-4.1561e-16,1.9557e-16
217.5,-5.346,48.97,3.1691,0.37749,-0.075595,-0.0038618,1.6969,-4.1561e-16,1.9557e-16
217.6,-5.3839,48.977,3.1688,0.37718,-0.074281,-0.0034435,1.6969,-4.1561e-16,1.9557e-16
217.7,-5.4218,48.983,3.1685,0.37688,-0.073012,-0.003025,1.6969,-4.1561e-16,1.9557e-16
217.8,-5.4596,48.989,3.1682,0.37658,-0.071786,-0.0026059,1.6969,-4.1561e-16,1.9557e-16
217.9,-5.4975,48.995,3.1679,0.37628,-0.070604,-0.0021861,1.6969,-4.1561e-16,1.9557e-16
218,-5.5352,49.001,3.1677,0.37598,-0.069464,-0.0017654,1.6969,-4.1561e-16,1.9557e-16
218.1,-5.573,49.007,3.1676,0.37569,-0.068366,-0.0013435,1.6969,-4.1561e-16,1.9557e-16
218.2,-5.6107,49.013,3.1675,0.3754,-0.067309,-0.00092028,1.6969,-4.1561e-16,1.9557e-16
218.3,-5.6484,49.019,3.1674,0.37511,-0.066293,-0.00049544,1.6969,-4.1561e-16,1.9557e-16
218.4,-5.686,49.024,3.1674,0.37483,-0.065316,-6.8708e-05,1.6969,-4.1561e-16,1.9557e-16
218.5,-5.7237,49.03,3.1674,0.37455,-0.064373,0.00036177,1.6969,-4.1561e-16,1.9557e-16
218.6,-5.7613,49.035,3.1674,0.37427,-0.063456,0.00079885,1.6969,-4.1561e-16,1.9557e-16
218.7,-5.7988,49.041,3.1675,0.37399,-0.062566,0.0012424,1.6969,-4.1561e-16,1.9557e-16
218.8,-5.8364,49.046,3.1677,0.37372,-0.061701,0.0016921,2.424,-0.19963,0.097919
218.9,-5.8739,49.051,3.168,0.37507,-0.061734,0.004943,2.424,-0.19963,0.097919
219,-5.9117,49.056,3.1687,0.37637,-0.061881,0.0082473,2.424,-0.19963,0.097919
219.1,-5.9495,49.061,3.1697,0.37763,-0.062145,0.011593,2.424,-0.19963,0.097919
219.2,-5.9875,49.067,3.171,0.37885,-0.062527,0.014966,2.424,-0.19963,0.097919
219.3,-6.0256,49.072,3.1727,0.38002,-0.06303,0.018353,2.424,-0.19963,0.097919
219.4,-6.0639,49.077,3.1747,0.38115,-0.063654,0.02174,2.424,-0.19963,0.097919
219.5,-6.1022,49.082,3.177,0.38224,-0.064398,0.025113,2.424,-0.19963,0.097919
219.6,-6.1407,49.087,3.1797,0.3833,-0.065262,0.028458,2.424,-0.19963,0.097919
219.7,-6.1793,49.092,3.1827,0.38431,-0.066245,0.031761,2.424,-0.19963,0.097919
219.8,-6.2181,49.097,3.186,0.38528,-0.067344,0.03501,2.424,-0.19963,0.097919
219.9,-6.2569,49.102,3.1897,0.38621,-0.068556,0.038192,2.424,-0.19963,0.097919
220,-6.2959,49.107,3.1937,0.3871,-0.069878,0.041296,2.424,-0.19963,0.097919
220.1,-6.335,49.112,3.198,0.38795,-0.071305,0.044312,2.424,-0.19963,0.097919
220.2,-6.3742,49.117,3.2025,0.38876,-0.072834,0.047231,2.424,-0.19963,0.097919
220.3,-6.4135,49.122,3.2074,0.38953,-0.074457,0.050045,2.424,-0.19963,0.097919
220.4,-6.4529,49.127,3.2125,0.39027,-0.076171,0.052748,2.424,-0.19963,0.097919
220.5,-6.4924,49.131,3.218,0.39097,-0.077969,0.055334,2.424,-0.19963,0.097919
220.6,-6.532,49.136,3.2236,0.39163,-0.079844,0.0578,2.424,-0.19963,0.097919
220.7,-6.5718,49.141,3.2295,0.39225,-0.081791,0.060143,2.424,-0.19963,0.097919
220.8,-6.6116,49.146,3.2356,0.39284,-0.083802,0.062362,2.424,-0.19963,0.097919
220.9,-6.6516,49.15,3.242,0.39339,-0.085872,0.064455,2.424,-0.19963,0.097919
221,-6.6916,49.155,3.2485,0.3939,-0.087994,0.066425,2.424,-0.19963,0.097919
221.1,-6.7318,49.159,3.2553,0.39438,-0.090161,0.068271,2.424,-0.19963,0.097919
221.2,-6.772,49.164,3.2622,0.39483,-0.092366,0.069997,2.424,-0.19963,0.097919
221.3,-6.8124,49.168,3.2693,0.39524,-0.094605,0.071604,2.424,-0.19963,0.097919
221.4,-6.8528,49.173,3.2765,0.39562,-0.096871,0.073096,2.424,-0.19963,0.097919
221.5,-6.8934,49.177,3.2839,0.39596,-0.099158,0.074477,2.424,-0.19963,0.097919
221.6,-6.934,49.181,3.2914,0.39628,-0.10146,0.07575,2.424,-0.19963,0.097919
221.7,-6.9748,49.185,3.299,0.39656,-0.10378,0.076921,2.424,-0.19963,0.097919
221.8,-7.0156,49.189,3.3068,0.39681,-0.1061,0.077993,2.424,-0.19963,0.097919
221.9,-7.0566,49.193,3.3146,0.39704,-0.10842,0.07897,2.424,-0.19963,0.097919
222,-7.0976,49.197,3.3226,0.39723,-0.11074,0.079858,2.424,-0.19963,0.097919
222.1,-7.1387,49.2,3.3306,0.3974,-0.11305,0.080661,2.424,-0.19963,0.097919
222.2,-7.1799,49.204,3.3387,0.39754,-0.11535,0.081384,2.424,-0.19963,0.097919
222.3,-7.2212,49.207,3.3469,0.39766,-0.11764,0.08203,2.424,-0.19963,0.097919
222.4,-7.2625,49.211,3.3551,0.39775,-0.11991,0.082605,2.424,-0.19963,0.097919
222.5,-7.304,49.214,3.3634,0.39782,-0.12217,0.083113,2.424,-0.19963,0.097919
222.6,-7.3455,49.217,3.3717,0.39787,-0.1244,0.083556,2.424,-0.19963,0.097919
222.7,-7.3872,49.22,3.3801,0.3979,-0.12661,0.083941,2.424,-0.19963,0.097919
222.8,-7.4288,49.223,3.3885,0.3979,-0.12879,0.084269,2.424,-0.19963,0.097919
222.9,-7.4706,49.226,3.3969,0.39789,-0.13095,0.084545,2.424,-0.19963,0.097919
223,-7.5125,49.228,3.4054,0.39786,-0.13308,0.084773,2.424,-0.19963,0.097919
223.1,-7.5544,49.231,3.4139,0.39781,-0.13518,0.084954,2.424,-0.19963,0.097919
223.2,-7.5964,49.233,3.4224,0.39775,-0.13724,0.085093,2.424,-0.19963,0.097919
223.3,-7.6384,49.235,3.4309,0.39767,-0.13927,0.085193,2.424,-0.19963,0.097919
223.4,-7.6805,49.237,3.4394,0.39758,-0.14127,0.085255,2.424,-0.19963,0.097919
223.5,-7.7227,49.239,3.448,0.39747,-0.14324,0.085283,2.424,-0.19963,0.097919
223.6,-7.765,49.24,3.4565,0.39735,-0.14517,0.085279,2.424,-0.19963,0.097919
223.7,-7.8073,49.242,3.465,0.39722,-0.14707,0.085245,2.424,-0.19963,0.097919
223.8,-7.8496,49.243,3.4735,0.39708,-0.14893,0.085184,2.424,-0.19963,0.097919
223.9,-7.8921,49.244,3.482,0.39692,-0.15076,0.085097,2.424,-0.19963,0.097919
224,-7.9345,49.245,3.4905,0.39676,-0.15255,0.084986,2.424,-0.19963,0.097919
224.1,-7.9771,49.245,3.499,0.39659,-0.1543,0.084854,0.76818,-1.8815e-16,9.6531e-17
224.2,-8.0194,49.246,3.5074,0.39274,-0.15513,0.082014,0.76818,-1.8815e-16,9.6531e-17
224.3,-8.0615,49.246,3.5154,0.389,-0.1558,0.079305,0.76818,-1.8815e-16,9.6531e-17
224.4,-8.1033,49.246,3.5232,0.38535,-0.15634,0.076715,0.76818,-1.8815e-16,9.6531e-17
224.5,-8.1447,49.247,3.5308,0.38181,-0.15674,0.074234,0.76818,-1.8815e-16,9.6531e-17
224.6,-8.1858,49.246,3.5381,0.37837,-0.15702,0.071853,0.76818,-1.8815e-16,9.6531e-17
224.7,-8.2266,49.246,3.5452,0.37502,-0.1572,0.069565,0.76818,-1.8815e-16,9.6531e-17
224.8,-8.2671,49.246,3.552,0.37176,-0.15727,0.067362,0.76818,-1.8815e-16,9.6531e-17
224.9,-8.3073,49.245,3.5586,0.3686,-0.15724,0.065239,0.76818,-1.8815e-16,9.6531e-17
225,-8.3473,49.245,3.5651,0.36552,-0.15712,0.06319,0.76818,-1.8815e-16,9.6531e-17
225.1,-8.3869,49.244,3.5713,0.36253,-0.15692,0.061211,0.76818,-1.8815e-16,9.6531e-17
225.2,-8.4263,49.243,3.5773,0.35962,-0.15664,0.059298,0.76818,-1.8815e-16,9.6531e-17
225.3,-8.4653,49.242,3.5831,0.35679,-0.15629,0.057447,0.76818,-1.8815e-16,9.6531e-17
225.4,-8.5041,49.241,3.5888,0.35404,-0.15587,0.055655,0.76818,-1.8815e-16,9.6531e-17
225.5,-8.5427,49.24,3.5943,0.35136,-0.15538,0.053919,0.76818,-1.8815e-16,9.6531e-17
225.6,-8.5809,49.238,3.5996,0.34876,-0.15484,0.052236,0.76818,-1.8815e-16,9.6531e-17
225.7,-8.6189,49.237,3.6047,0.34623,-0.15424,0.050603,0.76818,-1.8815e-16,9.6531e-17
225.8,-8.6567,49.235,3.6097,0.34377,-0.15359,0.04902,0.76818,-1.8815e-16,9.6531e-17
225.9,-8.6941,49.233,3.6145,0.34138,-0.15289,0.047483,0.76818,-1.8815e-16,9.6531e-17
226,-8.7314,49.231,3.6192,0.33905,-0.15214,0.04599,0.76818,-1.8815e-16,9.6531e-17
226.1,-8.7683,49.229,3.6237,0.33679,-0.15135,0.044541,0.76818,-1.8815e-16,9.6531e-17
226.2,-8.8051,49.227,3.6281,0.33459,-0.15052,0.043133,0.76818,-1.8815e-16,9.6531e-17
226.3,-8.8416,49.224,3.6324,0.33245,-0.14966,0.041765,0.76818,-1.8815e-16,9.6531e-17
226.4,-8.8778,49.222,3.6365,0.33036,-0.14876,0.040436,0.76818,-1.8815e-16,9.6531e-17
226.5,-8.9139,49.219,3.6404,0.32834,-0.14782,0.039143,0.76818,-1.8815e-16,9.6531e-17
226.6,-8.9496,49.216,3.6443,0.32636,-0.14686,0.037887,0.76818,-1.8815e-16,9.6531e-17
226.7,-8.9852,49.213,3.648,0.32444,-0.14587,0.036666,0.76818,-1.8815e-16,9.6531e-17
226.8,-9.0205,49.21,3.6516,0.32258,-0.14485,0.035479,0.76818,-1.8815e-16,9.6531e-17
226.9,-9.0557,49.207,3.6551,0.32076,-0.14381,0.034325,0.76818,-1.8815e-16,9.6531e-17
227,-9.0905,49.204,3.6585,0.31899,-0.14274,0.033203,0.76818,-1.8815e-16,9.6531e-17
227.1,-9.1252,49.2,3.6618,0.31726,-0.14165,0.032112,0.76818,-1.8815e-16,9.6531e-17
227.2,-9.1597,49.197,3.6649,0.31559,-0.14055,0.03105,0.76818,-1.8815e-16,9.6531e-17
227.3,-9.1939,49.193,3.668,0.31395,-0.13942,0.030019,0.76818,-1.8815e-16,9.6531e-17
227.4,-9.228,49.189,3.6709,0.31236,-0.13828,0.029016,0.76818,-1.8815e-16,9.6531e-17
227.5,-9.2618,49.185,3.6738,0.31081,-0.13712,0.02804,0.76818,-1.8815e-16,9.6531e-17
227.6,-9.2955,49.181,3.6765,0.3093,-0.13595,0.027092,0.76818,-1.8815e-16,9.6531e-17
227.7,-9.3289,49.177,3.6792,0.30783,-0.13477,0.02617,0.76818,-1.8815e-16,9.6531e-17
227.8,-9.3622,49.173,3.6818,0.3064,-0.13357,0.025274,0.76818,-1.8815e-16,9.6531e-17
227.9,-9.3952,49.169,3.6843,0.305,-0.13236,0.024403,0.76818,-1.8815e-16,9.6531e-17
228,-9.4281,49.164,3.6867,0.30364,-0.13115,0.023556,0.76818,-1.8815e-16,9.6531e-17
228.1,-9.4607,49.16,3.689,0.30231,-0.12992,0.022733,0.76818,-1.8815e-16,9.6531e-17
228.2,-9.4932,49.155,3.6912,0.30102,-0.12869,0.021934,0.76818,-1.8815e-16,9.6531e-17
228.3,-9.5255,49.15,3.6934,0.29976,-0.12744,0.021157,0.76818,-1.8815e-16,9.6531e-17
228.4,-9.5576,49.145,3.6954,0.29853,-0.1262,0.020402,0.76818,-1.8815e-16,9.6531e-17
228.5,-9.5896,49.14,3.6974,0.29733,-0.12494,0.019669,0.76818,-1.8815e-16,9.6531e-17
228.6,-9.6213,49.135,3.6994,0.29616,-0.12368,0.018957,0.76818,-1.8815e-16,9.6531e-17
228.7,-9.6529,49.13,3.7012,0.29502,-0.12242,0.018266,0.76818,-1.8815e-16,9.6531e-17
228.8,-9.6843,49.124,3.703,0.29391,-0.12115,0.017594,0.76818,-1.8815e-16,9.6531e-17
228.9,-9.7156,49.119,3.7047,0.29282,-0.11989,0.016943,0.76818,-1.8815e-16,9.6531e-17
229,-9.7467,49.113,3.7064,0.29176,-0.11862,0.01631,0.76818,-1.8815e-16,9.6531e-17
229.1,-9.7776,49.108,3.708,0.29072,-0.11734,0.015697,0.76818,-1.8815e-16,9.6531e-17
229.2,-9.8083,49.102,3.7096,0.28971,-0.11607,0.015101,0.76818,-1.8815e-16,9.6531e-17
229.3,-9.8389,49.096,3.711,0.28872,-0.1148,0.014524,0.76818,-1.8815e-16,9.6531e-17
229.4,-9.8693,49.09,3.7125,0.28776,-0.11353,0.013963,0.76818,-1.8815e-16,9.6531e-17
229.5,-9.8996,49.084,3.7138,0.28682,-0.11225,0.01342,0.76818,-1.8815e-16,9.6531e-17
229.6,-9.9297,49.078,3.7151,0.28589,-0.11098,0.012894,0.76818,-1.8815e-16,9.6531e-17
229.7,-9.9597,49.072,3.7164,0.28499,-0.10971,0.012384,0.76818,-1.8815e-16,9.6531e-17
229.8,-9.9895,49.066,3.7176,0.28411,-0.10845,0.011889,0.76818,-1.8815e-16,9.6531e-17
229.9,-10.019,49.059,3.7188,0.28325,-0.10718,0.011411,0.76818,-1.8815e-16,9.6531e-17
230,-10.049,49.053,3.7199,0.28241,-0.10592,0.010947,0.76818,-1.8815e-16,9.6531e-17
230.1,-10.078,49.046,3.721,0.28159,-0.10467,0.010498,0.76818,-1.8815e-16,9.6531e-17
230.2,-10.107,49.039,3.722,0.28079,-0.10341,0.010064,0.76818,-1.8815e-16,9.6531e-17
230.3,-10.136,49.032,3.723,0.28,-0.10216,0.0096432,0.76818,-1.8815e-16,9.6531e-17
230.4,-10.165,49.026,3.7239,0.27923,-0.10092,0.0092365,0.76818,-1.8815e-16,9.6531e-17
230.5,-10.194,49.019,3.7248,0.27848,-0.099679,0.0088432,0.76818,-1.8815e-16,9.6531e-17
230.6,-10.223,49.012,3.7257,0.27774,-0.098444,0.0084631,0.76818,-1.8815e-16,9.6531e-17
230.7,-10.251,49.004,3.7265,0.27702,-0.097215,0.0080957,0.76818,-1.8815e-16,9.6531e-17
230.8,-10.28,48.997,3.7273,0.27631,-0.095992,0.0077408,0.76818,-1.8815e-16,9.6531e-17
230.9,-10.308,48.99,3.7281,0.27562,-0.094775,0.007398,0.76818,-1.8815e-16,9.6531e-17
231,-10.336,48.982,3.7288,0.27494,-0.093564,0.0070671,0.76818,-1.8815e-16,9.6531e-17
231.1,-10.364,48.975,3.7295,0.27427,-0.09236,0.0067477,0.76818,-1.8815e-16,9.6531e-17
231.2,-10.392,48.967,3.7301,0.27362,-0.091163,0.0064397,0.76818,-1.8815e-16,9.6531e-17
231.3,-10.42,48.96,3.7308,0.27298,-0.089974,0.0061426,0.76818,-1.8815e-16,9.6531e-17
231.4,-10.447,48.952,3.7314,0.27236,-0.088791,0.0058562,0.76818,-1.8815e-16,9.6531e-17
231.5,-10.475,48.944,3.7319,0.27175,-0.087616,0.0055803,0.76818,-1.8815e-16,9.6531e-17
231.6,-10.502,48.936,3.7325,0.27114,-0.086449,0.0053146,0.76818,-1.8815e-16,9.6531e-17
231.7,-10.53,48.928,3.733,0.27055,-0.085291,0.0050588,0.76818,-1.8815e-16,9.6531e-17
231.8,-10.557,48.92,3.7335,0.26998,-0.08414,0.0048126,0.76818,-1.8815e-16,9.6531e-17
231.9,-10.584,48.912,3.734,0.26941,-0.082998,0.0045758,0.76818,-1.8815e-16,9.6531e-17
232,-10.611,48.904,3.7344,0.26885,-0.081864,0.0043482,0.76818,-1.8815e-16,9.6531e-17
232.1,-10.637,48.896,3.7348,0.26831,-0.080739,0.0041295,0.76818,-1.8815e-16,9.6531e-17
232.2,-10.664,48.887,3.7352,0.26777,-0.079623,0.0039195,0.76818,-1.8815e-16,9.6531e-17
232.3,-10.691,48.879,3.7356,0.26724,-0.078516,0.0037179,0.76818,-1.8815e-16,9.6531e-17
232.4,-10.717,48.87,3.736,0.26673,-0.077419,0.0035245,0.76818,-1.8815e-16,9.6531e-17
232.5,-10.744,48.862,3.7363,0.26622,-0.07633,0.0033391,0.76818,-1.8815e-16,9.6531e-17
232.6,-10.77,48.853,3.7367,0.26572,-0.075252,0.0031615,0.76818,-1.8815e-16,9.6531e-17
232.7,-10.796,48.845,3.737,0.26523,-0.074182,0.0029914,0.76818,-1.8815e-16,9.6531e-17
232.8,-10.822,48.836,3.7373,0.26475,-0.073123,0.0028286,0.76818,-1.8815e-16,9.6531e-17
232.9,-10.848,48.827,3.7375,0.26428,-0.072073,0.0026729,0.76818,-1.8815e-16,9.6531e-17
233,-10.874,48.818,3.7378,0.26381,-0.071033,0.0025242,0.76818,-1.8815e-16,9.6531e-17
233.1,-10.9,48.809,3.738,0.26336,-0.070003,0.0023821,0.76818,-1.8815e-16,9.6531e-17
233.2,-10.925,48.8,3.7383,0.26291,-0.068983,0.0022466,0.76818,-1.8815e-16,9.6531e-17
233.3,-10.951,48.791,3.7385,0.26247,-0.067973,0.0021174,0.76818,-1.8815e-16,9.6531e-17
233.4,-10.976,48.782,3.7387,0.26203,-0.066973,0.0019943,0.76818,-1.8815e-16,9.6531e-17
233.5,-11.002,48.773,3.7389,0.26161,-0.065984,0.0018772,0.76818,-1.8815e-16,9.6531e-17
233.6,-11.027,48.763,3.7391,0.26119,-0.065005,0.0017658,0.76818,-1.8815e-16,9.6531e-17
233.7,-11.052,48.754,3.7392,0.26078,-0.064036,0.00166,0.76818,-1.8815e-16,9.6531e-17
233.8,-11.077,48.745,3.7394,0.26037,-0.063078,0.0015596,0.76818,-1.8815e-16,9.6531e-17
233.9,-11.103,48.735,3.7396,0.25997,-0.06213,0.0014644,0.76818,-1.8815e-16,9.6531e-17
234,-11.127,48.726,3.7397,0.25958,-0.061193,0.0013743,0.76818,-1.8815e-16,9.6531e-17
234.1,-11.152,48.716,3.7398,0.25919,-0.060266,0.0012891,0.76818,-1.8815e-16,9.6531e-17
234.2,-11.177,48.706,3.74,0.25881,-0.05935,0.0012086,0.76818,-1.8815e-16,9.6531e-17
234.3,-11.202,48.697,3.7401,0.25844,-0.058444,0.0011327,0.76818,-1.8815e-16,9.6531e-17
234.4,-11.226,48.687,3.7402,0.25807,-0.057549,0.0010613,0.76818,-1.8815e-16,9.6531e-17
234.5,-11.251,48.677,3.7403,0.25771,-0.056665,0.00099409,0.76818,-1.8815e-16,9.6531e-17
234.6,-11.275,48.667,3.7404,0.25735,-0.055791,0.00093104,0.76818,-1.8815e-16,9.6531e-17
234.7,-11.3,48.657,3.7405,0.257,-0.054928,0.00087197,0.76818,-1.8815e-16,9.6531e-17
234.8,-11.324,48.647,3.7406,0.25666,-0.054075,0.00081675,0.76818,-1.8815e-16,9.6531e-17
234.9,-11.348,48.637,3.7406,0.25632,-0.053233,0.00076524,0.76818,-1.8815e-16,9.6531e-17
235,-11.372,48.627,3.7407,0.25598,-0.052401,0.0007173,0.76818,-1.8815e-16,9.6531e-17
235.1,-11.396,48.617,3.7408,0.25565,-0.05158,0.0006728,0.76818,-1.8815e-16,9.6531e-17
235.2,-11.42,48.607,3.7408,0.25533,-0.050769,0.00063162,0.76818,-1.8815e-16,9.6531e-17
235.3,-11.444,48.597,3.7409,0.25501,-0.049969,0.00059364,0.76818,-1.8815e-16,9.6531e-17
235.4,-11.468,48.586,3.741,0.25469,-0.04918,0.00055872,0.76818,-1.8815e-16,9.6531e-17
235.5,-11.492,48.576,3.741,0.25438,-0.0484,0.00052675,0.76818,-1.8815e-16,9.6531e-17
235.6,-11.516,48.566,3.7411,0.25408,-0.047631,0.00049762,0.76818,-1.8815e-16,9.6531e-17
235.7,-11.539,48.555,3.7411,0.25378,-0.046873,0.00047122,0.76818,-1.8815e-16,9.6531e-17
235.8,-11.563,48.545,3.7412,0.25348,-0.046125,0.00044743,0.76818,-1.8815e-16,9.6531e-17
235.9,-11.586,48.534,3.7412,0.25319,-0.045387,0.00042614,0.76818,-1.8815e-16,9.6531e-17
236,-11.61,48.524,3.7412,0.2529,-0.044659,0.00040726,0.76818,-1.8815e-16,9.6531e-17
236.1,-11.633,48.513,3.7413,0.25262,-0.043942,0.00039069,0.76818,-1.8815e-16,9.6531e-17
236.2,-11.656,48.502,3.7413,0.25234,-0.043234,0.00037632,0.76818,-1.8815e-16,9.6531e-17
236.3,-11.68,48.492,3.7414,0.25206,-0.042537,0.00036406,0.76818,-1.8815e-16,9.6531e-17
236.4,-11.703,48.481,3.7414,0.25179,-0.041849,0.00035382,0.17859,-0.019045,0.0093415
236.5,-11.726,48.47,3.7414,0.2502,-0.041253,0.0006071,0.17859,-0.019045,0.0093415
236.6,-11.749,48.46,3.7415,0.24864,-0.04067,0.0008573,0.17859,-0.019045,0.0093415
236.7,-11.771,48.449,3.7416,0.24709,-0.040102,0.0011043,0.17859,-0.019045,0.0093415
236.8,-11.794,48.438,3.7417,0.24557,-0.039547,0.001348,0.17859,-0.019045,0.0093415
236.9,-11.816,48.428,3.7419,0.24406,-0.039006,0.0015882,0.17859,-0.019045,0.0093415
237,-11.839,48.417,3.7421,0.24258,-0.038477,0.0018249,0.17859,-0.019045,0.0093415
237.1,-11.861,48.407,3.7422,0.24112,-0.037961,0.002058,0.17859,-0.019045,0.0093415
237.2,-11.883,48.396,3.7425,0.23967,-0.037458,0.0022872,0.17859,-0.019045,0.0093415
237.3,-11.905,48.386,3.7427,0.23825,-0.036967,0.0025127,0.17859,-0.019045,0.0093415
237.4,-11.926,48.375,3.743,0.23684,-0.036488,0.0027342,0.17859,-0.019045,0.0093415
237.5,-11.948,48.365,3.7433,0.23546,-0.03602,0.0029516,0.17859,-0.019045,0.0093415
237.6,-11.969,48.355,3.7436,0.23409,-0.035564,0.003165,0.17859,-0.019045,0.0093415
237.7,-11.99,48.344,3.7439,0.23274,-0.035119,0.0033743,0.17859,-0.019045,0.0093415
237.8,-12.012,48.334,3.7442,0.2314,-0.034685,0.0035793,0.17859,-0.019045,0.0093415
237.9,-12.033,48.324,3.7446,0.23009,-0.034261,0.0037801,0.17859,-0.019045,0.0093415
238,-12.053,48.313,3.745,0.22879,-0.033848,0.0039765,0.17859,-0.019045,0.0093415
238.1,-12.074,48.303,3.7454,0.2275,-0.033445,0.0041686,0.17859,-0.019045,0.0093415
238.2,-12.095,48.293,3.7458,0.22624,-0.033051,0.0043563,0.17859,-0.019045,0.0093415
238.3,-12.115,48.283,3.7463,0.22499,-0.032667,0.0045397,0.17859,-0.019045,0.0093415
238.4,-12.135,48.273,3.7467,0.22375,-0.032293,0.0047185,0.17859,-0.019045,0.0093415
238.5,-12.155,48.263,3.7472,0.22253,-0.031928,0.004893,0.17859,-0.019045,0.0093415
238.6,-12.176,48.253,3.7477,0.22133,-0.031571,0.005063,0.17859,-0.019045,0.0093415
238.7,-12.195,48.243,3.7482,0.22014,-0.031223,0.0052285,0.17859,-0.019045,0.0093415
238.8,-12.215,48.233,3.7488,0.21897,-0.030884,0.0053896,0.17859,-0.019045,0.0093415
238.9,-12.235,48.223,3.7493,0.21781,-0.030552,0.0055462,0.17859,-0.019045,0.0093415
239,-12.255,48.213,3.7499,0.21667,-0.030229,0.0056984,0.17859,-0.019045,0.0093415
239.1,-12.274,48.203,3.7504,0.21554,-0.029913,0.0058462,0.17859,-0.019045,0.0093415
239.2,-12.293,48.193,3.751,0.21442,-0.029605,0.0059896,0.17859,-0.019045,0.0093415
239.3,-12.313,48.183,3.7516,0.21332,-0.029304,0.0061286,0.17859,-0.019045,0.0093415
239.4,-12.332,48.174,3.7523,0.21223,-0.02901,0.0062633,0.17859,-0.019045,0.0093415
239.5,-12.351,48.164,3.7529,0.21115,-0.028722,0.0063937,0.17859,-0.019045,0.0093415
239.6,-12.37,48.154,3.7535,0.21009,-0.028442,0.0065198,0.17859,-0.019045,0.0093415
239.7,-12.388,48.144,3.7542,0.20904,-0.028168,0.0066418,0.17859,-0.019045,0.0093415
239.8,-12.407,48.135,3.7549,0.208,-0.0279,0.0067595,0.17859,-0.019045,0.0093415
239.9,-12.426,48.125,3.7555,0.20698,-0.027638,0.0068732,0.17859,-0.019045,0.0093415
240,-12.444,48.115,3.7562,0.20597,-0.027382,0.0069828,0.17859,-0.019045,0.0093415
240.1,-12.462,48.106,3.7569,0.20497,-0.027132,0.0070883,0.17859,-0.019045,0.0093415
240.2,-12.481,48.096,3.7577,0.20398,-0.026887,0.00719,0.17859,-0.019045,0.0093415
240.3,-12.499,48.087,3.7584,0.203,-0.026648,0.0072877,0.17859,-0.019045,0.0093415
240.4,-12.517,48.077,3.7591,0.20204,-0.026414,0.0073816,0.17859,-0.019045,0.0093415
240.5,-12.535,48.067,3.7599,0.20109,-0.026184,0.0074718,0.17859,-0.019045,0.0093415
240.6,-12.553,48.058,3.7606,0.20014,-0.02596,0.0075582,0.17859,-0.019045,0.0093415
240.7,-12.57,48.048,3.7614,0.19921,-0.02574,0.0076411,0.17859,-0.019045,0.0093415
240.8,-12.588,48.039,3.7621,0.19829,-0.025525,0.0077203,0.17859,-0.019045,0.0093415
240.9,-12.606,48.03,3.7629,0.19738,-0.025315,0.0077961,0.17859,-0.019045,0.0093415
241,-12.623,48.02,3.7637,0.19648,-0.025108,0.0078685,0.17859,-0.019045,0.0093415
241.1,-12.64,48.011,3.7645,0.1956,-0.024906,0.0079376,0.17859,-0.019045,0.0093415
241.2,-12.658,48.001,3.7653,0.19472,-0.024708,0.0080033,0.17859,-0.019045,0.0093415
241.3,-12.675,47.992,3.7661,0.19385,-0.024514,0.0080659,0.17859,-0.019045,0.0093415
241.4,-12.692,47.983,3.7669,0.19299,-0.024323,0.0081254,0.17859,-0.019045,0.0093415
241.5,-12.709,47.973,3.7677,0.19215,-0.024136,0.0081818,0.17859,-0.019045,0.0093415
241.6,-12.726,47.964,3.7685,0.19131,-0.023953,0.0082353,0.17859,-0.019045,0.0093415
241.7,-12.743,47.955,3.7694,0.19048,-0.023773,0.0082859,0.17859,-0.019045,0.0093415
241.8,-12.76,47.946,3.7702,0.18966,-0.023596,0.0083336,0.17859,-0.019045,0.0093415
241.9,-12.776,47.936,3.771,0.18885,-0.023422,0.0083786,0.17859,-0.019045,0.0093415
242,-12.793,47.927,3.7719,0.18805,-0.023252,0.0084209,0.17859,-0.019045,0.0093415
242.1,-12.809,47.918,3.7727,0.18726,-0.023084,0.0084607,0.17859,-0.019045,0.0093415
242.2,-12.826,47.909,3.7736,0.18647,-0.02292,0.0084979,0.17859,-0.019045,0.0093415
242.3,-12.842,47.9,3.7744,0.1857,-0.022758,0.0085327,0.17859,-0.019045,0.0093415
242.4,-12.859,47.89,3.7753,0.18493,-0.022599,0.0085651,0.17859,-0.019045,0.0093415
242.5,-12.875,47.881,3.7761,0.18418,-0.022442,0.0085952,0.17859,-0.019045,0.0093415
242.6,-12.891,47.872,3.777,0.18343,-0.022288,0.0086231,0.17859,-0.019045,0.0093415
242.7,-12.907,47.863,3.7778,0.18269,-0.022137,0.0086488,0.17859,-0.019045,0.0093415
242.8,-12.923,47.854,3.7787,0.18195,-0.021988,0.0086724,0.17859,-0.019045,0.0093415
242.9,-12.939,47.845,3.7796,0.18123,-0.021841,0.008694,0.17859,-0.019045,0.0093415
243,-12.955,47.836,3.7805,0.18051,-0.021697,0.0087136,0.17859,-0.019045,0.0093415
243.1,-12.97,47.827,3.7813,0.17981,-0.021554,0.0087313,0.17859,-0.019045,0.0093415
243.2,-12.986,47.818,3.7822,0.17911,-0.021414,0.0087473,0.17859,-0.019045,0.0093415
243.3,-13.002,47.809,3.7831,0.17841,-0.021276,0.0087614,0.17859,-0.019045,0.0093415
243.4,-13.017,47.8,3.7839,0.17773,-0.02114,0.0087739,0.17859,-0.019045,0.0093415
243.5,-13.033,47.791,3.7848,0.17705,-0.021005,0.0087847,0.17859,-0.019045,0.0093415
243.6,-13.048,47.782,3.7857,0.17638,-0.020873,0.0087939,0.17859,-0.019045,0.0093415
243.7,-13.063,47.773,3.7866,0.17571,-0.020742,0.0088016,0.17859,-0.019045,0.0093415
243.8,-13.079,47.764,3.7875,0.17506,-0.020614,0.0088079,0.17859,-0.019045,0.0093415
243.9,-13.094,47.755,3.7883,0.17441,-0.020487,0.0088128,0.17859,-0.019045,0.0093415
244,-13.109,47.747,3.7892,0.17377,-0.020361,0.0088163,0.17859,-0.019045,0.0093415
244.1,-13.124,47.738,3.7901,0.17313,-0.020237,0.0088185,0.17859,-0.019045,0.0093415
244.2,-13.139,47.729,3.791,0.1725,-0.020115,0.0088194,0.17859,-0.019045,0.0093415
244.3,-13.154,47.72,3.7919,0.17188,-0.019995,0.0088192,0.17859,-0.019045,0.0093415
244.4,-13.169,47.711,3.7928,0.17126,-0.019875,0.0088179,0.17859,-0.019045,0.0093415
244.5,-13.184,47.702,3.7936,0.17065,-0.019758,0.0088154,0.17859,-0.019045,0.0093415
244.6,-13.198,47.694,3.7945,0.17005,-0.019641,0.0088119,0.17859,-0.019045,0.0093415
244.7,-13.213,47.685,3.7954,0.16945,-0.019526,0.0088074,0.17859,-0.019045,0.0093415
244.8,-13.228,47.676,3.7963,0.16886,-0.019413,0.008802,0.17859,-0.019045,0.0093415
244.9,-13.242,47.667,3.7972,0.16828,-0.019301,0.0087957,0.17859,-0.019045,0.0093415
245,-13.257,47.659,3.798,0.1677,-0.01919,0.0087885,0.17859,-0.019045,0.0093415
245.1,-13.271,47.65,3.7989,0.16713,-0.01908,0.0087804,0.17859,-0.019045,0.0093415
245.2,-13.285,47.641,3.7998,0.16656,-0.018972,0.0087716,0.17859,-0.019045,0.0093415
245.3,-13.3,47.633,3.8007,0.166,-0.018865,0.0087621,0.17859,-0.019045,0.0093415
245.4,-13.314,47.624,3.8015,0.16545,-0.018758,0.0087518,0.17859,-0.019045,0.0093415
245.5,-13.328,47.615,3.8024,0.1649,-0.018654,0.0087409,0.17859,-0.019045,0.0093415
245.6,-13.342,47.607,3.8033,0.16435,-0.01855,0.0087294,0.17859,-0.019045,0.0093415
245.7,-13.356,47.598,3.8042,0.16382,-0.018447,0.0087172,0.17859,-0.019045,0.0093415
245.8,-13.37,47.589,3.805,0.16328,-0.018346,0.0087045,2.1093,-5.1664e-16,2.5833e-16
245.9,-13.384,47.581,3.8059,0.16709,-0.018167,0.0084373,2.1093,-5.1664e-16,2.5833e-16
246,-13.399,47.572,3.8067,0.17085,-0.01799,0.008189,2.1093,-5.1664e-16,2.5833e-16
246.1,-13.414,47.562,3.8075,0.17458,-0.017817,0.0079584,2.1093,-5.1664e-16,2.5833e-16
246.2,-13.429,47.553,3.8083,0.17826,-0.017646,0.0077444,2.1093,-5.1664e-16,2.5833e-16
246.3,-13.444,47.543,3.8091,0.18191,-0.017477,0.0075462,2.1093,-5.1664e-16,2.5833e-16
246.4,-13.459,47.533,3.8098,0.18552,-0.017311,0.0073628,2.1093,-5.1664e-16,2.5833e-16
246.5,-13.475,47.523,3.8106,0.18909,-0.017148,0.0071933,2.1093,-5.1664e-16,2.5833e-16
246.6,-13.491,47.512,3.8113,0.19261,-0.016988,0.0070371,2.1093,-5.1664e-16,2.5833e-16
246.7,-13.507,47.502,3.812,0.1961,-0.016831,0.0068934,2.1093,-5.1664e-16,2.5833e-16
246.8,-13.524,47.491,3.8126,0.19955,-0.016676,0.0067616,2.1093,-5.1664e-16,2.5833e-16
246.9,-13.541,47.479,3.8133,0.20296,-0.016525,0.006641,2.1093,-5.1664e-16,2.5833e-16
247,-13.558,47.468,3.814,0.20633,-0.016376,0.0065312,2.1093,-5.1664e-16,2.5833e-16
247.1,-13.575,47.456,3.8146,0.20966,-0.016231,0.0064315,2.1093,-5.1664e-16,2.5833e-16
247.2,-13.593,47.444,3.8153,0.21294,-0.016089,0.0063416,2.1093,-5.1664e-16,2.5833e-16
247.3,-13.61,47.432,3.8159,0.21619,-0.01595,0.0062609,2.1093,-5.1664e-16,2.5833e-16
247.4,-13.628,47.42,3.8165,0.21939,-0.015814,0.006189,2.1093,-5.1664e-16,2.5833e-16
247.5,-13.647,47.407,3.8171,0.22256,-0.015682,0.0061256,2.1093,-5.1664e-16,2.5833e-16
247.6,-13.665,47.394,3.8177,0.22568,-0.015553,0.0060703,2.1093,-5.1664e-16,2.5833e-16
247.7,-13.684,47.381,3.8183,0.22877,-0.015428,0.0060228,2.1093,-5.1664e-16,2.5833e-16
247.8,-13.703,47.368,3.8189,0.23181,-0.015306,0.0059827,2.1093,-5.1664e-16,2.5833e-16
247.9,-13.722,47.355,3.8195,0.23481,-0.015187,0.0059498,2.1093,-5.1664e-16,2.5833e-16
248,-13.741,47.341,3.8201,0.23778,-0.015072,0.0059239,2.1093,-5.1664e-16,2.5833e-16
248.1,-13.761,47.327,3.8207,0.2407,-0.014961,0.0059045,2.1093,-5.1664e-16,2.5833e-16
248.2,-13.78,47.313,3.8213,0.24358,-0.014854,0.0058916,2.1093,-5.1664e-16,2.5833e-16
248.3,-13.8,47.299,3.8219,0.24642,-0.01475,0.005885,2.1093,-5.1664e-16,2.5833e-16
248.4,-13.821,47.285,3.8225,0.24923,-0.01465,0.0058844,2.1093,-5.1664e-16,2.5833e-16
248.5,-13.841,47.27,3.8231,0.25199,-0.014554,0.0058896,2.1093,-5.1664e-16,2.5833e-16
248.6,-13.862,47.255,3.8237,0.25471,-0.014462,0.0059005,2.1093,-5.1664e-16,2.5833e-16
248.7,-13.882,47.24,3.8243,0.2574,-0.014375,0.005917,2.1093,-5.1664e-16,2.5833e-16
248.8,-13.903,47.225,3.8249,0.26004,-0.014291,0.0059388,2.1093,-5.1664e-16,2.5833e-16
248.9,-13.924,47.209,3.8255,0.26265,-0.014211,0.0059659,2.1093,-5.1664e-16,2.5833e-16
249,-13.946,47.194,3.826,0.26522,-0.014136,0.0059982,2.1093,-5.1664e-16,2.5833e-16
249.1,-13.967,47.178,3.8267,0.26775,-0.014065,0.0060355,2.1093,-5.1664e-16,2.5833e-16
249.2,-13.989,47.162,3.8273,0.27024,-0.013998,0.0060778,2.1093,-5.1664e-16,2.5833e-16
249.3,-14.011,47.146,3.8279,0.2727,-0.013935,0.006125,2.1093,-5.1664e-16,2.5833e-16
249.4,-14.033,47.13,3.8285,0.27511,-0.013877,0.0061769,2.1093,-5.1664e-16,2.5833e-16
249.5,-14.055,47.113,3.8291,0.27749,-0.013824,0.0062336,2.1093,-5.1664e-16,2.5833e-16
249.6,-14.078,47.097,3.8297,0.27984,-0.013775,0.0062949,2.1093,-5.1664e-16,2.5833e-16
249.7,-14.1,47.08,3.8304,0.28214,-0.013731,0.0063609,2.1093,-5.1664e-16,2.5833e-16
249.8,-14.123,47.063,3.831,0.28442,-0.013691,0.0064314,2.1093,-5.1664e-16,2.5833e-16
249.9,-14.146,47.046,3.8316,0.28665,-0.013657,0.0065065,2.1093,-5.1664e-16,2.5833e-16
250,-14.169,47.029,3.8323,0.28885,-0.013627,0.006586,2.1093,-5.1664e-16,2.5833e-16
250.1,-14.192,47.011,3.833,0.29102,-0.013602,0.00667,2.1093,-5.1664e-16,2.5833e-16
250.2,-14.216,46.993,3.8336,0.29315,-0.013582,0.0067585,2.1093,-5.1664e-16,2.5833e-16
250.3,-14.239,46.976,3.8343,0.29524,-0.013567,0.0068514,2.1093,-5.1664e-16,2.5833e-16
250.4,-14.263,46.958,3.835,0.2973,-0.013557,0.0069488,2.1093,-5.1664e-16,2.5833e-16
250.5,-14.286,46.94,3.8357,0.29933,-0.013552,0.0070506,2.1093,-5.1664e-16,2.5833e-16
250.6,-14.31,46.922,3.8364,0.30133,-0.013553,0.0071568,2.1093,-5.1664e-16,2.5833e-16
250.7,-14.335,46.903,3.8371,0.30329,-0.013558,0.0072674,2.1093,-5.1664e-16,2.5833e-16
250.8,-14.359,46.885,3.8379,0.30522,-0.01357,0.0073825,2.1093,-5.1664e-16,2.5833e-16
250.9,-14.383,46.866,3.8386,0.30711,-0.013586,0.0075021,2.1093,-5.1664e-16,2.5833e-16
251,-14.408,46.848,3.8394,0.30898,-0.013609,0.0076261,2.1093,-5.1664e-16,2.5833e-16
251.1,-14.432,46.829,3.8401,0.31081,-0.013637,0.0077546,2.1093,-5.1664e-16,2.5833e-16
251.2,-14.457,46.81,3.8409,0.31261,-0.01367,0.0078877,2.1093,-5.1664e-16,2.5833e-16
251.3,-14.482,46.791,3.8417,0.31438,-0.01371,0.0080253,2.1093,-5.1664e-16,2.5833e-16
251.4,-14.507,46.771,3.8425,0.31612,-0.013755,0.0081675,2.1093,-5.1664e-16,2.5833e-16
251.5,-14.532,46.752,3.8434,0.31784,-0.013806,0.0083143,2.1093,-5.1664e-16,2.5833e-16
251.6,-14.557,46.732,3.8442,0.31952,-0.013864,0.0084658,2.1093,-5.1664e-16,2.5833e-16
251.7,-14.582,46.713,3.845,0.32117,-0.013927,0.0086219,2.1093,-5.1664e-16,2.5833e-16
251.8,-14.608,46.693,3.8459,0.32279,-0.013997,0.0087828,2.1093,-5.1664e-16,2.5833e-16
251.9,-14.633,46.673,3.8468,0.32439,-0.014073,0.0089485,2.1093,-5.1664e-16,2.5833e-16
252,-14.659,46.653,3.8477,0.32595,-0.014155,0.009119,2.1093,-5.1664e-16,2.5833e-16
252.1,-14.685,46.633,3.8486,0.32749,-0.014244,0.0092943,2.1093,-5.1664e-16,2.5833e-16
252.2,-14.711,46.613,3.8496,0.329,-0.01434,0.0094746,2.1093,-5.1664e-16,2.5833e-16
252.3,-14.737,46.592,3.8505,0.33049,-0.014442,0.0096598,2.1093,-5.1664e-16,2.5833e-16
252.4,-14.763,46.572,3.8515,0.33195,-0.014551,0.00985,2.1093,-5.1664e-16,2.5833e-16
252.5,-14.789,46.551,3.8525,0.33338,-0.014667,0.010045,2.1093,-5.1664e-16,2.5833e-16
252.6,-14.815,46.53,3.8535,0.33478,-0.014789,0.010246,2.1093,-5.1664e-16,2.5833e-16
252.7,-14.842,46.51,3.8545,0.33616,-0.014919,0.010451,2.1093,-5.1664e-16,2.5833e-16
252.8,-14.868,46.489,3.8556,0.33752,-0.015056,0.010662,2.1093,-5.1664e-16,2.5833e-16
252.9,-14.895,46.468,3.8567,0.33885,-0.015201,0.010878,2.1093,-5.1664e-16,2.5833e-16
253,-14.921,46.447,3.8578,0.34015,-0.015352,0.011099,2.1093,-5.1664e-16,2.5833e-16
253.1,-14.948,46.425,3.8589,0.34144,-0.015512,0.011326,2.1093,-5.1664e-16,2.5833e-16
253.2,-14.975,46.404,3.86,0.34269,-0.015678,0.011557,2.1093,-5.1664e-16,2.5833e-16
253.3,-15.002,46.383,3.8612,0.34393,-0.015853,0.011795,2.1093,-5.1664e-16,2.5833e-16
253.4,-15.029,46.361,3.8624,0.34514,-0.016035,0.012038,2.1093,-5.1664e-16,2.5833e-16
253.5,-15.056,46.339,3.8636,0.34633,-0.016226,0.012286,2.1093,-5.1664e-16,2.5833e-16
253.6,-15.083,46.318,3.8649,0.34749,-0.016424,0.01254,2.1093,-5.1664e-16,2.5833e-16
253.7,-15.11,46.296,3.8661,0.34864,-0.01663,0.012799,2.1093,-5.1664e-16,2.5833e-16
253.8,-15.137,46.274,3.8674,0.34976,-0.016845,0.013064,2.1093,-5.1664e-16,2.5833e-16
253.9,-15.164,46.252,3.8687,0.35086,-0.017068,0.013334,2.1093,-5.1664e-16,2.5833e-16
254,-15.192,46.23,3.8701,0.35194,-0.0173,0.01361,2.1093,-5.1664e-16,2.5833e-16
254.1,-15.219,46.208,3.8715,0.353,-0.01754,0.013892,2.1093,-5.1664e-16,2.5833e-16
254.2,-15.247,46.185,3.8729,0.35404,-0.017788,0.014179,2.1093,-5.1664e-16,2.5833e-16
254.3,-15.274,46.163,3.8743,0.35506,-0.018046,0.014472,2.1093,-5.1664e-16,2.5833e-16
254.4,-15.302,46.141,3.8758,0.35606,-0.018312,0.014771,2.1093,-5.1664e-16,2.5833e-16
254.5,-15.33,46.118,3.8772,0.35704,-0.018587,0.015075,2.1093,-5.1664e-16,2.5833e-16
254.6,-15.357,46.096,3.8788,0.358,-0.018872,0.015384,2.1093,-5.1664e-16,2.5833e-16
254.7,-15.385,46.073,3.8803,0.35894,-0.019165,0.0157,2.1093,-5.1664e-16,2.5833e-16
254.8,-15.413,46.05,3.8819,0.35986,-0.019468,0.016021,2.1093,-5.1664e-16,2.5833e-16
254.9,-15.441,46.027,3.8835,0.36076,-0.01978,0.016347,2.1093,-5.1664e-16,2.5833e-16
255,-15.469,46.004,3.8852,0.36165,-0.020101,0.016679,2.1093,-5.1664e-16,2.5833e-16
255.1,-15.497,45.981,3.8869,0.36252,-0.020432,0.017017,2.1093,-5.1664e-16,2.5833e-16
255.2,-15.525,45.958,3.8886,0.36337,-0.020773,0.017359,2.1093,-5.1664e-16,2.5833e-16
255.3,-15.553,45.935,3.8903,0.3642,-0.021123,0.017708,2.1093,-5.1664e-16,2.5833e-16
255.4,-15.581,45.912,3.8921,0.36502,-0.021483,0.018061,2.1093,-5.1664e-16,2.5833e-16
255.5,-15.609,45.888,3.8939,0.36582,-0.021853,0.018419,2.1093,-5.1664e-16,2.5833e-16
255.6,-15.638,45.865,3.8958,0.3666,-0.022232,0.018783,2.1093,-5.1664e-16,2.5833e-16
255.7,-15.666,45.841,3.8977,0.36737,-0.022622,0.019152,2.1093,-5.1664e-16,2.5833e-16
255.8,-15.694,45.818,3.8996,0.36812,-0.023022,0.019525,2.1093,-5.1664e-16,2.5833e-16
255.9,-15.722,45.794,3.9016,0.36885,-0.023431,0.019904,1.9111,0.079366,-0.038929
256,-15.751,45.77,3.9036,0.36913,-0.023501,0.019187,1.9111,0.079366,-0.038929
256.1,-15.779,45.746,3.9054,0.3694,-0.023541,0.018476,1.9111,0.079366,-0.038929
256.2,-15.807,45.722,3.9073,0.36967,-0.023552,0.017768,1.9111,0.079366,-0.038929
256.3,-15.836,45.699,3.909,0.36994,-0.023534,0.017065,1.9111,0.079366,-0.038929
256.4,-15.864,45.674,3.9107,0.3702,-0.023489,0.016363,1.9111,0.079366,-0.038929
256.5,-15.892,45.65,3.9123,0.37046,-0.023416,0.015663,1.9111,0.079366,-0.038929
256.6,-15.92,45.626,3.9138,0.37071,-0.023317,0.014963,1.9111,0.079366,-0.038929
256.7,-15.949,45.602,3.9153,0.37096,-0.023191,0.014263,1.9111,0.079366,-0.038929
256.8,-15.977,45.578,3.9167,0.37121,-0.02304,0.013561,1.9111,0.079366,-0.038929
256.9,-16.005,45.553,3.918,0.37145,-0.022863,0.012857,1.9111,0.079366,-0.038929
257,-16.033,45.529,3.9192,0.3717,-0.022661,0.012149,1.9111,0.079366,-0.038929
257.1,-16.061,45.504,3.9204,0.37193,-0.022434,0.011437,1.9111,0.079366,-0.038929
257.2,-16.089,45.48,3.9215,0.37217,-0.022183,0.01072,1.9111,0.079366,-0.038929
257.3,-16.117,45.455,3.9226,0.3724,-0.021907,0.0099965,1.9111,0.079366,-0.038929
257.4,-16.145,45.431,3.9235,0.37263,-0.021606,0.0092656,1.9111,0.079366,-0.038929
257.5,-16.173,45.406,3.9244,0.37285,-0.021282,0.0085261,1.9111,0.079366,-0.038929
257.6,-16.201,45.381,3.9252,0.37307,-0.020933,0.007777,1.9111,0.079366,-0.038929
257.7,-16.229,45.356,3.926,0.37329,-0.02056,0.0070172,1.9111,0.079366,-0.038929
257.8,-16.257,45.331,3.9266,0.37351,-0.020163,0.0062453,1.9111,0.079366,-0.038929
257.9,-16.284,45.306,3.9272,0.37372,-0.019741,0.0054601,1.9111,0.079366,-0.038929
258,-16.312,45.281,3.9277,0.37394,-0.019294,0.0046603,1.9111,0.079366,-0.038929
258.1,-16.34,45.256,3.9281,0.37414,-0.018823,0.0038444,1.9111,0.079366,-0.038929
258.2,-16.368,45.231,3.9285,0.37435,-0.018327,0.0030109,1.9111,0.079366,-0.038929
258.3,-16.395,45.206,3.9287,0.37455,-0.017805,0.0021582,1.9111,0.079366,-0.038929
258.4,-16.423,45.18,3.9289,0.37476,-0.017257,0.0012845,1.9111,0.079366,-0.038929
258.5,-16.451,45.155,3.929,0.37495,-0.016682,0.00038803,1.9111,0.079366,-0.038929
258.6,-16.478,45.129,3.929,0.37515,-0.01608,-0.00053276,1.9111,0.079366,-0.038929
258.7,-16.506,45.104,3.9289,0.37534,-0.015444,-0.0014769,1.9111,0.079366,-0.038929
258.8,-16.534,45.078,3.9287,0.37553,-0.014773,-0.0024442,1.9111,0.079366,-0.038929
258.9,-16.561,45.053,3.9284,0.37572,-0.014067,-0.0034345,1.9111,0.079366,-0.038929
259,-16.589,45.027,3.928,0.37591,-0.013325,-0.0044478,1.9111,0.079366,-0.038929
259.1,-16.616,45.001,3.9275,0.37609,-0.012549,-0.0054838,1.9111,0.079366,-0.038929
259.2,-16.644,44.976,3.9269,0.37627,-0.011736,-0.0065424,1.9111,0.079366,-0.038929
259.3,-16.671,44.95,3.9262,0.37645,-0.010889,-0.0076234,1.9111,0.079366,-0.038929
259.4,-16.698,44.924,3.9254,0.37662,-0.010006,-0.0087263,1.9111,0.079366,-0.038929
259.5,-16.726,44.898,3.9245,0.3768,-0.009088,-0.0098509,1.9111,0.079366,-0.038929
259.6,-16.753,44.872,3.9234,0.37696,-0.0081349,-0.010997,1.9111,0.079366,-0.038929
259.7,-16.78,44.846,3.9223,0.37713,-0.007147,-0.012163,1.9111,0.079366,-0.038929
259.8,-16.808,44.82,3.921,0.37729,-0.0061248,-0.01335,1.9111,0.079366,-0.038929
259.9,-16.835,44.794,3.9196,0.37745,-0.0050686,-0.014557,1.9111,0.079366,-0.038929
260,-16.862,44.768,3.9181,0.37761,-0.003979,-0.015783,1.9111,0.079366,-0.038929
260.1,-16.889,44.742,3.9164,0.37776,-0.0028565,-0.017027,1.9111,0.079366,-0.038929
260.2,-16.917,44.715,3.9147,0.3779,-0.0017017,-0.018289,1.9111,0.079366,-0.038929
260.3,-16.944,44.689,3.9128,0.37805,-0.00051545,-0.019569,1.9111,0.079366,-0.038929
260.4,-16.971,44.663,3.9107,0.37819,0.00070234,-0.020863,1.9111,0.079366,-0.038929
260.5,-16.998,44.636,3.9086,0.37832,0.001955,-0.022167,1.9111,0.079366,-0.038929
260.6,-17.025,44.61,3.9063,0.37845,0.0032426,-0.023479,1.9111,0.079366,-0.038929
260.7,-17.052,44.584,3.9039,0.37858,0.0045647,-0.024795,1.9111,0.079366,-0.038929
260.8,-17.079,44.557,3.9014,0.3787,0.0059209,-0.026114,1.9111,0.079366,-0.038929
260.9,-17.106,44.531,3.8987,0.37881,0.0073104,-0.027432,1.9111,0.079366,-0.038929
261,-17.133,44.504,3.8959,0.37892,0.0087325,-0.028749,1.9111,0.079366,-0.038929
261.1,-17.16,44.477,3.8929,0.37902,0.010186,-0.030061,1.9111,0.079366,-0.038929
261.2,-17.187,44.451,3.8899,0.37912,0.011671,-0.031367,1.9111,0.079366,-0.038929
261.3,-17.214,44.424,3.8867,0.37921,0.013185,-0.032663,1.9111,0.079366,-0.038929
261.4,-17.241,44.397,3.8833,0.37929,0.014728,-0.033947,1.9111,0.079366,-0.038929
261.5,-17.268,44.371,3.8799,0.37936,0.016299,-0.035219,1.9111,0.079366,-0.038929
261.6,-17.295,44.344,3.8763,0.37943,0.017895,-0.036474,1.9111,0.079366,-0.038929
261.7,-17.322,44.317,3.8726,0.37949,0.019516,-0.037712,1.9111,0.079366,-0.038929
261.8,-17.349,44.29,3.8687,0.37955,0.021161,-0.03893,1.9111,0.079366,-0.038929
261.9,-17.376,44.264,3.8648,0.37959,0.022827,-0.040126,1.9111,0.079366,-0.038929
262,-17.403,44.237,3.8607,0.37963,0.024513,-0.041299,1.9111,0.079366,-0.038929
262.1,-17.43,44.21,3.8565,0.37965,0.026218,-0.042447,1.9111,0.079366,-0.038929
262.2,-17.457,44.183,3.8522,0.37967,0.02794,-0.043569,1.9111,0.079366,-0.038929
262.3,-17.484,44.156,3.8478,0.37969,0.029676,-0.044663,1.9111,0.079366,-0.038929
262.4,-17.511,44.129,3.8433,0.37969,0.031427,-0.045728,1.9111,0.079366,-0.038929
262.5,-17.538,44.102,3.8387,0.37968,0.033189,-0.046763,1.9111,0.079366,-0.038929
262.6,-17.565,44.075,3.8339,0.37966,0.034961,-0.047767,1.9111,0.079366,-0.038929
262.7,-17.592,44.048,3.8291,0.37964,0.036741,-0.04874,1.9111,0.079366,-0.038929
262.8,-17.619,44.021,3.8242,0.3796,0.038528,-0.04968,1.9111,0.079366,-0.038929
262.9,-17.646,43.995,3.8192,0.37956,0.040319,-0.050587,1.9111,0.079366,-0.038929
263,-17.673,43.968,3.8141,0.37951,0.042113,-0.05146,7.9242,-1.9409e-15,9.911e-16
263.1,-17.7,43.94,3.8089,0.39286,0.0436,-0.051307,7.9242,-1.9409e-15,9.911e-16
263.2,-17.729,43.912,3.8038,0.40593,0.04513,-0.051328,7.9242,-1.9409e-15,9.911e-16
263.3,-17.759,43.883,3.7987,0.41873,0.046711,-0.051517,7.9242,-1.9409e-15,9.911e-16
263.4,-17.79,43.854,3.7935,0.43125,0.048348,-0.051865,7.9242,-1.9409e-15,9.911e-16
263.5,-17.822,43.823,3.7883,0.44348,0.050048,-0.052367,7.9242,-1.9409e-15,9.911e-16
263.6,-17.854,43.792,3.783,0.45543,0.051816,-0.05302,7.9242,-1.9409e-15,9.911e-16
263.7,-17.888,43.76,3.7777,0.4671,0.053661,-0.053819,7.9242,-1.9409e-15,9.911e-16
263.8,-17.923,43.728,3.7723,0.47849,0.055588,-0.054762,7.9242,-1.9409e-15,9.911e-16
263.9,-17.959,43.695,3.7667,0.48959,0.057603,-0.055844,7.9242,-1.9409e-15,9.911e-16
264,-17.996,43.661,3.7611,0.50042,0.059715,-0.057064,7.9242,-1.9409e-15,9.911e-16
264.1,-18.034,43.627,3.7553,0.51097,0.061931,-0.05842,7.9242,-1.9409e-15,9.911e-16
264.2,-18.072,43.592,3.7494,0.52123,0.064256,-0.059908,7.9242,-1.9409e-15,9.911e-16
264.3,-18.112,43.557,3.7433,0.53123,0.066699,-0.061527,7.9242,-1.9409e-15,9.911e-16
264.4,-18.152,43.521,3.7371,0.54095,0.069267,-0.063273,7.9242,-1.9409e-15,9.911e-16
264.5,-18.194,43.485,3.7307,0.55039,0.071966,-0.065144,7.9242,-1.9409e-15,9.911e-16
264.6,-18.236,43.448,3.7241,0.55957,0.074804,-0.067136,7.9242,-1.9409e-15,9.911e-16
264.7,-18.279,43.411,3.7172,0.56848,0.077788,-0.069245,7.9242,-1.9409e-15,9.911e-16
264.8,-18.323,43.373,3.7102,0.57712,0.080924,-0.071467,7.9242,-1.9409e-15,9.911e-16
264.9,-18.367,43.335,3.7029,0.58549,0.084217,-0.073795,7.9242,-1.9409e-15,9.911e-16
265,-18.413,43.297,3.6954,0.59361,0.087676,-0.076226,7.9242,-1.9409e-15,9.911e-16
265.1,-18.459,43.258,3.6877,0.60146,0.091303,-0.078751,7.9242,-1.9409e-15,9.911e-16
265.2,-18.506,43.219,3.6797,0.60906,0.095105,-0.081362,7.9242,-1.9409e-15,9.911e-16
265.3,-18.554,43.179,3.6714,0.61639,0.099086,-0.084053,7.9242,-1.9409e-15,9.911e-16
265.4,-18.603,43.139,3.6629,0.62348,0.10325,-0.086814,7.9242,-1.9409e-15,9.911e-16
265.5,-18.652,43.099,3.654,0.63031,0.1076,-0.089634,7.9242,-1.9409e-15,9.911e-16
265.6,-18.702,43.059,3.6449,0.63689,0.11213,-0.092504,7.9242,-1.9409e-15,9.911e-16
265.7,-18.753,43.018,3.6355,0.64322,0.11685,-0.095412,7.9242,-1.9409e-15,9.911e-16
265.8,-18.804,42.977,3.6259,0.64931,0.12176,-0.098347,7.9242,-1.9409e-15,9.911e-16
265.9,-18.856,42.936,3.6159,0.65515,0.12685,-0.1013,7.9242,-1.9409e-15,9.911e-16
266,-18.909,42.895,3.6056,0.66075,0.13213,-0.10425,7.9242,-1.9409e-15,9.911e-16
266.1,-18.963,42.853,3.595,0.66611,0.13759,-0.10719,7.9242,-1.9409e-15,9.911e-16
266.2,-19.017,42.812,3.5842,0.67123,0.14323,-0.11011,7.9242,-1.9409e-15,9.911e-16
266.3,-19.072,42.77,3.573,0.67612,0.14904,-0.11299,7.9242,-1.9409e-15,9.911e-16
266.4,-19.127,42.728,3.5616,0.68077,0.15501,-0.11583,7.9242,-1.9409e-15,9.911e-16
266.5,-19.183,42.686,3.5498,0.68519,0.16114,-0.1186,7.9242,-1.9409e-15,9.911e-16
266.6,-19.24,42.644,3.5378,0.68938,0.16742,-0.12131,7.9242,-1.9409e-15,9.911e-16
266.7,-19.298,42.602,3.5256,0.69334,0.17385,-0.12393,7.9242,-1.9409e-15,9.911e-16
266.8,-19.356,42.56,3.5131,0.69708,0.1804,-0.12646,7.9242,-1.9409e-15,9.911e-16
266.9,-19.414,42.518,3.5003,0.70061,0.18708,-0.12889,7.9242,-1.9409e-15,9.911e-16
267,-19.474,42.476,3.4873,0.70392,0.19386,-0.13121,7.9242,-1.9409e-15,9.911e-16
267.1,-19.534,42.434,3.4741,0.70701,0.20075,-0.13341,7.9242,-1.9409e-15,9.911e-16
267.2,-19.594,42.391,3.4606,0.7099,0.20772,-0.13549,7.9242,-1.9409e-15,9.911e-16
267.3,-19.655,42.35,3.447,0.71259,0.21476,-0.13744,7.9242,-1.9409e-15,9.911e-16
267.4,-19.717,42.308,3.4331,0.71508,0.22188,-0.13925,7.9242,-1.9409e-15,9.911e-16
267.5,-19.78,42.266,3.4191,0.71738,0.22904,-0.14093,7.9242,-1.9409e-15,9.911e-16
267.6,-19.843,42.224,3.4049,0.71949,0.23624,-0.14246,7.9242,-1.9409e-15,9.911e-16
267.7,-19.906,42.183,3.3906,0.72142,0.24347,-0.14385,7.9242,-1.9409e-15,9.911e-16
267.8,-19.971,42.142,3.3762,0.72318,0.25072,-0.14509,7.9242,-1.9409e-15,9.911e-16
267.9,-20.035,42.1,3.3616,0.72476,0.25798,-0.14618,7.9242,-1.9409e-15,9.911e-16
268,-20.101,42.06,3.347,0.72619,0.26523,-0.14713,7.9242,-1.9409e-15,9.911e-16
268.1,-20.167,42.019,3.3322,0.72746,0.27247,-0.14794,7.9242,-1.9409e-15,9.911e-16
268.2,-20.233,41.979,3.3174,0.72858,0.27968,-0.1486,7.9242,-1.9409e-15,9.911e-16
268.3,-20.3,41.938,3.3025,0.72956,0.28687,-0.14911,7.9242,-1.9409e-15,9.911e-16
268.4,-20.368,41.899,3.2876,0.73041,0.29401,-0.14949,7.9242,-1.9409e-15,9.911e-16
268.5,-20.436,41.859,3.2726,0.73113,0.3011,-0.14973,7.9242,-1.9409e-15,9.911e-16
268.6,-20.505,41.82,3.2576,0.73173,0.30813,-0.14983,7.9242,-1.9409e-15,9.911e-16
268.7,-20.575,41.781,3.2426,0.73222,0.31511,-0.14981,7.9242,-1.9409e-15,9.911e-16
268.8,-20.645,41.742,3.2277,0.73261,0.32201,-0.14965,7.9242,-1.9409e-15,9.911e-16
268.9,-20.715,41.704,3.2127,0.7329,0.32885,-0.14937,7.9242,-1.9409e-15,9.911e-16
269,-20.786,41.666,3.1978,0.7331,0.3356,-0.14897,7.9242,-1.9409e-15,9.911e-16
269.1,-20.858,41.629,3.1829,0.73322,0.34227,-0.14845,7.9242,-1.9409e-15,9.911e-16
269.2,-20.93,41.592,3.1681,0.73327,0.34886,-0.14782,7.9242,-1.9409e-15,9.911e-16
269.3,-21.002,41.555,3.1534,0.73325,0.35536,-0.14707,7.9242,-1.9409e-15,9.911e-16
269.4,-21.076,41.519,3.1387,0.73316,0.36177,-0.14623,7.9242,-1.9409e-15,9.911e-16
269.5,-21.149,41.483,3.1241,0.73303,0.36809,-0.14528,7.9242,-1.9409e-15,9.911e-16
269.6,-21.223,41.448,3.1096,0.73285,0.37431,-0.14423,7.9242,-1.9409e-15,9.911e-16
269.7,-21.298,41.413,3.0953,0.73263,0.38044,-0.14309,7.9242,-1.9409e-15,9.911e-16
269.8,-21.373,41.379,3.081,0.73237,0.38647,-0.14186,7.9242,-1.9409e-15,9.911e-16
269.9,-21.449,41.345,3.0669,0.73209,0.39241,-0.14054,7.9242,-1.9409e-15,9.911e-16
270,-21.525,41.311,3.0529,0.73179,0.39826,-0.13914,7.9242,-1.9409e-15,9.911e-16
270.1,-21.602,41.278,3.0391,0.73147,0.40401,-0.13765,7.9242,-1.9409e-15,9.911e-16
270.2,-21.679,41.246,3.0254,0.73114,0.40967,-0.13609,7.9242,-1.9409e-15,9.911e-16
270.3,-21.757,41.214,3.0119,0.73081,0.41524,-0.13446,7.9242,-1.9409e-15,9.911e-16
270.4,-21.835,41.183,2.9985,0.73048,0.42072,-0.13275,7.9242,-1.9409e-15,9.911e-16
270.5,-21.913,41.152,2.9853,0.73016,0.42612,-0.13097,7.9242,-1.9409e-15,9.911e-16
270.6,-21.992,41.121,2.9723,0.72985,0.43143,-0.12912,7.9242,-1.9409e-15,9.911e-16
270.7,-22.072,41.091,2.9595,0.72956,0.43666,-0.12721,7.9242,-1.9409e-15,9.911e-16
270.8,-22.151,41.062,2.9469,0.72928,0.44181,-0.12523,7.9242,-1.9409e-15,9.911e-16
270.9,-22.232,41.033,2.9344,0.72903,0.44688,-0.12319,7.9242,-1.9409e-15,9.911e-16
271,-22.313,41.004,2.9222,0.72881,0.45188,-0.12108,7.9242,-1.9409e-15,9.911e-16
271.1,-22.394,40.976,2.9102,0.72863,0.45681,-0.11891,7.9242,-1.9409e-15,9.911e-16
271.2,-22.475,40.949,2.8985,0.72848,0.46168,-0.11669,7.9242,-1.9409e-15,9.911e-16
271.3,-22.557,40.922,2.8869,0.72837,0.46648,-0.1144,7.9242,-1.9409e-15,9.911e-16
271.4,-22.64,40.895,2.8756,0.72831,0.47122,-0.11205,7.9242,-1.9409e-15,9.911e-16
271.5,-22.723,40.869,2.8645,0.72829,0.4759,-0.10964,7.9242,-1.9409e-15,9.911e-16
271.6,-22.806,40.843,2.8536,0.72833,0.48053,-0.10716,7.9242,-1.9409e-15,9.911e-16
271.7,-22.89,40.818,2.8431,0.72842,0.48511,-0.10462,7.9242,-1.9409e-15,9.911e-16
271.8,-22.974,40.793,2.8327,0.72857,0.48965,-0.10202,7.9242,-1.9409e-15,9.911e-16
271.9,-23.058,40.769,2.8227,0.72879,0.49415,-0.099346,7.9242,-1.9409e-15,9.911e-16
272,-23.143,40.745,2.8129,0.72907,0.49861,-0.096602,7.9242,-1.9409e-15,9.911e-16
272.1,-23.228,40.722,2.8033,0.72942,0.50304,-0.093785,7.9242,-1.9409e-15,9.911e-16
272.2,-23.314,40.699,2.7941,0.72984,0.50744,-0.090889,7.9242,-1.9409e-15,9.911e-16
272.3,-23.4,40.676,2.7852,0.73034,0.51182,-0.08791,7.9242,-1.9409e-15,9.911e-16
272.4,-23.487,40.654,2.7765,0.73093,0.51618,-0.084843,7.9242,-1.9409e-15,9.911e-16
272.5,-23.574,40.632,2.7682,0.73159,0.52053,-0.081682,7.9242,-1.9409e-15,9.911e-16
272.6,-23.661,40.61,2.7602,0.73235,0.52486,-0.078419,7.9242,-1.9409e-15,9.911e-16
272.7,-23.749,40.589,2.7525,0.7332,0.52919,-0.075046,7.9242,-1.9409e-15,9.911e-16
272.8,-23.837,40.568,2.7452,0.73415,0.53352,-0.071553,7.9242,-1.9409e-15,9.911e-16
272.9,-23.925,40.547,2.7382,0.7352,0.53786,-0.06793,7.9242,-1.9409e-15,9.911e-16
273,-24.014,40.527,2.7316,0.73637,0.5422,-0.064163,7.9242,-1.9409e-15,9.911e-16
273.1,-24.104,40.506,2.7254,0.73765,0.54656,-0.060237,1.2709,-0.10719,0.052577
273.2,-24.193,40.486,2.7197,0.72433,0.5504,-0.054298,1.2709,-0.10719,0.052577
273.3,-24.281,40.465,2.7146,0.71172,0.55408,-0.047485,1.2709,-0.10719,0.052577
273.4,-24.368,40.444,2.7102,0.69981,0.55761,-0.039803,1.2709,-0.10719,0.052577
273.5,-24.455,40.423,2.7066,0.68865,0.56104,-0.031236,1.2709,-0.10719,0.052577
273.6,-24.54,40.4,2.704,0.67825,0.5644,-0.021741,1.2709,-0.10719,0.052577
273.7,-24.625,40.378,2.7023,0.66864,0.56773,-0.011239,1.2709,-0.10719,0.052577
273.8,-24.71,40.355,2.7018,0.65986,0.57108,0.00038855,1.2709,-0.10719,0.052577
273.9,-24.793,40.331,2.7024,0.65194,0.57273,0.012573,1.2709,-0.10719,0.052577
274,-24.876,40.306,2.7043,0.64485,0.57111,0.02439,1.2709,-0.10719,0.052577
274.1,-24.959,40.282,2.7073,0.63854,0.56632,0.035419,1.2709,-0.10719,0.052577
274.2,-25.04,40.257,2.7113,0.63291,0.5586,0.045345,1.2709,-0.10719,0.052577
274.3,-25.12,40.233,2.7163,0.62788,0.54829,0.053967,1.2709,-0.10719,0.052577
274.4,-25.2,40.209,2.7221,0.62332,0.5358,0.061198,1.2709,-0.10719,0.052577
274.5,-25.278,40.186,2.7285,0.61913,0.52154,0.067046,1.2709,-0.10719,0.052577
274.6,-25.355,40.164,2.7354,0.61522,0.50595,0.071588,1.2709,-0.10719,0.052577
274.7,-25.431,40.142,2.7428,0.6115,0.4894,0.074944,1.2709,-0.10719,0.052577
274.8,-25.505,40.121,2.7504,0.60789,0.47224,0.077259,1.2709,-0.10719,0.052577
274.9,-25.579,40.101,2.7582,0.60435,0.45475,0.078687,1.2709,-0.10719,0.052577
275,-25.652,40.082,2.7661,0.60083,0.43718,0.079373,1.2709,-0.10719,0.052577
275.1,-25.723,40.064,2.774,0.5973,0.4197,0.079455,1.2709,-0.10719,0.052577
275.2,-25.793,40.046,2.782,0.59373,0.40247,0.079053,1.2709,-0.10719,0.052577
275.3,-25.862,40.03,2.7898,0.59013,0.38559,0.078274,1.2709,-0.10719,0.052577
275.4,-25.931,40.015,2.7976,0.58647,0.36914,0.077205,1.2709,-0.10719,0.052577
275.5,-25.998,40,2.8053,0.58277,0.35319,0.075923,1.2709,-0.10719,0.052577
275.6,-26.064,39.986,2.8128,0.57901,0.33775,0.074489,1.2709,-0.10719,0.052577
275.7,-26.129,39.974,2.8202,0.57521,0.32285,0.072953,1.2709,-0.10719,0.052577
275.8,-26.194,39.962,2.8274,0.57137,0.3085,0.071358,1.2709,-0.10719,0.052577
275.9,-26.257,39.95,2.8344,0.5675,0.2947,0.069736,1.2709,-0.10719,0.052577
276,-26.32,39.94,2.8413,0.56361,0.28143,0.068113,1.2709,-0.10719,0.052577
276.1,-26.381,39.93,2.8481,0.5597,0.26868,0.066511,1.2709,-0.10719,0.052577
276.2,-26.442,39.921,2.8546,0.55577,0.25644,0.064945,1.2709,-0.10719,0.052577
276.3,-26.502,39.912,2.861,0.55185,0.24469,0.06343,1.2709,-0.10719,0.052577
276.4,-26.562,39.904,2.8673,0.54793,0.23341,0.061974,1.2709,-0.10719,0.052577
276.5,-26.621,39.897,2.8734,0.54402,0.22257,0.060586,1.2709,-0.10719,0.052577
276.6,-26.679,39.89,2.8794,0.54012,0.21216,0.059271,1.2709,-0.10719,0.052577
276.7,-26.736,39.884,2.8853,0.53625,0.20215,0.058033,1.2709,-0.10719,0.052577
276.8,-26.793,39.878,2.891,0.5324,0.19252,0.056876,1.2709,-0.10719,0.052577
276.9,-26.849,39.873,2.8967,0.52859,0.18326,0.055801,1.2709,-0.10719,0.052577
277,-26.904,39.868,2.9022,0.5248,0.17434,0.054809,1.2709,-0.10719,0.052577
277.1,-26.959,39.864,2.9076,0.52106,0.16574,0.053901,1.2709,-0.10719,0.052577
277.2,-27.013,39.86,2.913,0.51735,0.15745,0.053078,1.2709,-0.10719,0.052577
277.3,-27.067,39.857,2.9183,0.51369,0.14946,0.052339,1.2709,-0.10719,0.052577
277.4,-27.12,39.854,2.9235,0.51007,0.14173,0.051684,1.2709,-0.10719,0.052577
277.5,-27.173,39.851,2.9286,0.5065,0.13427,0.051112,1.2709,-0.10719,0.052577
277.6,-27.225,39.849,2.9337,0.50298,0.12705,0.050622,1.2709,-0.10719,0.052577
277.7,-27.276,39.847,2.9387,0.4995,0.12007,0.050213,1.2709,-0.10719,0.052577
277.8,-27.327,39.845,2.9437,0.49607,0.1133,0.049884,1.2709,-0.10719,0.052577
277.9,-27.378,39.844,2.9487,0.4927,0.10675,0.049634,1.2709,-0.10719,0.052577
278,-27.428,39.843,2.9537,0.48937,0.10039,0.049461,1.2709,-0.10719,0.052577
278.1,-27.478,39.843,2.9586,0.4861,0.094216,0.049365,1.2709,-0.10719,0.052577
278.2,-27.527,39.843,2.9635,0.48288,0.088222,0.049342,1.2709,-0.10719,0.052577
278.3,-27.576,39.843,2.9685,0.4797,0.082397,0.049393,1.2709,-0.10719,0.052577
278.4,-27.625,39.843,2.9734,0.47658,0.076734,0.049515,1.2709,-0.10719,0.052577
278.5,-27.673,39.843,2.9784,0.47351,0.071225,0.049708,1.2709,-0.10719,0.052577
278.6,-27.72,39.844,2.9834,0.47049,0.065862,0.049968,1.2709,-0.10719,0.052577
278.7,-27.768,39.845,2.9884,0.46752,0.06064,0.050294,1.2709,-0.10719,0.052577
278.8,-27.815,39.846,2.9934,0.46459,0.055552,0.050685,1.2709,-0.10719,0.052577
278.9,-27.861,39.848,2.9985,0.46171,0.050594,0.051139,1.2709,-0.10719,0.052577
279,-27.907,39.85,3.0036,0.45888,0.045759,0.051652,1.2709,-0.10719,0.052577
279.1,-27.953,39.851,3.0088,0.4561,0.041045,0.052224,1.2709,-0.10719,0.052577
279.2,-27.999,39.854,3.0141,0.45336,0.036446,0.052852,1.2709,-0.10719,0.052577
279.3,-28.044,39.856,3.0194,0.45066,0.031959,0.053534,1.2709,-0.10719,0.052577
279.4,-28.089,39.858,3.0248,0.44801,0.027581,0.054267,1.2709,-0.10719,0.052577
279.5,-28.134,39.861,3.0303,0.44539,0.023308,0.055048,1.2709,-0.10719,0.052577
279.6,-28.178,39.863,3.0358,0.44282,0.019139,0.055875,1.2709,-0.10719,0.052577
279.7,-28.222,39.866,3.0414,0.44029,0.01507,0.056746,1.2709,-0.10719,0.052577
279.8,-28.266,39.869,3.0472,0.43779,0.011099,0.057656,1.2709,-0.10719,0.052577
279.9,-28.31,39.872,3.053,0.43534,0.0072248,0.058604,1.2709,-0.10719,0.052577
280,-28.353,39.875,3.0589,0.43291,0.0034454,0.059587,1.2709,-0.10719,0.052577
280.1,-28.396,39.879,3.0649,0.43053,-0.00024077,0.0606,1.2709,-0.10719,0.052577
280.2,-28.439,39.882,3.071,0.42817,-0.0038607,0.061613,1.2709,-0.10719,0.052577
280.3,-28.481,39.886,3.0772,0.42585,-0.0074344,0.062599,1.2709,-0.10719,0.052577
280.4,-28.524,39.889,3.0835,0.42356,-0.010961,0.063554,1.2709,-0.10719,0.052577
280.5,-28.566,39.893,3.0899,0.4213,-0.01444,0.064474,1.2709,-0.10719,0.052577
280.6,-28.608,39.896,3.0964,0.41907,-0.01787,0.065354,1.2709,-0.10719,0.052577
280.7,-28.649,39.9,3.103,0.41687,-0.021249,0.066193,3.3092,-8.1052e-16,3.8047e-16
280.8,-28.691,39.904,3.1096,0.41924,-0.024116,0.065572,3.3092,-8.1052e-16,3.8047e-16
280.9,-28.733,39.908,3.1161,0.42154,-0.026902,0.065043,3.3092,-8.1052e-16,3.8047e-16
281,-28.775,39.911,3.1226,0.42378,-0.029614,0.064597,3.3092,-8.1052e-16,3.8047e-16
281.1,-28.818,39.915,3.129,0.42596,-0.032259,0.064229,3.3092,-8.1052e-16,3.8047e-16
281.2,-28.86,39.919,3.1354,0.42807,-0.034843,0.06393,3.3092,-8.1052e-16,3.8047e-16
281.3,-28.903,39.923,3.1418,0.43013,-0.03737,0.063696,3.3092,-8.1052e-16,3.8047e-16
281.4,-28.946,39.926,3.1482,0.43212,-0.039846,0.063522,3.3092,-8.1052e-16,3.8047e-16
281.5,-28.99,39.93,3.1545,0.43406,-0.042274,0.063402,3.3092,-8.1052e-16,3.8047e-16
281.6,-29.033,39.934,3.1609,0.43595,-0.044659,0.063333,3.3092,-8.1052e-16,3.8047e-16
281.7,-29.077,39.937,3.1672,0.43778,-0.047004,0.06331,3.3092,-8.1052e-16,3.8047e-16
281.8,-29.121,39.941,3.1735,0.43955,-0.049312,0.06333,3.3092,-8.1052e-16,3.8047e-16
281.9,-29.165,39.944,3.1799,0.44128,-0.051586,0.063388,3.3092,-8.1052e-16,3.8047e-16
282,-29.21,39.948,3.1862,0.44295,-0.05383,0.063483,3.3092,-8.1052e-16,3.8047e-16
282.1,-29.254,39.951,3.1926,0.44457,-0.056045,0.06361,3.3092,-8.1052e-16,3.8047e-16
282.2,-29.299,39.954,3.1989,0.44615,-0.058234,0.063767,3.3092,-8.1052e-16,3.8047e-16
282.3,-29.344,39.958,3.2053,0.44767,-0.060399,0.063951,3.3092,-8.1052e-16,3.8047e-16
282.4,-29.389,39.961,3.2117,0.44915,-0.062541,0.06416,3.3092,-8.1052e-16,3.8047e-16
282.5,-29.434,39.964,3.2182,0.45058,-0.064663,0.064391,3.3092,-8.1052e-16,3.8047e-16
282.6,-29.48,39.967,3.2246,0.45197,-0.066765,0.064642,3.3092,-8.1052e-16,3.8047e-16
282.7,-29.526,39.97,3.2311,0.45331,-0.06885,0.064911,3.3092,-8.1052e-16,3.8047e-16
282.8,-29.571,39.972,3.2376,0.45461,-0.070918,0.065196,3.3092,-8.1052e-16,3.8047e-16
282.9,-29.618,39.975,3.2441,0.45587,-0.07297,0.065494,3.3092,-8.1052e-16,3.8047e-16
283,-29.664,39.978,3.2507,0.45709,-0.075007,0.065805,3.3092,-8.1052e-16,3.8047e-16
283.1,-29.71,39.98,3.2573,0.45826,-0.077031,0.066126,3.3092,-8.1052e-16,3.8047e-16
283.2,-29.756,39.982,3.2639,0.45939,-0.079042,0.066455,3.3092,-8.1052e-16,3.8047e-16
283.3,-29.803,39.984,3.2706,0.46049,-0.08104,0.066791,3.3092,-8.1052e-16,3.8047e-16
283.4,-29.85,39.986,3.2773,0.46154,-0.083026,0.067133,3.3092,-8.1052e-16,3.8047e-16
283.5,-29.897,39.988,3.284,0.46256,-0.085,0.067479,3.3092,-8.1052e-16,3.8047e-16
283.6,-29.944,39.99,3.2908,0.46354,-0.086963,0.067828,3.3092,-8.1052e-16,3.8047e-16
283.7,-29.991,39.992,3.2976,0.46449,-0.088915,0.068177,3.3092,-8.1052e-16,3.8047e-16
283.8,-30.038,39.993,3.3044,0.46539,-0.090856,0.068527,3.3092,-8.1052e-16,3.8047e-16
283.9,-30.086,39.995,3.3113,0.46627,-0.092786,0.068876,3.3092,-8.1052e-16,3.8047e-16
284,-30.133,39.996,3.3182,0.46711,-0.094706,0.069223,3.3092,-8.1052e-16,3.8047e-16
284.1,-30.181,39.997,3.3251,0.46791,-0.096614,0.069566,3.3092,-8.1052e-16,3.8047e-16
284.2,-30.229,39.998,3.3321,0.46869,-0.098512,0.069906,3.3092,-8.1052e-16,3.8047e-16
284.3,-30.277,39.998,3.3391,0.46943,-0.1004,0.07024,3.3092,-8.1052e-16,3.8047e-16
284.4,-30.325,39.999,3.3461,0.47014,-0.10228,0.070568,3.3092,-8.1052e-16,3.8047e-16
284.5,-30.373,39.999,3.3532,0.47082,-0.10414,0.07089,3.3092,-8.1052e-16,3.8047e-16
284.6,-30.421,40,3.3603,0.47147,-0.10599,0.071204,3.3092,-8.1052e-16,3.8047e-16
284.7,-30.47,40,3.3674,0.47209,-0.10784,0.07151,3.3092,-8.1052e-16,3.8047e-16
284.8,-30.518,39.999,3.3746,0.47268,-0.10966,0.071807,3.3092,-8.1052e-16,3.8047e-16
284.9,-30.567,39.999,3.3818,0.47324,-0.11148,0.072095,3.3092,-8.1052e-16,3.8047e-16
285,-30.616,39.999,3.389,0.47378,-0.11329,0.072373,3.3092,-8.1052e-16,3.8047e-16
285.1,-30.664,39.998,3.3963,0.47429,-0.11508,0.072641,3.3092,-8.1052e-16,3.8047e-16
285.2,-30.713,39.997,3.4036,0.47478,-0.11686,0.072898,3.3092,-8.1052e-16,3.8047e-16
285.3,-30.762,39.996,3.4109,0.47524,-0.11862,0.073144,3.3092,-8.1052e-16,3.8047e-16
285.4,-30.811,39.995,3.4182,0.47567,-0.12037,0.073378,3.3092,-8.1052e-16,3.8047e-16
285.5,-30.86,39.993,3.4255,0.47609,-0.12211,0.073601,3.3092,-8.1052e-16,3.8047e-16
285.6,-30.909,39.991,3.4329,0.47648,-0.12383,0.073812,3.3092,-8.1052e-16,3.8047e-16
285.7,-30.959,39.989,3.4403,0.47684,-0.12554,0.074011,3.3092,-8.1052e-16,3.8047e-16
285.8,-31.008,39.987,3.4477,0.47719,-0.12723,0.074197,3.3092,-8.1052e-16,3.8047e-16
285.9,-31.057,39.985,3.4551,0.47752,-0.1289,0.074371,3.3092,-8.1052e-16,3.8047e-16
286,-31.107,39.982,3.4626,0.47782,-0.13056,0.074532,3.3092,-8.1052e-16,3.8047e-16
286.1,-31.156,39.98,3.47,0.47811,-0.1322,0.074681,3.3092,-8.1052e-16,3.8047e-16
286.2,-31.206,39.977,3.4775,0.47837,-0.13383,0.074818,3.3092,-8.1052e-16,3.8047e-16
286.3,-31.255,39.973,3.485,0.47862,-0.13543,0.074942,3.3092,-8.1052e-16,3.8047e-16
286.4,-31.305,39.97,3.4925,0.47885,-0.13702,0.075053,3.3092,-8.1052e-16,3.8047e-16
286.5,-31.355,39.966,3.5,0.47907,-0.1386,0.075152,3.3092,-8.1052e-16,3.8047e-16
286.6,-31.404,39.962,3.5075,0.47927,-0.14015,0.075238,3.3092,-8.1052e-16,3.8047e-16
286.7,-31.454,39.958,3.5151,0.47945,-0.14169,0.075313,3.3092,-8.1052e-16,3.8047e-16
286.8,-31.504,39.954,3.5226,0.47961,-0.1432,0.075375,3.3092,-8.1052e-16,3.8047e-16
286.9,-31.554,39.949,3.5301,0.47977,-0.1447,0.075425,3.3092,-8.1052e-16,3.8047e-16
287,-31.604,39.944,3.5377,0.47991,-0.14618,0.075464,3.3092,-8.1052e-16,3.8047e-16
287.1,-31.654,39.939,3.5452,0.48003,-0.14764,0.075491,3.3092,-8.1052e-16,3.8047e-16
287.2,-31.704,39.933,3.5528,0.48014,-0.14908,0.075506,3.3092,-8.1052e-16,3.8047e-16
287.3,-31.754,39.928,3.5603,0.48024,-0.15049,0.075511,3.3092,-8.1052e-16,3.8047e-16
287.4,-31.804,39.922,3.5679,0.48033,-0.15189,0.075504,3.3092,-8.1052e-16,3.8047e-16
287.5,-31.854,39.916,3.5754,0.48041,-0.15327,0.075487,3.3092,-8.1052e-16,3.8047e-16
287.6,-31.904,39.909,3.583,0.48047,-0.15463,0.07546,3.3092,-8.1052e-16,3.8047e-16
287.7,-31.954,39.903,3.5905,0.48053,-0.15597,0.075422,3.3092,-8.1052e-16,3.8047e-16
287.8,-32.004,39.896,3.5981,0.48058,-0.15729,0.075375,3.3092,-8.1052e-16,3.8047e-16
287.9,-32.054,39.888,3.6056,0.48061,-0.15858,0.075318,3.3092,-8.1052e-16,3.8047e-16
288,-32.104,39.881,3.6131,0.48064,-0.15986,0.075252,3.3092,-8.1052e-16,3.8047e-16
288.1,-32.154,39.873,3.6207,0.48066,-0.16112,0.075177,3.3092,-8.1052e-16,3.8047e-16
288.2,-32.204,39.865,3.6282,0.48068,-0.16235,0.075093,3.3092,-8.1052e-16,3.8047e-16
288.3,-32.254,39.857,3.6357,0.48068,-0.16356,0.075001,3.3092,-8.1052e-16,3.8047e-16
288.4,-32.304,39.848,3.6432,0.48068,-0.16476,0.074901,3.3092,-8.1052e-16,3.8047e-16
288.5,-32.354,39.84,3.6506,0.48067,-0.16593,0.074793,3.3092,-8.1052e-16,3.8047e-16
288.6,-32.404,39.831,3.6581,0.48066,-0.16708,0.074678,3.3092,-8.1052e-16,3.8047e-16
288.7,-32.454,39.821,3.6656,0.48064,-0.16821,0.074555,3.3092,-8.1052e-16,3.8047e-16
288.8,-32.504,39.812,3.673,0.48062,-0.16932,0.074426,3.3092,-8.1052e-16,3.8047e-16
288.9,-32.554,39.802,3.6805,0.48059,-0.17041,0.07429,3.3092,-8.1052e-16,3.8047e-16
289,-32.604,39.792,3.6879,0.48055,-0.17148,0.074148,3.3092,-8.1052e-16,3.8047e-16
289.1,-32.654,39.781,3.6953,0.48052,-0.17253,0.074,3.3092,-8.1052e-16,3.8047e-16
289.2,-32.704,39.77,3.7027,0.48048,-0.17356,0.073846,3.3092,-8.1052e-16,3.8047e-16
289.3,-32.754,39.759,3.7101,0.48043,-0.17457,0.073687,3.3092,-8.1052e-16,3.8047e-16
289.4,-32.804,39.748,3.7174,0.48038,-0.17556,0.073523,3.3092,-8.1052e-16,3.8047e-16
289.5,-32.854,39.737,3.7248,0.48033,-0.17653,0.073354,3.3092,-8.1052e-16,3.8047e-16
289.6,-32.904,39.725,3.7321,0.48028,-0.17747,0.073181,3.3092,-8.1052e-16,3.8047e-16
289.7,-32.953,39.713,3.7394,0.48022,-0.1784,0.073004,3.3092,-8.1052e-16,3.8047e-16
289.8,-33.003,39.7,3.7467,0.48016,-0.17931,0.072822,3.3092,-8.1052e-16,3.8047e-16
289.9,-33.053,39.687,3.754,0.4801,-0.1802,0.072637,3.3092,-8.1052e-16,3.8047e-16
290,-33.102,39.674,3.7612,0.48004,-0.18108,0.072449,3.3092,-8.1052e-16,3.8047e-16
290.1,-33.152,39.661,3.7685,0.47998,-0.18193,0.072258,3.3092,-8.1052e-16,3.8047e-16
290.2,-33.202,39.648,3.7757,0.47992,-0.18276,0.072063,3.3092,-8.1052e-16,3.8047e-16
290.3,-33.251,39.634,3.7829,0.47985,-0.18358,0.071866,3.3092,-8.1052e-16,3.8047e-16
290.4,-33.3,39.62,3.7901,0.47979,-0.18438,0.071667,3.3092,-8.1052e-16,3.8047e-16
290.5,-33.35,39.605,3.7972,0.47972,-0.18515,0.071466,3.3092,-8.1052e-16,3.8047e-16
290.6,-33.399,39.59,3.8043,0.47965,-0.18592,0.071262,3.3092,-8.1052e-16,3.8047e-16
290.7,-33.448,39.575,3.8115,0.47959,-0.18666,0.071057,3.3092,-8.1052e-16,3.8047e-16
290.8,-33.497,39.56,3.8186,0.47952,-0.18739,0.070851,3.3092,-8.1052e-16,3.8047e-16
290.9,-33.547,39.545,3.8256,0.47946,-0.1881,0.070643,3.3092,-8.1052e-16,3.8047e-16
291,-33.596,39.529,3.8327,0.47939,-0.18879,0.070434,3.3092,-8.1052e-16,3.8047e-16
291.1,-33.644,39.513,3.8397,0.47933,-0.18947,0.070225,3.3092,-8.1052e-16,3.8047e-16
291.2,-33.693,39.496,3.8467,0.47926,-0.19012,0.070014,3.3092,-8.1052e-16,3.8047e-16
291.3,-33.742,39.479,3.8537,0.4792,-0.19077,0.069803,3.3092,-8.1052e-16,3.8047e-16
291.4,-33.791,39.462,3.8607,0.47913,-0.1914,0.069592,3.3092,-8.1052e-16,3.8047e-16
291.5,-33.839,39.445,3.8676,0.47907,-0.19201,0.069381,0.78532,-0.037806,0.018544
291.6,-33.888,39.428,3.8746,0.47339,-0.19274,0.069605,0.78532,-0.037806,0.018544
291.7,-33.936,39.41,3.8816,0.46783,-0.19343,0.069659,0.78532,-0.037806,0.018544
291.8,-33.983,39.393,3.8885,0.46239,-0.19405,0.069556,0.78532,-0.037806,0.018544
291.9,-34.03,39.376,3.8955,0.45708,-0.19461,0.069309,0.78532,-0.037806,0.018544
292,-34.076,39.359,3.9024,0.4519,-0.19511,0.068931,0.78532,-0.037806,0.018544
292.1,-34.122,39.342,3.9092,0.44683,-0.19554,0.068434,0.78532,-0.037806,0.018544
292.2,-34.168,39.325,3.9161,0.44188,-0.1959,0.06783,0.78532,-0.037806,0.018544
292.3,-34.213,39.308,3.9228,0.43706,-0.19619,0.067129,0.78532,-0.037806,0.018544
292.4,-34.257,39.291,3.9295,0.43234,-0.19641,0.066343,0.78532,-0.037806,0.018544
292.5,-34.302,39.275,3.9361,0.42775,-0.19656,0.06548,0.78532,-0.037806,0.018544
292.6,-34.345,39.258,3.9426,0.42326,-0.19664,0.064551,0.78532,-0.037806,0.018544
292.7,-34.389,39.241,3.949,0.41889,-0.19665,0.063563,0.78532,-0.037806,0.018544
292.8,-34.432,39.224,3.9553,0.41463,-0.1966,0.062525,0.78532,-0.037806,0.018544
292.9,-34.474,39.208,3.9615,0.41047,-0.19647,0.061444,0.78532,-0.037806,0.018544
293,-34.516,39.191,3.9676,0.40642,-0.19629,0.060326,0.78532,-0.037806,0.018544
293.1,-34.558,39.175,3.9735,0.40248,-0.19604,0.059177,0.78532,-0.037806,0.018544
293.2,-34.6,39.158,3.9794,0.39863,-0.19572,0.058004,0.78532,-0.037806,0.018544
293.3,-34.641,39.142,3.9851,0.39489,-0.19535,0.056811,0.78532,-0.037806,0.018544
293.4,-34.681,39.125,3.9908,0.39124,-0.19492,0.055603,0.78532,-0.037806,0.018544
293.5,-34.722,39.109,3.9963,0.38769,-0.19443,0.054384,0.78532,-0.037806,0.018544
293.6,-34.762,39.092,4.0016,0.38423,-0.19389,0.053158,0.78532,-0.037806,0.018544
293.7,-34.801,39.076,4.0069,0.38087,-0.1933,0.051929,0.78532,-0.037806,0.018544
293.8,-34.84,39.059,4.012,0.37759,-0.19265,0.050698,0.78532,-0.037806,0.018544
293.9,-34.879,39.043,4.017,0.3744,-0.19197,0.049471,0.78532,-0.037806,0.018544
294,-34.918,39.026,4.0219,0.37129,-0.19123,0.048248,0.78532,-0.037806,0.018544
294.1,-34.956,39.01,4.0267,0.36827,-0.19045,0.047032,0.78532,-0.037806,0.018544
294.2,-34.994,38.993,4.0313,0.36533,-0.18963,0.045825,0.78532,-0.037806,0.018544
294.3,-35.032,38.977,4.0359,0.36247,-0.18877,0.044629,0.78532,-0.037806,0.018544
294.4,-35.069,38.961,4.0403,0.35968,-0.18787,0.043446,0.78532,-0.037806,0.018544
294.5,-35.106,38.944,4.0445,0.35697,-0.18694,0.042276,0.78532,-0.037806,0.018544
294.6,-35.142,38.928,4.0487,0.35433,-0.18597,0.041122,0.78532,-0.037806,0.018544
294.7,-35.179,38.911,4.0528,0.35176,-0.18497,0.039984,0.78532,-0.037806,0.018544
294.8,-35.215,38.895,4.0567,0.34927,-0.18394,0.038864,0.78532,-0.037806,0.018544
294.9,-35.25,38.878,4.0605,0.34683,-0.18289,0.037762,0.78532,-0.037806,0.018544
295,-35.286,38.862,4.0643,0.34447,-0.1818,0.036678,0.78532,-0.037806,0.018544
295.1,-35.321,38.845,4.0679,0.34216,-0.18069,0.035615,0.78532,-0.037806,0.018544
295.2,-35.356,38.829,4.0714,0.33992,-0.17955,0.034571,0.78532,-0.037806,0.018544
295.3,-35.39,38.812,4.0748,0.33774,-0.17839,0.033549,0.78532,-0.037806,0.018544
295.4,-35.425,38.796,4.0781,0.33562,-0.17721,0.032547,0.78532,-0.037806,0.018544
295.5,-35.459,38.779,4.0813,0.33355,-0.17601,0.031567,0.78532,-0.037806,0.018544
295.6,-35.493,38.763,4.0844,0.33154,-0.1748,0.030608,0.78532,-0.037806,0.018544
295.7,-35.526,38.746,4.0874,0.32958,-0.17356,0.029671,0.78532,-0.037806,0.018544
295.8,-35.559,38.73,4.0903,0.32767,-0.17231,0.028757,0.78532,-0.037806,0.018544
295.9,-35.592,38.713,4.0932,0.32581,-0.17104,0.027864,0.78532,-0.037806,0.018544
296,-35.625,38.696,4.0959,0.324,-0.16976,0.026994,0.78532,-0.037806,0.018544
296.1,-35.657,38.68,4.0986,0.32224,-0.16846,0.026147,0.78532,-0.037806,0.018544
296.2,-35.69,38.663,4.1012,0.32052,-0.16716,0.025321,0.78532,-0.037806,0.018544
296.3,-35.722,38.646,4.1036,0.31885,-0.16584,0.024518,0.78532,-0.037806,0.018544
296.4,-35.753,38.63,4.1061,0.31722,-0.16451,0.023738,0.78532,-0.037806,0.018544
296.5,-35.785,38.613,4.1084,0.31563,-0.16318,0.022979,0.78532,-0.037806,0.018544
296.6,-35.816,38.596,4.1107,0.31409,-0.16183,0.022243,0.78532,-0.037806,0.018544
296.7,-35.847,38.58,4.1128,0.31258,-0.16048,0.021529,0.78532,-0.037806,0.018544
296.8,-35.878,38.563,4.115,0.31111,-0.15912,0.020837,0.78532,-0.037806,0.018544
296.9,-35.908,38.546,4.117,0.30967,-0.15776,0.020167,0.78532,-0.037806,0.018544
297,-35.939,38.529,4.119,0.30827,-0.15639,0.019518,0.78532,-0.037806,0.018544
297.1,-35.969,38.512,4.1209,0.30691,-0.15502,0.018891,0.78532,-0.037806,0.018544
297.2,-35.999,38.496,4.1228,0.30558,-0.15364,0.018285,0.78532,-0.037806,0.018544
297.3,-36.028,38.479,4.1246,0.30428,-0.15226,0.017701,0.78532,-0.037806,0.018544
297.4,-36.058,38.462,4.1263,0.30301,-0.15088,0.017137,0.78532,-0.037806,0.018544
297.5,-36.087,38.445,4.128,0.30177,-0.1495,0.016594,0.78532,-0.037806,0.018544
297.6,-36.116,38.428,4.1296,0.30056,-0.14811,0.016072,0.78532,-0.037806,0.018544
297.7,-36.145,38.411,4.1312,0.29939,-0.14673,0.01557,0.78532,-0.037806,0.018544
297.8,-36.173,38.394,4.1327,0.29823,-0.14534,0.015088,0.78532,-0.037806,0.018544
297.9,-36.202,38.377,4.1342,0.29711,-0.14396,0.014626,0.78532,-0.037806,0.018544
298,-36.23,38.36,4.1357,0.29601,-0.14258,0.014184,0.78532,-0.037806,0.018544
298.1,-36.258,38.343,4.1371,0.29493,-0.1412,0.013761,0.78532,-0.037806,0.018544
298.2,-36.286,38.326,4.1384,0.29388,-0.13982,0.013357,0.78532,-0.037806,0.018544
298.3,-36.313,38.309,4.1397,0.29285,-0.13845,0.012972,0.78532,-0.037806,0.018544
298.4,-36.341,38.292,4.141,0.29185,-0.13708,0.012606,0.78532,-0.037806,0.018544
298.5,-36.368,38.274,4.1423,0.29087,-0.13571,0.012258,0.78532,-0.037806,0.018544
298.6,-36.395,38.257,4.1435,0.2899,-0.13435,0.011928,0.78532,-0.037806,0.018544
298.7,-36.422,38.24,4.1446,0.28896,-0.13299,0.011616,0.78532,-0.037806,0.018544
298.8,-36.448,38.223,4.1458,0.28804,-0.13164,0.011321,0.78532,-0.037806,0.018544
298.9,-36.475,38.206,4.1469,0.28714,-0.13029,0.011044,0.78532,-0.037806,0.018544
299,-36.501,38.188,4.148,0.28626,-0.12895,0.010784,0.78532,-0.037806,0.018544
299.1,-36.527,38.171,4.1491,0.28539,-0.12761,0.01054,0.78532,-0.037806,0.018544
299.2,-36.553,38.154,4.1501,0.28454,-0.12629,0.010313,0.78532,-0.037806,0.018544
299.3,-36.579,38.136,4.1511,0.28371,-0.12497,0.010102,0.78532,-0.037806,0.018544
299.4,-36.605,38.119,4.1521,0.2829,-0.12365,0.0099073,0.78532,-0.037806,0.018544
299.5,-36.63,38.102,4.1531,0.2821,-0.12235,0.0097278,0.78532,-0.037806,0.018544
299.6,-36.655,38.084,4.1541,0.28131,-0.12105,0.0095635,0.78532,-0.037806,0.018544
299.7,-36.68,38.067,4.155,0.28055,-0.11976,0.0094141,0.78532,-0.037806,0.018544
299.8,-36.705,38.049,4.156,0.27979,-0.11849,0.0092794,0.78532,-0.037806,0.018544
299.9,-36.73,38.032,4.1569,0.27905,-0.11722,0.009159,0.78532,-0.037806,0.018544
300,-36.755,38.014,4.1578,0.27833,-0.11596,0.0090526,0.78532,-0.037806,0.018544
300.1,-36.779,37.997,4.1587,0.27761,-0.11471,0.0089599,4.3678,-1.0698e-15,5.1459e-16
300.2,-36.804,37.979,4.1596,0.28492,-0.11331,0.0083995,4.3678,-1.0698e-15,5.1459e-16
300.3,-36.828,37.96,4.1604,0.29213,-0.11194,0.0079346,4.3678,-1.0698e-15,5.1459e-16
300.4,-36.853,37.941,4.1612,0.29922,-0.11058,0.0075598,4.3678,-1.0698e-15,5.1459e-16
300.5,-36.879,37.921,4.1619,0.3062,-0.10925,0.0072705,4.3678,-1.0698e-15,5.1459e-16
300.6,-36.904,37.9,4.1626,0.31306,-0.10793,0.0070624,4.3678,-1.0698e-15,5.1459e-16
300.7,-36.93,37.878,4.1633,0.31982,-0.10663,0.0069319,4.3678,-1.0698e-15,5.1459e-16
300.8,-36.956,37.856,4.164,0.32645,-0.10536,0.0068758,4.3678,-1.0698e-15,5.1459e-16
300.9,-36.982,37.834,4.1647,0.33298,-0.10411,0.0068911,4.3678,-1.0698e-15,5.1459e-16
301,-37.008,37.81,4.1654,0.33938,-0.10289,0.0069753,4.3678,-1.0698e-15,5.1459e-16
301.1,-37.035,37.786,4.1661,0.34567,-0.10169,0.0071261,4.3678,-1.0698e-15,5.1459e-16
301.2,-37.061,37.762,4.1668,0.35184,-0.10052,0.0073416,4.3678,-1.0698e-15,5.1459e-16
301.3,-37.088,37.737,4.1676,0.3579,-0.099378,0.0076199,4.3678,-1.0698e-15,5.1459e-16
301.4,-37.115,37.711,4.1683,0.36384,-0.098268,0.0079596,4.3678,-1.0698e-15,5.1459e-16
301.5,-37.143,37.685,4.1691,0.36966,-0.09719,0.0083592,4.3678,-1.0698e-15,5.1459e-16
301.6,-37.17,37.658,4.17,0.37537,-0.096146,0.0088176,4.3678,-1.0698e-15,5.1459e-16
301.7,-37.198,37.63,4.1709,0.38096,-0.095139,0.0093335,4.3678,-1.0698e-15,5.1459e-16
301.8,-37.226,37.602,4.1719,0.38644,-0.09417,0.0099061,4.3678,-1.0698e-15,5.1459e-16
301.9,-37.254,37.574,4.1729,0.3918,-0.093241,0.010535,4.3678,-1.0698e-15,5.1459e-16
302,-37.282,37.545,4.174,0.39706,-0.092355,0.011218,4.3678,-1.0698e-15,5.1459e-16
302.1,-37.31,37.515,4.1751,0.4022,-0.091513,0.011955,4.3678,-1.0698e-15,5.1459e-16
302.2,-37.339,37.485,4.1764,0.40722,-0.090718,0.012747,4.3678,-1.0698e-15,5.1459e-16
302.3,-37.368,37.454,4.1777,0.41214,-0.089971,0.013591,4.3678,-1.0698e-15,5.1459e-16
302.4,-37.396,37.423,4.1791,0.41695,-0.089275,0.014487,4.3678,-1.0698e-15,5.1459e-16
302.5,-37.425,37.392,4.1806,0.42165,-0.088633,0.015435,4.3678,-1.0698e-15,5.1459e-16
302.6,-37.454,37.359,4.1822,0.42624,-0.088046,0.016434,4.3678,-1.0698e-15,5.1459e-16
302.7,-37.484,37.327,4.1839,0.43073,-0.087517,0.017483,4.3678,-1.0698e-15,5.1459e-16
302.8,-37.513,37.294,4.1857,0.43511,-0.087048,0.018581,4.3678,-1.0698e-15,5.1459e-16
302.9,-37.542,37.26,4.1876,0.43939,-0.086641,0.019729,4.3678,-1.0698e-15,5.1459e-16
303,-37.572,37.227,4.1896,0.44356,-0.086299,0.020923,4.3678,-1.0698e-15,5.1459e-16
303.1,-37.602,37.192,4.1918,0.44764,-0.086024,0.022165,4.3678,-1.0698e-15,5.1459e-16
303.2,-37.631,37.157,4.1941,0.45161,-0.085817,0.023453,4.3678,-1.0698e-15,5.1459e-16
303.3,-37.661,37.122,4.1965,0.45549,-0.085682,0.024784,4.3678,-1.0698e-15,5.1459e-16
303.4,-37.691,37.087,4.199,0.45927,-0.085619,0.026159,4.3678,-1.0698e-15,5.1459e-16
303.5,-37.721,37.051,4.2017,0.46295,-0.085632,0.027576,4.3678,-1.0698e-15,5.1459e-16
303.6,-37.752,37.014,4.2045,0.46654,-0.085721,0.029032,4.3678,-1.0698e-15,5.1459e-16
303.7,-37.782,36.977,4.2075,0.47004,-0.08589,0.030527,4.3678,-1.0698e-15,5.1459e-16
303.8,-37.812,36.94,4.2106,0.47344,-0.086138,0.032058,4.3678,-1.0698e-15,5.1459e-16
303.9,-37.842,36.903,4.2139,0.47675,-0.086469,0.033623,4.3678,-1.0698e-15,5.1459e-16
304,-37.873,36.865,4.2174,0.47997,-0.086883,0.03522,4.3678,-1.0698e-15,5.1459e-16
304.1,-37.903,36.826,4.221,0.48311,-0.087381,0.036846,4.3678,-1.0698e-15,5.1459e-16
304.2,-37.934,36.788,4.2247,0.48616,-0.087965,0.038499,4.3678,-1.0698e-15,5.1459e-16
304.3,-37.964,36.749,4.2287,0.48912,-0.088635,0.040177,4.3678,-1.0698e-15,5.1459e-16
304.4,-37.995,36.709,4.2328,0.49199,-0.089393,0.041875,4.3678,-1.0698e-15,5.1459e-16
304.5,-38.026,36.67,4.2371,0.49478,-0.090238,0.043591,4.3678,-1.0698e-15,5.1459e-16
304.6,-38.056,36.63,4.2415,0.49749,-0.091172,0.045322,4.3678,-1.0698e-15,5.1459e-16
304.7,-38.087,36.589,4.2461,0.50012,-0.092193,0.047065,4.3678,-1.0698e-15,5.1459e-16
304.8,-38.118,36.549,4.2509,0.50266,-0.093302,0.048817,4.3678,-1.0698e-15,5.1459e-16
304.9,-38.149,36.508,4.2559,0.50513,-0.094499,0.050573,4.3678,-1.0698e-15,5.1459e-16
305,-38.179,36.466,4.261,0.50752,-0.095782,0.05233,4.3678,-1.0698e-15,5.1459e-16
305.1,-38.21,36.425,4.2663,0.50983,-0.097151,0.054085,4.3678,-1.0698e-15,5.1459e-16
305.2,-38.241,36.383,4.2718,0.51206,-0.098605,0.055834,4.3678,-1.0698e-15,5.1459e-16
305.3,-38.272,36.34,4.2775,0.51422,-0.10014,0.057574,4.3678,-1.0698e-15,5.1459e-16
305.4,-38.302,36.298,4.2834,0.51631,-0.10176,0.059302,4.3678,-1.0698e-15,5.1459e-16
305.5,-38.333,36.255,4.2894,0.51832,-0.10346,0.061013,4.3678,-1.0698e-15,5.1459e-16
305.6,-38.364,36.212,4.2956,0.52025,-0.10524,0.062704,4.3678,-1.0698e-15,5.1459e-16
305.7,-38.394,36.168,4.3019,0.52212,-0.10709,0.064373,4.3678,-1.0698e-15,5.1459e-16
305.8,-38.425,36.125,4.3084,0.52391,-0.10902,0.066015,4.3678,-1.0698e-15,5.1459e-16
305.9,-38.456,36.081,4.3151,0.52564,-0.11101,0.067629,4.3678,-1.0698e-15,5.1459e-16
306,-38.486,36.036,4.322,0.52729,-0.11308,0.069211,4.3678,-1.0698e-15,5.1459e-16
306.1,-38.517,35.992,4.329,0.52888,-0.11521,0.070758,4.3678,-1.0698e-15,5.1459e-16
306.2,-38.547,35.947,4.3361,0.53041,-0.1174,0.072268,4.3678,-1.0698e-15,5.1459e-16
306.3,-38.577,35.902,4.3434,0.53186,-0.11964,0.073738,4.3678,-1.0698e-15,5.1459e-16
306.4,-38.608,35.856,4.3509,0.53325,-0.12195,0.075167,4.3678,-1.0698e-15,5.1459e-16
306.5,-38.638,35.811,4.3584,0.53458,-0.1243,0.076553,4.3678,-1.0698e-15,5.1459e-16
306.6,-38.668,35.765,4.3662,0.53585,-0.12671,0.077893,4.3678,-1.0698e-15,5.1459e-16
306.7,-38.698,35.718,4.374,0.53705,-0.12915,0.079186,4.3678,-1.0698e-15,5.1459e-16
306.8,-38.728,35.672,4.382,0.53819,-0.13164,0.080432,4.3678,-1.0698e-15,5.1459e-16
306.9,-38.758,35.625,4.3901,0.53928,-0.13417,0.081628,4.3678,-1.0698e-15,5.1459e-16
307,-38.788,35.578,4.3983,0.5403,-0.13673,0.082774,4.3678,-1.0698e-15,5.1459e-16
307.1,-38.817,35.531,4.4067,0.54127,-0.13932,0.083869,4.3678,-1.0698e-15,5.1459e-16
307.2,-38.847,35.483,4.4151,0.54219,-0.14193,0.084913,4.3678,-1.0698e-15,5.1459e-16
307.3,-38.876,35.435,4.4236,0.54305,-0.14457,0.085904,4.3678,-1.0698e-15,5.1459e-16
307.4,-38.906,35.387,4.4323,0.54386,-0.14722,0.086844,4.3678,-1.0698e-15,5.1459e-16
307.5,-38.935,35.339,4.441,0.54461,-0.1499,0.087732,4.3678,-1.0698e-15,5.1459e-16
307.6,-38.964,35.29,4.4498,0.54532,-0.15258,0.088568,4.3678,-1.0698e-15,5.1459e-16
307.7,-38.992,35.242,4.4587,0.54598,-0.15527,0.089353,4.3678,-1.0698e-15,5.1459e-16
307.8,-39.021,35.193,4.4677,0.54659,-0.15797,0.090086,4.3678,-1.0698e-15,5.1459e-16
307.9,-39.05,35.143,4.4767,0.54716,-0.16067,0.090768,4.3678,-1.0698e-15,5.1459e-16
308,-39.078,35.094,4.4858,0.54768,-0.16338,0.091401,4.3678,-1.0698e-15,5.1459e-16
308.1,-39.106,35.044,4.495,0.54816,-0.16607,0.091984,4.3678,-1.0698e-15,5.1459e-16
308.2,-39.134,34.994,4.5042,0.54859,-0.16877,0.092518,4.3678,-1.0698e-15,5.1459e-16
308.3,-39.162,34.943,4.5135,0.54899,-0.17145,0.093004,4.3678,-1.0698e-15,5.1459e-16
308.4,-39.189,34.893,4.5228,0.54935,-0.17412,0.093444,4.3678,-1.0698e-15,5.1459e-16
308.5,-39.217,34.842,4.5322,0.54967,-0.17678,0.093839,4.3678,-1.0698e-15,5.1459e-16
308.6,-39.244,34.791,4.5416,0.54996,-0.17942,0.094188,4.3678,-1.0698e-15,5.1459e-16
308.7,-39.271,34.74,4.551,0.55022,-0.18205,0.094494,4.3678,-1.0698e-15,5.1459e-16
308.8,-39.297,34.688,4.5605,0.55044,-0.18465,0.094758,4.3678,-1.0698e-15,5.1459e-16
308.9,-39.324,34.637,4.57,0.55063,-0.18723,0.094981,4.3678,-1.0698e-15,5.1459e-16
309,-39.35,34.585,4.5795,0.55079,-0.18979,0.095163,4.3678,-1.0698e-15,5.1459e-16
309.1,-39.376,34.532,4.589,0.55092,-0.19233,0.095308,4.3678,-1.0698e-15,5.1459e-16
309.2,-39.402,34.48,4.5986,0.55103,-0.19483,0.095414,4.3678,-1.0698e-15,5.1459e-16
309.3,-39.427,34.427,4.6081,0.55111,-0.19731,0.095485,4.3678,-1.0698e-15,5.1459e-16
309.4,-39.453,34.374,4.6176,0.55117,-0.19976,0.09552,4.3678,-1.0698e-15,5.1459e-16
309.5,-39.477,34.321,4.6272,0.55121,-0.20218,0.095522,4.3678,-1.0698e-15,5.1459e-16
309.6,-39.502,34.268,4.6368,0.55122,-0.20457,0.095492,4.3678,-1.0698e-15,5.1459e-16
309.7,-39.527,34.215,4.6463,0.55122,-0.20692,0.095431,4.3678,-1.0698e-15,5.1459e-16
309.8,-39.551,34.161,4.6558,0.5512,-0.20924,0.09534,4.3678,-1.0698e-15,5.1459e-16
309.9,-39.575,34.107,4.6654,0.55116,-0.21153,0.09522,4.3678,-1.0698e-15,5.1459e-16
310,-39.598,34.053,4.6749,0.5511,-0.21378,0.095073,4.3678,-1.0698e-15,5.1459e-16
310.1,-39.621,33.998,4.6844,0.55103,-0.216,0.0949,4.3678,-1.0698e-15,5.1459e-16
310.2,-39.644,33.944,4.6939,0.55095,-0.21818,0.094702,4.3678,-1.0698e-15,5.1459e-16
310.3,-39.667,33.889,4.7033,0.55085,-0.22033,0.09448,4.3678,-1.0698e-15,5.1459e-16
310.4,-39.69,33.834,4.7128,0.55075,-0.22243,0.094236,4.3678,-1.0698e-15,5.1459e-16
310.5,-39.712,33.779,4.7222,0.55063,-0.22451,0.09397,4.3678,-1.0698e-15,5.1459e-16
310.6,-39.733,33.723,4.7315,0.5505,-0.22654,0.093683,4.3678,-1.0698e-15,5.1459e-16
310.7,-39.755,33.668,4.7409,0.55037,-0.22854,0.093378,4.3678,-1.0698e-15,5.1459e-16
310.8,-39.776,33.612,4.7502,0.55023,-0.2305,0.093054,4.3678,-1.0698e-15,5.1459e-16
310.9,-39.797,33.556,4.7595,0.55008,-0.23242,0.092712,4.3678,-1.0698e-15,5.1459e-16
311,-39.817,33.5,4.7688,0.54993,-0.2343,0.092355,4.3678,-1.0698e-15,5.1459e-16
311.1,-39.837,33.444,4.778,0.54978,-0.23615,0.091982,4.3678,-1.0698e-15,5.1459e-16
311.2,-39.857,33.387,4.7872,0.54962,-0.23796,0.091595,4.3678,-1.0698e-15,5.1459e-16
311.3,-39.877,33.331,4.7963,0.54945,-0.23973,0.091194,4.3678,-1.0698e-15,5.1459e-16
311.4,-39.896,33.274,4.8054,0.54929,-0.24147,0.090781,4.3678,-1.0698e-15,5.1459e-16
311.5,-39.914,33.217,4.8145,0.54912,-0.24317,0.090356,4.3678,-1.0698e-15,5.1459e-16
311.6,-39.933,33.159,4.8235,0.54896,-0.24484,0.089921,4.3678,-1.0698e-15,5.1459e-16
311.7,-39.951,33.102,4.8324,0.54879,-0.24646,0.089475,4.3678,-1.0698e-15,5.1459e-16
311.8,-39.969,33.045,4.8414,0.54863,-0.24806,0.08902,4.3678,-1.0698e-15,5.1459e-16
311.9,-39.986,32.987,4.8502,0.54846,-0.24961,0.088557,4.3678,-1.0698e-15,5.1459e-16
312,-40.003,32.929,4.8591,0.5483,-0.25114,0.088085,4.3678,-1.0698e-15,5.1459e-16
312.1,-40.02,32.871,4.8679,0.54814,-0.25263,0.087607,4.3678,-1.0698e-15,5.1459e-16
312.2,-40.036,32.813,4.8766,0.54798,-0.25408,0.087122,4.3678,-1.0698e-15,5.1459e-16
312.3,-40.052,32.755,4.8853,0.54782,-0.2555,0.086632,4.3678,-1.0698e-15,5.1459e-16
312.4,-40.067,32.696,4.8939,0.54767,-0.25689,0.086136,4.3678,-1.0698e-15,5.1459e-16
312.5,-40.083,32.638,4.9025,0.54752,-0.25825,0.085636,4.3678,-1.0698e-15,5.1459e-16
312.6,-40.097,32.579,4.9111,0.54738,-0.25957,0.085132,4.3678,-1.0698e-15,5.1459e-16
312.7,-40.112,32.52,4.9195,0.54724,-0.26086,0.084624,4.3678,-1.0698e-15,5.1459e-16
312.8,-40.126,32.461,4.928,0.54711,-0.26212,0.084114,4.3678,-1.0698e-15,5.1459e-16
312.9,-40.14,32.402,4.9364,0.54698,-0.26335,0.083601,4.3678,-1.0698e-15,5.1459e-16
313,-40.153,32.343,4.9447,0.54686,-0.26455,0.083087,4.3678,-1.0698e-15,5.1459e-16
313.1,-40.166,32.283,4.953,0.54674,-0.26573,0.082571,4.3678,-1.0698e-15,5.1459e-16
313.2,-40.179,32.224,4.9612,0.54663,-0.26687,0.082054,4.3678,-1.0698e-15,5.1459e-16
313.3,-40.191,32.164,4.9694,0.54652,-0.26798,0.081537,4.3678,-1.0698e-15,5.1459e-16
313.4,-40.203,32.105,4.9775,0.54642,-0.26907,0.081019,4.3678,-1.0698e-15,5.1459e-16
313.5,-40.214,32.045,4.9856,0.54633,-0.27013,0.080502,4.3678,-1.0698e-15,5.1459e-16
313.6,-40.225,31.985,4.9936,0.54624,-0.27116,0.079986,4.3678,-1.0698e-15,5.1459e-16
313.7,-40.236,31.925,5.0016,0.54616,-0.27217,0.07947,4.3678,-1.0698e-15,5.1459e-16
313.8,-40.246,31.865,5.0095,0.54609,-0.27315,0.078957,4.3678,-1.0698e-15,5.1459e-16
313.9,-40.256,31.804,5.0174,0.54602,-0.2741,0.078444,4.3678,-1.0698e-15,5.1459e-16
314,-40.266,31.744,5.0252,0.54596,-0.27503,0.077934,4.3678,-1.0698e-15,5.1459e-16
314.1,-40.275,31.683,5.033,0.5459,-0.27594,0.077426,4.3678,-1.0698e-15,5.1459e-16
314.2,-40.284,31.623,5.0407,0.54586,-0.27682,0.076921,4.3678,-1.0698e-15,5.1459e-16
314.3,-40.292,31.562,5.0484,0.54582,-0.27768,0.076419,4.3678,-1.0698e-15,5.1459e-16
314.4,-40.3,31.502,5.056,0.54578,-0.27851,0.07592,4.3678,-1.0698e-15,5.1459e-16
314.5,-40.308,31.441,5.0635,0.54576,-0.27933,0.075424,4.3678,-1.0698e-15,5.1459e-16
314.6,-40.315,31.38,5.0711,0.54574,-0.28012,0.074932,4.3678,-1.0698e-15,5.1459e-16
314.7,-40.322,31.319,5.0785,0.54572,-0.28089,0.074444,4.3678,-1.0698e-15,5.1459e-16
314.8,-40.328,31.258,5.0859,0.54572,-0.28165,0.073959,1.9924,0.11073,-0.054313
314.9,-40.335,31.197,5.0932,0.54045,-0.28186,0.071903,1.9924,0.11073,-0.054313
315,-40.341,31.136,5.1003,0.53537,-0.28196,0.069775,1.9924,0.11073,-0.054313
315.1,-40.346,31.076,5.1072,0.53047,-0.28193,0.067587,1.9924,0.11073,-0.054313
315.2,-40.352,31.017,5.1138,0.52575,-0.28178,0.065349,1.9924,0.11073,-0.054313
315.3,-40.357,30.958,5.1203,0.5212,-0.28152,0.063069,1.9924,0.11073,-0.054313
315.4,-40.362,30.899,5.1265,0.51681,-0.28115,0.060754,1.9924,0.11073,-0.054313
315.5,-40.367,30.84,5.1324,0.5126,-0.28067,0.058411,1.9924,0.11073,-0.054313
315.6,-40.372,30.782,5.1381,0.50854,-0.28009,0.056046,1.9924,0.11073,-0.054313
315.7,-40.376,30.725,5.1436,0.50465,-0.2794,0.053664,1.9924,0.11073,-0.054313
315.8,-40.38,30.667,5.1489,0.5009,-0.27863,0.051269,1.9924,0.11073,-0.054313
315.9,-40.384,30.61,5.1539,0.49731,-0.27775,0.048865,1.9924,0.11073,-0.054313
316,-40.388,30.554,5.1586,0.49387,-0.27679,0.046455,1.9924,0.11073,-0.054313
316.1,-40.391,30.497,5.1632,0.49057,-0.27575,0.044041,1.9924,0.11073,-0.054313
316.2,-40.395,30.441,5.1674,0.48741,-0.27462,0.041625,1.9924,0.11073,-0.054313
316.3,-40.398,30.386,5.1715,0.48438,-0.27341,0.039209,1.9924,0.11073,-0.054313
316.4,-40.401,30.33,5.1753,0.48149,-0.27213,0.036793,1.9924,0.11073,-0.054313
316.5,-40.404,30.275,5.1788,0.47873,-0.27077,0.034379,1.9924,0.11073,-0.054313
316.6,-40.406,30.22,5.1822,0.47609,-0.26934,0.031966,1.9924,0.11073,-0.054313
316.7,-40.409,30.166,5.1852,0.47357,-0.26784,0.029555,1.9924,0.11073,-0.054313
316.8,-40.411,30.112,5.1881,0.47117,-0.26628,0.027144,1.9924,0.11073,-0.054313
316.9,-40.413,30.058,5.1907,0.46889,-0.26465,0.024734,1.9924,0.11073,-0.054313
317,-40.415,30.004,5.193,0.46671,-0.26295,0.022321,1.9924,0.11073,-0.054313
317.1,-40.416,29.951,5.1951,0.46465,-0.2612,0.019906,1.9924,0.11073,-0.054313
317.2,-40.418,29.897,5.197,0.46269,-0.25938,0.017486,1.9924,0.11073,-0.054313
317.3,-40.419,29.845,5.1986,0.46083,-0.25751,0.015058,1.9924,0.11073,-0.054313
317.4,-40.42,29.792,5.2,0.45907,-0.25558,0.01262,1.9924,0.11073,-0.054313
317.5,-40.421,29.739,5.2012,0.45741,-0.2536,0.010168,1.9924,0.11073,-0.054313
317.6,-40.422,29.687,5.202,0.45584,-0.25156,0.007699,1.9924,0.11073,-0.054313
317.7,-40.423,29.635,5.2027,0.45436,-0.24946,0.0052083,1.9924,0.11073,-0.054313
317.8,-40.423,29.584,5.2031,0.45298,-0.24732,0.0026911,1.9924,0.11073,-0.054313
317.9,-40.424,29.532,5.2032,0.45168,-0.24511,0.00014203,1.9924,0.11073,-0.054313
318,-40.424,29.481,5.2031,0.45046,-0.24273,-0.0023953,1.9924,0.11073,-0.054313
318.1,-40.424,29.43,5.2028,0.44932,-0.24,-0.0048518,1.9924,0.11073,-0.054313
318.2,-40.424,29.379,5.2021,0.44826,-0.23696,-0.0072136,1.9924,0.11073,-0.054313
318.3,-40.424,29.328,5.2013,0.44727,-0.23361,-0.0094695,1.9924,0.11073,-0.054313
318.4,-40.423,29.278,5.2003,0.44635,-0.22998,-0.011611,1.9924,0.11073,-0.054313
318.5,-40.422,29.228,5.199,0.44548,-0.22609,-0.013631,1.9924,0.11073,-0.054313
318.6,-40.421,29.178,5.1975,0.44467,-0.22196,-0.015528,1.9924,0.11073,-0.054313
318.7,-40.42,29.129,5.1959,0.44391,-0.21763,-0.017298,1.9924,0.11073,-0.054313
318.8,-40.419,29.079,5.1941,0.44319,-0.2131,-0.018943,1.9924,0.11073,-0.054313
318.9,-40.417,29.03,5.1921,0.44251,-0.2084,-0.020465,1.9924,0.11073,-0.054313
319,-40.415,28.982,5.19,0.44186,-0.20357,-0.021868,1.9924,0.11073,-0.054313
319.1,-40.412,28.933,5.1877,0.44124,-0.19861,-0.023157,1.9924,0.11073,-0.054313
319.2,-40.41,28.885,5.1854,0.44065,-0.19355,-0.024336,1.9924,0.11073,-0.054313
319.3,-40.407,28.837,5.1829,0.44008,-0.18841,-0.025414,1.9924,0.11073,-0.054313
319.4,-40.403,28.789,5.1803,0.43953,-0.18321,-0.026398,1.9924,0.11073,-0.054313
319.5,-40.4,28.742,5.1776,0.43899,-0.17796,-0.027294,1.9924,0.11073,-0.054313
319.6,-40.396,28.695,5.1748,0.43847,-0.17268,-0.02811,1.9924,0.11073,-0.054313
319.7,-40.392,28.648,5.172,0.43796,-0.16738,-0.028855,1.9924,0.11073,-0.054313
319.8,-40.387,28.602,5.1691,0.43745,-0.16208,-0.029536,1.9924,0.11073,-0.054313
319.9,-40.382,28.555,5.1661,0.43696,-0.15678,-0.030161,1.9924,0.11073,-0.054313
320,-40.377,28.509,5.163,0.43647,-0.1515,-0.030737,1.9924,0.11073,-0.054313
320.1,-40.371,28.464,5.1599,0.43598,-0.14625,-0.03127,1.9924,0.11073,-0.054313
320.2,-40.366,28.418,5.1568,0.4355,-0.14103,-0.031769,1.9924,0.11073,-0.054313
320.3,-40.359,28.373,5.1536,0.43502,-0.13585,-0.032238,1.9924,0.11073,-0.054313
320.4,-40.353,28.328,5.1503,0.43454,-0.13071,-0.032685,1.9924,0.11073,-0.054313
320.5,-40.346,28.283,5.147,0.43406,-0.12562,-0.033115,1.9924,0.11073,-0.054313
320.6,-40.339,28.238,5.1437,0.43358,-0.12059,-0.033534,1.9924,0.11073,-0.054313
320.7,-40.332,28.194,5.1403,0.43311,-0.11561,-0.033946,1.9924,0.11073,-0.054313
320.8,-40.324,28.15,5.1369,0.43263,-0.1107,-0.034356,1.9924,0.11073,-0.054313
320.9,-40.316,28.106,5.1335,0.43215,-0.10584,-0.034769,1.9924,0.11073,-0.054313
321,-40.308,28.063,5.13,0.43168,-0.10105,-0.035188,1.9924,0.11073,-0.054313
321.1,-40.3,28.019,5.1264,0.4312,-0.096322,-0.035618,1.9924,0.11073,-0.054313
321.2,-40.291,27.976,5.1228,0.43072,-0.091658,-0.036062,1.9924,0.11073,-0.054313
321.3,-40.282,27.933,5.1192,0.43024,-0.08706,-0.036522,1.9924,0.11073,-0.054313
321.4,-40.273,27.89,5.1155,0.42977,-0.082527,-0.037002,1.9924,0.11073,-0.054313
321.5,-40.264,27.847,5.1118,0.42929,-0.078059,-0.037505,1.9924,0.11073,-0.054313
321.6,-40.254,27.805,5.108,0.42881,-0.073656,-0.038033,1.9924,0.11073,-0.054313
321.7,-40.244,27.762,5.1042,0.42833,-0.069317,-0.038588,1.9924,0.11073,-0.054313
321.8,-40.234,27.72,5.1003,0.42785,-0.065041,-0.039172,1.9924,0.11073,-0.054313
321.9,-40.224,27.678,5.0964,0.42737,-0.060828,-0.039786,1.9924,0.11073,-0.054313
322,-40.214,27.636,5.0924,0.42689,-0.056677,-0.040433,1.9924,0.11073,-0.054313
322.1,-40.203,27.595,5.0883,0.42641,-0.052586,-0.041114,1.9924,0.11073,-0.054313
322.2,-40.192,27.553,5.0841,0.42593,-0.048556,-0.041829,1.9924,0.11073,-0.054313
322.3,-40.181,27.512,5.0799,0.42545,-0.044585,-0.04258,1.9924,0.11073,-0.054313
322.4,-40.17,27.471,5.0756,0.42497,-0.040673,-0.043368,1.9924,0.11073,-0.054313
322.5,-40.158,27.43,5.0712,0.42448,-0.036817,-0.044192,1.9924,0.11073,-0.054313
322.6,-40.147,27.389,5.0668,0.424,-0.033019,-0.045053,1.9924,0.11073,-0.054313
322.7,-40.135,27.348,5.0622,0.42351,-0.029276,-0.045952,1.9924,0.11073,-0.054313
322.8,-40.123,27.307,5.0576,0.42303,-0.025588,-0.046889,1.9924,0.11073,-0.054313
322.9,-40.111,27.266,5.0528,0.42254,-0.021954,-0.047862,1.9924,0.11073,-0.054313
323,-40.099,27.226,5.048,0.42205,-0.018374,-0.048873,1.9924,0.11073,-0.054313
323.1,-40.087,27.185,5.0431,0.42156,-0.014847,-0.049919,1.9924,0.11073,-0.054313
323.2,-40.075,27.145,5.038,0.42106,-0.011373,-0.051001,1.9924,0.11073,-0.054313
323.3,-40.062,27.105,5.0329,0.42056,-0.0079514,-0.052118,1.9924,0.11073,-0.054313
323.4,-40.05,27.065,5.0276,0.42006,-0.0045818,-0.053268,1.9924,0.11073,-0.054313
323.5,-40.037,27.025,5.0222,0.41956,-0.001264,-0.05445,1.9924,0.11073,-0.054313
323.6,-40.024,26.985,5.0167,0.41905,0.0020091,-0.055655,1.9924,0.11073,-0.054313
323.7,-40.012,26.945,5.0111,0.41854,0.0052652,-0.05685,1.9924,0.11073,-0.054313
323.8,-39.999,26.905,5.0053,0.41803,0.0085065,-0.058029,1.9924,0.11073,-0.054313
323.9,-39.986,26.865,4.9995,0.41751,0.011732,-0.059187,1.9924,0.11073,-0.054313
324,-39.973,26.826,4.9935,0.41698,0.014941,-0.060321,1.9924,0.11073,-0.054313
324.1,-39.96,26.786,4.9874,0.41645,0.018132,-0.061428,1.9924,0.11073,-0.054313
324.2,-39.947,26.747,4.9812,0.41591,0.021303,-0.062504,3.907,-9.5693e-16,4.5668e-16
324.3,-39.934,26.707,4.975,0.41964,0.023975,-0.062078,3.907,-9.5693e-16,4.5668e-16
324.4,-39.92,26.667,4.9688,0.42327,0.026591,-0.061746,3.907,-9.5693e-16,4.5668e-16
324.5,-39.907,26.626,4.9626,0.42681,0.029158,-0.061499,3.907,-9.5693e-16,4.5668e-16
324.6,-39.893,26.585,4.9565,0.43026,0.03168,-0.061334,3.907,-9.5693e-16,4.5668e-16
324.7,-39.88,26.544,4.9504,0.43362,0.034163,-0.061242,3.907,-9.5693e-16,4.5668e-16
324.8,-39.866,26.503,4.9442,0.43689,0.036611,-0.061221,3.907,-9.5693e-16,4.5668e-16
324.9,-39.853,26.461,4.9381,0.44008,0.03903,-0.061264,3.907,-9.5693e-16,4.5668e-16
325,-39.839,26.419,4.932,0.44319,0.041422,-0.061368,3.907,-9.5693e-16,4.5668e-16
325.1,-39.825,26.376,4.9258,0.44621,0.043792,-0.061528,3.907,-9.5693e-16,4.5668e-16
325.2,-39.812,26.333,4.9197,0.44916,0.046142,-0.061741,3.907,-9.5693e-16,4.5668e-16
325.3,-39.798,26.29,4.9135,0.45202,0.048476,-0.062003,3.907,-9.5693e-16,4.5668e-16
325.4,-39.784,26.247,4.9073,0.4548,0.050797,-0.06231,3.907,-9.5693e-16,4.5668e-16
325.5,-39.77,26.203,4.901,0.45751,0.053108,-0.06266,3.907,-9.5693e-16,4.5668e-16
325.6,-39.757,26.159,4.8947,0.46015,0.05541,-0.06305,3.907,-9.5693e-16,4.5668e-16
325.7,-39.743,26.114,4.8884,0.4627,0.057706,-0.063476,3.907,-9.5693e-16,4.5668e-16
325.8,-39.729,26.07,4.8821,0.46519,0.059997,-0.063936,3.907,-9.5693e-16,4.5668e-16
325.9,-39.715,26.025,4.8756,0.4676,0.062287,-0.064426,3.907,-9.5693e-16,4.5668e-16
326,-39.701,25.98,4.8692,0.46994,0.064575,-0.064945,3.907,-9.5693e-16,4.5668e-16
326.1,-39.688,25.934,4.8626,0.47222,0.066864,-0.065489,3.907,-9.5693e-16,4.5668e-16
326.2,-39.674,25.888,4.8561,0.47442,0.069155,-0.066056,3.907,-9.5693e-16,4.5668e-16
326.3,-39.66,25.842,4.8494,0.47656,0.071448,-0.066644,3.907,-9.5693e-16,4.5668e-16
326.4,-39.647,25.796,4.8427,0.47863,0.073746,-0.067249,3.907,-9.5693e-16,4.5668e-16
326.5,-39.633,25.749,4.836,0.48063,0.076047,-0.067871,3.907,-9.5693e-16,4.5668e-16
326.6,-39.62,25.702,4.8292,0.48257,0.078354,-0.068506,3.907,-9.5693e-16,4.5668e-16
326.7,-39.607,25.655,4.8223,0.48445,0.080667,-0.069152,3.907,-9.5693e-16,4.5668e-16
326.8,-39.593,25.608,4.8153,0.48626,0.082985,-0.069808,3.907,-9.5693e-16,4.5668e-16
326.9,-39.58,25.56,4.8083,0.48802,0.08531,-0.07047,3.907,-9.5693e-16,4.5668e-16
327,-39.567,25.512,4.8012,0.48971,0.087641,-0.071137,3.907,-9.5693e-16,4.5668e-16
327.1,-39.554,25.464,4.7941,0.49134,0.089978,-0.071807,3.907,-9.5693e-16,4.5668e-16
327.2,-39.541,25.416,4.7869,0.49292,0.092321,-0.072477,3.907,-9.5693e-16,4.5668e-16
327.3,-39.528,25.367,4.7796,0.49444,0.09467,-0.073147,3.907,-9.5693e-16,4.5668e-16
327.4,-39.515,25.318,4.7722,0.4959,0.097025,-0.073814,3.907,-9.5693e-16,4.5668e-16
327.5,-39.503,25.269,4.7648,0.4973,0.099384,-0.074476,3.907,-9.5693e-16,4.5668e-16
327.6,-39.49,25.22,4.7574,0.49866,0.10175,-0.075132,3.907,-9.5693e-16,4.5668e-16
327.7,-39.478,25.171,4.7498,0.49996,0.10412,-0.07578,3.907,-9.5693e-16,4.5668e-16
327.8,-39.466,25.121,4.7422,0.5012,0.10649,-0.076419,3.907,-9.5693e-16,4.5668e-16
327.9,-39.454,25.071,4.7345,0.5024,0.10886,-0.077047,3.907,-9.5693e-16,4.5668e-16
328,-39.442,25.021,4.7268,0.50354,0.11123,-0.077662,3.907,-9.5693e-16,4.5668e-16
328.1,-39.43,24.971,4.719,0.50464,0.11361,-0.078265,3.907,-9.5693e-16,4.5668e-16
328.2,-39.419,24.92,4.7111,0.50569,0.11599,-0.078852,3.907,-9.5693e-16,4.5668e-16
328.3,-39.407,24.869,4.7032,0.50669,0.11836,-0.079424,3.907,-9.5693e-16,4.5668e-16
328.4,-39.396,24.819,4.6953,0.50765,0.12073,-0.079978,3.907,-9.5693e-16,4.5668e-16
328.5,-39.385,24.767,4.6872,0.50856,0.1231,-0.080516,3.907,-9.5693e-16,4.5668e-16
328.6,-39.374,24.716,4.6791,0.50942,0.12547,-0.081034,3.907,-9.5693e-16,4.5668e-16
328.7,-39.363,24.665,4.671,0.51025,0.12782,-0.081533,3.907,-9.5693e-16,4.5668e-16
328.8,-39.352,24.613,4.6628,0.51103,0.13018,-0.082012,3.907,-9.5693e-16,4.5668e-16
328.9,-39.342,24.561,4.6546,0.51177,0.13252,-0.08247,3.907,-9.5693e-16,4.5668e-16
329,-39.332,24.51,4.6463,0.51247,0.13486,-0.082907,3.907,-9.5693e-16,4.5668e-16
329.1,-39.322,24.457,4.638,0.51313,0.13719,-0.083322,3.907,-9.5693e-16,4.5668e-16
329.2,-39.312,24.405,4.6297,0.51376,0.1395,-0.083714,3.907,-9.5693e-16,4.5668e-16
329.3,-39.303,24.353,4.6213,0.51435,0.14181,-0.084085,3.907,-9.5693e-16,4.5668e-16
329.4,-39.293,24.3,4.6129,0.5149,0.1441,-0.084433,3.907,-9.5693e-16,4.5668e-16
329.5,-39.284,24.247,4.6044,0.51542,0.14637,-0.084758,3.907,-9.5693e-16,4.5668e-16
329.6,-39.275,24.194,4.5959,0.5159,0.14864,-0.08506,3.907,-9.5693e-16,4.5668e-16
329.7,-39.267,24.141,4.5874,0.51636,0.15088,-0.085339,3.907,-9.5693e-16,4.5668e-16
329.8,-39.258,24.088,4.5789,0.51678,0.15311,-0.085595,3.907,-9.5693e-16,4.5668e-16
329.9,-39.25,24.035,4.5703,0.51717,0.15532,-0.085828,3.907,-9.5693e-16,4.5668e-16
330,-39.242,23.981,4.5617,0.51754,0.15751,-0.086038,3.907,-9.5693e-16,4.5668e-16
330.1,-39.234,23.928,4.5531,0.51787,0.15968,-0.086226,3.907,-9.5693e-16,4.5668e-16
330.2,-39.227,23.874,4.5444,0.51818,0.16183,-0.086391,3.907,-9.5693e-16,4.5668e-16
330.3,-39.22,23.82,4.5358,0.51846,0.16396,-0.086534,3.907,-9.5693e-16,4.5668e-16
330.4,-39.213,23.766,4.5271,0.51872,0.16607,-0.086655,3.907,-9.5693e-16,4.5668e-16
330.5,-39.206,23.712,4.5185,0.51895,0.16816,-0.086755,3.907,-9.5693e-16,4.5668e-16
330.6,-39.2,23.658,4.5098,0.51917,0.17022,-0.086833,3.907,-9.5693e-16,4.5668e-16
330.7,-39.194,23.604,4.5011,0.51935,0.17225,-0.086891,3.907,-9.5693e-16,4.5668e-16
330.8,-39.188,23.549,4.4924,0.51952,0.17427,-0.086928,3.907,-9.5693e-16,4.5668e-16
330.9,-39.182,23.495,4.4837,0.51967,0.17625,-0.086946,3.907,-9.5693e-16,4.5668e-16
331,-39.177,23.44,4.475,0.5198,0.17821,-0.086944,3.907,-9.5693e-16,4.5668e-16
331.1,-39.172,23.385,4.4663,0.51991,0.18015,-0.086923,3.907,-9.5693e-16,4.5668e-16
331.2,-39.168,23.33,4.4576,0.52001,0.18205,-0.086884,3.907,-9.5693e-16,4.5668e-16
331.3,-39.163,23.275,4.449,0.52009,0.18394,-0.086826,3.907,-9.5693e-16,4.5668e-16
331.4,-39.159,23.22,4.4403,0.52015,0.18579,-0.086752,3.907,-9.5693e-16,4.5668e-16
331.5,-39.155,23.165,4.4316,0.5202,0.18761,-0.086661,3.907,-9.5693e-16,4.5668e-16
331.6,-39.152,23.11,4.4229,0.52024,0.18941,-0.086553,3.907,-9.5693e-16,4.5668e-16
331.7,-39.149,23.055,4.4143,0.52026,0.19118,-0.08643,3.907,-9.5693e-16,4.5668e-16
331.8,-39.146,22.999,4.4057,0.52027,0.19292,-0.086291,3.907,-9.5693e-16,4.5668e-16
331.9,-39.143,22.944,4.397,0.52027,0.19463,-0.086138,3.907,-9.5693e-16,4.5668e-16
332,-39.141,22.888,4.3884,0.52026,0.19631,-0.085971,3.907,-9.5693e-16,4.5668e-16
332.1,-39.139,22.833,4.3798,0.52024,0.19797,-0.085791,3.907,-9.5693e-16,4.5668e-16
332.2,-39.138,22.777,4.3713,0.52021,0.19959,-0.085598,3.907,-9.5693e-16,4.5668e-16
332.3,-39.137,22.721,4.3627,0.52017,0.20119,-0.085392,3.907,-9.5693e-16,4.5668e-16
332.4,-39.136,22.665,4.3542,0.52013,0.20276,-0.085175,3.907,-9.5693e-16,4.5668e-16
332.5,-39.135,22.61,4.3457,0.52008,0.20429,-0.084947,3.907,-9.5693e-16,4.5668e-16
332.6,-39.135,22.554,4.3372,0.52002,0.2058,-0.084708,3.907,-9.5693e-16,4.5668e-16
332.7,-39.135,22.498,4.3287,0.51995,0.20728,-0.084459,3.907,-9.5693e-16,4.5668e-16
332.8,-39.135,22.442,4.3203,0.51989,0.20874,-0.0842,3.907,-9.5693e-16,4.5668e-16
332.9,-39.136,22.386,4.3119,0.51981,0.21016,-0.083932,3.907,-9.5693e-16,4.5668e-16
333,-39.137,22.33,4.3035,0.51973,0.21156,-0.083656,3.907,-9.5693e-16,4.5668e-16
333.1,-39.139,22.274,4.2952,0.51965,0.21292,-0.083372,3.907,-9.5693e-16,4.5668e-16
333.2,-39.14,22.217,4.2869,0.51957,0.21426,-0.08308,3.907,-9.5693e-16,4.5668e-16
333.3,-39.142,22.161,4.2786,0.51948,0.21557,-0.082781,3.907,-9.5693e-16,4.5668e-16
333.4,-39.145,22.105,4.2703,0.51939,0.21686,-0.082476,3.907,-9.5693e-16,4.5668e-16
333.5,-39.148,22.049,4.2621,0.5193,0.21811,-0.082165,3.907,-9.5693e-16,4.5668e-16
333.6,-39.151,21.993,4.2539,0.51921,0.21934,-0.081848,3.907,-9.5693e-16,4.5668e-16
333.7,-39.154,21.936,4.2457,0.51912,0.22055,-0.081526,3.907,-9.5693e-16,4.5668e-16
333.8,-39.158,21.88,4.2376,0.51903,0.22172,-0.0812,3.907,-9.5693e-16,4.5668e-16
333.9,-39.162,21.824,4.2295,0.51894,0.22287,-0.080869,3.907,-9.5693e-16,4.5668e-16
334,-39.167,21.767,4.2214,0.51884,0.224,-0.080534,3.907,-9.5693e-16,4.5668e-16
334.1,-39.172,21.711,4.2133,0.51875,0.2251,-0.080196,3.907,-9.5693e-16,4.5668e-16
334.2,-39.177,21.655,4.2053,0.51866,0.22617,-0.079855,3.907,-9.5693e-16,4.5668e-16
334.3,-39.183,21.598,4.1974,0.51857,0.22722,-0.079511,3.907,-9.5693e-16,4.5668e-16
334.4,-39.188,21.542,4.1894,0.51848,0.22825,-0.079164,3.907,-9.5693e-16,4.5668e-16
334.5,-39.195,21.486,4.1815,0.51839,0.22925,-0.078816,3.907,-9.5693e-16,4.5668e-16
334.6,-39.201,21.429,4.1737,0.51831,0.23022,-0.078466,3.907,-9.5693e-16,4.5668e-16
334.7,-39.208,21.373,4.1659,0.51822,0.23118,-0.078115,3.907,-9.5693e-16,4.5668e-16
334.8,-39.216,21.317,4.1581,0.51814,0.23211,-0.077763,3.907,-9.5693e-16,4.5668e-16
334.9,-39.223,21.261,4.1503,0.51806,0.23301,-0.07741,3.907,-9.5693e-16,4.5668e-16
335,-39.232,21.204,4.1426,0.51799,0.2339,-0.077057,3.907,-9.5693e-16,4.5668e-16
335.1,-39.24,21.148,4.1349,0.51791,0.23476,-0.076703,3.907,-9.5693e-16,4.5668e-16
335.2,-39.249,21.092,4.1272,0.51784,0.23561,-0.07635,3.907,-9.5693e-16,4.5668e-16
335.3,-39.258,21.036,4.1196,0.51777,0.23643,-0.075998,3.907,-9.5693e-16,4.5668e-16
335.4,-39.267,20.98,4.112,0.51771,0.23723,-0.075646,3.907,-9.5693e-16,4.5668e-16
335.5,-39.277,20.924,4.1045,0.51765,0.238,-0.075295,3.907,-9.5693e-16,4.5668e-16
335.6,-39.287,20.867,4.097,0.51759,0.23876,-0.074945,3.907,-9.5693e-16,4.5668e-16
335.7,-39.298,20.811,4.0895,0.51753,0.2395,-0.074597,3.907,-9.5693e-16,4.5668e-16
335.8,-39.309,20.755,4.0821,0.51748,0.24022,-0.07425,3.907,-9.5693e-16,4.5668e-16
335.9,-39.32,20.699,4.0746,0.51743,0.24092,-0.073905,3.907,-9.5693e-16,4.5668e-16
336,-39.332,20.644,4.0673,0.51739,0.24161,-0.073563,0.93155,0.047389,-0.023244
336.1,-39.344,20.588,4.0599,0.51072,0.24244,-0.073758,0.93155,0.047389,-0.023244
336.2,-39.355,20.533,4.0525,0.50421,0.24321,-0.073725,0.93155,0.047389,-0.023244
336.3,-39.367,20.479,4.0452,0.49785,0.24391,-0.073484,0.93155,0.047389,-0.023244
336.4,-39.379,20.425,4.0378,0.49166,0.24452,-0.073051,0.93155,0.047389,-0.023244
336.5,-39.39,20.371,4.0306,0.48561,0.24506,-0.072446,0.93155,0.047389,-0.023244
336.6,-39.402,20.318,4.0234,0.47972,0.2455,-0.071685,0.93155,0.047389,-0.023244
336.7,-39.413,20.266,4.0162,0.47399,0.24586,-0.070784,0.93155,0.047389,-0.023244
336.8,-39.425,20.214,4.0092,0.46841,0.24613,-0.06976,0.93155,0.047389,-0.023244
336.9,-39.436,20.163,4.0023,0.46297,0.24632,-0.068627,0.93155,0.047389,-0.023244
337,-39.448,20.112,3.9955,0.45769,0.24642,-0.067398,0.93155,0.047389,-0.023244
337.1,-39.459,20.061,3.9888,0.45254,0.24643,-0.066086,0.93155,0.047389,-0.023244
337.2,-39.471,20.011,3.9823,0.44755,0.24635,-0.064701,0.93155,0.047389,-0.023244
337.3,-39.482,19.962,3.9759,0.44269,0.2462,-0.063256,0.93155,0.047389,-0.023244
337.4,-39.494,19.913,3.9696,0.43798,0.24596,-0.061758,0.93155,0.047389,-0.023244
337.5,-39.505,19.864,3.9635,0.4334,0.24564,-0.060218,0.93155,0.047389,-0.023244
337.6,-39.517,19.816,3.9576,0.42895,0.24525,-0.058643,0.93155,0.047389,-0.023244
337.7,-39.528,19.768,3.9518,0.42463,0.24478,-0.05704,0.93155,0.047389,-0.023244
337.8,-39.54,19.72,3.9462,0.42045,0.24424,-0.055415,0.93155,0.047389,-0.023244
337.9,-39.552,19.673,3.9407,0.41639,0.24363,-0.053774,0.93155,0.047389,-0.023244
338,-39.563,19.627,3.9354,0.41245,0.24296,-0.052123,0.93155,0.047389,-0.023244
338.1,-39.575,19.58,3.9303,0.40863,0.24222,-0.050466,0.93155,0.047389,-0.023244
338.2,-39.586,19.535,3.9253,0.40493,0.24143,-0.048808,0.93155,0.047389,-0.023244
338.3,-39.598,19.489,3.9205,0.40134,0.24057,-0.047151,0.93155,0.047389,-0.023244
338.4,-39.61,19.444,3.9159,0.39786,0.23966,-0.045499,0.93155,0.047389,-0.023244
338.5,-39.621,19.399,3.9114,0.3945,0.2387,-0.043856,0.93155,0.047389,-0.023244
338.6,-39.633,19.355,3.9071,0.39123,0.23769,-0.042223,0.93155,0.047389,-0.023244
338.7,-39.645,19.311,3.903,0.38807,0.23663,-0.040603,0.93155,0.047389,-0.023244
338.8,-39.657,19.267,3.899,0.38501,0.23553,-0.038998,0.93155,0.047389,-0.023244
338.9,-39.668,19.224,3.8952,0.38205,0.23438,-0.03741,0.93155,0.047389,-0.023244
339,-39.68,19.18,3.8915,0.37918,0.23319,-0.03584,0.93155,0.047389,-0.023244
339.1,-39.692,19.138,3.888,0.3764,0.23196,-0.034289,0.93155,0.047389,-0.023244
339.2,-39.704,19.095,3.8847,0.37371,0.2307,-0.032759,0.93155,0.047389,-0.023244
339.3,-39.716,19.053,3.8815,0.37111,0.2294,-0.03125,0.93155,0.047389,-0.023244
339.4,-39.728,19.011,3.8784,0.36859,0.22807,-0.029764,0.93155,0.047389,-0.023244
339.5,-39.74,18.97,3.8755,0.36615,0.22671,-0.028301,0.93155,0.047389,-0.023244
339.6,-39.752,18.929,3.8727,0.36379,0.22531,-0.026861,0.93155,0.047389,-0.023244
339.7,-39.764,18.888,3.8701,0.3615,0.22389,-0.025445,0.93155,0.047389,-0.023244
339.8,-39.776,18.847,3.8677,0.35929,0.22245,-0.024054,0.93155,0.047389,-0.023244
339.9,-39.788,18.807,3.8653,0.35715,0.22098,-0.022687,0.93155,0.047389,-0.023244
340,-39.8,18.767,3.8631,0.35508,0.21948,-0.021346,0.93155,0.047389,-0.023244
340.1,-39.812,18.727,3.861,0.35308,0.21796,-0.02003,0.93155,0.047389,-0.023244
340.2,-39.825,18.687,3.8591,0.35114,0.21643,-0.018739,0.93155,0.047389,-0.023244
340.3,-39.837,18.648,3.8573,0.34926,0.21487,-0.017473,0.93155,0.047389,-0.023244
340.4,-39.849,18.609,3.8556,0.34745,0.21329,-0.016233,0.93155,0.047389,-0.023244
340.5,-39.862,18.57,3.8541,0.34569,0.2117,-0.015017,0.93155,0.047389,-0.023244
340.6,-39.874,18.532,3.8526,0.34399,0.21009,-0.013828,0.93155,0.047389,-0.023244
340.7,-39.886,18.494,3.8513,0.34234,0.20846,-0.012663,0.93155,0.047389,-0.023244
340.8,-39.899,18.456,3.8501,0.34075,0.20682,-0.011523,0.93155,0.047389,-0.023244
340.9,-39.911,18.418,3.849,0.33921,0.20516,-0.010409,0.93155,0.047389,-0.023244
341,-39.924,18.38,3.848,0.33771,0.2035,-0.0093189,0.93155,0.047389,-0.023244
341.1,-39.936,18.343,3.8471,0.33627,0.20182,-0.0082536,0.93155,0.047389,-0.023244
341.2,-39.949,18.306,3.8463,0.33487,0.20013,-0.0072127,0.93155,0.047389,-0.023244
341.3,-39.961,18.269,3.8457,0.33351,0.19842,-0.0061961,0.93155,0.047389,-0.023244
341.4,-39.974,18.233,3.8451,0.3322,0.19671,-0.0052035,0.93155,0.047389,-0.023244
341.5,-39.986,18.196,3.8446,0.33092,0.19499,-0.0042348,0.93155,0.047389,-0.023244
341.6,-39.999,18.16,3.8443,0.32969,0.19326,-0.0032897,0.93155,0.047389,-0.023244
341.7,-40.012,18.124,3.844,0.3285,0.19152,-0.002368,0.93155,0.047389,-0.023244
341.8,-40.024,18.088,3.8438,0.32734,0.18978,-0.0014695,0.93155,0.047389,-0.023244
341.9,-40.037,18.053,3.8437,0.32622,0.18803,-0.00059402,0.93155,0.047389,-0.023244
342,-40.05,18.017,3.8437,0.32513,0.18626,0.00025748,0.93155,0.047389,-0.023244
342.1,-40.063,17.982,3.8437,0.32407,0.18444,0.0010658,0.93155,0.047389,-0.023244
342.2,-40.076,17.947,3.8439,0.32305,0.18255,0.0018235,0.93155,0.047389,-0.023244
342.3,-40.088,17.913,3.8441,0.32205,0.18059,0.0025294,0.93155,0.047389,-0.023244
342.4,-40.101,17.878,3.8444,0.32108,0.17857,0.0031832,0.93155,0.047389,-0.023244
342.5,-40.114,17.844,3.8447,0.32014,0.1765,0.0037847,0.93155,0.047389,-0.023244
342.6,-40.127,17.81,3.8451,0.31923,0.17439,0.0043343,0.93155,0.047389,-0.023244
342.7,-40.141,17.776,3.8456,0.31833,0.17223,0.0048324,0.93155,0.047389,-0.023244
342.8,-40.154,17.742,3.8461,0.31746,0.17005,0.0052799,0.93155,0.047389,-0.023244
342.9,-40.167,17.709,3.8466,0.31661,0.16783,0.005678,3.8913,-9.5309e-16,4.635e-16
343,-40.18,17.676,3.8473,0.32239,0.16538,0.0066375,3.8913,-9.5309e-16,4.635e-16
343.1,-40.194,17.642,3.848,0.32809,0.16286,0.0074602,3.8913,-9.5309e-16,4.635e-16
343.2,-40.209,17.608,3.8487,0.33369,0.1603,0.0081547,3.8913,-9.5309e-16,4.635e-16
343.3,-40.224,17.574,3.8496,0.3392,0.15769,0.0087292,3.8913,-9.5309e-16,4.635e-16
343.4,-40.24,17.54,3.8505,0.34462,0.15507,0.0091918,3.8913,-9.5309e-16,4.635e-16
343.5,-40.257,17.506,3.8514,0.34994,0.15243,0.0095503,3.8913,-9.5309e-16,4.635e-16
343.6,-40.273,17.471,3.8524,0.35516,0.14979,0.0098122,3.8913,-9.5309e-16,4.635e-16
343.7,-40.291,17.437,3.8534,0.36029,0.14716,0.0099845,3.8913,-9.5309e-16,4.635e-16
343.8,-40.309,17.402,3.8544,0.36531,0.14453,0.010074,3.8913,-9.5309e-16,4.635e-16
343.9,-40.327,17.367,3.8554,0.37024,0.14193,0.010087,3.8913,-9.5309e-16,4.635e-16
344,-40.346,17.332,3.8564,0.37507,0.13936,0.010028,3.8913,-9.5309e-16,4.635e-16
344.1,-40.366,17.297,3.8574,0.37981,0.13682,0.0099045,3.8913,-9.5309e-16,4.635e-16
344.2,-40.385,17.262,3.8584,0.38444,0.13433,0.0097197,3.8913,-9.5309e-16,4.635e-16
344.3,-40.406,17.226,3.8593,0.38898,0.13187,0.0094785,3.8913,-9.5309e-16,4.635e-16
344.4,-40.427,17.191,3.8603,0.39342,0.12947,0.0091848,3.8913,-9.5309e-16,4.635e-16
344.5,-40.448,17.155,3.8612,0.39777,0.12712,0.0088422,3.8913,-9.5309e-16,4.635e-16
344.6,-40.47,17.119,3.862,0.40202,0.12483,0.0084537,3.8913,-9.5309e-16,4.635e-16
344.7,-40.492,17.083,3.8629,0.40618,0.1226,0.0080221,3.8913,-9.5309e-16,4.635e-16
344.8,-40.515,17.047,3.8636,0.41024,0.12043,0.0075497,3.8913,-9.5309e-16,4.635e-16
344.9,-40.538,17.011,3.8644,0.41421,0.11833,0.0070387,3.8913,-9.5309e-16,4.635e-16
345,-40.561,16.975,3.8651,0.41809,0.1163,0.0064906,3.8913,-9.5309e-16,4.635e-16
345.1,-40.585,16.938,3.8657,0.42189,0.11434,0.0059068,3.8913,-9.5309e-16,4.635e-16
345.2,-40.609,16.901,3.8662,0.42559,0.11245,0.0052882,3.8913,-9.5309e-16,4.635e-16
345.3,-40.634,16.865,3.8667,0.4292,0.11063,0.0046356,3.8913,-9.5309e-16,4.635e-16
345.4,-40.659,16.828,3.8672,0.43274,0.1089,0.0039494,3.8913,-9.5309e-16,4.635e-16
345.5,-40.684,16.791,3.8675,0.43618,0.10724,0.0032296,3.8913,-9.5309e-16,4.635e-16
345.6,-40.71,16.754,3.8678,0.43954,0.10566,0.002476,3.8913,-9.5309e-16,4.635e-16
345.7,-40.736,16.717,3.868,0.44282,0.10417,0.0016882,3.8913,-9.5309e-16,4.635e-16
345.8,-40.762,16.68,3.8681,0.44602,0.10276,0.00086533,3.8913,-9.5309e-16,4.635e-16
345.9,-40.789,16.642,3.8682,0.44914,0.10143,6.2779e-06,3.8913,-9.5309e-16,4.635e-16
346,-40.816,16.605,3.8681,0.45219,0.10018,-0.00089739,3.8913,-9.5309e-16,4.635e-16
346.1,-40.843,16.567,3.868,0.45515,0.09897,-0.0018536,3.8913,-9.5309e-16,4.635e-16
346.2,-40.871,16.53,3.8678,0.45804,0.097813,-0.0028627,3.8913,-9.5309e-16,4.635e-16
346.3,-40.899,16.492,3.8674,0.46086,0.096711,-0.0039246,3.8913,-9.5309e-16,4.635e-16
346.4,-40.927,16.454,3.867,0.4636,0.095665,-0.0050397,3.8913,-9.5309e-16,4.635e-16
346.5,-40.955,16.416,3.8664,0.46627,0.094678,-0.0062077,3.8913,-9.5309e-16,4.635e-16
346.6,-40.984,16.378,3.8657,0.46887,0.093753,-0.0074287,3.8913,-9.5309e-16,4.635e-16
346.7,-41.013,16.34,3.8649,0.4714,0.092892,-0.0087023,3.8913,-9.5309e-16,4.635e-16
346.8,-41.042,16.302,3.864,0.47387,0.092098,-0.010028,3.8913,-9.5309e-16,4.635e-16
346.9,-41.072,16.263,3.8629,0.47626,0.091374,-0.011406,3.8913,-9.5309e-16,4.635e-16
347,-41.102,16.225,3.8617,0.47859,0.090722,-0.012834,3.8913,-9.5309e-16,4.635e-16
347.1,-41.132,16.187,3.8604,0.48085,0.090145,-0.014312,3.8913,-9.5309e-16,4.635e-16
347.2,-41.162,16.148,3.8589,0.48305,0.089645,-0.015839,3.8913,-9.5309e-16,4.635e-16
347.3,-41.193,16.11,3.8572,0.48518,0.089225,-0.017414,3.8913,-9.5309e-16,4.635e-16
347.4,-41.224,16.071,3.8554,0.48726,0.088886,-0.019034,3.8913,-9.5309e-16,4.635e-16
347.5,-41.255,16.032,3.8534,0.48927,0.088632,-0.020697,3.8913,-9.5309e-16,4.635e-16
347.6,-41.286,15.994,3.8512,0.49122,0.088463,-0.022403,3.8913,-9.5309e-16,4.635e-16
347.7,-41.318,15.955,3.8489,0.49311,0.088383,-0.024147,3.8913,-9.5309e-16,4.635e-16
347.8,-41.35,15.916,3.8464,0.49495,0.088392,-0.025928,3.8913,-9.5309e-16,4.635e-16
347.9,-41.382,15.877,3.8437,0.49672,0.088492,-0.027742,3.8913,-9.5309e-16,4.635e-16
348,-41.414,15.838,3.8408,0.49844,0.088684,-0.029586,3.8913,-9.5309e-16,4.635e-16
348.1,-41.447,15.8,3.8378,0.50011,0.08897,-0.031457,3.8913,-9.5309e-16,4.635e-16
348.2,-41.48,15.761,3.8346,0.50172,0.08935,-0.033351,3.8913,-9.5309e-16,4.635e-16
348.3,-41.513,15.722,3.8311,0.50328,0.089825,-0.035264,3.8913,-9.5309e-16,4.635e-16
348.4,-41.546,15.683,3.8275,0.50478,0.090395,-0.037193,3.8913,-9.5309e-16,4.635e-16
348.5,-41.579,15.644,3.8237,0.50623,0.091061,-0.039132,3.8913,-9.5309e-16,4.635e-16
348.6,-41.613,15.605,3.8197,0.50763,0.091821,-0.041078,3.8913,-9.5309e-16,4.635e-16
348.7,-41.647,15.566,3.8155,0.50897,0.092676,-0.043026,3.8913,-9.5309e-16,4.635e-16
348.8,-41.681,15.527,3.8111,0.51027,0.093624,-0.044972,3.8913,-9.5309e-16,4.635e-16
348.9,-41.715,15.488,3.8065,0.51152,0.094665,-0.046911,3.8913,-9.5309e-16,4.635e-16
349,-41.75,15.449,3.8017,0.51271,0.095797,-0.048838,3.8913,-9.5309e-16,4.635e-16
349.1,-41.784,15.41,3.7967,0.51386,0.097018,-0.05075,3.8913,-9.5309e-16,4.635e-16
349.2,-41.819,15.371,3.7915,0.51496,0.098327,-0.052642,3.8913,-9.5309e-16,4.635e-16
349.3,-41.855,15.332,3.7862,0.51601,0.09972,-0.054509,3.8913,-9.5309e-16,4.635e-16
349.4,-41.89,15.293,3.7806,0.51702,0.1012,-0.056349,3.8913,-9.5309e-16,4.635e-16
349.5,-41.925,15.254,3.7749,0.51797,0.10275,-0.058156,3.8913,-9.5309e-16,4.635e-16
349.6,-41.961,15.215,3.769,0.51889,0.10438,-0.059927,3.8913,-9.5309e-16,4.635e-16
349.7,-41.997,15.176,3.7629,0.51975,0.10609,-0.061659,3.8913,-9.5309e-16,4.635e-16
349.8,-42.033,15.137,3.7567,0.52057,0.10787,-0.063348,3.8913,-9.5309e-16,4.635e-16
349.9,-42.07,15.098,3.7503,0.52135,0.10971,-0.064992,3.8913,-9.5309e-16,4.635e-16
350,-42.106,15.06,3.7437,0.52209,0.11161,-0.066588,3.8913,-9.5309e-16,4.635e-16
350.1,-42.143,15.021,3.7369,0.52278,0.11358,-0.068134,3.8913,-9.5309e-16,4.635e-16
350.2,-42.18,14.982,3.7301,0.52343,0.1156,-0.069627,3.8913,-9.5309e-16,4.635e-16
350.3,-42.217,14.943,3.723,0.52403,0.11767,-0.071066,3.8913,-9.5309e-16,4.635e-16
350.4,-42.255,14.905,3.7158,0.5246,0.11979,-0.07245,3.8913,-9.5309e-16,4.635e-16
350.5,-42.293,14.866,3.7085,0.52513,0.12195,-0.073776,3.8913,-9.5309e-16,4.635e-16
350.6,-42.33,14.828,3.7011,0.52561,0.12415,-0.075045,3.8913,-9.5309e-16,4.635e-16
350.7,-42.368,14.789,3.6935,0.52606,0.12638,-0.076256,3.8913,-9.5309e-16,4.635e-16
350.8,-42.407,14.751,3.6858,0.52647,0.12865,-0.077407,3.8913,-9.5309e-16,4.635e-16
350.9,-42.445,14.713,3.678,0.52685,0.13094,-0.0785,3.8913,-9.5309e-16,4.635e-16
351,-42.484,14.675,3.6701,0.52718,0.13325,-0.079533,3.8913,-9.5309e-16,4.635e-16
351.1,-42.523,14.637,3.6621,0.52749,0.13559,-0.080508,3.8913,-9.5309e-16,4.635e-16
351.2,-42.562,14.599,3.654,0.52776,0.13794,-0.081425,3.8913,-9.5309e-16,4.635e-16
351.3,-42.601,14.561,3.6459,0.52799,0.1403,-0.082283,3.8913,-9.5309e-16,4.635e-16
351.4,-42.641,14.523,3.6376,0.5282,0.14267,-0.083085,3.8913,-9.5309e-16,4.635e-16
351.5,-42.681,14.486,3.6292,0.52837,0.14504,-0.083831,3.8913,-9.5309e-16,4.635e-16
351.6,-42.721,14.448,3.6208,0.52852,0.14742,-0.084523,3.8913,-9.5309e-16,4.635e-16
351.7,-42.761,14.411,3.6123,0.52863,0.14979,-0.08516,3.8913,-9.5309e-16,4.635e-16
351.8,-42.801,14.373,3.6038,0.52872,0.15216,-0.085744,3.8913,-9.5309e-16,4.635e-16
351.9,-42.842,14.336,3.5952,0.52878,0.15453,-0.086278,3.8913,-9.5309e-16,4.635e-16
352,-42.883,14.299,3.5865,0.52882,0.15688,-0.086761,3.8913,-9.5309e-16,4.635e-16
352.1,-42.924,14.262,3.5778,0.52883,0.15922,-0.087196,3.8913,-9.5309e-16,4.635e-16
352.2,-42.965,14.226,3.5691,0.52882,0.16155,-0.087584,3.8913,-9.5309e-16,4.635e-16
352.3,-43.007,14.189,3.5603,0.52878,0.16386,-0.087927,3.8913,-9.5309e-16,4.635e-16
352.4,-43.048,14.153,3.5515,0.52873,0.16616,-0.088225,3.8913,-9.5309e-16,4.635e-16
352.5,-43.09,14.117,3.5427,0.52865,0.16843,-0.088481,3.8913,-9.5309e-16,4.635e-16
352.6,-43.133,14.081,3.5338,0.52856,0.17068,-0.088697,3.8913,-9.5309e-16,4.635e-16
352.7,-43.175,14.045,3.5249,0.52845,0.1729,-0.088873,3.8913,-9.5309e-16,4.635e-16
352.8,-43.218,14.009,3.5161,0.52832,0.1751,-0.089011,3.8913,-9.5309e-16,4.635e-16
352.9,-43.261,13.973,3.5071,0.52818,0.17727,-0.089113,3.8913,-9.5309e-16,4.635e-16
353,-43.304,13.938,3.4982,0.52802,0.17942,-0.08918,3.8913,-9.5309e-16,4.635e-16
353.1,-43.347,13.903,3.4893,0.52785,0.18153,-0.089214,3.8913,-9.5309e-16,4.635e-16
353.2,-43.391,13.868,3.4804,0.52767,0.18362,-0.089216,3.8913,-9.5309e-16,4.635e-16
353.3,-43.434,13.833,3.4715,0.52747,0.18567,-0.089188,3.8913,-9.5309e-16,4.635e-16
353.4,-43.478,13.799,3.4626,0.52727,0.18769,-0.089131,3.8913,-9.5309e-16,4.635e-16
353.5,-43.523,13.764,3.4536,0.52705,0.18968,-0.089047,3.8913,-9.5309e-16,4.635e-16
353.6,-43.567,13.73,3.4447,0.52683,0.19164,-0.088937,3.8913,-9.5309e-16,4.635e-16
353.7,-43.612,13.696,3.4359,0.5266,0.19356,-0.088801,3.8913,-9.5309e-16,4.635e-16
353.8,-43.657,13.663,3.427,0.52636,0.19545,-0.088643,3.8913,-9.5309e-16,4.635e-16
353.9,-43.702,13.629,3.4181,0.52612,0.1973,-0.088462,3.8913,-9.5309e-16,4.635e-16
354,-43.747,13.596,3.4093,0.52587,0.19912,-0.08826,3.8913,-9.5309e-16,4.635e-16
354.1,-43.793,13.563,3.4005,0.52562,0.2009,-0.088039,3.8913,-9.5309e-16,4.635e-16
354.2,-43.838,13.53,3.3917,0.52536,0.20265,-0.087799,3.8913,-9.5309e-16,4.635e-16
354.3,-43.884,13.498,3.3829,0.5251,0.20436,-0.087541,3.8913,-9.5309e-16,4.635e-16
354.4,-43.931,13.465,3.3742,0.52484,0.20604,-0.087267,3.8913,-9.5309e-16,4.635e-16
354.5,-43.977,13.433,3.3655,0.52458,0.20768,-0.086977,3.8913,-9.5309e-16,4.635e-16
354.6,-44.024,13.402,3.3568,0.52431,0.20929,-0.086674,3.8913,-9.5309e-16,4.635e-16
354.7,-44.071,13.37,3.3481,0.52405,0.21086,-0.086356,3.8913,-9.5309e-16,4.635e-16
354.8,-44.118,13.339,3.3395,0.52378,0.21239,-0.086027,3.8913,-9.5309e-16,4.635e-16
354.9,-44.165,13.308,3.3309,0.52352,0.2139,-0.085686,0.79386,0.0030325,-0.0014875
355,-44.212,13.277,3.3224,0.51637,0.21534,-0.085269,0.79386,0.0030325,-0.0014875
355.1,-44.259,13.247,3.3139,0.50939,0.21666,-0.084645,0.79386,0.0030325,-0.0014875
355.2,-44.305,13.217,3.3055,0.50259,0.21787,-0.083833,0.79386,0.0030325,-0.0014875
355.3,-44.351,13.188,3.2971,0.49596,0.21896,-0.082854,0.79386,0.0030325,-0.0014875
355.4,-44.396,13.158,3.2889,0.4895,0.21992,-0.081726,0.79386,0.0030325,-0.0014875
355.5,-44.441,13.13,3.2808,0.48321,0.22076,-0.080469,0.79386,0.0030325,-0.0014875
355.6,-44.486,13.101,3.2728,0.47708,0.22148,-0.079098,0.79386,0.0030325,-0.0014875
355.7,-44.53,13.073,3.265,0.47113,0.22207,-0.077628,0.79386,0.0030325,-0.0014875
355.8,-44.574,13.046,3.2573,0.46533,0.22255,-0.076074,0.79386,0.0030325,-0.0014875
355.9,-44.617,13.018,3.2497,0.45969,0.22291,-0.074447,0.79386,0.0030325,-0.0014875
356,-44.66,12.991,3.2424,0.45421,0.22315,-0.07276,0.79386,0.0030325,-0.0014875
356.1,-44.703,12.965,3.2352,0.44889,0.22329,-0.071023,0.79386,0.0030325,-0.0014875
356.2,-44.746,12.938,3.2282,0.44371,0.22332,-0.069245,0.79386,0.0030325,-0.0014875
356.3,-44.788,12.913,3.2213,0.43868,0.22324,-0.067435,0.79386,0.0030325,-0.0014875
356.4,-44.83,12.887,3.2147,0.4338,0.22307,-0.0656,0.79386,0.0030325,-0.0014875
356.5,-44.871,12.862,3.2082,0.42906,0.22279,-0.063747,0.79386,0.0030325,-0.0014875
356.6,-44.912,12.837,3.2019,0.42446,0.22243,-0.061881,0.79386,0.0030325,-0.0014875
356.7,-44.953,12.812,3.1959,0.41999,0.22198,-0.060009,0.79386,0.0030325,-0.0014875
356.8,-44.994,12.788,3.1899,0.41566,0.22145,-0.058136,0.79386,0.0030325,-0.0014875
356.9,-45.034,12.764,3.1842,0.41146,0.22083,-0.056264,0.79386,0.0030325,-0.0014875
357,-45.074,12.74,3.1787,0.40738,0.22014,-0.054398,0.79386,0.0030325,-0.0014875
357.1,-45.114,12.717,3.1733,0.40342,0.21938,-0.052542,0.79386,0.0030325,-0.0014875
357.2,-45.153,12.694,3.1682,0.39958,0.21855,-0.050697,0.79386,0.0030325,-0.0014875
357.3,-45.193,12.671,3.1632,0.39586,0.21765,-0.048867,0.79386,0.0030325,-0.0014875
357.4,-45.232,12.649,3.1584,0.39225,0.21669,-0.047053,0.79386,0.0030325,-0.0014875
357.5,-45.27,12.626,3.1538,0.38876,0.21567,-0.045258,0.79386,0.0030325,-0.0014875
357.6,-45.309,12.605,3.1494,0.38537,0.2146,-0.043482,0.79386,0.0030325,-0.0014875
357.7,-45.347,12.583,3.1451,0.38208,0.21347,-0.041728,0.79386,0.0030325,-0.0014875
357.8,-45.385,12.562,3.141,0.37889,0.21229,-0.039997,0.79386,0.0030325,-0.0014875
357.9,-45.423,12.541,3.1371,0.3758,0.21107,-0.038288,0.79386,0.0030325,-0.0014875
358,-45.46,12.52,3.1334,0.37281,0.2098,-0.036604,0.79386,0.0030325,-0.0014875
358.1,-45.498,12.499,3.1298,0.36991,0.20848,-0.034945,0.79386,0.0030325,-0.0014875
358.2,-45.535,12.479,3.1264,0.3671,0.20713,-0.033311,0.79386,0.0030325,-0.0014875
358.3,-45.572,12.459,3.1231,0.36437,0.20574,-0.031703,0.79386,0.0030325,-0.0014875
358.4,-45.608,12.439,3.12,0.36173,0.20431,-0.03012,0.79386,0.0030325,-0.0014875
358.5,-45.645,12.42,3.1171,0.35917,0.20285,-0.028564,0.79386,0.0030325,-0.0014875
358.6,-45.681,12.4,3.1143,0.35669,0.20136,-0.027034,0.79386,0.0030325,-0.0014875
358.7,-45.717,12.381,3.1117,0.35429,0.19984,-0.025529,0.79386,0.0030325,-0.0014875
358.8,-45.753,12.362,3.1092,0.35196,0.19829,-0.024051,0.79386,0.0030325,-0.0014875
358.9,-45.789,12.344,3.1069,0.3497,0.19672,-0.022599,0.79386,0.0030325,-0.0014875
359,-45.825,12.326,3.1047,0.34751,0.19511,-0.021173,0.79386,0.0030325,-0.0014875
359.1,-45.86,12.307,3.1026,0.34539,0.19349,-0.019772,0.79386,0.0030325,-0.0014875
359.2,-45.895,12.29,3.1007,0.34333,0.19184,-0.018396,0.79386,0.0030325,-0.0014875
359.3,-45.93,12.272,3.099,0.34134,0.19018,-0.017046,0.79386,0.0030325,-0.0014875
359.4,-45.965,12.254,3.0973,0.3394,0.18849,-0.01572,0.79386,0.0030325,-0.0014875
359.5,-46,12.237,3.0958,0.33753,0.18679,-0.014418,0.79386,0.0030325,-0.0014875
359.6,-46.034,12.22,3.0944,0.33571,0.18506,-0.01314,0.79386,0.0030325,-0.0014875
359.7,-46.068,12.203,3.0932,0.33395,0.18333,-0.011885,0.79386,0.0030325,-0.0014875
359.8,-46.103,12.187,3.0921,0.33224,0.18157,-0.010653,0.79386,0.0030325,-0.0014875
359.9,-46.137,12.17,3.091,0.33058,0.17981,-0.0094437,0.79386,0.0030325,-0.0014875
360,-46.17,12.154,3.0902,0.32897,0.17803,-0.0082563,0.79386,0.0030325,-0.0014875
360.1,-46.204,12.138,3.0894,0.32741,0.17623,-0.0070903,0.79386,0.0030325,-0.0014875
360.2,-46.238,12.123,3.0887,0.32589,0.17443,-0.0059452,0.79386,0.0030325,-0.0014875
360.3,-46.271,12.107,3.0882,0.32442,0.17262,-0.0048205,0.79386,0.0030325,-0.0014875
360.4,-46.304,12.092,3.0878,0.323,0.17079,-0.0037156,0.79386,0.0030325,-0.0014875
360.5,-46.337,12.076,3.0875,0.32161,0.16896,-0.0026299,0.79386,0.0030325,-0.0014875
360.6,-46.37,12.061,3.0873,0.32027,0.16712,-0.0015629,0.79386,0.0030325,-0.0014875
360.7,-46.403,12.046,3.0872,0.31897,0.16527,-0.00051399,0.79386,0.0030325,-0.0014875
360.8,-46.436,12.032,3.0872,0.3177,0.1634,0.00051384,0.79386,0.0030325,-0.0014875
360.9,-46.468,12.017,3.0873,0.31647,0.16146,0.0014988,0.79386,0.0030325,-0.0014875
361,-46.501,12.003,3.0874,0.31527,0.15945,0.0024357,0.79386,0.0030325,-0.0014875
361.1,-46.533,11.989,3.0877,0.31411,0.15736,0.0033232,0.79386,0.0030325,-0.0014875
361.2,-46.565,11.975,3.0881,0.31298,0.15521,0.0041607,0.79386,0.0030325,-0.0014875
361.3,-46.597,11.961,3.0886,0.31187,0.153,0.0049476,0.79386,0.0030325,-0.0014875
361.4,-46.629,11.948,3.0891,0.3108,0.15074,0.005684,0.79386,0.0030325,-0.0014875
361.5,-46.661,11.934,3.0897,0.30975,0.14844,0.0063702,0.79386,0.0030325,-0.0014875
361.6,-46.693,11.921,3.0904,0.30873,0.14609,0.007007,0.79386,0.0030325,-0.0014875
361.7,-46.724,11.908,3.0911,0.30773,0.14372,0.0075952,0.79386,0.0030325,-0.0014875
361.8,-46.755,11.896,3.0919,0.30675,0.14132,0.0081359,0.79386,0.0030325,-0.0014875
361.9,-46.787,11.883,3.0927,0.3058,0.1389,0.0086307,0.79386,0.0030325,-0.0014875
362,-46.818,11.871,3.0936,0.30486,0.13647,0.0090809,0.79386,0.0030325,-0.0014875
362.1,-46.849,11.859,3.0945,0.30394,0.13402,0.0094883,0.79386,0.0030325,-0.0014875
362.2,-46.88,11.847,3.0955,0.30304,0.13157,0.0098545,0.79386,0.0030325,-0.0014875
362.3,-46.911,11.835,3.0965,0.30216,0.12912,0.010181,0.79386,0.0030325,-0.0014875
362.4,-46.941,11.824,3.0975,0.3013,0.12668,0.010471,0.79386,0.0030325,-0.0014875
362.5,-46.972,11.813,3.0986,0.30045,0.12424,0.010725,0.79386,0.0030325,-0.0014875
362.6,-47.002,11.802,3.0997,0.29961,0.12181,0.010945,0.79386,0.0030325,-0.0014875
362.7,-47.033,11.791,3.1008,0.29879,0.11939,0.011134,0.79386,0.0030325,-0.0014875
362.8,-47.063,11.78,3.1019,0.29798,0.117,0.011292,0.79386,0.0030325,-0.0014875
362.9,-47.093,11.77,3.1031,0.29718,0.11462,0.011423,0.79386,0.0030325,-0.0014875
363,-47.123,11.76,3.1042,0.29639,0.11226,0.011527,0.79386,0.0030325,-0.0014875
363.1,-47.153,11.75,3.1054,0.29562,0.10993,0.011607,2.2537,-5.52e-16,2.7263e-16
363.2,-47.184,11.74,3.1065,0.29812,0.10762,0.011696,2.2537,-5.52e-16,2.7263e-16
363.3,-47.214,11.73,3.1077,0.30057,0.10532,0.011745,2.2537,-5.52e-16,2.7263e-16
363.4,-47.244,11.721,3.1089,0.30299,0.10306,0.011758,2.2537,-5.52e-16,2.7263e-16
363.5,-47.275,11.711,3.11,0.30536,0.10082,0.011737,2.2537,-5.52e-16,2.7263e-16
363.6,-47.306,11.702,3.1112,0.30769,0.098623,0.011686,2.2537,-5.52e-16,2.7263e-16
363.7,-47.337,11.694,3.1124,0.30998,0.096456,0.011608,2.2537,-5.52e-16,2.7263e-16
363.8,-47.369,11.685,3.1135,0.31222,0.094326,0.011505,2.2537,-5.52e-16,2.7263e-16
363.9,-47.4,11.677,3.1147,0.31443,0.092233,0.011379,2.2537,-5.52e-16,2.7263e-16
364,-47.432,11.668,3.1158,0.31659,0.090179,0.011233,2.2537,-5.52e-16,2.7263e-16
364.1,-47.464,11.66,3.1169,0.31871,0.088165,0.011068,2.2537,-5.52e-16,2.7263e-16
364.2,-47.496,11.652,3.118,0.3208,0.08619,0.010887,2.2537,-5.52e-16,2.7263e-16
364.3,-47.528,11.644,3.1191,0.32284,0.084256,0.01069,2.2537,-5.52e-16,2.7263e-16
364.4,-47.561,11.637,3.1202,0.32485,0.082363,0.01048,2.2537,-5.52e-16,2.7263e-16
364.5,-47.594,11.629,3.1212,0.32682,0.080512,0.010259,2.2537,-5.52e-16,2.7263e-16
364.6,-47.627,11.622,3.1222,0.32874,0.078702,0.010026,2.2537,-5.52e-16,2.7263e-16
364.7,-47.66,11.615,3.1232,0.33064,0.076933,0.0097836,2.2537,-5.52e-16,2.7263e-16
364.8,-47.693,11.608,3.1242,0.33249,0.075206,0.0095326,2.2537,-5.52e-16,2.7263e-16
364.9,-47.726,11.601,3.1251,0.33431,0.073521,0.009274,2.2537,-5.52e-16,2.7263e-16
365,-47.76,11.594,3.126,0.33609,0.071877,0.0090085,2.2537,-5.52e-16,2.7263e-16
365.1,-47.794,11.588,3.1269,0.33784,0.070274,0.0087369,2.2537,-5.52e-16,2.7263e-16
365.2,-47.828,11.581,3.1278,0.33955,0.068711,0.0084599,2.2537,-5.52e-16,2.7263e-16
365.3,-47.862,11.575,3.1286,0.34123,0.067189,0.0081782,2.2537,-5.52e-16,2.7263e-16
365.4,-47.896,11.569,3.1294,0.34288,0.065706,0.0078921,2.2537,-5.52e-16,2.7263e-16
365.5,-47.931,11.563,3.1302,0.34449,0.064264,0.0076022,2.2537,-5.52e-16,2.7263e-16
365.6,-47.965,11.557,3.1309,0.34607,0.06286,0.0073089,2.2537,-5.52e-16,2.7263e-16
365.7,-48,11.551,3.1316,0.34762,0.061495,0.0070125,2.2537,-5.52e-16,2.7263e-16
365.8,-48.035,11.545,3.1323,0.34914,0.060168,0.0067133,2.2537,-5.52e-16,2.7263e-16
365.9,-48.07,11.539,3.133,0.35063,0.058879,0.0064116,2.2537,-5.52e-16,2.7263e-16
366,-48.105,11.534,3.1336,0.35209,0.057627,0.0061076,2.2537,-5.52e-16,2.7263e-16
366.1,-48.141,11.528,3.1342,0.35351,0.056412,0.0058014,2.2537,-5.52e-16,2.7263e-16
366.2,-48.176,11.523,3.1348,0.35491,0.055232,0.0054931,2.2537,-5.52e-16,2.7263e-16
366.3,-48.212,11.518,3.1353,0.35628,0.054089,0.0051829,2.2537,-5.52e-16,2.7263e-16
366.4,-48.247,11.513,3.1358,0.35763,0.05298,0.0048708,2.2537,-5.52e-16,2.7263e-16
366.5,-48.283,11.508,3.1363,0.35894,0.051907,0.0045568,2.2537,-5.52e-16,2.7263e-16
366.6,-48.319,11.503,3.1367,0.36023,0.050867,0.0042408,2.2537,-5.52e-16,2.7263e-16
366.7,-48.355,11.498,3.1371,0.36149,0.049861,0.0039229,2.2537,-5.52e-16,2.7263e-16
366.8,-48.391,11.493,3.1375,0.36273,0.048888,0.0036029,2.2537,-5.52e-16,2.7263e-16
366.9,-48.428,11.488,3.1378,0.36394,0.047948,0.0032808,2.2537,-5.52e-16,2.7263e-16
367,-48.464,11.484,3.1382,0.36513,0.04704,0.0029565,2.2537,-5.52e-16,2.7263e-16
367.1,-48.501,11.479,3.1384,0.36629,0.046164,0.0026297,2.2537,-5.52e-16,2.7263e-16
367.2,-48.538,11.475,3.1387,0.36743,0.04532,0.0023003,2.2537,-5.52e-16,2.7263e-16
367.3,-48.574,11.47,3.1389,0.36855,0.044506,0.0019681,2.2537,-5.52e-16,2.7263e-16
367.4,-48.611,11.466,3.1391,0.36964,0.043724,0.0016328,2.2537,-5.52e-16,2.7263e-16
367.5,-48.648,11.462,3.1392,0.37071,0.042971,0.0012943,2.2537,-5.52e-16,2.7263e-16
367.6,-48.685,11.458,3.1393,0.37175,0.042249,0.00095223,2.2537,-5.52e-16,2.7263e-16
367.7,-48.723,11.453,3.1394,0.37278,0.041556,0.00060628,2.2537,-5.52e-16,2.7263e-16
367.8,-48.76,11.449,3.1395,0.37378,0.040893,0.00025615,2.2537,-5.52e-16,2.7263e-16
367.9,-48.798,11.445,3.1395,0.37477,0.040258,-9.86e-05,2.2537,-5.52e-16,2.7263e-16
368,-48.835,11.442,3.1394,0.37573,0.039648,-0.00045989,2.2537,-5.52e-16,2.7263e-16
368.1,-48.873,11.438,3.1394,0.37667,0.03906,-0.00082839,2.2537,-5.52e-16,2.7263e-16
368.2,-48.91,11.434,3.1393,0.3776,0.038494,-0.0012041,2.2537,-5.52e-16,2.7263e-16
368.3,-48.948,11.43,3.1391,0.3785,0.037951,-0.0015871,2.2537,-5.52e-16,2.7263e-16
368.4,-48.986,11.426,3.139,0.37938,0.037431,-0.0019774,2.2537,-5.52e-16,2.7263e-16
368.5,-49.024,11.423,3.1387,0.38025,0.036933,-0.0023751,2.2537,-5.52e-16,2.7263e-16
368.6,-49.062,11.419,3.1385,0.3811,0.036459,-0.0027801,2.2537,-5.52e-16,2.7263e-16
368.7,-49.1,11.416,3.1382,0.38193,0.036007,-0.0031925,2.2537,-5.52e-16,2.7263e-16
368.8,-49.139,11.412,3.1378,0.38274,0.035578,-0.0036124,2.2537,-5.52e-16,2.7263e-16
368.9,-49.177,11.409,3.1375,0.38353,0.035173,-0.0040399,2.2537,-5.52e-16,2.7263e-16
369,-49.215,11.406,3.137,0.38431,0.03479,-0.0044749,2.2537,-5.52e-16,2.7263e-16
369.1,-49.254,11.402,3.1366,0.38507,0.034431,-0.0049175,2.2537,-5.52e-16,2.7263e-16
369.2,-49.292,11.399,3.1361,0.38582,0.034096,-0.0053678,2.2537,-5.52e-16,2.7263e-16
369.3,-49.331,11.396,3.1355,0.38654,0.033784,-0.0058257,2.2537,-5.52e-16,2.7263e-16
369.4,-49.37,11.393,3.1349,0.38726,0.033496,-0.0062914,2.2537,-5.52e-16,2.7263e-16
369.5,-49.408,11.39,3.1342,0.38795,0.033231,-0.0067648,2.2537,-5.52e-16,2.7263e-16
369.6,-49.447,11.387,3.1335,0.38864,0.03299,-0.007246,2.2537,-5.52e-16,2.7263e-16
369.7,-49.486,11.384,3.1328,0.3893,0.032773,-0.007735,2.2537,-5.52e-16,2.7263e-16
369.8,-49.525,11.381,3.132,0.38995,0.032579,-0.0082318,2.2537,-5.52e-16,2.7263e-16
369.9,-49.564,11.378,3.1311,0.39059,0.03241,-0.0087364,2.2537,-5.52e-16,2.7263e-16
370,-49.603,11.375,3.1302,0.39122,0.032265,-0.0092487,2.2537,-5.52e-16,2.7263e-16
370.1,-49.643,11.373,3.1293,0.39183,0.032143,-0.0097688,2.2537,-5.52e-16,2.7263e-16
370.2,-49.682,11.37,3.1283,0.39242,0.032046,-0.010297,2.2537,-5.52e-16,2.7263e-16
370.3,-49.721,11.367,3.1272,0.39301,0.031973,-0.010832,2.2537,-5.52e-16,2.7263e-16
370.4,-49.761,11.365,3.1261,0.39358,0.031924,-0.011375,2.2537,-5.52e-16,2.7263e-16
370.5,-49.8,11.362,3.125,0.39413,0.0319,-0.011926,2.2537,-5.52e-16,2.7263e-16
370.6,-49.839,11.359,3.1237,0.39468,0.031899,-0.012484,2.2537,-5.52e-16,2.7263e-16
370.7,-49.879,11.357,3.1225,0.39521,0.031923,-0.013049,2.2537,-5.52e-16,2.7263e-16
370.8,-49.919,11.355,3.1211,0.39573,0.031972,-0.013622,2.2537,-5.52e-16,2.7263e-16
370.9,-49.958,11.352,3.1197,0.39623,0.032044,-0.014202,2.2537,-5.52e-16,2.7263e-16
371,-49.998,11.35,3.1183,0.39673,0.032141,-0.014789,2.2537,-5.52e-16,2.7263e-16
371.1,-50.038,11.348,3.1168,0.39721,0.032262,-0.015382,2.2537,-5.52e-16,2.7263e-16
371.2,-50.078,11.345,3.1152,0.39768,0.032407,-0.015982,2.2537,-5.52e-16,2.7263e-16
371.3,-50.117,11.343,3.1136,0.39814,0.032576,-0.016588,2.2537,-5.52e-16,2.7263e-16
371.4,-50.157,11.341,3.1119,0.39859,0.03277,-0.017201,2.2537,-5.52e-16,2.7263e-16
371.5,-50.197,11.339,3.1101,0.39903,0.032987,-0.017819,2.2537,-5.52e-16,2.7263e-16
371.6,-50.237,11.337,3.1083,0.39946,0.033228,-0.018443,2.2537,-5.52e-16,2.7263e-16
371.7,-50.277,11.335,3.1064,0.39987,0.033493,-0.019072,2.2537,-5.52e-16,2.7263e-16
371.8,-50.317,11.333,3.1045,0.40028,0.033782,-0.019706,2.2537,-5.52e-16,2.7263e-16
371.9,-50.358,11.331,3.1025,0.40068,0.034095,-0.020345,2.2537,-5.52e-16,2.7263e-16
372,-50.398,11.33,3.1004,0.40106,0.03443,-0.020988,2.2537,-5.52e-16,2.7263e-16
372.1,-50.438,11.328,3.0983,0.40143,0.034789,-0.021635,2.2537,-5.52e-16,2.7263e-16
372.2,-50.478,11.326,3.0961,0.4018,0.035171,-0.022285,2.2537,-5.52e-16,2.7263e-16
372.3,-50.519,11.324,3.0938,0.40215,0.035576,-0.022939,2.2537,-5.52e-16,2.7263e-16
372.4,-50.559,11.323,3.0915,0.4025,0.036004,-0.023595,2.2537,-5.52e-16,2.7263e-16
372.5,-50.599,11.321,3.0891,0.40283,0.036454,-0.024254,2.2537,-5.52e-16,2.7263e-16
372.6,-50.64,11.32,3.0867,0.40316,0.036926,-0.024915,2.2537,-5.52e-16,2.7263e-16
372.7,-50.68,11.318,3.0841,0.40347,0.03742,-0.025577,2.2537,-5.52e-16,2.7263e-16
372.8,-50.721,11.317,3.0816,0.40378,0.037935,-0.026239,2.2537,-5.52e-16,2.7263e-16
372.9,-50.761,11.316,3.0789,0.40407,0.038472,-0.026903,2.2537,-5.52e-16,2.7263e-16
373,-50.802,11.314,3.0762,0.40436,0.039029,-0.027566,2.2537,-5.52e-16,2.7263e-16
373.1,-50.843,11.313,3.0734,0.40464,0.039607,-0.028229,2.2537,-5.52e-16,2.7263e-16
373.2,-50.883,11.312,3.0705,0.40491,0.040206,-0.028891,2.2537,-5.52e-16,2.7263e-16
373.3,-50.924,11.311,3.0676,0.40517,0.040823,-0.029551,2.2537,-5.52e-16,2.7263e-16
373.4,-50.965,11.31,3.0646,0.40542,0.04146,-0.030209,2.2537,-5.52e-16,2.7263e-16
373.5,-51.005,11.309,3.0616,0.40566,0.042116,-0.030864,2.2537,-5.52e-16,2.7263e-16
373.6,-51.046,11.308,3.0584,0.40589,0.042791,-0.031517,2.2537,-5.52e-16,2.7263e-16
373.7,-51.087,11.307,3.0553,0.40612,0.043483,-0.032166,2.2537,-5.52e-16,2.7263e-16
373.8,-51.128,11.306,3.052,0.40633,0.044192,-0.03281,2.2537,-5.52e-16,2.7263e-16
373.9,-51.169,11.305,3.0487,0.40654,0.044919,-0.03345,2.2537,-5.52e-16,2.7263e-16
374,-51.21,11.305,3.0453,0.40674,0.045662,-0.034085,2.2537,-5.52e-16,2.7263e-16
374.1,-51.251,11.304,3.0419,0.40693,0.04642,-0.034715,2.2537,-5.52e-16,2.7263e-16
374.2,-51.292,11.304,3.0384,0.40711,0.047194,-0.035338,2.2537,-5.52e-16,2.7263e-16
374.3,-51.333,11.303,3.0348,0.40728,0.047983,-0.035955,2.2537,-5.52e-16,2.7263e-16
374.4,-51.374,11.303,3.0312,0.40745,0.048785,-0.036564,2.2537,-5.52e-16,2.7263e-16
374.5,-51.415,11.302,3.0275,0.4076,0.049601,-0.037167,2.2537,-5.52e-16,2.7263e-16
374.6,-51.456,11.302,3.0238,0.40775,0.05043,-0.037761,10.122,1.6635,-0.81593
374.7,-51.498,11.302,3.0188,0.42538,0.058688,-0.061155,10.122,1.6635,-0.81593
374.8,-51.542,11.301,3.0116,0.44248,0.068027,-0.083676,10.122,1.6635,-0.81593
374.9,-51.587,11.3,3.0021,0.45904,0.078479,-0.10486,10.122,1.6635,-0.81593
375,-51.635,11.298,2.9906,0.47503,0.090027,-0.12435,10.122,1.6635,-0.81593
375.1,-51.684,11.296,2.9773,0.49041,0.10261,-0.14196,10.122,1.6635,-0.81593
375.2,-51.735,11.294,2.9623,0.50515,0.11614,-0.15759,10.122,1.6635,-0.81593
375.3,-51.787,11.291,2.9459,0.51924,0.1305,-0.17127,10.122,1.6635,-0.81593
375.4,-51.842,11.289,2.9281,0.53266,0.14557,-0.18311,10.122,1.6635,-0.81593
375.5,-51.898,11.286,2.9093,0.54539,0.16123,-0.19325,10.122,1.6635,-0.81593
375.6,-51.955,11.282,2.8895,0.55743,0.17736,-0.20188,10.122,1.6635,-0.81593
375.7,-52.014,11.279,2.869,0.56877,0.19385,-0.20915,10.122,1.6635,-0.81593
375.8,-52.075,11.276,2.8477,0.57942,0.2106,-0.21526,10.122,1.6635,-0.81593
375.9,-52.138,11.272,2.8259,0.58939,0.22754,-0.22033,10.122,1.6635,-0.81593
376,-52.201,11.269,2.8037,0.59869,0.24458,-0.22453,10.122,1.6635,-0.81593
376.1,-52.267,11.266,2.7811,0.60733,0.26168,-0.22795,10.122,1.6635,-0.81593
376.2,-52.334,11.263,2.7581,0.61534,0.27877,-0.23069,10.122,1.6635,-0.81593
376.3,-52.402,11.26,2.7349,0.62273,0.29583,-0.23284,10.122,1.6635,-0.81593
376.4,-52.471,11.258,2.7116,0.62952,0.3128,-0.23446,10.122,1.6635,-0.81593
376.5,-52.542,11.256,2.6881,0.63574,0.32967,-0.2356,10.122,1.6635,-0.81593
376.6,-52.615,11.254,2.6645,0.64142,0.34641,-0.23632,10.122,1.6635,-0.81593
376.7,-52.688,11.253,2.6408,0.64657,0.363,-0.23663,10.122,1.6635,-0.81593
376.8,-52.763,11.253,2.6172,0.65123,0.37943,-0.23659,10.122,1.6635,-0.81593
376.9,-52.839,11.253,2.5935,0.65542,0.39569,-0.2362,10.122,1.6635,-0.81593
377,-52.916,11.253,2.5699,0.65917,0.41177,-0.23549,10.122,1.6635,-0.81593
377.1,-52.994,11.255,2.5464,0.66251,0.42767,-0.23448,10.122,1.6635,-0.81593
377.2,-53.074,11.257,2.523,0.66547,0.44339,-0.23318,10.122,1.6635,-0.81593
377.3,-53.154,11.26,2.4998,0.66807,0.45892,-0.2316,10.122,1.6635,-0.81593
377.4,-53.236,11.263,2.4767,0.67034,0.47427,-0.22975,10.122,1.6635,-0.81593
377.5,-53.318,11.268,2.4539,0.67231,0.48944,-0.22764,10.122,1.6635,-0.81593
377.6,-53.402,11.273,2.4312,0.674,0.50444,-0.22528,10.122,1.6635,-0.81593
377.7,-53.486,11.279,2.4088,0.67545,0.51928,-0.22268,10.122,1.6635,-0.81593
377.8,-53.571,11.286,2.3867,0.67668,0.53398,-0.21983,10.122,1.6635,-0.81593
377.9,-53.658,11.294,2.3649,0.67772,0.54854,-0.21674,10.122,1.6635,-0.81593
378,-53.745,11.303,2.3433,0.67859,0.56297,-0.21341,10.122,1.6635,-0.81593
378.1,-53.833,11.313,2.3222,0.67932,0.57731,-0.20985,10.122,1.6635,-0.81593
378.2,-53.922,11.324,2.3014,0.67994,0.59156,-0.20604,10.122,1.6635,-0.81593
378.3,-54.012,11.335,2.281,0.68047,0.60574,-0.202,10.122,1.6635,-0.81593
378.4,-54.103,11.348,2.261,0.68093,0.61988,-0.19771,10.122,1.6635,-0.81593
378.5,-54.194,11.361,2.2414,0.68136,0.63401,-0.19316,10.122,1.6635,-0.81593
378.6,-54.287,11.376,2.2224,0.68178,0.64815,-0.18835,10.122,1.6635,-0.81593
378.7,-54.38,11.391,2.2038,0.68222,0.66234,-0.18326,10.122,1.6635,-0.81593
378.8,-54.474,11.407,2.1857,0.6827,0.6766,-0.17787,10.122,1.6635,-0.81593
378.9,-54.569,11.425,2.1682,0.68325,0.69097,-0.17217,10.122,1.6635,-0.81593
379,-54.665,11.443,2.1513,0.6839,0.70551,-0.16613,10.122,1.6635,-0.81593
379.1,-54.762,11.462,2.135,0.68468,0.72024,-0.15972,10.122,1.6635,-0.81593
379.2,-54.86,11.481,2.1194,0.68563,0.73523,-0.1529,10.122,1.6635,-0.81593
379.3,-54.959,11.502,2.1044,0.68678,0.75052,-0.14563,10.122,1.6635,-0.81593
379.4,-55.059,11.523,2.0903,0.68817,0.7662,-0.13784,10.122,1.6635,-0.81593
379.5,-55.161,11.545,2.0769,0.68984,0.78232,-0.12947,10.122,1.6635,-0.81593
379.6,-55.263,11.568,2.0644,0.69185,0.79898,-0.12043,10.122,1.6635,-0.81593
379.7,-55.367,11.591,2.0528,0.69426,0.81627,-0.11061,10.122,1.6635,-0.81593
379.8,-55.472,11.615,2.0423,0.69714,0.83432,-0.099861,10.122,1.6635,-0.81593
379.9,-55.579,11.64,2.0329,0.70057,0.85327,-0.088013,10.122,1.6635,-0.81593
380,-55.688,11.665,2.0247,0.70467,0.87328,-0.07483,10.122,1.6635,-0.81593
380.1,-55.798,11.69,2.018,0.70955,0.89456,-0.059999,10.122,1.6635,-0.81593
380.2,-55.91,11.715,2.0128,0.71539,0.91738,-0.043097,0.25718,-6.2991e-17,3.0371e-17
380.3,-56.024,11.74,2.0106,0.70148,0.93535,0.00016039,0.25718,-6.2991e-17,3.0371e-17
380.4,-56.139,11.762,2.0129,0.69163,0.94594,0.044398,0.25718,-6.2991e-17,3.0371e-17
380.5,-56.254,11.784,2.0193,0.68555,0.93973,0.082724,0.25718,-6.2991e-17,3.0371e-17
380.6,-56.368,11.805,2.0291,0.68242,0.91918,0.11249,0.25718,-6.2991e-17,3.0371e-17
380.7,-56.479,11.825,2.0415,0.6812,0.88797,0.13325,0.25718,-6.2991e-17,3.0371e-17
380.8,-56.588,11.846,2.0555,0.68095,0.84988,0.14604,0.25718,-6.2991e-17,3.0371e-17
380.9,-56.693,11.867,2.0705,0.68094,0.80813,0.15251,0.25718,-6.2991e-17,3.0371e-17
381,-56.795,11.888,2.0859,0.68066,0.76512,0.15433,0.25718,-6.2991e-17,3.0371e-17
381.1,-56.893,11.91,2.1013,0.67981,0.72249,0.15294,0.25718,-6.2991e-17,3.0371e-17
381.2,-56.988,11.932,2.1164,0.67826,0.68128,0.14942,0.25718,-6.2991e-17,3.0371e-17
381.3,-57.08,11.955,2.1311,0.67597,0.64208,0.14458,0.25718,-6.2991e-17,3.0371e-17
381.4,-57.169,11.978,2.1453,0.67295,0.60518,0.13898,0.25718,-6.2991e-17,3.0371e-17
381.5,-57.255,12.002,2.1589,0.66926,0.57067,0.133,0.25718,-6.2991e-17,3.0371e-17
381.6,-57.338,12.026,2.1719,0.66497,0.53854,0.1269,0.25718,-6.2991e-17,3.0371e-17
381.7,-57.419,12.051,2.1843,0.66016,0.50869,0.12084,0.25718,-6.2991e-17,3.0371e-17
381.8,-57.497,12.076,2.1961,0.6549,0.481,0.11493,0.25718,-6.2991e-17,3.0371e-17
381.9,-57.574,12.101,2.2073,0.64927,0.45531,0.10924,0.25718,-6.2991e-17,3.0371e-17
382,-57.648,12.126,2.2179,0.64332,0.43147,0.1038,0.25718,-6.2991e-17,3.0371e-17
382.1,-57.72,12.151,2.228,0.63713,0.40935,0.098619,0.25718,-6.2991e-17,3.0371e-17
382.2,-57.79,12.177,2.2376,0.63074,0.38879,0.093717,0.25718,-6.2991e-17,3.0371e-17
382.3,-57.859,12.202,2.2468,0.62419,0.36967,0.089085,0.25718,-6.2991e-17,3.0371e-17
382.4,-57.926,12.228,2.2555,0.61754,0.35186,0.084716,0.25718,-6.2991e-17,3.0371e-17
382.5,-57.992,12.253,2.2637,0.6108,0.33526,0.080599,0.25718,-6.2991e-17,3.0371e-17
382.6,-58.056,12.279,2.2716,0.60401,0.31975,0.076722,0.25718,-6.2991e-17,3.0371e-17
382.7,-58.119,12.305,2.2791,0.5972,0.30526,0.073071,0.25718,-6.2991e-17,3.0371e-17
382.8,-58.18,12.33,2.2862,0.59038,0.29169,0.069633,0.25718,-6.2991e-17,3.0371e-17
382.9,-58.24,12.355,2.293,0.58358,0.27896,0.066394,0.25718,-6.2991e-17,3.0371e-17
383,-58.299,12.381,2.2995,0.57681,0.26702,0.063343,0.25718,-6.2991e-17,3.0371e-17
383.1,-58.357,12.406,2.3057,0.57008,0.2558,0.060466,0.25718,-6.2991e-17,3.0371e-17
383.2,-58.413,12.431,2.3116,0.5634,0.24523,0.057753,0.25718,-6.2991e-17,3.0371e-17
383.3,-58.469,12.456,2.3172,0.5568,0.23528,0.055191,0.25718,-6.2991e-17,3.0371e-17
383.4,-58.524,12.481,2.3226,0.55026,0.22589,0.052772,0.25718,-6.2991e-17,3.0371e-17
383.5,-58.577,12.506,2.3278,0.5438,0.21702,0.050486,0.25718,-6.2991e-17,3.0371e-17
383.6,-58.63,12.53,2.3327,0.53742,0.20864,0.048324,0.25718,-6.2991e-17,3.0371e-17
383.7,-58.682,12.554,2.3375,0.53113,0.20071,0.046278,0.25718,-6.2991e-17,3.0371e-17
383.8,-58.733,12.579,2.342,0.52494,0.19319,0.044341,0.25718,-6.2991e-17,3.0371e-17
383.9,-58.783,12.603,2.3463,0.51883,0.18606,0.042504,0.25718,-6.2991e-17,3.0371e-17
384,-58.832,12.627,2.3505,0.51282,0.17929,0.040763,0.25718,-6.2991e-17,3.0371e-17
384.1,-58.88,12.651,2.3545,0.50691,0.17286,0.039111,0.25718,-6.2991e-17,3.0371e-17
384.2,-58.928,12.674,2.3583,0.5011,0.16675,0.037542,0.25718,-6.2991e-17,3.0371e-17
384.3,-58.975,12.698,2.362,0.49538,0.16092,0.036052,0.25718,-6.2991e-17,3.0371e-17
384.4,-59.021,12.721,2.3655,0.48976,0.15538,0.034635,0.25718,-6.2991e-17,3.0371e-17
384.5,-59.066,12.744,2.3689,0.48424,0.15009,0.033287,0.25718,-6.2991e-17,3.0371e-17
384.6,-59.111,12.767,2.3722,0.47882,0.14504,0.032004,0.25718,-6.2991e-17,3.0371e-17
384.7,-59.155,12.79,2.3753,0.4735,0.14022,0.030783,0.25718,-6.2991e-17,3.0371e-17
384.8,-59.199,12.812,2.3784,0.46827,0.13562,0.029619,0.25718,-6.2991e-17,3.0371e-17
384.9,-59.242,12.835,2.3813,0.46313,0.13121,0.02851,0.25718,-6.2991e-17,3.0371e-17
385,-59.284,12.857,2.3841,0.45809,0.127,0.027452,0.25718,-6.2991e-17,3.0371e-17
385.1,-59.326,12.879,2.3868,0.45314,0.12296,0.026443,0.25718,-6.2991e-17,3.0371e-17
385.2,-59.367,12.901,2.3894,0.44829,0.1191,0.025479,0.25718,-6.2991e-17,3.0371e-17
385.3,-59.408,12.923,2.3919,0.44352,0.11539,0.024559,0.25718,-6.2991e-17,3.0371e-17
385.4,-59.448,12.945,2.3943,0.43884,0.11183,0.023679,0.25718,-6.2991e-17,3.0371e-17
385.5,-59.487,12.967,2.3966,0.43425,0.10841,0.022839,0.25718,-6.2991e-17,3.0371e-17
385.6,-59.526,12.988,2.3988,0.42975,0.10513,0.022036,0.25718,-6.2991e-17,3.0371e-17
385.7,-59.565,13.009,2.401,0.42533,0.10198,0.021267,0.25718,-6.2991e-17,3.0371e-17
385.8,-59.603,13.03,2.4031,0.42099,0.098943,0.020531,0.25718,-6.2991e-17,3.0371e-17
385.9,-59.64,13.051,2.4051,0.41673,0.096025,0.019827,0.25718,-6.2991e-17,3.0371e-17
386,-59.677,13.072,2.4071,0.41255,0.093216,0.019153,0.25718,-6.2991e-17,3.0371e-17
386.1,-59.714,13.093,2.4089,0.40845,0.090511,0.018508,0.25718,-6.2991e-17,3.0371e-17
386.2,-59.75,13.113,2.4108,0.40443,0.087904,0.017889,0.25718,-6.2991e-17,3.0371e-17
386.3,-59.786,13.134,2.4125,0.40048,0.085392,0.017296,0.25718,-6.2991e-17,3.0371e-17
386.4,-59.821,13.154,2.4142,0.3966,0.082968,0.016728,0.25718,-6.2991e-17,3.0371e-17
386.5,-59.856,13.174,2.4159,0.3928,0.08063,0.016183,0.25718,-6.2991e-17,3.0371e-17
386.6,-59.891,13.194,2.4175,0.38906,0.078373,0.01566,0.25718,-6.2991e-17,3.0371e-17
386.7,-59.925,13.214,2.419,0.3854,0.076194,0.015159,0.25718,-6.2991e-17,3.0371e-17
386.8,-59.959,13.234,2.4205,0.3818,0.074088,0.014678,0.25718,-6.2991e-17,3.0371e-17
386.9,-59.992,13.253,2.4219,0.37826,0.072053,0.014216,0.25718,-6.2991e-17,3.0371e-17
387,-60.025,13.273,2.4233,0.37479,0.070086,0.013773,0.25718,-6.2991e-17,3.0371e-17
387.1,-60.058,13.292,2.4247,0.37139,0.068184,0.013347,0.25718,-6.2991e-17,3.0371e-17
387.2,-60.09,13.311,2.426,0.36804,0.066343,0.012938,0.25718,-6.2991e-17,3.0371e-17
387.3,-60.122,13.33,2.4273,0.36476,0.064561,0.012546,0.25718,-6.2991e-17,3.0371e-17
387.4,-60.154,13.349,2.4285,0.36153,0.062837,0.012169,0.25718,-6.2991e-17,3.0371e-17
387.5,-60.185,13.368,2.4297,0.35836,0.061166,0.011806,0.25718,-6.2991e-17,3.0371e-17
387.6,-60.216,13.387,2.4309,0.35525,0.059548,0.011458,0.25718,-6.2991e-17,3.0371e-17
387.7,-60.247,13.405,2.432,0.35219,0.05798,0.011123,0.25718,-6.2991e-17,3.0371e-17
387.8,-60.277,13.424,2.4331,0.34918,0.05646,0.010801,0.25718,-6.2991e-17,3.0371e-17
387.9,-60.307,13.442,2.4342,0.34623,0.054986,0.010492,0.25718,-6.2991e-17,3.0371e-17
388,-60.337,13.46,2.4352,0.34333,0.053556,0.010194,0.25718,-6.2991e-17,3.0371e-17
388.1,-60.366,13.479,2.4362,0.34048,0.052169,0.0099082,0.25718,-6.2991e-17,3.0371e-17
388.2,-60.395,13.497,2.4372,0.33768,0.050822,0.009633,0.25718,-6.2991e-17,3.0371e-17
388.3,-60.424,13.515,2.4381,0.33493,0.049516,0.0093683,0.25718,-6.2991e-17,3.0371e-17
388.4,-60.453,13.532,2.4391,0.33223,0.048247,0.0091137,0.25718,-6.2991e-17,3.0371e-17
388.5,-60.481,13.55,2.44,0.32957,0.047014,0.0088687,0.25718,-6.2991e-17,3.0371e-17
388.6,-60.509,13.568,2.4408,0.32695,0.045817,0.0086329,0.25718,-6.2991e-17,3.0371e-17
388.7,-60.537,13.585,2.4417,0.32438,0.044654,0.008406,0.25718,-6.2991e-17,3.0371e-17
388.8,-60.565,13.603,2.4425,0.32185,0.043523,0.0081877,0.25718,-6.2991e-17,3.0371e-17
388.9,-60.592,13.62,2.4433,0.31937,0.042424,0.0079775,0.25718,-6.2991e-17,3.0371e-17
389,-60.619,13.637,2.4441,0.31693,0.041356,0.0077752,0.25718,-6.2991e-17,3.0371e-17
389.1,-60.646,13.654,2.4449,0.31452,0.040316,0.0075804,0.25718,-6.2991e-17,3.0371e-17
389.2,-60.672,13.671,2.4456,0.31216,0.039305,0.0073928,0.25718,-6.2991e-17,3.0371e-17
389.3,-60.699,13.688,2.4464,0.30984,0.038322,0.0072122,0.25718,-6.2991e-17,3.0371e-17
389.4,-60.725,13.705,2.4471,0.30755,0.037365,0.0070383,0.25718,-6.2991e-17,3.0371e-17
389.5,-60.751,13.722,2.4478,0.3053,0.036433,0.0068708,0.25718,-6.2991e-17,3.0371e-17
389.6,-60.776,13.739,2.4484,0.30309,0.035526,0.0067094,0.25718,-6.2991e-17,3.0371e-17
389.7,-60.802,13.755,2.4491,0.30091,0.034643,0.006554,0.25718,-6.2991e-17,3.0371e-17
389.8,-60.827,13.772,2.4498,0.29877,0.033784,0.0064042,0.25718,-6.2991e-17,3.0371e-17
389.9,-60.852,13.788,2.4504,0.29666,0.032946,0.0062599,0.25718,-6.2991e-17,3.0371e-17
390,-60.877,13.805,2.451,0.29458,0.03213,0.0061208,0.25718,-6.2991e-17,3.0371e-17
390.1,-60.902,13.821,2.4516,0.29254,0.031336,0.0059868,0.25718,-6.2991e-17,3.0371e-17
390.2,-60.926,13.837,2.4522,0.29053,0.030561,0.0058576,0.25718,-6.2991e-17,3.0371e-17
390.3,-60.951,13.853,2.4528,0.28855,0.029807,0.005733,0.25718,-6.2991e-17,3.0371e-17
390.4,-60.975,13.869,2.4533,0.28661,0.029071,0.0056129,0.25718,-6.2991e-17,3.0371e-17
390.5,-60.998,13.885,2.4539,0.28469,0.028354,0.0054971,0.25718,-6.2991e-17,3.0371e-17
390.6,-61.022,13.901,2.4544,0.2828,0.027655,0.0053854,0.25718,-6.2991e-17,3.0371e-17
390.7,-61.046,13.917,2.455,0.28094,0.026974,0.0052777,0.25718,-6.2991e-17,3.0371e-17
390.8,-61.069,13.932,2.4555,0.27911,0.026309,0.0051737,0.25718,-6.2991e-17,3.0371e-17
390.9,-61.092,13.948,2.456,0.27731,0.025661,0.0050734,0.25718,-6.2991e-17,3.0371e-17
391,-61.115,13.963,2.4565,0.27553,0.025029,0.0049766,0.25718,-6.2991e-17,3.0371e-17
391.1,-61.138,13.979,2.457,0.27378,0.024412,0.0048831,0.25718,-6.2991e-17,3.0371e-17
391.2,-61.161,13.994,2.4575,0.27206,0.023811,0.0047928,0.25718,-6.2991e-17,3.0371e-17
391.3,-61.183,14.01,2.458,0.27036,0.023224,0.0047057,0.25718,-6.2991e-17,3.0371e-17
391.4,-61.206,14.025,2.4584,0.26869,0.022651,0.0046215,0.25718,-6.2991e-17,3.0371e-17
391.5,-61.228,14.04,2.4589,0.26704,0.022092,0.0045401,0.25718,-6.2991e-17,3.0371e-17
391.6,-61.25,14.055,2.4593,0.26542,0.021546,0.0044615,0.25718,-6.2991e-17,3.0371e-17
391.7,-61.272,14.07,2.4598,0.26382,0.021014,0.0043855,0.25718,-6.2991e-17,3.0371e-17
391.8,-61.293,14.085,2.4602,0.26224,0.020494,0.004312,0.25718,-6.2991e-17,3.0371e-17
391.9,-61.315,14.1,2.4607,0.26069,0.019987,0.004241,0.25718,-6.2991e-17,3.0371e-17
392,-61.336,14.115,2.4611,0.25916,0.019491,0.0041722,0.25718,-6.2991e-17,3.0371e-17
392.1,-61.358,14.13,2.4615,0.25765,0.019008,0.0041056,0.25718,-6.2991e-17,3.0371e-17
392.2,-61.379,14.144,2.4619,0.25617,0.018536,0.0040412,0.25718,-6.2991e-17,3.0371e-17
392.3,-61.4,14.159,2.4623,0.2547,0.018074,0.0039788,3.7658,-0.042065,0.020633
392.4,-61.421,14.174,2.4627,0.2611,0.01744,0.0044972,3.7658,-0.042065,0.020633
392.5,-61.443,14.189,2.4632,0.26741,0.016796,0.0050101,3.7658,-0.042065,0.020633
392.6,-61.465,14.205,2.4637,0.27363,0.016142,0.0055192,3.7658,-0.042065,0.020633
392.7,-61.487,14.221,2.4643,0.27975,0.015479,0.0060262,3.7658,-0.042065,0.020633
392.8,-61.51,14.237,2.4649,0.28578,0.014806,0.0065327,3.7658,-0.042065,0.020633
392.9,-61.534,14.254,2.4656,0.29171,0.014122,0.0070404,3.7658,-0.042065,0.020633
393,-61.558,14.272,2.4663,0.29755,0.013429,0.0075507,3.7658,-0.042065,0.020633
393.1,-61.582,14.289,2.4671,0.3033,0.012724,0.0080654,3.7658,-0.042065,0.020633
393.2,-61.607,14.307,2.4679,0.30894,0.012008,0.0085858,3.7658,-0.042065,0.020633
393.3,-61.632,14.326,2.4688,0.3145,0.011281,0.0091136,3.7658,-0.042065,0.020633
393.4,-61.657,14.345,2.4698,0.31995,0.010541,0.0096503,3.7658,-0.042065,0.020633
393.5,-61.683,14.364,2.4708,0.32532,0.0097891,0.010197,3.7658,-0.042065,0.020633
393.6,-61.709,14.384,2.4718,0.33059,0.0090238,0.010756,3.7658,-0.042065,0.020633
393.7,-61.736,14.404,2.4729,0.33576,0.0082449,0.011329,3.7658,-0.042065,0.020633
393.8,-61.763,14.424,2.4741,0.34085,0.0074516,0.011916,3.7658,-0.042065,0.020633
393.9,-61.791,14.445,2.4753,0.34584,0.0066434,0.012519,3.7658,-0.042065,0.020633
394,-61.818,14.466,2.4766,0.35074,0.0058195,0.013141,3.7658,-0.042065,0.020633
394.1,-61.846,14.487,2.4779,0.35554,0.0049792,0.013782,3.7658,-0.042065,0.020633
394.2,-61.875,14.509,2.4793,0.36026,0.0041218,0.014444,3.7658,-0.042065,0.020633
394.3,-61.904,14.531,2.4808,0.36488,0.0032464,0.015128,3.7658,-0.042065,0.020633
394.4,-61.933,14.553,2.4824,0.36942,0.0023521,0.015836,3.7658,-0.042065,0.020633
394.5,-61.962,14.576,2.484,0.37387,0.0014382,0.01657,3.7658,-0.042065,0.020633
394.6,-61.992,14.599,2.4857,0.37823,0.00050372,0.01733,3.7658,-0.042065,0.020633
394.7,-62.022,14.622,2.4875,0.3825,-0.00045273,0.018119,3.7658,-0.042065,0.020633
394.8,-62.053,14.645,2.4893,0.38668,-0.0014349,0.018934,3.7658,-0.042065,0.020633
394.9,-62.084,14.669,2.4912,0.39078,-0.0024446,0.019776,3.7658,-0.042065,0.020633
395,-62.115,14.693,2.4933,0.3948,-0.0034831,0.020646,3.7658,-0.042065,0.020633
395.1,-62.146,14.717,2.4954,0.39873,-0.0045518,0.021543,3.7658,-0.042065,0.020633
395.2,-62.178,14.742,2.4976,0.40258,-0.0056519,0.022469,3.7658,-0.042065,0.020633
395.3,-62.21,14.766,2.4999,0.40635,-0.0067849,0.023424,3.7658,-0.042065,0.020633
395.4,-62.242,14.791,2.5023,0.41004,-0.0079521,0.024408,3.7658,-0.042065,0.020633
395.5,-62.275,14.817,2.5047,0.41364,-0.0091549,0.025422,3.7658,-0.042065,0.020633
395.6,-62.308,14.842,2.5073,0.41717,-0.010395,0.026467,3.7658,-0.042065,0.020633
395.7,-62.341,14.868,2.51,0.42062,-0.011672,0.027541,3.7658,-0.042065,0.020633
395.8,-62.374,14.894,2.5128,0.42399,-0.01299,0.028645,3.7658,-0.042065,0.020633
395.9,-62.408,14.92,2.5158,0.42729,-0.014348,0.029779,3.7658,-0.042065,0.020633
396,-62.442,14.946,2.5188,0.43051,-0.015749,0.030942,3.7658,-0.042065,0.020633
396.1,-62.476,14.972,2.522,0.43365,-0.017193,0.032135,3.7658,-0.042065,0.020633
396.2,-62.51,14.999,2.5252,0.43672,-0.018681,0.033356,3.7658,-0.042065,0.020633
396.3,-62.545,15.026,2.5286,0.43972,-0.020215,0.034605,3.7658,-0.042065,0.020633
396.4,-62.58,15.053,2.5322,0.44265,-0.021795,0.035881,3.7658,-0.042065,0.020633
396.5,-62.615,15.08,2.5358,0.4455,-0.023424,0.037183,3.7658,-0.042065,0.020633
396.6,-62.651,15.108,2.5396,0.44828,-0.0251,0.038509,3.7658,-0.042065,0.020633
396.7,-62.686,15.135,2.5435,0.45099,-0.026826,0.039859,3.7658,-0.042065,0.020633
396.8,-62.722,15.163,2.5476,0.45364,-0.028602,0.041231,3.7658,-0.042065,0.020633
396.9,-62.758,15.191,2.5518,0.45621,-0.030429,0.042623,3.7658,-0.042065,0.020633
397,-62.795,15.219,2.5561,0.45872,-0.032306,0.044033,3.7658,-0.042065,0.020633
397.1,-62.831,15.247,2.5606,0.46116,-0.034235,0.04546,3.7658,-0.042065,0.020633
397.2,-62.868,15.275,2.5652,0.46353,-0.036216,0.046902,3.7658,-0.042065,0.020633
397.3,-62.905,15.303,2.5699,0.46584,-0.038248,0.048356,3.7658,-0.042065,0.020633
397.4,-62.942,15.332,2.5749,0.46808,-0.040331,0.049819,3.7658,-0.042065,0.020633
397.5,-62.98,15.36,2.5799,0.47026,-0.042466,0.051291,3.7658,-0.042065,0.020633
397.6,-63.017,15.389,2.5851,0.47237,-0.044651,0.052767,3.7658,-0.042065,0.020633
397.7,-63.055,15.418,2.5905,0.47442,-0.046887,0.054246,3.7658,-0.042065,0.020633
397.8,-63.093,15.447,2.596,0.4764,-0.049172,0.055725,3.7658,-0.042065,0.020633
397.9,-63.131,15.476,2.6016,0.47833,-0.051506,0.057202,3.7658,-0.042065,0.020633
398,-63.17,15.505,2.6074,0.48019,-0.053887,0.058672,3.7658,-0.042065,0.020633
398.1,-63.209,15.534,2.6133,0.48199,-0.056315,0.060135,3.7658,-0.042065,0.020633
398.2,-63.247,15.563,2.6194,0.48373,-0.058787,0.061587,3.7658,-0.042065,0.020633
398.3,-63.287,15.592,2.6257,0.4854,-0.061303,0.063026,3.7658,-0.042065,0.020633
398.4,-63.326,15.622,2.632,0.48702,-0.063861,0.064449,3.7658,-0.042065,0.020633
398.5,-63.365,15.651,2.6385,0.48858,-0.066459,0.065853,3.7658,-0.042065,0.020633
398.6,-63.405,15.68,2.6452,0.49008,-0.069095,0.067236,3.7658,-0.042065,0.020633
398.7,-63.445,15.71,2.652,0.49153,-0.071768,0.068595,3.7658,-0.042065,0.020633
398.8,-63.485,15.739,2.6589,0.49291,-0.074474,0.069929,3.7658,-0.042065,0.020633
398.9,-63.525,15.769,2.666,0.49424,-0.077211,0.071235,3.7658,-0.042065,0.020633
399,-63.566,15.798,2.6732,0.49551,-0.079978,0.072511,3.7658,-0.042065,0.020633
399.1,-63.607,15.828,2.6805,0.49673,-0.082772,0.073755,3.7658,-0.042065,0.020633
399.2,-63.647,15.857,2.6879,0.49789,-0.08559,0.074966,3.7658,-0.042065,0.020633
399.3,-63.689,15.887,2.6955,0.499,-0.08843,0.076141,3.7658,-0.042065,0.020633
399.4,-63.73,15.916,2.7031,0.50005,-0.091288,0.07728,3.7658,-0.042065,0.020633
399.5,-63.771,15.946,2.7109,0.50106,-0.094164,0.07838,3.7658,-0.042065,0.020633
399.6,-63.813,15.975,2.7188,0.50201,-0.097053,0.079442,3.7658,-0.042065,0.020633
399.7,-63.855,16.005,2.7268,0.50291,-0.099953,0.080463,3.7658,-0.042065,0.020633
399.8,-63.897,16.034,2.7349,0.50376,-0.10286,0.081443,3.7658,-0.042065,0.020633
399.9,-63.939,16.063,2.7431,0.50456,-0.10578,0.082381,3.7658,-0.042065,0.020633
400,-63.982,16.093,2.7514,0.50532,-0.10869,0.083277,3.7658,-0.042065,0.020633
400.1,-64.025,16.122,2.7598,0.50603,-0.11161,0.084129,3.7658,-0.042065,0.020633
400.2,-64.067,16.151,2.7682,0.50669,-0.11453,0.084939,3.7658,-0.042065,0.020633
400.3,-64.111,16.18,2.7767,0.50731,-0.11744,0.085706,3.7658,-0.042065,0.020633
400.4,-64.154,16.209,2.7853,0.50788,-0.12035,0.086429,3.7658,-0.042065,0.020633
400.5,-64.197,16.238,2.794,0.50842,-0.12324,0.087109,3.7658,-0.042065,0.020633
400.6,-64.241,16.267,2.8028,0.50891,-0.12613,0.087746,3.7658,-0.042065,0.020633
400.7,-64.285,16.296,2.8116,0.50936,-0.129,0.088341,3.7658,-0.042065,0.020633
400.8,-64.329,16.325,2.8204,0.50977,-0.13185,0.088893,3.7658,-0.042065,0.020633
400.9,-64.373,16.353,2.8294,0.51015,-0.13469,0.089404,3.7658,-0.042065,0.020633
401,-64.418,16.382,2.8383,0.51048,-0.13751,0.089873,3.7658,-0.042065,0.020633
401.1,-64.463,16.41,2.8473,0.51079,-0.14031,0.090302,3.7658,-0.042065,0.020633
401.2,-64.508,16.438,2.8564,0.51106,-0.14308,0.09069,3.7658,-0.042065,0.020633
401.3,-64.553,16.466,2.8655,0.51129,-0.14582,0.09104,3.7658,-0.042065,0.020633
401.4,-64.598,16.494,2.8746,0.5115,-0.14854,0.091352,3.7658,-0.042065,0.020633
401.5,-64.643,16.522,2.8837,0.51168,-0.15124,0.091626,3.7658,-0.042065,0.020633
401.6,-64.689,16.549,2.8929,0.51182,-0.1539,0.091864,3.7658,-0.042065,0.020633
401.7,-64.735,16.577,2.9021,0.51194,-0.15653,0.092067,3.7658,-0.042065,0.020633
401.8,-64.781,16.604,2.9113,0.51204,-0.15913,0.092235,3.7658,-0.042065,0.020633
401.9,-64.828,16.631,2.9205,0.5121,-0.1617,0.092369,0.24085,-5.8991e-17,2.8757e-17
402,-64.874,16.658,2.9298,0.50431,-0.164,0.091803,0.24085,-5.8991e-17,2.8757e-17
402.1,-64.919,16.684,2.9389,0.49669,-0.16614,0.091046,0.24085,-5.8991e-17,2.8757e-17
402.2,-64.964,16.71,2.948,0.48926,-0.16813,0.090118,0.24085,-5.8991e-17,2.8757e-17
402.3,-65.009,16.736,2.9569,0.482,-0.16996,0.089039,0.24085,-5.8991e-17,2.8757e-17
402.4,-65.053,16.762,2.9658,0.47491,-0.17163,0.087825,0.24085,-5.8991e-17,2.8757e-17
402.5,-65.096,16.787,2.9745,0.46799,-0.17315,0.086494,0.24085,-5.8991e-17,2.8757e-17
402.6,-65.139,16.811,2.9831,0.46124,-0.17451,0.085059,0.24085,-5.8991e-17,2.8757e-17
402.7,-65.182,16.836,2.9915,0.45466,-0.17572,0.083535,0.24085,-5.8991e-17,2.8757e-17
402.8,-65.224,16.86,2.9998,0.44823,-0.17678,0.081935,0.24085,-5.8991e-17,2.8757e-17
402.9,-65.266,16.883,3.0079,0.44197,-0.1777,0.08027,0.24085,-5.8991e-17,2.8757e-17
403,-65.307,16.907,3.0158,0.43587,-0.17848,0.078551,0.24085,-5.8991e-17,2.8757e-17
403.1,-65.348,16.93,3.0236,0.42991,-0.17912,0.076787,0.24085,-5.8991e-17,2.8757e-17
403.2,-65.388,16.952,3.0312,0.42411,-0.17963,0.074988,0.24085,-5.8991e-17,2.8757e-17
403.3,-65.428,16.975,3.0386,0.41846,-0.18002,0.073161,0.24085,-5.8991e-17,2.8757e-17
403.4,-65.468,16.997,3.0458,0.41295,-0.18028,0.071313,0.24085,-5.8991e-17,2.8757e-17
403.5,-65.507,17.018,3.0528,0.40758,-0.18043,0.06945,0.24085,-5.8991e-17,2.8757e-17
403.6,-65.546,17.04,3.0597,0.40235,-0.18047,0.067577,0.24085,-5.8991e-17,2.8757e-17
403.7,-65.584,17.061,3.0664,0.39726,-0.18041,0.065701,0.24085,-5.8991e-17,2.8757e-17
403.8,-65.622,17.082,3.0728,0.3923,-0.18024,0.063825,0.24085,-5.8991e-17,2.8757e-17
403.9,-65.66,17.102,3.0791,0.38747,-0.17998,0.061953,0.24085,-5.8991e-17,2.8757e-17
404,-65.697,17.123,3.0852,0.38276,-0.17963,0.06009,0.24085,-5.8991e-17,2.8757e-17
404.1,-65.734,17.143,3.0911,0.37818,-0.17919,0.058236,0.24085,-5.8991e-17,2.8757e-17
404.2,-65.771,17.162,3.0969,0.37371,-0.17867,0.056397,0.24085,-5.8991e-17,2.8757e-17
404.3,-65.807,17.182,3.1024,0.36937,-0.17807,0.054573,0.24085,-5.8991e-17,2.8757e-17
404.4,-65.843,17.201,3.1078,0.36513,-0.1774,0.052767,0.24085,-5.8991e-17,2.8757e-17
404.5,-65.879,17.22,3.113,0.36101,-0.17666,0.050981,0.24085,-5.8991e-17,2.8757e-17
404.6,-65.915,17.238,3.118,0.357,-0.17586,0.049216,0.24085,-5.8991e-17,2.8757e-17
404.7,-65.95,17.256,3.1228,0.35309,-0.17499,0.047473,0.24085,-5.8991e-17,2.8757e-17
404.8,-65.985,17.274,3.1275,0.34928,-0.17406,0.045754,0.24085,-5.8991e-17,2.8757e-17
404.9,-66.019,17.292,3.132,0.34557,-0.17308,0.044059,0.24085,-5.8991e-17,2.8757e-17
405,-66.053,17.31,3.1363,0.34196,-0.17205,0.04239,0.24085,-5.8991e-17,2.8757e-17
405.1,-66.087,17.327,3.1404,0.33844,-0.17097,0.040747,0.24085,-5.8991e-17,2.8757e-17
405.2,-66.121,17.344,3.1444,0.33501,-0.16985,0.03913,0.24085,-5.8991e-17,2.8757e-17
405.3,-66.154,17.361,3.1483,0.33167,-0.16868,0.03754,0.24085,-5.8991e-17,2.8757e-17
405.4,-66.188,17.377,3.152,0.32841,-0.16747,0.035977,0.24085,-5.8991e-17,2.8757e-17
405.5,-66.22,17.394,3.1555,0.32524,-0.16623,0.034441,0.24085,-5.8991e-17,2.8757e-17
405.6,-66.253,17.41,3.1588,0.32215,-0.16495,0.032933,0.24085,-5.8991e-17,2.8757e-17
405.7,-66.285,17.425,3.1621,0.31913,-0.16363,0.031452,0.24085,-5.8991e-17,2.8757e-17
405.8,-66.317,17.441,3.1651,0.3162,-0.16229,0.029998,0.24085,-5.8991e-17,2.8757e-17
405.9,-66.349,17.456,3.1681,0.31333,-0.16092,0.028572,0.24085,-5.8991e-17,2.8757e-17
406,-66.381,17.472,3.1708,0.31054,-0.15952,0.027173,0.24085,-5.8991e-17,2.8757e-17
406.1,-66.412,17.486,3.1735,0.30782,-0.1581,0.0258,0.24085,-5.8991e-17,2.8757e-17
406.2,-66.444,17.501,3.176,0.30516,-0.15666,0.024455,0.24085,-5.8991e-17,2.8757e-17
406.3,-66.474,17.516,3.1784,0.30257,-0.15519,0.023136,0.24085,-5.8991e-17,2.8757e-17
406.4,-66.505,17.53,3.1806,0.30005,-0.15371,0.021843,0.24085,-5.8991e-17,2.8757e-17
406.5,-66.536,17.544,3.1828,0.29758,-0.1522,0.020576,0.24085,-5.8991e-17,2.8757e-17
406.6,-66.566,17.558,3.1848,0.29517,-0.15069,0.019335,0.24085,-5.8991e-17,2.8757e-17
406.7,-66.596,17.572,3.1866,0.29282,-0.14915,0.018119,0.24085,-5.8991e-17,2.8757e-17
406.8,-66.626,17.585,3.1884,0.29053,-0.14761,0.016928,0.24085,-5.8991e-17,2.8757e-17
406.9,-66.655,17.598,3.19,0.28829,-0.14605,0.015761,0.24085,-5.8991e-17,2.8757e-17
407,-66.685,17.612,3.1915,0.2861,-0.14448,0.014618,0.24085,-5.8991e-17,2.8757e-17
407.1,-66.714,17.624,3.1929,0.28396,-0.1429,0.0135,0.24085,-5.8991e-17,2.8757e-17
407.2,-66.743,17.637,3.1942,0.28188,-0.14131,0.012404,0.24085,-5.8991e-17,2.8757e-17
407.3,-66.772,17.65,3.1954,0.27984,-0.13971,0.011331,0.24085,-5.8991e-17,2.8757e-17
407.4,-66.8,17.662,3.1965,0.27784,-0.13811,0.010281,0.24085,-5.8991e-17,2.8757e-17
407.5,-66.829,17.674,3.1975,0.27589,-0.1365,0.0092521,0.24085,-5.8991e-17,2.8757e-17
407.6,-66.857,17.686,3.1983,0.27399,-0.13489,0.0082452,0.24085,-5.8991e-17,2.8757e-17
407.7,-66.885,17.698,3.1991,0.27212,-0.13327,0.0072595,0.24085,-5.8991e-17,2.8757e-17
407.8,-66.913,17.71,3.1998,0.2703,-0.13165,0.0062944,0.24085,-5.8991e-17,2.8757e-17
407.9,-66.94,17.721,3.2004,0.26851,-0.13002,0.0053496,0.24085,-5.8991e-17,2.8757e-17
408,-66.968,17.732,3.2009,0.26677,-0.1284,0.0044246,0.24085,-5.8991e-17,2.8757e-17
408.1,-66.995,17.744,3.2013,0.26506,-0.12677,0.003519,0.24085,-5.8991e-17,2.8757e-17
408.2,-67.022,17.755,3.2016,0.26339,-0.12514,0.0026323,0.24085,-5.8991e-17,2.8757e-17
408.3,-67.049,17.765,3.2018,0.26175,-0.12351,0.0017642,0.24085,-5.8991e-17,2.8757e-17
408.4,-67.076,17.776,3.2019,0.26014,-0.12189,0.00091415,0.24085,-5.8991e-17,2.8757e-17
408.5,-67.103,17.787,3.202,0.25857,-0.12026,8.1792e-05,0.24085,-5.8991e-17,2.8757e-17
408.6,-67.129,17.797,3.2019,0.25703,-0.11862,-0.00072652,0.24085,-5.8991e-17,2.8757e-17
408.7,-67.155,17.807,3.2018,0.25552,-0.11694,-0.0015005,0.24085,-5.8991e-17,2.8757e-17
408.8,-67.182,17.817,3.2016,0.25404,-0.11522,-0.0022395,0.24085,-5.8991e-17,2.8757e-17
408.9,-67.208,17.827,3.2014,0.25259,-0.11346,-0.002943,0.24085,-5.8991e-17,2.8757e-17
409,-67.233,17.837,3.2011,0.25116,-0.11168,-0.0036108,0.24085,-5.8991e-17,2.8757e-17
409.1,-67.259,17.847,3.2007,0.24977,-0.10987,-0.004243,0.24085,-5.8991e-17,2.8757e-17
409.2,-67.285,17.856,3.2002,0.24839,-0.10804,-0.0048398,0.24085,-5.8991e-17,2.8757e-17
409.3,-67.31,17.865,3.1997,0.24704,-0.1062,-0.0054017,0.24085,-5.8991e-17,2.8757e-17
409.4,-67.335,17.874,3.1991,0.24572,-0.10434,-0.005929,0.24085,-5.8991e-17,2.8757e-17
409.5,-67.36,17.883,3.1985,0.24441,-0.10247,-0.0064226,0.24085,-5.8991e-17,2.8757e-17
409.6,-67.385,17.892,3.1979,0.24313,-0.10059,-0.0068833,0.24085,-5.8991e-17,2.8757e-17
409.7,-67.41,17.901,3.1971,0.24187,-0.098712,-0.0073119,0.24085,-5.8991e-17,2.8757e-17
409.8,-67.434,17.909,3.1964,0.24063,-0.096831,-0.0077094,0.24085,-5.8991e-17,2.8757e-17
409.9,-67.459,17.917,3.1956,0.2394,-0.094951,-0.0080769,0.24085,-5.8991e-17,2.8757e-17
410,-67.483,17.925,3.1948,0.2382,-0.093075,-0.0084154,0.24085,-5.8991e-17,2.8757e-17
410.1,-67.508,17.933,3.1939,0.23701,-0.091207,-0.0087262,0.24085,-5.8991e-17,2.8757e-17
410.2,-67.532,17.941,3.193,0.23584,-0.089348,-0.0090103,0.24085,-5.8991e-17,2.8757e-17
410.3,-67.556,17.949,3.1921,0.23469,-0.0875,-0.0092689,0.24085,-5.8991e-17,2.8757e-17
410.4,-67.579,17.956,3.1912,0.23355,-0.085665,-0.0095032,0.24085,-5.8991e-17,2.8757e-17
410.5,-67.603,17.964,3.1902,0.23243,-0.083846,-0.0097144,0.24085,-5.8991e-17,2.8757e-17
410.6,-67.627,17.971,3.1892,0.23132,-0.082043,-0.0099036,0.24085,-5.8991e-17,2.8757e-17
410.7,-67.65,17.978,3.1882,0.23023,-0.080258,-0.010072,0.24085,-5.8991e-17,2.8757e-17
410.8,-67.673,17.985,3.1872,0.22915,-0.078493,-0.010221,0.24085,-5.8991e-17,2.8757e-17
410.9,-67.697,17.991,3.1862,0.22809,-0.076748,-0.010351,0.24085,-5.8991e-17,2.8757e-17
411,-67.72,17.998,3.1852,0.22704,-0.075025,-0.010463,0.24085,-5.8991e-17,2.8757e-17
411.1,-67.743,18.004,3.1841,0.226,-0.073325,-0.010559,0.24085,-5.8991e-17,2.8757e-17
411.2,-67.765,18.011,3.183,0.22497,-0.071649,-0.01064,0.24085,-5.8991e-17,2.8757e-17
411.3,-67.788,18.017,3.182,0.22396,-0.069997,-0.010706,0.24085,-5.8991e-17,2.8757e-17
411.4,-67.811,18.023,3.1809,0.22296,-0.06837,-0.010758,0.24085,-5.8991e-17,2.8757e-17
411.5,-67.833,18.029,3.1798,0.22197,-0.066768,-0.010797,0.24085,-5.8991e-17,2.8757e-17
411.6,-67.856,18.034,3.1787,0.22099,-0.065193,-0.010825,0.24085,-5.8991e-17,2.8757e-17
411.7,-67.878,18.04,3.1777,0.22002,-0.063644,-0.010841,0.24085,-5.8991e-17,2.8757e-17
411.8,-67.9,18.046,3.1766,0.21906,-0.062121,-0.010847,0.24085,-5.8991e-17,2.8757e-17
411.9,-67.922,18.051,3.1755,0.21812,-0.060625,-0.010843,0.24085,-5.8991e-17,2.8757e-17
412,-67.944,18.056,3.1744,0.21718,-0.059156,-0.010831,0.24085,-5.8991e-17,2.8757e-17
412.1,-67.966,18.061,3.1733,0.21626,-0.057715,-0.01081,0.24085,-5.8991e-17,2.8757e-17
412.2,-67.988,18.066,3.1722,0.21534,-0.0563,-0.010781,0.24085,-5.8991e-17,2.8757e-17
412.3,-68.009,18.071,3.1712,0.21444,-0.054913,-0.010745,0.24085,-5.8991e-17,2.8757e-17
412.4,-68.031,18.076,3.1701,0.21354,-0.053552,-0.010703,0.24085,-5.8991e-17,2.8757e-17
412.5,-68.052,18.081,3.169,0.21266,-0.052219,-0.010655,0.24085,-5.8991e-17,2.8757e-17
412.6,-68.074,18.085,3.168,0.21178,-0.050912,-0.010601,0.24085,-5.8991e-17,2.8757e-17
412.7,-68.095,18.09,3.1669,0.21091,-0.049632,-0.010542,0.24085,-5.8991e-17,2.8757e-17
412.8,-68.116,18.094,3.1659,0.21006,-0.048379,-0.010478,0.24085,-5.8991e-17,2.8757e-17
412.9,-68.137,18.098,3.1648,0.20921,-0.047152,-0.01041,0.24085,-5.8991e-17,2.8757e-17
413,-68.158,18.103,3.1638,0.20837,-0.04595,-0.010338,0.24085,-5.8991e-17,2.8757e-17
413.1,-68.179,18.107,3.1627,0.20754,-0.044775,-0.010263,0.24085,-5.8991e-17,2.8757e-17
413.2,-68.2,18.111,3.1617,0.20671,-0.043625,-0.010184,0.24085,-5.8991e-17,2.8757e-17
413.3,-68.22,18.115,3.1607,0.2059,-0.042499,-0.010103,0.24085,-5.8991e-17,2.8757e-17
413.4,-68.241,18.118,3.1597,0.2051,-0.041399,-0.010018,0.24085,-5.8991e-17,2.8757e-17
413.5,-68.262,18.122,3.1587,0.2043,-0.040323,-0.0099319,0.24085,-5.8991e-17,2.8757e-17
413.6,-68.282,18.126,3.1577,0.20351,-0.039271,-0.0098433,0.24085,-5.8991e-17,2.8757e-17
413.7,-68.302,18.129,3.1567,0.20273,-0.038243,-0.0097528,0.24085,-5.8991e-17,2.8757e-17
413.8,-68.323,18.133,3.1558,0.20196,-0.037238,-0.0096606,0.24085,-5.8991e-17,2.8757e-17
413.9,-68.343,18.136,3.1548,0.2012,-0.036256,-0.009567,0.24085,-5.8991e-17,2.8757e-17
414,-68.363,18.14,3.1539,0.20044,-0.035297,-0.0094722,0.24085,-5.8991e-17,2.8757e-17
414.1,-68.383,18.143,3.1529,0.19969,-0.03436,-0.0093763,0.24085,-5.8991e-17,2.8757e-17
414.2,-68.403,18.146,3.152,0.19895,-0.033444,-0.0092794,0.24085,-5.8991e-17,2.8757e-17
414.3,-68.423,18.149,3.1511,0.19822,-0.03255,-0.0091818,0.24085,-5.8991e-17,2.8757e-17
414.4,-68.443,18.152,3.1501,0.19749,-0.031677,-0.0090836,0.24085,-5.8991e-17,2.8757e-17
414.5,-68.463,18.155,3.1492,0.19678,-0.030825,-0.0089848,0.24085,-5.8991e-17,2.8757e-17
414.6,-68.482,18.158,3.1483,0.19606,-0.029992,-0.0088857,0.24085,-5.8991e-17,2.8757e-17
414.7,-68.502,18.161,3.1475,0.19536,-0.02918,-0.0087862,0.24085,-5.8991e-17,2.8757e-17
414.8,-68.521,18.164,3.1466,0.19467,-0.028387,-0.0086866,0.24085,-5.8991e-17,2.8757e-17
414.9,-68.541,18.166,3.1457,0.19398,-0.027613,-0.008587,0.24085,-5.8991e-17,2.8757e-17
415,-68.56,18.169,3.1449,0.1933,-0.026858,-0.0084873,8.388,-0.28804,0.14128
415.1,-68.58,18.172,3.1442,0.21087,-0.027366,-0.0044388,8.388,-0.28804,0.14128
415.2,-68.602,18.174,3.144,0.22821,-0.027998,-0.00044692,8.388,-0.28804,0.14128
415.3,-68.626,18.177,3.1441,0.24532,-0.028744,0.0035377,8.388,-0.28804,0.14128
415.4,-68.651,18.18,3.1447,0.26218,-0.029588,0.00754,8.388,-0.28804,0.14128
415.5,-68.678,18.183,3.1456,0.27877,-0.030543,0.011564,8.388,-0.28804,0.14128
415.6,-68.707,18.186,3.147,0.29511,-0.031625,0.015613,8.388,-0.28804,0.14128
415.7,-68.737,18.189,3.1488,0.31116,-0.032848,0.01969,8.388,-0.28804,0.14128
415.8,-68.769,18.192,3.1509,0.32693,-0.034224,0.023796,8.388,-0.28804,0.14128
415.9,-68.803,18.195,3.1535,0.34241,-0.035769,0.027935,8.388,-0.28804,0.14128
416,-68.838,18.198,3.1565,0.3576,-0.037493,0.032106,8.388,-0.28804,0.14128
416.1,-68.875,18.202,3.1599,0.37248,-0.039409,0.036309,8.388,-0.28804,0.14128
416.2,-68.913,18.205,3.1638,0.38705,-0.041528,0.040545,8.388,-0.28804,0.14128
416.3,-68.952,18.208,3.1681,0.40131,-0.043862,0.044811,8.388,-0.28804,0.14128
416.4,-68.993,18.211,3.1728,0.41525,-0.046419,0.049107,8.388,-0.28804,0.14128
416.5,-69.035,18.215,3.1779,0.42888,-0.049209,0.053428,8.388,-0.28804,0.14128
416.6,-69.079,18.218,3.1834,0.44218,-0.052241,0.057771,8.388,-0.28804,0.14128
416.7,-69.124,18.222,3.1894,0.45515,-0.055521,0.062133,8.388,-0.28804,0.14128
416.8,-69.171,18.225,3.1959,0.46779,-0.059056,0.066507,8.388,-0.28804,0.14128
416.9,-69.218,18.228,3.2027,0.48011,-0.062852,0.070887,8.388,-0.28804,0.14128
417,-69.267,18.232,3.21,0.49209,-0.066912,0.075268,8.388,-0.28804,0.14128
417.1,-69.317,18.235,3.2178,0.50374,-0.071241,0.079641,8.388,-0.28804,0.14128
417.2,-69.369,18.238,3.226,0.51505,-0.075839,0.083999,8.388,-0.28804,0.14128
417.3,-69.421,18.241,3.2346,0.52603,-0.080708,0.088333,8.388,-0.28804,0.14128
417.4,-69.475,18.244,3.2436,0.53666,-0.085847,0.092634,8.388,-0.28804,0.14128
417.5,-69.53,18.247,3.2531,0.54696,-0.091255,0.096893,8.388,-0.28804,0.14128
417.6,-69.586,18.25,3.263,0.55692,-0.096928,0.1011,8.388,-0.28804,0.14128
417.7,-69.643,18.253,3.2733,0.56654,-0.10286,0.10525,8.388,-0.28804,0.14128
417.8,-69.701,18.256,3.2841,0.57583,-0.10905,0.10932,8.388,-0.28804,0.14128
417.9,-69.76,18.258,3.2952,0.58477,-0.11549,0.11331,8.388,-0.28804,0.14128
418,-69.82,18.261,3.3067,0.59338,-0.12217,0.11721,8.388,-0.28804,0.14128
418.1,-69.881,18.263,3.3186,0.60165,-0.12908,0.12102,8.388,-0.28804,0.14128
418.2,-69.943,18.265,3.3309,0.60958,-0.13621,0.12471,8.388,-0.28804,0.14128
418.3,-70.006,18.267,3.3436,0.61718,-0.14356,0.12828,8.388,-0.28804,0.14128
418.4,-70.069,18.268,3.3566,0.62445,-0.1511,0.13173,8.388,-0.28804,0.14128
418.5,-70.134,18.27,3.3699,0.63139,-0.15883,0.13504,8.388,-0.28804,0.14128
418.6,-70.2,18.271,3.3836,0.638,-0.16674,0.13822,8.388,-0.28804,0.14128
418.7,-70.266,18.271,3.3976,0.64429,-0.1748,0.14124,8.388,-0.28804,0.14128
418.8,-70.333,18.272,3.4118,0.65027,-0.18301,0.14411,8.388,-0.28804,0.14128
418.9,-70.401,18.272,3.4264,0.65593,-0.19135,0.14683,8.388,-0.28804,0.14128
419,-70.47,18.272,3.4412,0.66128,-0.19981,0.14938,8.388,-0.28804,0.14128
419.1,-70.539,18.271,3.4562,0.66632,-0.20837,0.15177,8.388,-0.28804,0.14128
419.2,-70.609,18.27,3.4715,0.67107,-0.21701,0.15398,8.388,-0.28804,0.14128
419.3,-70.68,18.269,3.487,0.67553,-0.22573,0.15603,8.388,-0.28804,0.14128
419.4,-70.752,18.267,3.5027,0.6797,-0.23451,0.1579,8.388,-0.28804,0.14128
419.5,-70.824,18.265,3.5186,0.6836,-0.24333,0.1596,8.388,-0.28804,0.14128
419.6,-70.897,18.262,3.5346,0.68723,-0.25218,0.16112,8.388,-0.28804,0.14128
419.7,-70.97,18.259,3.5508,0.6906,-0.26105,0.16247,8.388,-0.28804,0.14128
419.8,-71.044,18.255,3.5671,0.69371,-0.26992,0.16365,8.388,-0.28804,0.14128
419.9,-71.119,18.25,3.5835,0.69659,-0.27879,0.16465,8.388,-0.28804,0.14128
420,-71.194,18.246,3.6001,0.69923,-0.28764,0.16549,8.388,-0.28804,0.14128
420.1,-71.27,18.24,3.6166,0.70164,-0.29647,0.16616,8.388,-0.28804,0.14128
420.2,-71.346,18.234,3.6333,0.70384,-0.30525,0.16666,8.388,-0.28804,0.14128
420.3,-71.423,18.227,3.65,0.70584,-0.31399,0.167,8.388,-0.28804,0.14128
420.4,-71.5,18.22,3.6667,0.70764,-0.32267,0.16718,8.388,-0.28804,0.14128
420.5,-71.578,18.212,3.6834,0.70926,-0.33129,0.1672,8.388,-0.28804,0.14128
420.6,-71.656,18.204,3.7001,0.7107,-0.33984,0.16707,8.388,-0.28804,0.14128
420.7,-71.734,18.195,3.7168,0.71198,-0.34831,0.1668,8.388,-0.28804,0.14128
420.8,-71.813,18.185,3.7335,0.71311,-0.35671,0.16638,8.388,-0.28804,0.14128
420.9,-71.892,18.174,3.7501,0.71409,-0.36501,0.16581,8.388,-0.28804,0.14128
421,-71.972,18.163,3.7666,0.71495,-0.37323,0.16511,8.388,-0.28804,0.14128
421.1,-72.052,18.151,3.7831,0.71568,-0.38136,0.16428,8.388,-0.28804,0.14128
421.2,-72.132,18.139,3.7995,0.7163,-0.3894,0.16331,8.388,-0.28804,0.14128
421.3,-72.213,18.125,3.8158,0.71682,-0.39734,0.16222,8.388,-0.28804,0.14128
421.4,-72.294,18.111,3.8319,0.71724,-0.40518,0.16101,8.388,-0.28804,0.14128
421.5,-72.375,18.096,3.8479,0.71759,-0.41293,0.15968,8.388,-0.28804,0.14128
421.6,-72.457,18.081,3.8638,0.71786,-0.42058,0.15824,8.388,-0.28804,0.14128
421.7,-72.538,18.065,3.8796,0.71807,-0.42813,0.15668,8.388,-0.28804,0.14128
421.8,-72.62,18.047,3.8952,0.71822,-0.43559,0.15501,8.388,-0.28804,0.14128
421.9,-72.703,18.03,3.9106,0.71833,-0.44296,0.15324,8.388,-0.28804,0.14128
422,-72.785,18.011,3.9258,0.71841,-0.45024,0.15137,8.388,-0.28804,0.14128
422.1,-72.868,17.992,3.9409,0.71845,-0.45744,0.14939,8.388,-0.28804,0.14128
422.2,-72.951,17.972,3.9557,0.71848,-0.46455,0.14731,8.388,-0.28804,0.14128
422.3,-73.034,17.951,3.9703,0.71849,-0.47158,0.14513,8.388,-0.28804,0.14128
422.4,-73.118,17.93,3.9847,0.7185,-0.47854,0.14286,8.388,-0.28804,0.14128
422.5,-73.201,17.908,3.9989,0.71851,-0.48542,0.14049,8.388,-0.28804,0.14128
422.6,-73.285,17.885,4.0128,0.71854,-0.49224,0.13802,8.388,-0.28804,0.14128
422.7,-73.369,17.861,4.0265,0.71858,-0.499,0.13546,8.388,-0.28804,0.14128
422.8,-73.453,17.837,4.0399,0.71865,-0.50571,0.1328,8.388,-0.28804,0.14128
422.9,-73.538,17.812,4.053,0.71875,-0.51237,0.13004,5.1612,-1.2641e-15,6.2487e-16
423,-73.622,17.786,4.0657,0.71182,-0.51765,0.12321,5.1612,-1.2641e-15,6.2487e-16
423.1,-73.706,17.76,4.0777,0.70535,-0.52266,0.11631,5.1612,-1.2641e-15,6.2487e-16
423.2,-73.79,17.735,4.089,0.69932,-0.52742,0.10934,5.1612,-1.2641e-15,6.2487e-16
423.3,-73.874,17.708,4.0996,0.69374,-0.53196,0.1023,5.1612,-1.2641e-15,6.2487e-16
423.4,-73.957,17.682,4.1094,0.6886,-0.5363,0.095164,5.1612,-1.2641e-15,6.2487e-16
423.5,-74.04,17.656,4.1186,0.68391,-0.54048,0.087923,5.1612,-1.2641e-15,6.2487e-16
423.6,-74.123,17.629,4.127,0.67965,-0.54453,0.080555,5.1612,-1.2641e-15,6.2487e-16
423.7,-74.206,17.603,4.1347,0.67584,-0.54846,0.073035,5.1612,-1.2641e-15,6.2487e-16
423.8,-74.289,17.576,4.1416,0.67247,-0.55231,0.065333,5.1612,-1.2641e-15,6.2487e-16
423.9,-74.371,17.549,4.1477,0.66954,-0.5561,0.057409,5.1612,-1.2641e-15,6.2487e-16
424,-74.454,17.522,4.1531,0.66706,-0.55985,0.049217,5.1612,-1.2641e-15,6.2487e-16
424.1,-74.537,17.496,4.1576,0.66505,-0.56359,0.040702,5.1612,-1.2641e-15,6.2487e-16
424.2,-74.62,17.469,4.1612,0.6635,-0.56735,0.031794,5.1612,-1.2641e-15,6.2487e-16
424.3,-74.703,17.442,4.1639,0.66243,-0.57116,0.022406,5.1612,-1.2641e-15,6.2487e-16
424.4,-74.787,17.415,4.1657,0.66187,-0.57504,0.012429,5.1612,-1.2641e-15,6.2487e-16
424.5,-74.87,17.389,4.1664,0.66184,-0.57903,0.0017246,5.1612,-1.2641e-15,6.2487e-16
424.6,-74.954,17.362,4.166,0.66237,-0.58205,-0.0094349,5.1612,-1.2641e-15,6.2487e-16
424.7,-75.039,17.336,4.1645,0.66344,-0.58216,-0.02013,5.1612,-1.2641e-15,6.2487e-16
424.8,-75.123,17.31,4.162,0.66501,-0.5794,-0.030017,5.1612,-1.2641e-15,6.2487e-16
424.9,-75.207,17.283,4.1585,0.667,-0.57398,-0.038846,5.1612,-1.2641e-15,6.2487e-16
425,-75.291,17.257,4.1543,0.66934,-0.5662,-0.046466,5.1612,-1.2641e-15,6.2487e-16
425.1,-75.374,17.23,4.1493,0.67192,-0.55639,-0.05281,5.1612,-1.2641e-15,6.2487e-16
425.2,-75.456,17.202,4.1437,0.67466,-0.54492,-0.057887,5.1612,-1.2641e-15,6.2487e-16
425.3,-75.538,17.175,4.1378,0.67748,-0.53217,-0.061761,5.1612,-1.2641e-15,6.2487e-16
425.4,-75.619,17.146,4.1314,0.6803,-0.51847,-0.064534,5.1612,-1.2641e-15,6.2487e-16
425.5,-75.7,17.118,4.1249,0.68306,-0.50414,-0.066328,5.1612,-1.2641e-15,6.2487e-16
425.6,-75.779,17.089,4.1182,0.68572,-0.48944,-0.06727,5.1612,-1.2641e-15,6.2487e-16
425.7,-75.858,17.059,4.1115,0.68823,-0.4746,-0.067486,5.1612,-1.2641e-15,6.2487e-16
425.8,-75.935,17.029,4.1047,0.69058,-0.4598,-0.067094,5.1612,-1.2641e-15,6.2487e-16
425.9,-76.012,16.998,4.098,0.69275,-0.4452,-0.066201,5.1612,-1.2641e-15,6.2487e-16
426,-76.088,16.967,4.0915,0.69472,-0.43091,-0.064898,5.1612,-1.2641e-15,6.2487e-16
426.1,-76.163,16.935,4.0851,0.69649,-0.41702,-0.063265,5.1612,-1.2641e-15,6.2487e-16
426.2,-76.237,16.903,4.0788,0.69807,-0.4036,-0.061371,5.1612,-1.2641e-15,6.2487e-16
426.3,-76.311,16.87,4.0728,0.69946,-0.39068,-0.05927,5.1612,-1.2641e-15,6.2487e-16
426.4,-76.383,16.837,4.067,0.70066,-0.37831,-0.057008,5.1612,-1.2641e-15,6.2487e-16
426.5,-76.455,16.804,4.0614,0.70169,-0.36651,-0.054622,5.1612,-1.2641e-15,6.2487e-16
426.6,-76.527,16.77,4.0561,0.70255,-0.35528,-0.052143,5.1612,-1.2641e-15,6.2487e-16
426.7,-76.597,16.736,4.051,0.70325,-0.34463,-0.049592,5.1612,-1.2641e-15,6.2487e-16
426.8,-76.667,16.702,4.0462,0.7038,-0.33457,-0.046988,5.1612,-1.2641e-15,6.2487e-16
426.9,-76.737,16.667,4.0416,0.70422,-0.32507,-0.044344,5.1612,-1.2641e-15,6.2487e-16
427,-76.806,16.632,4.0373,0.70451,-0.31614,-0.04167,5.1612,-1.2641e-15,6.2487e-16
427.1,-76.874,16.596,4.0333,0.70469,-0.30777,-0.038972,5.1612,-1.2641e-15,6.2487e-16
427.2,-76.942,16.561,4.0295,0.70476,-0.29995,-0.036253,5.1612,-1.2641e-15,6.2487e-16
427.3,-77.01,16.525,4.026,0.70472,-0.29267,-0.033516,5.1612,-1.2641e-15,6.2487e-16
427.4,-77.077,16.489,4.0228,0.7046,-0.28592,-0.03076,5.1612,-1.2641e-15,6.2487e-16
427.5,-77.144,16.452,4.0199,0.70439,-0.27969,-0.027982,5.1612,-1.2641e-15,6.2487e-16
427.6,-77.21,16.416,4.0172,0.7041,-0.27397,-0.025179,5.1612,-1.2641e-15,6.2487e-16
427.7,-77.276,16.379,4.0148,0.70374,-0.26876,-0.022346,5.1612,-1.2641e-15,6.2487e-16
427.8,-77.342,16.343,4.0127,0.70331,-0.26406,-0.019478,5.1612,-1.2641e-15,6.2487e-16
427.9,-77.407,16.306,4.0109,0.70282,-0.25985,-0.016567,5.1612,-1.2641e-15,6.2487e-16
428,-77.472,16.269,4.0094,0.70227,-0.25613,-0.013605,5.1612,-1.2641e-15,6.2487e-16
428.1,-77.537,16.232,4.0082,0.70167,-0.25292,-0.010584,5.1612,-1.2641e-15,6.2487e-16
428.2,-77.601,16.195,4.0073,0.70101,-0.25021,-0.0074925,5.1612,-1.2641e-15,6.2487e-16
428.3,-77.666,16.157,4.0067,0.7003,-0.24801,-0.0043207,5.1612,-1.2641e-15,6.2487e-16
428.4,-77.73,16.12,4.0064,0.69954,-0.24632,-0.0010565,5.1612,-1.2641e-15,6.2487e-16
428.5,-77.794,16.083,4.0065,0.69874,-0.24507,0.0023439,5.1612,-1.2641e-15,6.2487e-16
428.6,-77.858,16.046,4.0069,0.69788,-0.244,0.0059822,5.1612,-1.2641e-15,6.2487e-16
428.7,-77.922,16.008,4.0077,0.69697,-0.24309,0.0098611,5.1612,-1.2641e-15,6.2487e-16
428.8,-77.985,15.971,4.0089,0.696,-0.24236,0.013972,5.1612,-1.2641e-15,6.2487e-16
428.9,-78.049,15.934,4.0105,0.69498,-0.24182,0.018302,5.1612,-1.2641e-15,6.2487e-16
429,-78.112,15.896,4.0126,0.69389,-0.24149,0.022832,5.1612,-1.2641e-15,6.2487e-16
429.1,-78.175,15.858,4.0151,0.69274,-0.24138,0.027539,5.1612,-1.2641e-15,6.2487e-16
429.2,-78.238,15.821,4.0181,0.69153,-0.2415,0.032395,5.1612,-1.2641e-15,6.2487e-16
429.3,-78.301,15.783,4.0216,0.69025,-0.24185,0.037368,5.1612,-1.2641e-15,6.2487e-16
429.4,-78.363,15.745,4.0256,0.68891,-0.24245,0.04242,5.1612,-1.2641e-15,6.2487e-16
429.5,-78.426,15.707,4.0301,0.6875,-0.24329,0.047513,5.1612,-1.2641e-15,6.2487e-16
429.6,-78.488,15.669,4.0351,0.68602,-0.24439,0.052605,5.1612,-1.2641e-15,6.2487e-16
429.7,-78.55,15.631,4.0406,0.68448,-0.24573,0.057654,5.1612,-1.2641e-15,6.2487e-16
429.8,-78.611,15.593,4.0466,0.68288,-0.24731,0.062617,5.1612,-1.2641e-15,6.2487e-16
429.9,-78.673,15.554,4.0531,0.68122,-0.24913,0.067455,5.1612,-1.2641e-15,6.2487e-16
430,-78.734,15.515,4.0601,0.67949,-0.25118,0.072129,5.1612,-1.2641e-15,6.2487e-16
430.1,-78.795,15.477,4.0675,0.67771,-0.25344,0.076605,5.1612,-1.2641e-15,6.2487e-16
430.2,-78.856,15.438,4.0754,0.67588,-0.25591,0.080852,5.1612,-1.2641e-15,6.2487e-16
430.3,-78.917,15.398,4.0837,0.674,-0.25856,0.084847,5.1612,-1.2641e-15,6.2487e-16
430.4,-78.977,15.359,4.0923,0.67207,-0.26138,0.088568,5.1612,-1.2641e-15,6.2487e-16
430.5,-79.037,15.319,4.1014,0.6701,-0.26435,0.092001,5.1612,-1.2641e-15,6.2487e-16
430.6,-79.097,15.28,4.1107,0.66809,-0.26745,0.095136,5.1612,-1.2641e-15,6.2487e-16
430.7,-79.157,15.24,4.1204,0.66605,-0.27067,0.097968,5.1612,-1.2641e-15,6.2487e-16
430.8,-79.217,15.199,4.1303,0.66399,-0.27397,0.1005,5.1612,-1.2641e-15,6.2487e-16
430.9,-79.276,15.159,4.1405,0.66191,-0.27736,0.10272,5.1612,-1.2641e-15,6.2487e-16
431,-79.335,15.118,4.1509,0.65981,-0.28079,0.10466,5.1612,-1.2641e-15,6.2487e-16
431.1,-79.394,15.077,4.1614,0.6577,-0.28427,0.1063,5.1612,-1.2641e-15,6.2487e-16
431.2,-79.452,15.036,4.1721,0.65558,-0.28777,0.10768,5.1612,-1.2641e-15,6.2487e-16
431.3,-79.511,14.994,4.1829,0.65346,-0.29128,0.10879,5.1612,-1.2641e-15,6.2487e-16
431.4,-79.569,14.952,4.1939,0.65135,-0.29479,0.10965,5.1612,-1.2641e-15,6.2487e-16
431.5,-79.626,14.91,4.2049,0.64925,-0.29828,0.11029,5.1612,-1.2641e-15,6.2487e-16
431.6,-79.684,14.868,4.2159,0.64716,-0.30174,0.1107,5.1612,-1.2641e-15,6.2487e-16
431.7,-79.741,14.825,4.227,0.64509,-0.30516,0.11091,5.1612,-1.2641e-15,6.2487e-16
431.8,-79.798,14.782,4.2381,0.64305,-0.30854,0.11094,5.1612,-1.2641e-15,6.2487e-16
431.9,-79.855,14.739,4.2492,0.64103,-0.31186,0.11079,5.1612,-1.2641e-15,6.2487e-16
432,-79.911,14.695,4.2602,0.63905,-0.31512,0.11049,5.1612,-1.2641e-15,6.2487e-16
432.1,-79.967,14.651,4.2713,0.6371,-0.31832,0.11003,5.1612,-1.2641e-15,6.2487e-16
432.2,-80.023,14.607,4.2822,0.63519,-0.32144,0.10945,5.1612,-1.2641e-15,6.2487e-16
432.3,-80.079,14.563,4.2932,0.63332,-0.3245,0.10875,5.1612,-1.2641e-15,6.2487e-16
432.4,-80.134,14.518,4.304,0.63149,-0.32748,0.10793,5.1612,-1.2641e-15,6.2487e-16
432.5,-80.189,14.473,4.3147,0.62972,-0.33038,0.10702,5.1612,-1.2641e-15,6.2487e-16
432.6,-80.244,14.427,4.3254,0.62799,-0.33321,0.10602,5.1612,-1.2641e-15,6.2487e-16
432.7,-80.298,14.382,4.3359,0.62631,-0.33595,0.10494,5.1612,-1.2641e-15,6.2487e-16
432.8,-80.352,14.336,4.3464,0.62468,-0.33862,0.10378,5.1612,-1.2641e-15,6.2487e-16
432.9,-80.406,14.289,4.3567,0.62311,-0.3412,0.10257,5.1612,-1.2641e-15,6.2487e-16
433,-80.46,14.243,4.3669,0.6216,-0.34371,0.10129,5.1612,-1.2641e-15,6.2487e-16
433.1,-80.513,14.196,4.3769,0.62014,-0.34613,0.099967,5.1612,-1.2641e-15,6.2487e-16
433.2,-80.566,14.148,4.3869,0.61874,-0.34849,0.098597,5.1612,-1.2641e-15,6.2487e-16
433.3,-80.618,14.101,4.3967,0.6174,-0.35076,0.097188,5.1612,-1.2641e-15,6.2487e-16
433.4,-80.671,14.053,4.4063,0.61612,-0.35296,0.095744,5.1612,-1.2641e-15,6.2487e-16
433.5,-80.723,14.004,4.4158,0.6149,-0.35509,0.09427,5.1612,-1.2641e-15,6.2487e-16
433.6,-80.775,13.956,4.4252,0.61374,-0.35714,0.092769,5.1612,-1.2641e-15,6.2487e-16
433.7,-80.826,13.907,4.4344,0.61264,-0.35913,0.091246,5.1612,-1.2641e-15,6.2487e-16
433.8,-80.877,13.858,4.4434,0.61161,-0.36104,0.089704,5.1612,-1.2641e-15,6.2487e-16
433.9,-80.928,13.808,4.4523,0.61063,-0.3629,0.088145,5.1612,-1.2641e-15,6.2487e-16
434,-80.979,13.758,4.461,0.60971,-0.36468,0.086572,5.1612,-1.2641e-15,6.2487e-16
434.1,-81.029,13.708,4.4696,0.60885,-0.36641,0.084988,5.1612,-1.2641e-15,6.2487e-16
434.2,-81.079,13.658,4.478,0.60805,-0.36808,0.083395,5.1612,-1.2641e-15,6.2487e-16
434.3,-81.129,13.607,4.4863,0.60731,-0.36968,0.081794,5.1612,-1.2641e-15,6.2487e-16
434.4,-81.179,13.556,4.4944,0.60663,-0.37124,0.080187,5.1612,-1.2641e-15,6.2487e-16
434.5,-81.228,13.505,4.5023,0.606,-0.37273,0.078576,5.1612,-1.2641e-15,6.2487e-16
434.6,-81.277,13.453,4.5101,0.60544,-0.37418,0.076962,5.1612,-1.2641e-15,6.2487e-16
434.7,-81.325,13.401,4.5177,0.60493,-0.37557,0.075346,5.1612,-1.2641e-15,6.2487e-16
434.8,-81.374,13.349,4.5252,0.60447,-0.37692,0.073729,5.1612,-1.2641e-15,6.2487e-16
434.9,-81.422,13.296,4.5325,0.60407,-0.37822,0.072111,5.1612,-1.2641e-15,6.2487e-16
435,-81.47,13.243,4.5396,0.60373,-0.37947,0.070494,5.1612,-1.2641e-15,6.2487e-16
435.1,-81.517,13.19,4.5466,0.60344,-0.38068,0.068878,5.1612,-1.2641e-15,6.2487e-16
435.2,-81.565,13.137,4.5534,0.6032,-0.38184,0.067263,5.1612,-1.2641e-15,6.2487e-16
435.3,-81.612,13.083,4.56,0.60301,-0.38297,0.065649,5.1612,-1.2641e-15,6.2487e-16
435.4,-81.659,13.029,4.5665,0.60287,-0.38406,0.064038,5.1612,-1.2641e-15,6.2487e-16
435.5,-81.706,12.975,4.5728,0.60279,-0.3851,0.062428,5.1612,-1.2641e-15,6.2487e-16
435.6,-81.752,12.921,4.579,0.60275,-0.38612,0.06082,5.1612,-1.2641e-15,6.2487e-16
435.7,-81.798,12.866,4.585,0.60276,-0.38709,0.059214,5.1612,-1.2641e-15,6.2487e-16
435.8,-81.844,12.811,4.5908,0.60282,-0.38803,0.057609,5.1612,-1.2641e-15,6.2487e-16
435.9,-81.89,12.756,4.5965,0.60292,-0.38894,0.056005,5.1612,-1.2641e-15,6.2487e-16
436,-81.935,12.7,4.602,0.60307,-0.38982,0.054402,5.1612,-1.2641e-15,6.2487e-16
436.1,-81.981,12.644,4.6074,0.60327,-0.39066,0.0528,5.1612,-1.2641e-15,6.2487e-16
436.2,-82.026,12.588,4.6126,0.60351,-0.39148,0.051197,5.1612,-1.2641e-15,6.2487e-16
436.3,-82.07,12.532,4.6176,0.60379,-0.39227,0.049594,5.1612,-1.2641e-15,6.2487e-16
436.4,-82.115,12.476,4.6225,0.60411,-0.39302,0.047989,9.6497,-0.22494,0.11034
436.5,-82.16,12.418,4.6274,0.6144,-0.39477,0.049648,9.6497,-0.22494,0.11034
436.6,-82.204,12.36,4.6325,0.62432,-0.39666,0.051588,9.6497,-0.22494,0.11034
436.7,-82.249,12.3,4.6377,0.63389,-0.39871,0.053789,9.6497,-0.22494,0.11034
436.8,-82.293,12.239,4.6432,0.6431,-0.40092,0.056231,9.6497,-0.22494,0.11034
436.9,-82.338,12.178,4.649,0.65194,-0.4033,0.058891,9.6497,-0.22494,0.11034
437,-82.382,12.114,4.655,0.66042,-0.40587,0.061744,9.6497,-0.22494,0.11034
437.1,-82.426,12.05,4.6613,0.66854,-0.40862,0.064765,9.6497,-0.22494,0.11034
437.2,-82.47,11.985,4.668,0.6763,-0.41158,0.067925,9.6497,-0.22494,0.11034
437.3,-82.514,11.919,4.6749,0.68369,-0.41473,0.071195,9.6497,-0.22494,0.11034
437.4,-82.558,11.852,4.6822,0.69073,-0.4181,0.074543,9.6497,-0.22494,0.11034
437.5,-82.602,11.783,4.6898,0.69742,-0.42168,0.077939,9.6497,-0.22494,0.11034
437.6,-82.646,11.714,4.6978,0.70376,-0.42548,0.081349,9.6497,-0.22494,0.11034
437.7,-82.689,11.644,4.7061,0.70976,-0.42951,0.084741,9.6497,-0.22494,0.11034
437.8,-82.733,11.573,4.7147,0.71543,-0.43375,0.088084,9.6497,-0.22494,0.11034
437.9,-82.776,11.501,4.7237,0.72076,-0.43821,0.091346,9.6497,-0.22494,0.11034
438,-82.819,11.427,4.733,0.72578,-0.44289,0.094498,9.6497,-0.22494,0.11034
438.1,-82.861,11.354,4.7426,0.73049,-0.44778,0.097512,9.6497,-0.22494,0.11034
438.2,-82.904,11.279,4.7525,0.73491,-0.45288,0.10036,9.6497,-0.22494,0.11034
438.3,-82.946,11.203,4.7627,0.73903,-0.45817,0.10303,9.6497,-0.22494,0.11034
438.4,-82.988,11.127,4.7731,0.74289,-0.46366,0.10549,9.6497,-0.22494,0.11034
438.5,-83.029,11.049,4.7838,0.74648,-0.46933,0.10773,9.6497,-0.22494,0.11034
438.6,-83.071,10.971,4.7946,0.74982,-0.47518,0.10973,9.6497,-0.22494,0.11034
438.7,-83.112,10.892,4.8057,0.75292,-0.48119,0.11147,9.6497,-0.22494,0.11034
438.8,-83.153,10.812,4.8169,0.7558,-0.48736,0.11296,9.6497,-0.22494,0.11034
438.9,-83.193,10.731,4.8283,0.75848,-0.49366,0.11419,9.6497,-0.22494,0.11034
439,-83.233,10.65,4.8398,0.76096,-0.50011,0.11514,9.6497,-0.22494,0.11034
439.1,-83.273,10.568,4.8513,0.76327,-0.50667,0.11582,9.6497,-0.22494,0.11034
439.2,-83.312,10.485,4.8629,0.76541,-0.51335,0.11622,9.6497,-0.22494,0.11034
439.3,-83.351,10.401,4.8745,0.7674,-0.52014,0.11635,9.6497,-0.22494,0.11034
439.4,-83.39,10.316,4.8862,0.76926,-0.52703,0.1162,9.6497,-0.22494,0.11034
439.5,-83.429,10.231,4.8978,0.77101,-0.53401,0.11578,9.6497,-0.22494,0.11034
439.6,-83.467,10.145,4.9093,0.77265,-0.54108,0.11508,9.6497,-0.22494,0.11034
439.7,-83.505,10.059,4.9208,0.77421,-0.54823,0.11411,9.6497,-0.22494,0.11034
439.8,-83.542,9.9711,4.9321,0.77569,-0.55546,0.11287,9.6497,-0.22494,0.11034
439.9,-83.579,9.8829,4.9433,0.77712,-0.56277,0.11135,9.6497,-0.22494,0.11034
440,-83.616,9.794,4.9544,0.77851,-0.57016,0.10957,9.6497,-0.22494,0.11034
440.1,-83.653,9.7044,4.9652,0.77987,-0.57762,0.10751,9.6497,-0.22494,0.11034
440.2,-83.689,9.6141,4.9759,0.78123,-0.58516,0.10518,9.6497,-0.22494,0.11034
440.3,-83.725,9.5231,4.9863,0.78259,-0.59279,0.10257,9.6497,-0.22494,0.11034
440.4,-83.761,9.4313,4.9964,0.78398,-0.6005,0.099669,9.6497,-0.22494,0.11034
440.5,-83.796,9.3389,5.0062,0.78541,-0.6083,0.096474,9.6497,-0.22494,0.11034
440.6,-83.832,9.2457,5.0157,0.7869,-0.61621,0.092971,9.6497,-0.22494,0.11034
440.7,-83.867,9.1519,5.0248,0.78847,-0.62422,0.089146,9.6497,-0.22494,0.11034
440.8,-83.902,9.0573,5.0335,0.79014,-0.63236,0.084978,9.6497,-0.22494,0.11034
440.9,-83.937,8.962,5.0418,0.79192,-0.64064,0.080445,9.6497,-0.22494,0.11034
441,-83.972,8.866,5.0496,0.79385,-0.64906,0.075516,9.6497,-0.22494,0.11034
441.1,-84.007,8.7692,5.0569,0.79594,-0.65765,0.070153,9.6497,-0.22494,0.11034
441.2,-84.042,8.6717,5.0636,0.79822,-0.66644,0.064311,9.6497,-0.22494,0.11034
441.3,-84.077,8.5735,5.0697,0.80073,-0.67544,0.057932,9.6497,-0.22494,0.11034
441.4,-84.113,8.4745,5.0751,0.8035,-0.68468,0.050944,9.6497,-0.22494,0.11034
441.5,-84.148,8.3746,5.0799,0.80656,-0.6942,0.043257,9.6497,-0.22494,0.11034
441.6,-84.184,8.274,5.0838,0.80998,-0.70404,0.034754,9.6497,-0.22494,0.11034
441.7,-84.221,8.1726,5.0868,0.8138,-0.71424,0.025287,9.6497,-0.22494,0.11034
441.8,-84.258,8.0703,5.0888,0.81809,-0.72487,0.014662,9.6497,-0.22494,0.11034
441.9,-84.295,7.9671,5.0897,0.82294,-0.73599,0.0026208,9.6497,-0.22494,0.11034
442,-84.334,7.8631,5.0893,0.82845,-0.74619,-0.010576,9.6497,-0.22494,0.11034
442.1,-84.373,7.7582,5.0876,0.83464,-0.75226,-0.023514,9.6497,-0.22494,0.11034
442.2,-84.413,7.6527,5.0846,0.84147,-0.75408,-0.035575,9.6497,-0.22494,0.11034
442.3,-84.452,7.5466,5.0805,0.84882,-0.75185,-0.046294,9.6497,-0.22494,0.11034
442.4,-84.492,7.4402,5.0754,0.85658,-0.74597,-0.055361,9.6497,-0.22494,0.11034
442.5,-84.531,7.3335,5.0695,0.86457,-0.737,-0.062621,9.6497,-0.22494,0.11034
442.6,-84.569,7.2267,5.0629,0.87266,-0.72555,-0.068061,9.6497,-0.22494,0.11034
442.7,-84.607,7.1198,5.0559,0.8807,-0.71225,-0.071767,9.6497,-0.22494,0.11034
442.8,-84.644,7.0129,5.0486,0.88856,-0.69769,-0.073892,9.6497,-0.22494,0.11034
442.9,-84.68,6.906,5.0412,0.89614,-0.68241,-0.074625,9.6497,-0.22494,0.11034
443,-84.715,6.7992,5.0337,0.90337,-0.66687,-0.074161,9.6497,-0.22494,0.11034
443.1,-84.75,6.6925,5.0264,0.91019,-0.65147,-0.072689,9.6497,-0.22494,0.11034
443.2,-84.783,6.5858,5.0192,0.91657,-0.63651,-0.070381,9.6497,-0.22494,0.11034
443.3,-84.816,6.4793,5.0123,0.92248,-0.62225,-0.067387,9.6497,-0.22494,0.11034
443.4,-84.848,6.3728,5.0058,0.92793,-0.6089,-0.063833,9.6497,-0.22494,0.11034
443.5,-84.879,6.2664,4.9996,0.93291,-0.5966,-0.059824,9.6497,-0.22494,0.11034
443.6,-84.909,6.16,4.9938,0.93742,-0.58548,-0.055445,9.6497,-0.22494,0.11034
443.7,-84.939,6.0537,4.9885,0.9415,-0.57565,-0.050766,9.6497,-0.22494,0.11034
443.8,-84.969,5.9475,4.9837,0.94514,-0.56716,-0.045841,9.6497,-0.22494,0.11034
443.9,-84.998,5.8412,4.9794,0.94837,-0.5601,-0.040714,9.6497,-0.22494,0.11034
444,-85.027,5.735,4.9755,0.9512,-0.55451,-0.035423,9.6497,-0.22494,0.11034
444.1,-85.055,5.6287,4.9723,0.95366,-0.55045,-0.029999,9.6497,-0.22494,0.11034
444.2,-85.084,5.5223,4.9695,0.95575,-0.54795,-0.02447,9.6497,-0.22494,0.11034
444.3,-85.113,5.4159,4.9674,0.9575,-0.54708,-0.018867,9.6497,-0.22494,0.11034
444.4,-85.142,5.3094,4.9658,0.95892,-0.54787,-0.013222,9.6497,-0.22494,0.11034
444.5,-85.171,5.2028,4.9647,0.96001,-0.55036,-0.0075752,9.6497,-0.22494,0.11034
444.6,-85.2,5.096,4.9643,0.9608,-0.55461,-0.0019741,9.6497,-0.22494,0.11034
444.7,-85.23,4.9891,4.9643,0.96128,-0.56035,0.0036269,9.6497,-0.22494,0.11034
444.8,-85.261,4.8819,4.965,0.96147,-0.56654,0.009548,9.6497,-0.22494,0.11034
444.9,-85.292,4.7745,4.9663,0.96135,-0.57312,0.01577,9.6497,-0.22494,0.11034
445,-85.324,4.667,4.9682,0.9609,-0.58009,0.022223,9.6497,-0.22494,0.11034
445.1,-85.356,4.5593,4.9707,0.96013,-0.58747,0.028821,9.6497,-0.22494,0.11034
445.2,-85.388,4.4513,4.9739,0.95903,-0.59527,0.035462,9.6497,-0.22494,0.11034
445.3,-85.421,4.3432,4.9778,0.95761,-0.6035,0.04203,3.0986,-7.5893e-16,3.8325e-16
445.4,-85.455,4.2356,4.9822,0.94146,-0.61108,0.044847,3.0986,-7.5893e-16,3.8325e-16
445.5,-85.489,4.1291,4.9867,0.92573,-0.61878,0.046488,3.0986,-7.5893e-16,3.8325e-16
445.6,-85.524,4.0238,4.9914,0.91046,-0.62656,0.046874,3.0986,-7.5893e-16,3.8325e-16
445.7,-85.559,3.9195,4.9961,0.8957,-0.6344,0.04594,3.0986,-7.5893e-16,3.8325e-16
445.8,-85.595,3.8163,5.0005,0.8815,-0.64229,0.043637,3.0986,-7.5893e-16,3.8325e-16
445.9,-85.632,3.714,5.0047,0.86792,-0.6502,0.039918,3.0986,-7.5893e-16,3.8325e-16
446,-85.67,3.6126,5.0085,0.85503,-0.65816,0.034734,3.0986,-7.5893e-16,3.8325e-16
446.1,-85.708,3.512,5.0116,0.84288,-0.66619,0.02802,3.0986,-7.5893e-16,3.8325e-16
446.2,-85.747,3.4122,5.014,0.83155,-0.6743,0.019682,3.0986,-7.5893e-16,3.8325e-16
446.3,-85.788,3.3131,5.0155,0.82113,-0.68257,0.0095818,3.0986,-7.5893e-16,3.8325e-16
446.4,-85.829,3.2147,5.0159,0.8117,-0.69097,-0.0024588,3.0986,-7.5893e-16,3.8325e-16
446.5,-85.871,3.1169,5.015,0.80334,-0.69675,-0.0155,3.0986,-7.5893e-16,3.8325e-16
446.6,-85.914,3.0198,5.0128,0.79607,-0.69833,-0.028483,3.0986,-7.5893e-16,3.8325e-16
446.7,-85.957,2.9235,5.0093,0.78981,-0.69568,-0.040789,3.0986,-7.5893e-16,3.8325e-16
446.8,-86,2.8281,5.0047,0.78446,-0.68902,-0.051919,3.0986,-7.5893e-16,3.8325e-16
446.9,-86.044,2.7336,4.999,0.77988,-0.67876,-0.061536,3.0986,-7.5893e-16,3.8325e-16
447,-86.086,2.6401,4.9924,0.77592,-0.66544,-0.069464,3.0986,-7.5893e-16,3.8325e-16
447.1,-86.129,2.5477,4.9851,0.77241,-0.64965,-0.075675,3.0986,-7.5893e-16,3.8325e-16
447.2,-86.17,2.4563,4.9773,0.76923,-0.63201,-0.080248,3.0986,-7.5893e-16,3.8325e-16
447.3,-86.21,2.3661,4.9691,0.76623,-0.61307,-0.083334,3.0986,-7.5893e-16,3.8325e-16
447.4,-86.25,2.277,4.9607,0.76332,-0.59332,-0.085123,3.0986,-7.5893e-16,3.8325e-16
447.5,-86.288,2.189,4.9522,0.76042,-0.5732,-0.085812,3.0986,-7.5893e-16,3.8325e-16
447.6,-86.325,2.102,4.9436,0.75747,-0.55302,-0.085596,3.0986,-7.5893e-16,3.8325e-16
447.7,-86.361,2.0161,4.9351,0.75443,-0.53306,-0.084651,3.0986,-7.5893e-16,3.8325e-16
447.8,-86.395,1.9313,4.9267,0.75129,-0.51352,-0.08313,3.0986,-7.5893e-16,3.8325e-16
447.9,-86.429,1.8475,4.9185,0.74802,-0.49454,-0.081166,3.0986,-7.5893e-16,3.8325e-16
448,-86.462,1.7646,4.9104,0.74462,-0.47623,-0.078868,3.0986,-7.5893e-16,3.8325e-16
448.1,-86.493,1.6827,4.9027,0.74111,-0.45866,-0.076326,3.0986,-7.5893e-16,3.8325e-16
448.2,-86.524,1.6017,4.8952,0.73747,-0.44186,-0.073611,3.0986,-7.5893e-16,3.8325e-16
448.3,-86.553,1.5216,4.888,0.73374,-0.42585,-0.070781,3.0986,-7.5893e-16,3.8325e-16
448.4,-86.582,1.4423,4.881,0.72991,-0.41064,-0.06788,3.0986,-7.5893e-16,3.8325e-16
448.5,-86.61,1.3639,4.8744,0.726,-0.39622,-0.064943,3.0986,-7.5893e-16,3.8325e-16
448.6,-86.637,1.2862,4.868,0.72203,-0.38257,-0.061997,3.0986,-7.5893e-16,3.8325e-16
448.7,-86.663,1.2094,4.862,0.71801,-0.36967,-0.059061,3.0986,-7.5893e-16,3.8325e-16
448.8,-86.689,1.1332,4.8562,0.71394,-0.3575,-0.056151,3.0986,-7.5893e-16,3.8325e-16
448.9,-86.713,1.0578,4.8508,0.70985,-0.34602,-0.053276,3.0986,-7.5893e-16,3.8325e-16
449,-86.738,0.98305,4.8456,0.70574,-0.33522,-0.050444,3.0986,-7.5893e-16,3.8325e-16
449.1,-86.761,0.90898,4.8407,0.70163,-0.32505,-0.047658,3.0986,-7.5893e-16,3.8325e-16
449.2,-86.784,0.83555,4.836,0.69752,-0.3155,-0.044922,3.0986,-7.5893e-16,3.8325e-16
449.3,-86.806,0.76275,4.8317,0.69341,-0.30653,-0.042236,3.0986,-7.5893e-16,3.8325e-16
449.4,-86.828,0.69055,4.8276,0.68933,-0.29813,-0.039599,3.0986,-7.5893e-16,3.8325e-16
449.5,-86.85,0.61894,4.8238,0.68527,-0.29026,-0.037009,3.0986,-7.5893e-16,3.8325e-16
449.6,-86.871,0.54789,4.8202,0.68123,-0.28289,-0.034465,3.0986,-7.5893e-16,3.8325e-16
449.7,-86.891,0.47739,4.8169,0.67724,-0.27602,-0.031964,3.0986,-7.5893e-16,3.8325e-16
449.8,-86.912,0.40742,4.8138,0.67328,-0.26962,-0.029501,3.0986,-7.5893e-16,3.8325e-16
449.9,-86.931,0.33796,4.811,0.66936,-0.26366,-0.027074,3.0986,-7.5893e-16,3.8325e-16
450,-86.951,0.269,4.8084,0.66549,-0.25814,-0.024678,3.0986,-7.5893e-16,3.8325e-16
450.1,-86.97,0.20052,4.806,0.66166,-0.25304,-0.022309,3.0986,-7.5893e-16,3.8325e-16
450.2,-86.989,0.13251,4.8039,0.65788,-0.24833,-0.019962,3.0986,-7.5893e-16,3.8325e-16
450.3,-87.008,0.064952,4.802,0.65416,-0.24402,-0.017635,3.0986,-7.5893e-16,3.8325e-16
450.4,-87.026,-0.0021688,4.8004,0.65048,-0.24008,-0.015321,3.0986,-7.5893e-16,3.8325e-16
450.5,-87.044,-0.068865,4.799,0.64686,-0.23651,-0.013017,3.0986,-7.5893e-16,3.8325e-16
450.6,-87.062,-0.13515,4.7978,0.64329,-0.23329,-0.010718,3.0986,-7.5893e-16,3.8325e-16
450.7,-87.079,-0.20104,4.7968,0.63977,-0.23043,-0.0084201,3.0986,-7.5893e-16,3.8325e-16
450.8,-87.097,-0.26654,4.7961,0.6363,-0.22791,-0.006118,3.0986,-7.5893e-16,3.8325e-16
450.9,-87.114,-0.33167,4.7956,0.63289,-0.22573,-0.0038077,3.0986,-7.5893e-16,3.8325e-16
451,-87.131,-0.39644,4.7953,0.62952,-0.22389,-0.0014848,3.0986,-7.5893e-16,3.8325e-16
451.1,-87.148,-0.46085,4.7953,0.6262,-0.22236,0.00086056,3.0986,-7.5893e-16,3.8325e-16
451.2,-87.165,-0.52493,4.7955,0.62294,-0.22097,0.0032928,3.0986,-7.5893e-16,3.8325e-16
451.3,-87.182,-0.58868,4.796,0.61971,-0.21968,0.0058254,3.0986,-7.5893e-16,3.8325e-16
451.4,-87.199,-0.65211,4.7967,0.61653,-0.21847,0.0084525,3.0986,-7.5893e-16,3.8325e-16
451.5,-87.215,-0.71523,4.7977,0.61339,-0.21737,0.011167,3.0986,-7.5893e-16,3.8325e-16
451.6,-87.232,-0.77805,4.7989,0.61028,-0.21637,0.013959,3.0986,-7.5893e-16,3.8325e-16
451.7,-87.248,-0.84058,4.8005,0.60721,-0.21548,0.016819,3.0986,-7.5893e-16,3.8325e-16
451.8,-87.264,-0.90282,4.8023,0.60417,-0.21469,0.019736,3.0986,-7.5893e-16,3.8325e-16
451.9,-87.28,-0.96478,4.8044,0.60116,-0.21402,0.022695,3.0986,-7.5893e-16,3.8325e-16
452,-87.296,-1.0265,4.8068,0.59818,-0.21347,0.025684,3.0986,-7.5893e-16,3.8325e-16
452.1,-87.311,-1.0879,4.8095,0.59523,-0.21302,0.028686,3.0986,-7.5893e-16,3.8325e-16
452.2,-87.326,-1.1491,4.8126,0.59231,-0.21269,0.031688,3.0986,-7.5893e-16,3.8325e-16
452.3,-87.342,-1.21,4.8159,0.58942,-0.21247,0.034672,3.0986,-7.5893e-16,3.8325e-16
452.4,-87.356,-1.2707,4.8195,0.58654,-0.21237,0.037623,3.0986,-7.5893e-16,3.8325e-16
452.5,-87.371,-1.3312,4.8234,0.5837,-0.21237,0.040526,3.0986,-7.5893e-16,3.8325e-16
452.6,-87.386,-1.3915,4.8276,0.58088,-0.21248,0.043365,3.0986,-7.5893e-16,3.8325e-16
452.7,-87.4,-1.4515,4.8321,0.57809,-0.2127,0.046127,3.0986,-7.5893e-16,3.8325e-16
452.8,-87.414,-1.5113,4.8368,0.57532,-0.21301,0.048797,3.0986,-7.5893e-16,3.8325e-16
452.9,-87.428,-1.571,4.8418,0.57258,-0.21341,0.051365,3.0986,-7.5893e-16,3.8325e-16
453,-87.442,-1.6304,4.8471,0.56986,-0.2139,0.053819,3.0986,-7.5893e-16,3.8325e-16
453.1,-87.455,-1.6897,4.8526,0.56717,-0.21447,0.05615,3.0986,-7.5893e-16,3.8325e-16
453.2,-87.468,-1.7487,4.8583,0.56451,-0.21511,0.058351,3.0986,-7.5893e-16,3.8325e-16
453.3,-87.481,-1.8076,4.8643,0.56188,-0.21582,0.060417,3.0986,-7.5893e-16,3.8325e-16
453.4,-87.494,-1.8663,4.8704,0.55928,-0.21658,0.062342,3.0986,-7.5893e-16,3.8325e-16
453.5,-87.506,-1.9249,4.8767,0.55671,-0.21741,0.064123,3.0986,-7.5893e-16,3.8325e-16
453.6,-87.519,-1.9833,4.8832,0.55418,-0.21827,0.065761,3.0986,-7.5893e-16,3.8325e-16
453.7,-87.531,-2.0415,4.8899,0.55167,-0.21917,0.067254,3.0986,-7.5893e-16,3.8325e-16
453.8,-87.542,-2.0996,4.8967,0.5492,-0.22011,0.068604,3.0986,-7.5893e-16,3.8325e-16
453.9,-87.554,-2.1576,4.9036,0.54677,-0.22107,0.069813,3.0986,-7.5893e-16,3.8325e-16
454,-87.565,-2.2154,4.9106,0.54437,-0.22205,0.070884,3.0986,-7.5893e-16,3.8325e-16
454.1,-87.576,-2.2731,4.9178,0.54201,-0.22303,0.071822,3.0986,-7.5893e-16,3.8325e-16
454.2,-87.587,-2.3306,4.925,0.53968,-0.22403,0.072631,3.0986,-7.5893e-16,3.8325e-16
454.3,-87.597,-2.388,4.9323,0.5374,-0.22502,0.073316,3.0986,-7.5893e-16,3.8325e-16
454.4,-87.607,-2.4453,4.9396,0.53516,-0.22601,0.073883,3.0986,-7.5893e-16,3.8325e-16
454.5,-87.617,-2.5025,4.9471,0.53296,-0.227,0.074338,3.0986,-7.5893e-16,3.8325e-16
454.6,-87.626,-2.5596,4.9545,0.5308,-0.22796,0.074687,3.0986,-7.5893e-16,3.8325e-16
454.7,-87.636,-2.6165,4.962,0.52868,-0.22891,0.074936,3.0986,-7.5893e-16,3.8325e-16
454.8,-87.645,-2.6733,4.9695,0.52661,-0.22984,0.075093,3.0986,-7.5893e-16,3.8325e-16
454.9,-87.653,-2.7301,4.977,0.52458,-0.23075,0.075161,3.0986,-7.5893e-16,3.8325e-16
455,-87.662,-2.7867,4.9845,0.5226,-0.23163,0.075149,3.0986,-7.5893e-16,3.8325e-16
455.1,-87.67,-2.8432,4.992,0.52066,-0.23248,0.075062,3.0986,-7.5893e-16,3.8325e-16
455.2,-87.678,-2.8996,4.9995,0.51877,-0.2333,0.074905,3.0986,-7.5893e-16,3.8325e-16
455.3,-87.685,-2.9559,5.007,0.51692,-0.23409,0.074685,3.0986,-7.5893e-16,3.8325e-16
455.4,-87.692,-3.0121,5.0145,0.51512,-0.23484,0.074407,3.0986,-7.5893e-16,3.8325e-16
455.5,-87.699,-3.0682,5.0219,0.51336,-0.23556,0.074075,3.0986,-7.5893e-16,3.8325e-16
455.6,-87.706,-3.1243,5.0293,0.51165,-0.23624,0.073696,3.0986,-7.5893e-16,3.8325e-16
455.7,-87.712,-3.1802,5.0366,0.50998,-0.23688,0.073273,3.0986,-7.5893e-16,3.8325e-16
455.8,-87.718,-3.236,5.0439,0.50836,-0.23749,0.072811,3.0986,-7.5893e-16,3.8325e-16
455.9,-87.724,-3.2918,5.0512,0.50679,-0.23806,0.072313,3.0986,-7.5893e-16,3.8325e-16
456,-87.73,-3.3475,5.0584,0.50526,-0.23859,0.071785,3.0986,-7.5893e-16,3.8325e-16
456.1,-87.735,-3.403,5.0655,0.50377,-0.23908,0.07123,3.0986,-7.5893e-16,3.8325e-16
456.2,-87.74,-3.4585,5.0726,0.50233,-0.23953,0.07065,3.0986,-7.5893e-16,3.8325e-16
456.3,-87.744,-3.5139,5.0797,0.50094,-0.23995,0.07005,3.0986,-7.5893e-16,3.8325e-16
456.4,-87.748,-3.5693,5.0866,0.49958,-0.24033,0.069432,3.0986,-7.5893e-16,3.8325e-16
456.5,-87.752,-3.6245,5.0936,0.49827,-0.24067,0.068799,3.0986,-7.5893e-16,3.8325e-16
456.6,-87.756,-3.6797,5.1004,0.49701,-0.24097,0.068154,3.0986,-7.5893e-16,3.8325e-16
456.7,-87.759,-3.7348,5.1072,0.49578,-0.24124,0.067499,3.0986,-7.5893e-16,3.8325e-16
456.8,-87.763,-3.7898,5.1139,0.4946,-0.24148,0.066836,3.0986,-7.5893e-16,3.8325e-16
456.9,-87.765,-3.8447,5.1206,0.49345,-0.24168,0.066168,3.0986,-7.5893e-16,3.8325e-16
457,-87.768,-3.8995,5.1271,0.49235,-0.24184,0.065496,3.0986,-7.5893e-16,3.8325e-16
457.1,-87.77,-3.9543,5.1337,0.49128,-0.24197,0.064822,3.0986,-7.5893e-16,3.8325e-16
457.2,-87.772,-4.009,5.1401,0.49025,-0.24207,0.064148,3.0986,-7.5893e-16,3.8325e-16
457.3,-87.773,-4.0636,5.1465,0.48926,-0.24214,0.063475,3.0986,-7.5893e-16,3.8325e-16
457.4,-87.774,-4.1181,5.1528,0.48831,-0.24217,0.062805,3.0986,-7.5893e-16,3.8325e-16
457.5,-87.775,-4.1726,5.159,0.48739,-0.24218,0.062139,3.0986,-7.5893e-16,3.8325e-16
457.6,-87.776,-4.227,5.1652,0.48651,-0.24216,0.061478,3.0986,-7.5893e-16,3.8325e-16
457.7,-87.776,-4.2813,5.1713,0.48567,-0.24211,0.060824,3.0986,-7.5893e-16,3.8325e-16
457.8,-87.776,-4.3355,5.1774,0.48485,-0.24203,0.060176,3.0986,-7.5893e-16,3.8325e-16
457.9,-87.776,-4.3897,5.1834,0.48407,-0.24192,0.059537,3.0986,-7.5893e-16,3.8325e-16
458,-87.776,-4.4437,5.1893,0.48332,-0.24179,0.058907,3.0986,-7.5893e-16,3.8325e-16
458.1,-87.775,-4.4977,5.1952,0.4826,-0.24163,0.058287,3.0986,-7.5893e-16,3.8325e-16
458.2,-87.774,-4.5517,5.201,0.48192,-0.24145,0.057677,3.0986,-7.5893e-16,3.8325e-16
458.3,-87.772,-4.6055,5.2067,0.48126,-0.24125,0.057078,3.0986,-7.5893e-16,3.8325e-16
458.4,-87.77,-4.6593,5.2124,0.48063,-0.24103,0.056491,3.0986,-7.5893e-16,3.8325e-16
458.5,-87.768,-4.713,5.218,0.48002,-0.24078,0.055917,3.0986,-7.5893e-16,3.8325e-16
458.6,-87.766,-4.7666,5.2236,0.47945,-0.24051,0.055355,3.0986,-7.5893e-16,3.8325e-16
458.7,-87.763,-4.8201,5.2291,0.4789,-0.24022,0.054806,3.0986,-7.5893e-16,3.8325e-16
458.8,-87.76,-4.8736,5.2345,0.47837,-0.23992,0.054271,3.0986,-7.5893e-16,3.8325e-16
458.9,-87.757,-4.927,5.2399,0.47787,-0.23959,0.05375,3.0986,-7.5893e-16,3.8325e-16
459,-87.754,-4.9803,5.2453,0.4774,-0.23925,0.053243,3.0986,-7.5893e-16,3.8325e-16
459.1,-87.75,-5.0335,5.2506,0.47694,-0.23889,0.052751,3.0986,-7.5893e-16,3.8325e-16
459.2,-87.746,-5.0867,5.2558,0.47651,-0.23851,0.052273,3.0986,-7.5893e-16,3.8325e-16
459.3,-87.742,-5.1398,5.261,0.4761,-0.23812,0.05181,3.0986,-7.5893e-16,3.8325e-16
459.4,-87.737,-5.1928,5.2662,0.47571,-0.23772,0.051363,3.0986,-7.5893e-16,3.8325e-16
459.5,-87.732,-5.2457,5.2713,0.47534,-0.2373,0.05093,3.0986,-7.5893e-16,3.8325e-16
459.6,-87.727,-5.2986,5.2764,0.47499,-0.23686,0.050513,3.0986,-7.5893e-16,3.8325e-16
459.7,-87.721,-5.3513,5.2814,0.47466,-0.23642,0.050112,3.0986,-7.5893e-16,3.8325e-16
459.8,-87.715,-5.404,5.2864,0.47434,-0.23596,0.049726,3.0986,-7.5893e-16,3.8325e-16
459.9,-87.709,-5.4566,5.2913,0.47404,-0.23549,0.049355,3.0986,-7.5893e-16,3.8325e-16
460,-87.703,-5.5091,5.2963,0.47376,-0.23502,0.049001,6.385,-0.27361,0.1342
460.1,-87.696,-5.5619,5.3013,0.48077,-0.23574,0.052474,6.385,-0.27361,0.1342
460.2,-87.689,-5.6153,5.3068,0.48755,-0.23663,0.05599,6.385,-0.27361,0.1342
460.3,-87.681,-5.6692,5.3125,0.49408,-0.23767,0.059529,6.385,-0.27361,0.1342
460.4,-87.672,-5.7237,5.3187,0.50039,-0.23888,0.063074,6.385,-0.27361,0.1342
460.5,-87.663,-5.7787,5.3252,0.50646,-0.24026,0.066605,6.385,-0.27361,0.1342
460.6,-87.653,-5.8342,5.332,0.51231,-0.24181,0.070106,6.385,-0.27361,0.1342
460.7,-87.643,-5.8901,5.3392,0.51794,-0.24352,0.073559,6.385,-0.27361,0.1342
460.8,-87.632,-5.9466,5.3467,0.52334,-0.24541,0.076949,6.385,-0.27361,0.1342
460.9,-87.62,-6.0035,5.3546,0.52853,-0.24746,0.08026,6.385,-0.27361,0.1342
461,-87.608,-6.0609,5.3627,0.53351,-0.24968,0.083478,6.385,-0.27361,0.1342
461.1,-87.596,-6.1187,5.3712,0.53828,-0.25205,0.086594,6.385,-0.27361,0.1342
461.2,-87.582,-6.1769,5.3801,0.54284,-0.25459,0.089594,6.385,-0.27361,0.1342
461.3,-87.568,-6.2355,5.3892,0.54721,-0.25727,0.092472,6.385,-0.27361,0.1342
461.4,-87.554,-6.2944,5.3985,0.55139,-0.2601,0.095218,6.385,-0.27361,0.1342
461.5,-87.539,-6.3537,5.4082,0.55538,-0.26307,0.097828,6.385,-0.27361,0.1342
461.6,-87.523,-6.4134,5.4181,0.55918,-0.26617,0.1003,6.385,-0.27361,0.1342
461.7,-87.507,-6.4734,5.4283,0.5628,-0.2694,0.10262,6.385,-0.27361,0.1342
461.8,-87.49,-6.5337,5.4386,0.56625,-0.27274,0.1048,6.385,-0.27361,0.1342
461.9,-87.472,-6.5943,5.4492,0.56954,-0.27618,0.10683,6.385,-0.27361,0.1342
462,-87.454,-6.6552,5.46,0.57266,-0.27973,0.10871,6.385,-0.27361,0.1342
462.1,-87.435,-6.7163,5.471,0.57562,-0.28336,0.11045,6.385,-0.27361,0.1342
462.2,-87.416,-6.7777,5.4821,0.57843,-0.28708,0.11204,6.385,-0.27361,0.1342
462.3,-87.396,-6.8393,5.4934,0.58109,-0.29088,0.1135,6.385,-0.27361,0.1342
462.4,-87.376,-6.9012,5.5048,0.58361,-0.29474,0.11481,6.385,-0.27361,0.1342
462.5,-87.354,-6.9632,5.5163,0.58599,-0.29865,0.11599,6.385,-0.27361,0.1342
462.6,-87.333,-7.0255,5.528,0.58825,-0.30262,0.11703,6.385,-0.27361,0.1342
462.7,-87.31,-7.088,5.5397,0.59037,-0.30664,0.11795,6.385,-0.27361,0.1342
462.8,-87.287,-7.1506,5.5515,0.59238,-0.31069,0.11874,6.385,-0.27361,0.1342
462.9,-87.264,-7.2133,5.5635,0.59427,-0.31477,0.11942,6.385,-0.27361,0.1342
463,-87.239,-7.2763,5.5754,0.59605,-0.31888,0.11998,6.385,-0.27361,0.1342
463.1,-87.214,-7.3393,5.5875,0.59773,-0.32301,0.12042,6.385,-0.27361,0.1342
463.2,-87.189,-7.4025,5.5995,0.5993,-0.32715,0.12076,6.385,-0.27361,0.1342
463.3,-87.163,-7.4657,5.6116,0.60078,-0.3313,0.121,6.385,-0.27361,0.1342
463.4,-87.136,-7.5291,5.6237,0.60218,-0.33545,0.12114,6.385,-0.27361,0.1342
463.5,-87.109,-7.5925,5.6358,0.60348,-0.33961,0.12119,6.385,-0.27361,0.1342
463.6,-87.081,-7.6561,5.6479,0.60471,-0.34376,0.12114,6.385,-0.27361,0.1342
463.7,-87.052,-7.7196,5.66,0.60586,-0.34791,0.121,6.385,-0.27361,0.1342
463.8,-87.023,-7.7833,5.6721,0.60694,-0.35204,0.12079,6.385,-0.27361,0.1342
463.9,-86.993,-7.8469,5.6842,0.60795,-0.35616,0.12049,6.385,-0.27361,0.1342
464,-86.963,-7.9107,5.6962,0.60891,-0.36027,0.12011,6.385,-0.27361,0.1342
464.1,-86.932,-7.9744,5.7082,0.6098,-0.36436,0.11966,6.385,-0.27361,0.1342
464.2,-86.9,-8.0381,5.7202,0.61064,-0.36843,0.11914,6.385,-0.27361,0.1342
464.3,-86.868,-8.1019,5.732,0.61143,-0.37248,0.11854,6.385,-0.27361,0.1342
464.4,-86.835,-8.1656,5.7439,0.61218,-0.3765,0.11789,6.385,-0.27361,0.1342
464.5,-86.801,-8.2294,5.7556,0.61289,-0.38051,0.11716,6.385,-0.27361,0.1342
464.6,-86.767,-8.2931,5.7673,0.61355,-0.38448,0.11638,6.385,-0.27361,0.1342
464.7,-86.733,-8.3568,5.7789,0.61419,-0.38844,0.11554,6.385,-0.27361,0.1342
464.8,-86.697,-8.4205,5.7904,0.61479,-0.39236,0.11464,6.385,-0.27361,0.1342
464.9,-86.661,-8.4841,5.8018,0.61537,-0.39627,0.11368,6.385,-0.27361,0.1342
465,-86.625,-8.5477,5.8131,0.61593,-0.40014,0.11267,6.385,-0.27361,0.1342
465.1,-86.588,-8.6112,5.8244,0.61646,-0.40399,0.11161,6.385,-0.27361,0.1342
465.2,-86.55,-8.6747,5.8355,0.61698,-0.40782,0.11049,6.385,-0.27361,0.1342
465.3,-86.512,-8.7382,5.8465,0.61749,-0.41162,0.10933,6.385,-0.27361,0.1342
465.4,-86.473,-8.8016,5.8573,0.61798,-0.41539,0.10812,6.385,-0.27361,0.1342
465.5,-86.434,-8.8649,5.8681,0.61847,-0.41914,0.10685,6.385,-0.27361,0.1342
465.6,-86.394,-8.9282,5.8787,0.61896,-0.42287,0.10554,6.385,-0.27361,0.1342
465.7,-86.353,-8.9914,5.8892,0.61944,-0.42658,0.10419,6.385,-0.27361,0.1342
465.8,-86.312,-9.0545,5.8995,0.61992,-0.43026,0.10278,6.385,-0.27361,0.1342
465.9,-86.27,-9.1176,5.9097,0.62041,-0.43393,0.10133,6.385,-0.27361,0.1342
466,-86.228,-9.1806,5.9198,0.62091,-0.43758,0.099836,6.385,-0.27361,0.1342
466.1,-86.185,-9.2435,5.9297,0.62141,-0.44121,0.098293,6.385,-0.27361,0.1342
466.2,-86.142,-9.3064,5.9395,0.62193,-0.44482,0.096703,6.385,-0.27361,0.1342
466.3,-86.098,-9.3692,5.949,0.62246,-0.44843,0.095066,6.385,-0.27361,0.1342
466.4,-86.054,-9.4319,5.9585,0.62301,-0.45201,0.093381,6.385,-0.27361,0.1342
466.5,-86.009,-9.4946,5.9677,0.62358,-0.45559,0.091648,6.385,-0.27361,0.1342
466.6,-85.964,-9.5572,5.9768,0.62417,-0.45917,0.089864,6.385,-0.27361,0.1342
466.7,-85.918,-9.6198,5.9857,0.62478,-0.46273,0.088029,6.385,-0.27361,0.1342
466.8,-85.871,-9.6824,5.9944,0.62543,-0.46629,0.086142,6.385,-0.27361,0.1342
466.9,-85.824,-9.7448,6.0029,0.6261,-0.46985,0.084199,6.385,-0.27361,0.1342
467,-85.777,-9.8073,6.0112,0.6268,-0.47341,0.082199,6.385,-0.27361,0.1342
467.1,-85.729,-9.8697,6.0194,0.62754,-0.47697,0.08014,6.385,-0.27361,0.1342
467.2,-85.681,-9.9321,6.0273,0.62832,-0.48054,0.078019,6.385,-0.27361,0.1342
467.3,-85.632,-9.9945,6.035,0.62914,-0.48412,0.075831,6.385,-0.27361,0.1342
467.4,-85.582,-10.057,6.0424,0.63,-0.48771,0.073575,6.385,-0.27361,0.1342
467.5,-85.533,-10.119,6.0497,0.63091,-0.49131,0.071244,6.385,-0.27361,0.1342
467.6,-85.482,-10.182,6.0567,0.63187,-0.49493,0.068835,6.385,-0.27361,0.1342
467.7,-85.432,-10.244,6.0634,0.63289,-0.49857,0.066342,6.385,-0.27361,0.1342
467.8,-85.381,-10.307,6.0699,0.63396,-0.50223,0.063758,6.385,-0.27361,0.1342
467.9,-85.329,-10.369,6.0762,0.63509,-0.50592,0.061077,6.385,-0.27361,0.1342
468,-85.277,-10.432,6.0821,0.63629,-0.50964,0.058291,6.385,-0.27361,0.1342
468.1,-85.225,-10.494,6.0878,0.63756,-0.5134,0.055391,6.385,-0.27361,0.1342
468.2,-85.172,-10.557,6.0932,0.6389,-0.5172,0.052366,6.385,-0.27361,0.1342
468.3,-85.119,-10.62,6.0983,0.64033,-0.52105,0.049205,6.385,-0.27361,0.1342
468.4,-85.065,-10.683,6.1031,0.64184,-0.52494,0.045893,6.385,-0.27361,0.1342
468.5,-85.011,-10.746,6.1075,0.64344,-0.52889,0.042416,6.385,-0.27361,0.1342
468.6,-84.957,-10.81,6.1115,0.64515,-0.5329,0.038755,6.385,-0.27361,0.1342
468.7,-84.902,-10.874,6.1152,0.64697,-0.53698,0.034889,6.385,-0.27361,0.1342
468.8,-84.847,-10.937,6.1185,0.64891,-0.54114,0.030793,6.385,-0.27361,0.1342
468.9,-84.792,-11.002,6.1214,0.65097,-0.54538,0.026439,6.385,-0.27361,0.1342
469,-84.737,-11.066,6.1238,0.65318,-0.54972,0.021791,1.3538,-3.3158e-16,1.6978e-16
469.1,-84.681,-11.131,6.1255,0.64447,-0.55297,0.012748,1.3538,-3.3158e-16,1.6978e-16
469.2,-84.627,-11.196,6.1263,0.63647,-0.55624,0.0027559,1.3538,-3.3158e-16,1.6978e-16
469.3,-84.573,-11.26,6.126,0.62921,-0.5588,-0.0079973,1.3538,-3.3158e-16,1.6978e-16
469.4,-84.52,-11.326,6.1247,0.62267,-0.55865,-0.018597,1.3538,-3.3158e-16,1.6978e-16
469.5,-84.467,-11.39,6.1223,0.61683,-0.55573,-0.028644,1.3538,-3.3158e-16,1.6978e-16
469.6,-84.416,-11.455,6.119,0.61162,-0.55021,-0.037842,1.3538,-3.3158e-16,1.6978e-16
469.7,-84.365,-11.519,6.1148,0.60696,-0.54232,-0.045987,1.3538,-3.3158e-16,1.6978e-16
469.8,-84.314,-11.582,6.1098,0.60275,-0.53238,-0.052962,1.3538,-3.3158e-16,1.6978e-16
469.9,-84.264,-11.645,6.1043,0.59892,-0.52074,-0.058734,1.3538,-3.3158e-16,1.6978e-16
470,-84.215,-11.706,6.0981,0.59537,-0.50775,-0.063333,1.3538,-3.3158e-16,1.6978e-16
470.1,-84.166,-11.766,6.0916,0.59202,-0.49374,-0.066836,1.3538,-3.3158e-16,1.6978e-16
470.2,-84.117,-11.825,6.0848,0.58882,-0.47902,-0.069351,1.3538,-3.3158e-16,1.6978e-16
470.3,-84.069,-11.883,6.0778,0.58571,-0.46386,-0.070997,1.3538,-3.3158e-16,1.6978e-16
470.4,-84.022,-11.94,6.0706,0.58263,-0.44849,-0.071896,1.3538,-3.3158e-16,1.6978e-16
470.5,-83.974,-11.996,6.0634,0.57957,-0.4331,-0.072168,1.3538,-3.3158e-16,1.6978e-16
470.6,-83.927,-12.05,6.0562,0.57649,-0.41784,-0.071921,1.3538,-3.3158e-16,1.6978e-16
470.7,-83.881,-12.103,6.0491,0.57338,-0.40282,-0.071253,1.3538,-3.3158e-16,1.6978e-16
470.8,-83.835,-12.155,6.042,0.57023,-0.38814,-0.070248,1.3538,-3.3158e-16,1.6978e-16
470.9,-83.789,-12.206,6.035,0.56704,-0.37385,-0.068979,1.3538,-3.3158e-16,1.6978e-16
471,-83.743,-12.255,6.0282,0.56379,-0.36002,-0.067508,1.3538,-3.3158e-16,1.6978e-16
471.1,-83.698,-12.304,6.0215,0.5605,-0.34666,-0.065884,1.3538,-3.3158e-16,1.6978e-16
471.2,-83.653,-12.351,6.015,0.55717,-0.33379,-0.064151,1.3538,-3.3158e-16,1.6978e-16
471.3,-83.608,-12.398,6.0087,0.5538,-0.32142,-0.062343,1.3538,-3.3158e-16,1.6978e-16
471.4,-83.563,-12.443,6.0025,0.5504,-0.30956,-0.060488,1.3538,-3.3158e-16,1.6978e-16
471.5,-83.519,-12.488,5.9966,0.54697,-0.29819,-0.058608,1.3538,-3.3158e-16,1.6978e-16
471.6,-83.475,-12.531,5.9908,0.54352,-0.28731,-0.056721,1.3538,-3.3158e-16,1.6978e-16
471.7,-83.432,-12.574,5.9852,0.54005,-0.2769,-0.054841,1.3538,-3.3158e-16,1.6978e-16
471.8,-83.388,-12.616,5.9799,0.53658,-0.26694,-0.05298,1.3538,-3.3158e-16,1.6978e-16
471.9,-83.345,-12.657,5.9747,0.53311,-0.25743,-0.051146,1.3538,-3.3158e-16,1.6978e-16
472,-83.302,-12.697,5.9696,0.52963,-0.24834,-0.049345,1.3538,-3.3158e-16,1.6978e-16
472.1,-83.26,-12.737,5.9648,0.52617,-0.23966,-0.047583,1.3538,-3.3158e-16,1.6978e-16
472.2,-83.218,-12.776,5.9601,0.52272,-0.23136,-0.045863,1.3538,-3.3158e-16,1.6978e-16
472.3,-83.175,-12.814,5.9556,0.51929,-0.22344,-0.044187,1.3538,-3.3158e-16,1.6978e-16
472.4,-83.134,-12.852,5.9513,0.51588,-0.21587,-0.042556,1.3538,-3.3158e-16,1.6978e-16
472.5,-83.092,-12.888,5.9471,0.5125,-0.20863,-0.040972,1.3538,-3.3158e-16,1.6978e-16
472.6,-83.051,-12.925,5.9431,0.50914,-0.20172,-0.039435,1.3538,-3.3158e-16,1.6978e-16
472.7,-83.009,-12.96,5.9392,0.50582,-0.19511,-0.037944,1.3538,-3.3158e-16,1.6978e-16
472.8,-82.968,-12.996,5.9355,0.50252,-0.18879,-0.0365,1.3538,-3.3158e-16,1.6978e-16
472.9,-82.928,-13.03,5.9319,0.49927,-0.18274,-0.0351,1.3538,-3.3158e-16,1.6978e-16
473,-82.887,-13.064,5.9285,0.49605,-0.17696,-0.033745,1.3538,-3.3158e-16,1.6978e-16
473.1,-82.847,-13.098,5.9252,0.49287,-0.17143,-0.032433,1.3538,-3.3158e-16,1.6978e-16
473.2,-82.807,-13.131,5.922,0.48973,-0.16613,-0.031162,1.3538,-3.3158e-16,1.6978e-16
473.3,-82.767,-13.164,5.9189,0.48663,-0.16106,-0.029933,1.3538,-3.3158e-16,1.6978e-16
473.4,-82.728,-13.196,5.916,0.48358,-0.15621,-0.028742,1.3538,-3.3158e-16,1.6978e-16
473.5,-82.688,-13.227,5.9132,0.48057,-0.15155,-0.027588,1.3538,-3.3158e-16,1.6978e-16
473.6,-82.649,-13.259,5.9105,0.4776,-0.1471,-0.026471,1.3538,-3.3158e-16,1.6978e-16
473.7,-82.61,-13.29,5.9079,0.47468,-0.14283,-0.025389,1.3538,-3.3158e-16,1.6978e-16
473.8,-82.571,-13.32,5.9054,0.47181,-0.13873,-0.02434,1.3538,-3.3158e-16,1.6978e-16
473.9,-82.532,-13.35,5.903,0.46897,-0.1348,-0.023324,1.3538,-3.3158e-16,1.6978e-16
474,-82.494,-13.38,5.9007,0.46619,-0.13104,-0.022337,1.3538,-3.3158e-16,1.6978e-16
474.1,-82.456,-13.409,5.8985,0.46345,-0.12742,-0.02138,1.3538,-3.3158e-16,1.6978e-16
474.2,-82.418,-13.438,5.8964,0.46075,-0.12396,-0.020451,1.3538,-3.3158e-16,1.6978e-16
474.3,-82.38,-13.467,5.8944,0.4581,-0.12063,-0.019548,1.3538,-3.3158e-16,1.6978e-16
474.4,-82.342,-13.495,5.8925,0.4555,-0.11743,-0.018671,1.3538,-3.3158e-16,1.6978e-16
474.5,-82.304,-13.524,5.8907,0.45294,-0.11437,-0.017819,1.3538,-3.3158e-16,1.6978e-16
474.6,-82.267,-13.551,5.889,0.45042,-0.11142,-0.016989,1.3538,-3.3158e-16,1.6978e-16
474.7,-82.23,-13.579,5.8873,0.44795,-0.10859,-0.016181,1.3538,-3.3158e-16,1.6978e-16
474.8,-82.193,-13.606,5.8857,0.44552,-0.10588,-0.015394,1.3538,-3.3158e-16,1.6978e-16
474.9,-82.156,-13.633,5.8842,0.44314,-0.10327,-0.014626,1.3538,-3.3158e-16,1.6978e-16
475,-82.119,-13.659,5.8828,0.44079,-0.10076,-0.013878,1.3538,-3.3158e-16,1.6978e-16
475.1,-82.082,-13.686,5.8815,0.43849,-0.098353,-0.013147,1.3538,-3.3158e-16,1.6978e-16
475.2,-82.046,-13.712,5.8802,0.43623,-0.09604,-0.012433,1.3538,-3.3158e-16,1.6978e-16
475.3,-82.01,-13.738,5.879,0.43402,-0.093818,-0.011735,1.3538,-3.3158e-16,1.6978e-16
475.4,-81.974,-13.763,5.8778,0.43184,-0.091683,-0.011052,1.3538,-3.3158e-16,1.6978e-16
475.5,-81.938,-13.788,5.8768,0.4297,-0.089632,-0.010383,1.3538,-3.3158e-16,1.6978e-16
475.6,-81.902,-13.814,5.8758,0.4276,-0.087663,-0.0097279,1.3538,-3.3158e-16,1.6978e-16
475.7,-81.866,-13.838,5.8748,0.42554,-0.085771,-0.009085,1.3538,-3.3158e-16,1.6978e-16
475.8,-81.83,-13.863,5.8739,0.42352,-0.083954,-0.008454,1.3538,-3.3158e-16,1.6978e-16
475.9,-81.795,-13.888,5.8731,0.42154,-0.082209,-0.0078339,1.3538,-3.3158e-16,1.6978e-16
476,-81.76,-13.912,5.8724,0.41959,-0.080535,-0.0072242,1.3538,-3.3158e-16,1.6978e-16
476.1,-81.724,-13.936,5.8717,0.41768,-0.078927,-0.0066241,1.3538,-3.3158e-16,1.6978e-16
476.2,-81.689,-13.96,5.871,0.4158,-0.077385,-0.0060329,1.3538,-3.3158e-16,1.6978e-16
476.3,-81.654,-13.983,5.8705,0.41396,-0.075906,-0.00545,1.3538,-3.3158e-16,1.6978e-16
476.4,-81.62,-14.007,5.87,0.41216,-0.074488,-0.0048746,1.3538,-3.3158e-16,1.6978e-16
476.5,-81.585,-14.03,5.8695,0.41038,-0.073128,-0.0043063,1.3538,-3.3158e-16,1.6978e-16
476.6,-81.55,-14.053,5.8691,0.40864,-0.071826,-0.0037442,1.3538,-3.3158e-16,1.6978e-16
476.7,-81.516,-14.076,5.8687,0.40694,-0.070579,-0.0031879,1.3538,-3.3158e-16,1.6978e-16
476.8,-81.482,-14.099,5.8685,0.40526,-0.069386,-0.0026368,1.3538,-3.3158e-16,1.6978e-16
476.9,-81.447,-14.121,5.8682,0.40362,-0.068245,-0.0020902,1.3538,-3.3158e-16,1.6978e-16
477,-81.413,-14.144,5.868,0.402,-0.067155,-0.0015476,1.3538,-3.3158e-16,1.6978e-16
477.1,-81.379,-14.166,5.8679,0.40042,-0.066115,-0.0010084,1.3538,-3.3158e-16,1.6978e-16
477.2,-81.345,-14.188,5.8678,0.39886,-0.065122,-0.00047214,1.3538,-3.3158e-16,1.6978e-16
477.3,-81.311,-14.21,5.8678,0.39734,-0.064176,6.1871e-05,1.3538,-3.3158e-16,1.6978e-16
477.4,-81.278,-14.232,5.8678,0.39584,-0.063266,0.00059737,1.3538,-3.3158e-16,1.6978e-16
477.5,-81.244,-14.254,5.8679,0.39437,-0.062386,0.0011364,1.3538,-3.3158e-16,1.6978e-16
477.6,-81.211,-14.275,5.8681,0.39293,-0.061534,0.0016785,1.3538,-3.3158e-16,1.6978e-16
477.7,-81.177,-14.297,5.8683,0.39151,-0.060712,0.0022235,1.3538,-3.3158e-16,1.6978e-16
477.8,-81.144,-14.318,5.8685,0.39012,-0.059919,0.002771,1.3538,-3.3158e-16,1.6978e-16
477.9,-81.111,-14.339,5.8688,0.38875,-0.059155,0.0033207,1.3538,-3.3158e-16,1.6978e-16
478,-81.077,-14.36,5.8692,0.38741,-0.058419,0.0038721,1.3538,-3.3158e-16,1.6978e-16
478.1,-81.044,-14.381,5.8696,0.3861,-0.057711,0.0044249,1.3538,-3.3158e-16,1.6978e-16
478.2,-81.011,-14.402,5.8701,0.38481,-0.057032,0.0049786,1.3538,-3.3158e-16,1.6978e-16
478.3,-80.978,-14.422,5.8706,0.38354,-0.05638,0.005533,1.3538,-3.3158e-16,1.6978e-16
478.4,-80.946,-14.443,5.8712,0.38229,-0.055755,0.0060876,1.3538,-3.3158e-16,1.6978e-16
478.5,-80.913,-14.463,5.8718,0.38107,-0.055158,0.006642,1.3538,-3.3158e-16,1.6978e-16
478.6,-80.88,-14.483,5.8725,0.37987,-0.054588,0.0071958,1.3538,-3.3158e-16,1.6978e-16
478.7,-80.848,-14.504,5.8733,0.37869,-0.054044,0.0077485,1.3538,-3.3158e-16,1.6978e-16
478.8,-80.815,-14.524,5.8741,0.37753,-0.053526,0.0082998,1.3538,-3.3158e-16,1.6978e-16
478.9,-80.783,-14.543,5.8749,0.37639,-0.053034,0.0088492,1.3538,-3.3158e-16,1.6978e-16
479,-80.75,-14.563,5.8758,0.37527,-0.052567,0.0093964,1.3538,-3.3158e-16,1.6978e-16
479.1,-80.718,-14.583,5.8768,0.37418,-0.052126,0.0099408,1.3538,-3.3158e-16,1.6978e-16
479.2,-80.686,-14.602,5.8778,0.3731,-0.051708,0.010482,1.3538,-3.3158e-16,1.6978e-16
479.3,-80.653,-14.622,5.8789,0.37204,-0.051315,0.01102,1.3538,-3.3158e-16,1.6978e-16
479.4,-80.621,-14.641,5.88,0.371,-0.050945,0.011554,1.3538,-3.3158e-16,1.6978e-16
479.5,-80.589,-14.66,5.8812,0.36998,-0.050599,0.012084,1.3538,-3.3158e-16,1.6978e-16
479.6,-80.557,-14.679,5.8824,0.36897,-0.050275,0.012609,1.3538,-3.3158e-16,1.6978e-16
479.7,-80.525,-14.698,5.8837,0.36799,-0.049973,0.013128,1.3538,-3.3158e-16,1.6978e-16
479.8,-80.493,-14.717,5.8851,0.36702,-0.049693,0.013643,1.3538,-3.3158e-16,1.6978e-16
479.9,-80.461,-14.736,5.8864,0.36606,-0.049434,0.014152,1.3538,-3.3158e-16,1.6978e-16
480,-80.429,-14.755,5.8879,0.36513,-0.049196,0.014654,1.3538,-3.3158e-16,1.6978e-16
480.1,-80.398,-14.773,5.8894,0.36421,-0.048977,0.01515,1.3538,-3.3158e-16,1.6978e-16
480.2,-80.366,-14.792,5.8909,0.36331,-0.048779,0.01564,1.3538,-3.3158e-16,1.6978e-16
480.3,-80.334,-14.81,5.8925,0.36242,-0.048599,0.016122,1.3538,-3.3158e-16,1.6978e-16
480.4,-80.303,-14.828,5.8941,0.36154,-0.048437,0.016597,1.3538,-3.3158e-16,1.6978e-16
480.5,-80.271,-14.846,5.8958,0.36069,-0.048294,0.017064,7.9219,-0.68112,0.33409
480.6,-80.239,-14.865,5.898,0.37448,-0.051169,0.026986,7.9219,-0.68112,0.33409
480.7,-80.205,-14.884,5.9012,0.38796,-0.054431,0.036883,7.9219,-0.68112,0.33409
480.8,-80.171,-14.904,5.9054,0.40111,-0.058105,0.046678,7.9219,-0.68112,0.33409
480.9,-80.135,-14.924,5.9105,0.41394,-0.062213,0.056294,7.9219,-0.68112,0.33409
481,-80.098,-14.945,5.9166,0.42643,-0.066766,0.065661,7.9219,-0.68112,0.33409
481.1,-80.06,-14.967,5.9237,0.43858,-0.07177,0.074718,7.9219,-0.68112,0.33409
481.2,-80.021,-14.99,5.9316,0.45039,-0.077224,0.083414,7.9219,-0.68112,0.33409
481.3,-79.981,-15.013,5.9403,0.46185,-0.083121,0.091709,7.9219,-0.68112,0.33409
481.4,-79.94,-15.036,5.9499,0.47295,-0.089446,0.099573,7.9219,-0.68112,0.33409
481.5,-79.898,-15.061,5.9602,0.4837,-0.096182,0.10699,7.9219,-0.68112,0.33409
481.6,-79.854,-15.085,5.9713,0.49407,-0.10331,0.11394,7.9219,-0.68112,0.33409
481.7,-79.81,-15.111,5.983,0.50408,-0.11079,0.12044,7.9219,-0.68112,0.33409
481.8,-79.764,-15.136,5.9954,0.51372,-0.11862,0.12649,7.9219,-0.68112,0.33409
481.9,-79.718,-15.163,6.0083,0.52298,-0.12675,0.13209,7.9219,-0.68112,0.33409
482,-79.671,-15.189,6.0218,0.53188,-0.13516,0.13726,7.9219,-0.68112,0.33409
482.1,-79.622,-15.216,6.0357,0.5404,-0.14382,0.14203,7.9219,-0.68112,0.33409
482.2,-79.573,-15.243,6.0502,0.54854,-0.1527,0.14641,7.9219,-0.68112,0.33409
482.3,-79.523,-15.271,6.065,0.55632,-0.16178,0.15042,7.9219,-0.68112,0.33409
482.4,-79.471,-15.299,6.0802,0.56373,-0.17102,0.15408,7.9219,-0.68112,0.33409
482.5,-79.419,-15.327,6.0958,0.57077,-0.18041,0.15742,7.9219,-0.68112,0.33409
482.6,-79.366,-15.356,6.1117,0.57746,-0.18991,0.16044,7.9219,-0.68112,0.33409
482.7,-79.312,-15.385,6.1279,0.5838,-0.19951,0.16317,7.9219,-0.68112,0.33409
482.8,-79.257,-15.413,6.1443,0.58979,-0.20918,0.16563,7.9219,-0.68112,0.33409
482.9,-79.201,-15.442,6.161,0.59544,-0.21891,0.16782,7.9219,-0.68112,0.33409
483,-79.144,-15.471,6.1779,0.60076,-0.22868,0.16977,7.9219,-0.68112,0.33409
483.1,-79.086,-15.5,6.195,0.60576,-0.23847,0.17148,7.9219,-0.68112,0.33409
483.2,-79.027,-15.529,6.2122,0.61045,-0.24827,0.17297,7.9219,-0.68112,0.33409
483.3,-78.968,-15.559,6.2295,0.61483,-0.25805,0.17424,7.9219,-0.68112,0.33409
483.4,-78.907,-15.588,6.247,0.61892,-0.26782,0.17531,7.9219,-0.68112,0.33409
483.5,-78.846,-15.617,6.2646,0.62272,-0.27755,0.17618,7.9219,-0.68112,0.33409
483.6,-78.784,-15.645,6.2822,0.62625,-0.28724,0.17686,7.9219,-0.68112,0.33409
483.7,-78.721,-15.674,6.3,0.62952,-0.29687,0.17737,7.9219,-0.68112,0.33409
483.8,-78.657,-15.703,6.3177,0.63254,-0.30645,0.1777,7.9219,-0.68112,0.33409
483.9,-78.592,-15.731,6.3355,0.63532,-0.31595,0.17786,7.9219,-0.68112,0.33409
484,-78.527,-15.759,6.3533,0.63787,-0.32538,0.17786,7.9219,-0.68112,0.33409
484.1,-78.46,-15.787,6.3711,0.6402,-0.33473,0.1777,7.9219,-0.68112,0.33409
484.2,-78.393,-15.815,6.3888,0.64232,-0.34399,0.17739,7.9219,-0.68112,0.33409
484.3,-78.325,-15.842,6.4065,0.64425,-0.35316,0.17693,7.9219,-0.68112,0.33409
484.4,-78.257,-15.869,6.4242,0.646,-0.36224,0.17633,7.9219,-0.68112,0.33409
484.5,-78.187,-15.895,6.4418,0.64758,-0.37122,0.17559,7.9219,-0.68112,0.33409
484.6,-78.117,-15.922,6.4593,0.649,-0.3801,0.17472,7.9219,-0.68112,0.33409
484.7,-78.046,-15.947,6.4767,0.65027,-0.38889,0.17372,7.9219,-0.68112,0.33409
484.8,-77.975,-15.973,6.4941,0.6514,-0.39757,0.17259,7.9219,-0.68112,0.33409
484.9,-77.902,-15.998,6.5112,0.65241,-0.40616,0.17134,7.9219,-0.68112,0.33409
485,-77.829,-16.023,6.5283,0.6533,-0.41465,0.16997,7.9219,-0.68112,0.33409
485.1,-77.755,-16.047,6.5452,0.65409,-0.42304,0.16848,7.9219,-0.68112,0.33409
485.2,-77.681,-16.07,6.562,0.65478,-0.43134,0.16688,7.9219,-0.68112,0.33409
485.3,-77.606,-16.094,6.5786,0.65539,-0.43955,0.16517,7.9219,-0.68112,0.33409
485.4,-77.53,-16.116,6.595,0.65592,-0.44767,0.16335,7.9219,-0.68112,0.33409
485.5,-77.453,-16.139,6.6113,0.65639,-0.4557,0.16142,7.9219,-0.68112,0.33409
485.6,-77.376,-16.16,6.6273,0.65681,-0.46365,0.15939,7.9219,-0.68112,0.33409
485.7,-77.298,-16.181,6.6432,0.65718,-0.47153,0.15726,7.9219,-0.68112,0.33409
485.8,-77.22,-16.202,6.6588,0.65752,-0.47933,0.15502,7.9219,-0.68112,0.33409
485.9,-77.141,-16.222,6.6742,0.65783,-0.48707,0.15268,7.9219,-0.68112,0.33409
486,-77.061,-16.242,6.6893,0.65812,-0.49476,0.15024,7.9219,-0.68112,0.33409
486.1,-76.981,-16.261,6.7042,0.6584,-0.50238,0.14769,7.9219,-0.68112,0.33409
486.2,-76.9,-16.28,6.7188,0.65869,-0.50997,0.14504,7.9219,-0.68112,0.33409
486.3,-76.818,-16.298,6.7332,0.65898,-0.51751,0.14229,7.9219,-0.68112,0.33409
486.4,-76.736,-16.316,6.7473,0.65929,-0.52502,0.13943,7.9219,-0.68112,0.33409
486.5,-76.654,-16.333,6.7611,0.65962,-0.53251,0.13645,7.9219,-0.68112,0.33409
486.6,-76.57,-16.35,6.7746,0.65999,-0.53999,0.13337,7.9219,-0.68112,0.33409
486.7,-76.486,-16.366,6.7878,0.6604,-0.54746,0.13016,7.9219,-0.68112,0.33409
486.8,-76.402,-16.382,6.8006,0.66086,-0.55494,0.12683,7.9219,-0.68112,0.33409
486.9,-76.316,-16.397,6.8131,0.66138,-0.56244,0.12337,7.9219,-0.68112,0.33409
487,-76.231,-16.412,6.8253,0.66197,-0.56997,0.11978,7.9219,-0.68112,0.33409
487.1,-76.144,-16.426,6.8371,0.66264,-0.57753,0.11603,7.9219,-0.68112,0.33409
487.2,-76.057,-16.441,6.8485,0.66339,-0.58515,0.11212,7.9219,-0.68112,0.33409
487.3,-75.969,-16.454,6.8595,0.66424,-0.59284,0.10805,7.9219,-0.68112,0.33409
487.4,-75.881,-16.468,6.8701,0.66521,-0.60061,0.10378,7.9219,-0.68112,0.33409
487.5,-75.792,-16.481,6.8802,0.66629,-0.60848,0.099317,7.9219,-0.68112,0.33409
487.6,-75.703,-16.493,6.8899,0.66751,-0.61647,0.094626,7.9219,-0.68112,0.33409
487.7,-75.612,-16.506,6.8992,0.66887,-0.62459,0.089687,7.9219,-0.68112,0.33409
487.8,-75.521,-16.518,6.9079,0.6704,-0.63287,0.08447,7.9219,-0.68112,0.33409
487.9,-75.429,-16.53,6.916,0.67211,-0.64134,0.078942,7.9219,-0.68112,0.33409
488,-75.337,-16.542,6.9236,0.67403,-0.65001,0.073063,7.9219,-0.68112,0.33409
488.1,-75.244,-16.554,6.9306,0.67616,-0.65893,0.066783,7.9219,-0.68112,0.33409
488.2,-75.15,-16.566,6.937,0.67855,-0.66811,0.060043,7.9219,-0.68112,0.33409
488.3,-75.055,-16.577,6.9426,0.68122,-0.67761,0.052772,7.9219,-0.68112,0.33409
488.4,-74.959,-16.589,6.9475,0.68421,-0.68747,0.04488,7.9219,-0.68112,0.33409
488.5,-74.862,-16.601,6.9516,0.68756,-0.69774,0.036254,7.9219,-0.68112,0.33409
488.6,-74.764,-16.614,6.9547,0.69132,-0.70848,0.026754,7.9219,-0.68112,0.33409
488.7,-74.666,-16.626,6.9569,0.69556,-0.71977,0.016195,7.9219,-0.68112,0.33409
488.8,-74.566,-16.639,6.9579,0.70035,-0.73171,0.004338,7.9219,-0.68112,0.33409
488.9,-74.465,-16.653,6.9577,0.7058,-0.74337,-0.0087321,7.9219,-0.68112,0.33409
489,-74.363,-16.667,6.9562,0.71195,-0.75135,-0.021593,7.9219,-0.68112,0.33409
489.1,-74.26,-16.682,6.9534,0.71874,-0.75534,-0.033569,7.9219,-0.68112,0.33409
489.2,-74.156,-16.696,6.9495,0.72609,-0.75554,-0.044196,7.9219,-0.68112,0.33409
489.3,-74.052,-16.711,6.9446,0.73386,-0.75233,-0.053166,7.9219,-0.68112,0.33409
489.4,-73.948,-16.725,6.939,0.7419,-0.74621,-0.06033,0.16973,-4.1571e-17,2.0906e-17
489.5,-73.845,-16.739,6.9322,0.73318,-0.73334,-0.074654,0.16973,-4.1571e-17,2.0906e-17
489.6,-73.743,-16.753,6.9241,0.72547,-0.71582,-0.086104,0.16973,-4.1571e-17,2.0906e-17
489.7,-73.643,-16.767,6.9151,0.71849,-0.69476,-0.094692,0.16973,-4.1571e-17,2.0906e-17
489.8,-73.545,-16.78,6.9053,0.712,-0.67119,-0.10065,0.16973,-4.1571e-17,2.0906e-17
489.9,-73.449,-16.793,6.895,0.70578,-0.64606,-0.10435,0.16973,-4.1571e-17,2.0906e-17
490,-73.355,-16.805,6.8845,0.69969,-0.62015,-0.10616,0.16973,-4.1571e-17,2.0906e-17
490.1,-73.263,-16.816,6.8738,0.69359,-0.59407,-0.10649,0.16973,-4.1571e-17,2.0906e-17
490.2,-73.174,-16.826,6.8632,0.68742,-0.56827,-0.10566,0.16973,-4.1571e-17,2.0906e-17
490.3,-73.086,-16.836,6.8527,0.68113,-0.54308,-0.10397,0.16973,-4.1571e-17,2.0906e-17
490.4,-73,-16.844,6.8424,0.6747,-0.51873,-0.10165,0.16973,-4.1571e-17,2.0906e-17
490.5,-72.917,-16.852,6.8324,0.66813,-0.49536,-0.098898,0.16973,-4.1571e-17,2.0906e-17
490.6,-72.835,-16.859,6.8227,0.66142,-0.47303,-0.095856,0.16973,-4.1571e-17,2.0906e-17
490.7,-72.754,-16.865,6.8132,0.65459,-0.4518,-0.092637,0.16973,-4.1571e-17,2.0906e-17
490.8,-72.676,-16.871,6.8041,0.64765,-0.43166,-0.089326,0.16973,-4.1571e-17,2.0906e-17
490.9,-72.599,-16.876,6.7954,0.64063,-0.41259,-0.085988,0.16973,-4.1571e-17,2.0906e-17
491,-72.524,-16.88,6.7869,0.63354,-0.39457,-0.082668,0.16973,-4.1571e-17,2.0906e-17
491.1,-72.45,-16.884,6.7788,0.62641,-0.37754,-0.079401,0.16973,-4.1571e-17,2.0906e-17
491.2,-72.378,-16.887,6.7711,0.61925,-0.36146,-0.07621,0.16973,-4.1571e-17,2.0906e-17
491.3,-72.307,-16.889,6.7636,0.61208,-0.34627,-0.073113,0.16973,-4.1571e-17,2.0906e-17
491.4,-72.237,-16.892,6.7564,0.60493,-0.33194,-0.070118,0.16973,-4.1571e-17,2.0906e-17
491.5,-72.169,-16.893,6.7496,0.59779,-0.3184,-0.067234,0.16973,-4.1571e-17,2.0906e-17
491.6,-72.102,-16.895,6.743,0.59069,-0.3056,-0.064463,0.16973,-4.1571e-17,2.0906e-17
491.7,-72.036,-16.896,6.7367,0.58363,-0.29351,-0.061805,0.16973,-4.1571e-17,2.0906e-17
491.8,-71.971,-16.896,6.7306,0.57664,-0.28207,-0.059261,0.16973,-4.1571e-17,2.0906e-17
491.9,-71.907,-16.897,6.7248,0.5697,-0.27124,-0.056828,0.16973,-4.1571e-17,2.0906e-17
492,-71.845,-16.897,6.7192,0.56284,-0.26098,-0.054503,0.16973,-4.1571e-17,2.0906e-17
492.1,-71.783,-16.896,6.7139,0.55606,-0.25126,-0.052284,0.16973,-4.1571e-17,2.0906e-17
492.2,-71.723,-16.896,6.7088,0.54936,-0.24204,-0.050165,0.16973,-4.1571e-17,2.0906e-17
492.3,-71.663,-16.895,6.7039,0.54275,-0.23329,-0.048143,0.16973,-4.1571e-17,2.0906e-17
492.4,-71.605,-16.894,6.6991,0.53623,-0.22497,-0.046213,0.16973,-4.1571e-17,2.0906e-17
492.5,-71.547,-16.893,6.6946,0.5298,-0.21707,-0.044373,0.16973,-4.1571e-17,2.0906e-17
492.6,-71.49,-16.892,6.6903,0.52348,-0.20954,-0.042617,0.16973,-4.1571e-17,2.0906e-17
492.7,-71.434,-16.89,6.6861,0.51724,-0.20238,-0.040941,0.16973,-4.1571e-17,2.0906e-17
492.8,-71.379,-16.888,6.6821,0.51111,-0.19556,-0.039342,0.16973,-4.1571e-17,2.0906e-17
492.9,-71.325,-16.886,6.6782,0.50508,-0.18905,-0.037816,0.16973,-4.1571e-17,2.0906e-17
493,-71.271,-16.884,6.6745,0.49915,-0.18284,-0.036359,0.16973,-4.1571e-17,2.0906e-17
493.1,-71.219,-16.882,6.6709,0.49332,-0.17691,-0.034967,0.16973,-4.1571e-17,2.0906e-17
493.2,-71.167,-16.88,6.6675,0.48759,-0.17124,-0.033638,0.16973,-4.1571e-17,2.0906e-17
493.3,-71.115,-16.877,6.6642,0.48196,-0.16582,-0.032369,0.16973,-4.1571e-17,2.0906e-17
493.4,-71.065,-16.875,6.661,0.47643,-0.16064,-0.031156,0.16973,-4.1571e-17,2.0906e-17
493.5,-71.015,-16.872,6.658,0.47099,-0.15567,-0.029996,0.16973,-4.1571e-17,2.0906e-17
493.6,-70.966,-16.869,6.655,0.46566,-0.15091,-0.028887,0.16973,-4.1571e-17,2.0906e-17
493.7,-70.917,-16.866,6.6522,0.46042,-0.14635,-0.027826,0.16973,-4.1571e-17,2.0906e-17
493.8,-70.869,-16.863,6.6495,0.45527,-0.14197,-0.026812,0.16973,-4.1571e-17,2.0906e-17
493.9,-70.822,-16.86,6.6468,0.45022,-0.13777,-0.025841,0.16973,-4.1571e-17,2.0906e-17
494,-70.775,-16.857,6.6443,0.44526,-0.13374,-0.024911,0.16973,-4.1571e-17,2.0906e-17
494.1,-70.729,-16.854,6.6419,0.44039,-0.12986,-0.024021,0.16973,-4.1571e-17,2.0906e-17
494.2,-70.684,-16.85,6.6395,0.43561,-0.12613,-0.023169,0.16973,-4.1571e-17,2.0906e-17
494.3,-70.639,-16.847,6.6372,0.43092,-0.12254,-0.022353,0.16973,-4.1571e-17,2.0906e-17
494.4,-70.594,-16.843,6.635,0.42632,-0.11909,-0.02157,0.16973,-4.1571e-17,2.0906e-17
494.5,-70.55,-16.84,6.6329,0.4218,-0.11576,-0.020821,0.16973,-4.1571e-17,2.0906e-17
494.6,-70.507,-16.836,6.6309,0.41736,-0.11256,-0.020102,0.16973,-4.1571e-17,2.0906e-17
494.7,-70.464,-16.833,6.6289,0.41301,-0.10947,-0.019413,0.16973,-4.1571e-17,2.0906e-17
494.8,-70.422,-16.829,6.627,0.40873,-0.10649,-0.018752,0.16973,-4.1571e-17,2.0906e-17
494.9,-70.38,-16.825,6.6251,0.40453,-0.10361,-0.018118,0.16973,-4.1571e-17,2.0906e-17
495,-70.339,-16.821,6.6234,0.40041,-0.10083,-0.01751,0.16973,-4.1571e-17,2.0906e-17
495.1,-70.298,-16.817,6.6216,0.39637,-0.098152,-0.016927,0.16973,-4.1571e-17,2.0906e-17
495.2,-70.258,-16.814,6.62,0.39239,-0.095561,-0.016367,0.16973,-4.1571e-17,2.0906e-17
495.3,-70.218,-16.81,6.6184,0.3885,-0.093056,-0.015829,0.16973,-4.1571e-17,2.0906e-17
495.4,-70.178,-16.806,6.6168,0.38467,-0.090634,-0.015313,0.16973,-4.1571e-17,2.0906e-17
495.5,-70.139,-16.801,6.6153,0.38091,-0.08829,-0.014818,0.16973,-4.1571e-17,2.0906e-17
495.6,-70.1,-16.797,6.6138,0.37721,-0.086021,-0.014342,0.16973,-4.1571e-17,2.0906e-17
495.7,-70.062,-16.793,6.6124,0.37359,-0.083825,-0.013886,0.16973,-4.1571e-17,2.0906e-17
495.8,-70.024,-16.789,6.6111,0.37003,-0.081698,-0.013447,0.16973,-4.1571e-17,2.0906e-17
495.9,-69.987,-16.785,6.6097,0.36653,-0.079636,-0.013025,0.16973,-4.1571e-17,2.0906e-17
496,-69.95,-16.781,6.6085,0.36309,-0.077638,-0.01262,0.16973,-4.1571e-17,2.0906e-17
496.1,-69.913,-16.776,6.6072,0.35972,-0.075701,-0.012231,0.16973,-4.1571e-17,2.0906e-17
496.2,-69.877,-16.772,6.606,0.3564,-0.073822,-0.011858,0.16973,-4.1571e-17,2.0906e-17
496.3,-69.841,-16.768,6.6048,0.35314,-0.071999,-0.011498,0.16973,-4.1571e-17,2.0906e-17
496.4,-69.805,-16.763,6.6037,0.34994,-0.070229,-0.011153,0.16973,-4.1571e-17,2.0906e-17
496.5,-69.77,-16.759,6.6026,0.34679,-0.068511,-0.010821,0.16973,-4.1571e-17,2.0906e-17
496.6,-69.735,-16.755,6.6015,0.3437,-0.066843,-0.010502,0.16973,-4.1571e-17,2.0906e-17
496.7,-69.7,-16.75,6.6005,0.34067,-0.065222,-0.010196,0.16973,-4.1571e-17,2.0906e-17
496.8,-69.666,-16.746,6.5995,0.33768,-0.063647,-0.0099014,0.16973,-4.1571e-17,2.0906e-17
496.9,-69.632,-16.741,6.5985,0.33474,-0.062117,-0.0096182,0.16973,-4.1571e-17,2.0906e-17
497,-69.599,-16.737,6.5976,0.33186,-0.060628,-0.0093459,0.16973,-4.1571e-17,2.0906e-17
497.1,-69.565,-16.732,6.5967,0.32902,-0.059181,-0.0090842,0.16973,-4.1571e-17,2.0906e-17
497.2,-69.532,-16.728,6.5958,0.32623,-0.057773,-0.0088326,0.16973,-4.1571e-17,2.0906e-17
497.3,-69.5,-16.723,6.5949,0.32349,-0.056403,-0.0085907,0.16973,-4.1571e-17,2.0906e-17
497.4,-69.467,-16.719,6.594,0.32079,-0.05507,-0.0083581,0.16973,-4.1571e-17,2.0906e-17
497.5,-69.435,-16.714,6.5932,0.31814,-0.053772,-0.0081344,0.16973,-4.1571e-17,2.0906e-17
497.6,-69.403,-16.71,6.5924,0.31553,-0.052508,-0.0079194,0.16973,-4.1571e-17,2.0906e-17
497.7,-69.372,-16.705,6.5916,0.31296,-0.051277,-0.0077127,0.16973,-4.1571e-17,2.0906e-17
497.8,-69.341,-16.7,6.5909,0.31044,-0.050078,-0.0075139,0.16973,-4.1571e-17,2.0906e-17
497.9,-69.31,-16.696,6.5901,0.30796,-0.04891,-0.0073227,0.16973,-4.1571e-17,2.0906e-17
498,-69.279,-16.691,6.5894,0.30551,-0.047772,-0.0071389,0.16973,-4.1571e-17,2.0906e-17
498.1,-69.248,-16.686,6.5887,0.30311,-0.046662,-0.0069622,0.16973,-4.1571e-17,2.0906e-17
498.2,-69.218,-16.682,6.588,0.30074,-0.04558,-0.0067922,0.16973,-4.1571e-17,2.0906e-17
498.3,-69.188,-16.677,6.5873,0.29841,-0.044526,-0.0066287,0.16973,-4.1571e-17,2.0906e-17
498.4,-69.159,-16.672,6.5867,0.29612,-0.043497,-0.0064715,0.16973,-4.1571e-17,2.0906e-17
498.5,-69.129,-16.668,6.5861,0.29387,-0.042494,-0.0063203,0.16973,-4.1571e-17,2.0906e-17
498.6,-69.1,-16.663,6.5854,0.29165,-0.041515,-0.0061749,0.16973,-4.1571e-17,2.0906e-17
498.7,-69.071,-16.658,6.5848,0.28946,-0.04056,-0.0060351,0.16973,-4.1571e-17,2.0906e-17
498.8,-69.042,-16.653,6.5842,0.28731,-0.039628,-0.0059006,0.16973,-4.1571e-17,2.0906e-17
498.9,-69.014,-16.649,6.5836,0.28519,-0.038718,-0.0057712,0.16973,-4.1571e-17,2.0906e-17
499,-68.986,-16.644,6.5831,0.28311,-0.03783,-0.0056467,0.16973,-4.1571e-17,2.0906e-17
499.1,-68.958,-16.639,6.5825,0.28105,-0.036964,-0.0055269,0.16973,-4.1571e-17,2.0906e-17
499.2,-68.93,-16.634,6.582,0.27903,-0.036117,-0.0054117,0.16973,-4.1571e-17,2.0906e-17
499.3,-68.902,-16.63,6.5814,0.27704,-0.03529,-0.0053009,0.16973,-4.1571e-17,2.0906e-17
499.4,-68.875,-16.625,6.5809,0.27508,-0.034483,-0.0051942,0.16973,-4.1571e-17,2.0906e-17
499.5,-68.847,-16.62,6.5804,0.27314,-0.033695,-0.0050915,0.16973,-4.1571e-17,2.0906e-17
499.6,-68.82,-16.615,6.5799,0.27124,-0.032924,-0.0049927,0.16973,-4.1571e-17,2.0906e-17
499.7,-68.794,-16.611,6.5794,0.26936,-0.032172,-0.0048976,0.16973,-4.1571e-17,2.0906e-17
499.8,-68.767,-16.606,6.5789,0.26752,-0.031436,-0.0048061,0.16973,-4.1571e-17,2.0906e-17
499.9,-68.741,-16.601,6.5784,0.26569,-0.030718,-0.0047179,0.16973,-4.1571e-17,2.0906e-17
500,-68.714,-16.596,6.578,0.2639,-0.030015,-0.004633,0.16973,-4.1571e-17,2.0906e-17
500.1,-68.688,-16.591,6.5775,0.26213,-0.029329,-0.0045512,0.16973,-4.1571e-17,2.0906e-17
500.2,-68.663,-16.587,6.577,0.26039,-0.028658,-0.0044724,0.16973,-4.1571e-17,2.0906e-17
500.3,-68.637,-16.582,6.5766,0.25867,-0.028002,-0.0043965,0.16973,-4.1571e-17,2.0906e-17
500.4,-68.611,-16.577,6.5762,0.25698,-0.027361,-0.0043233,0.16973,-4.1571e-17,2.0906e-17
500.5,-68.586,-16.572,6.5757,0.25531,-0.026734,-0.0042527,0.16973,-4.1571e-17,2.0906e-17
500.6,-68.561,-16.567,6.5753,0.25366,-0.026121,-0.0041847,0.16973,-4.1571e-17,2.0906e-17
500.7,-68.536,-16.563,6.5749,0.25204,-0.025521,-0.0041191,0.16973,-4.1571e-17,2.0906e-17
500.8,-68.511,-16.558,6.5745,0.25044,-0.024935,-0.0040557,0.16973,-4.1571e-17,2.0906e-17
500.9,-68.487,-16.553,6.5741,0.24886,-0.024362,-0.0039946,0.16973,-4.1571e-17,2.0906e-17
501,-68.462,-16.548,6.5737,0.24731,-0.023801,-0.0039356,0.16973,-4.1571e-17,2.0906e-17
501.1,-68.438,-16.543,6.5733,0.24577,-0.023253,-0.0038786,0.16973,-4.1571e-17,2.0906e-17
501.2,-68.414,-16.539,6.5729,0.24426,-0.022717,-0.0038235,0.16973,-4.1571e-17,2.0906e-17
501.3,-68.39,-16.534,6.5725,0.24277,-0.022192,-0.0037702,0.16973,-4.1571e-17,2.0906e-17
501.4,-68.366,-16.529,6.5722,0.2413,-0.021679,-0.0037187,0.16973,-4.1571e-17,2.0906e-17
501.5,-68.342,-16.524,6.5718,0.23985,-0.021177,-0.0036689,0.16973,-4.1571e-17,2.0906e-17
501.6,-68.319,-16.519,6.5714,0.23841,-0.020685,-0.0036206,0.16973,-4.1571e-17,2.0906e-17
501.7,-68.295,-16.515,6.5711,0.237,-0.020205,-0.0035739,0.16973,-4.1571e-17,2.0906e-17
501.8,-68.272,-16.51,6.5707,0.23561,-0.019735,-0.0035286,0.16973,-4.1571e-17,2.0906e-17
501.9,-68.249,-16.505,6.5704,0.23423,-0.019275,-0.0034847,0.16973,-4.1571e-17,2.0906e-17
502,-68.226,-16.5,6.57,0.23287,-0.018825,-0.0034421,0.16973,-4.1571e-17,2.0906e-17
502.1,-68.203,-16.495,6.5697,0.23153,-0.018385,-0.0034007,0.16973,-4.1571e-17,2.0906e-17
502.2,-68.181,-16.491,6.5693,0.23021,-0.017954,-0.0033606,0.16973,-4.1571e-17,2.0906e-17
502.3,-68.158,-16.486,6.569,0.22891,-0.017532,-0.0033215,6.5824,-0.68134,0.3342
502.4,-68.135,-16.481,6.5691,0.24197,-0.020063,0.0061316,6.5824,-0.68134,0.3342
502.5,-68.111,-16.476,6.5702,0.25483,-0.022809,0.015513,6.5824,-0.68134,0.3342
502.6,-68.085,-16.471,6.5722,0.26748,-0.025792,0.024758,6.5824,-0.68134,0.3342
502.7,-68.058,-16.466,6.5752,0.27993,-0.029035,0.033799,6.5824,-0.68134,0.3342
502.8,-68.03,-16.46,6.579,0.29215,-0.032555,0.042579,6.5824,-0.68134,0.3342
502.9,-68,-16.455,6.5837,0.30415,-0.036365,0.051048,6.5824,-0.68134,0.3342
503,-67.969,-16.449,6.5892,0.31591,-0.040471,0.059165,6.5824,-0.68134,0.3342
503.1,-67.937,-16.444,6.5955,0.32743,-0.044875,0.066899,6.5824,-0.68134,0.3342
503.2,-67.904,-16.438,6.6026,0.3387,-0.049576,0.07423,6.5824,-0.68134,0.3342
503.3,-67.87,-16.432,6.6103,0.34971,-0.054566,0.081147,6.5824,-0.68134,0.3342
503.4,-67.835,-16.426,6.6188,0.36046,-0.059836,0.087647,6.5824,-0.68134,0.3342
503.5,-67.798,-16.419,6.6278,0.37095,-0.065373,0.093734,6.5824,-0.68134,0.3342
503.6,-67.76,-16.413,6.6375,0.38116,-0.071164,0.099419,6.5824,-0.68134,0.3342
503.7,-67.722,-16.406,6.6477,0.39109,-0.077193,0.10471,6.5824,-0.68134,0.3342
503.8,-67.682,-16.399,6.6584,0.40074,-0.083442,0.10964,6.5824,-0.68134,0.3342
503.9,-67.641,-16.392,6.6696,0.41011,-0.089895,0.11421,6.5824,-0.68134,0.3342
504,-67.599,-16.385,6.6813,0.41919,-0.096535,0.11846,6.5824,-0.68134,0.3342
504.1,-67.556,-16.378,6.6933,0.42799,-0.10334,0.12239,6.5824,-0.68134,0.3342
504.2,-67.512,-16.37,6.7057,0.43649,-0.11031,0.12604,6.5824,-0.68134,0.3342
504.3,-67.467,-16.362,6.7185,0.4447,-0.1174,0.12941,6.5824,-0.68134,0.3342
504.4,-67.422,-16.354,6.7316,0.45263,-0.12463,0.13254,6.5824,-0.68134,0.3342
504.5,-67.375,-16.345,6.745,0.46026,-0.13195,0.13543,6.5824,-0.68134,0.3342
504.6,-67.328,-16.336,6.7587,0.46761,-0.13937,0.13811,6.5824,-0.68134,0.3342
504.7,-67.279,-16.327,6.7726,0.47467,-0.14687,0.14058,6.5824,-0.68134,0.3342
504.8,-67.23,-16.318,6.7868,0.48145,-0.15444,0.14287,6.5824,-0.68134,0.3342
504.9,-67.18,-16.308,6.8012,0.48796,-0.16207,0.14497,6.5824,-0.68134,0.3342
505,-67.129,-16.298,6.8158,0.49418,-0.16974,0.14691,6.5824,-0.68134,0.3342
505.1,-67.078,-16.287,6.8306,0.50014,-0.17744,0.14869,6.5824,-0.68134,0.3342
505.2,-67.025,-16.276,6.8455,0.50583,-0.18517,0.15032,6.5824,-0.68134,0.3342
505.3,-66.972,-16.264,6.8606,0.51126,-0.19291,0.1518,6.5824,-0.68134,0.3342
505.4,-66.918,-16.252,6.8759,0.51643,-0.20067,0.15315,6.5824,-0.68134,0.3342
505.5,-66.864,-16.24,6.8913,0.52135,-0.20842,0.15436,6.5824,-0.68134,0.3342
505.6,-66.809,-16.227,6.9068,0.52602,-0.21617,0.15545,6.5824,-0.68134,0.3342
505.7,-66.753,-16.213,6.9223,0.53045,-0.2239,0.15641,6.5824,-0.68134,0.3342
505.8,-66.697,-16.2,6.938,0.53466,-0.23161,0.15725,6.5824,-0.68134,0.3342
505.9,-66.64,-16.185,6.9538,0.53863,-0.23929,0.15797,6.5824,-0.68134,0.3342
506,-66.583,-16.17,6.9696,0.54239,-0.24694,0.15859,6.5824,-0.68134,0.3342
506.1,-66.525,-16.155,6.9855,0.54593,-0.25455,0.15909,6.5824,-0.68134,0.3342
506.2,-66.467,-16.138,7.0014,0.54926,-0.26212,0.15948,6.5824,-0.68134,0.3342
506.3,-66.408,-16.122,7.0174,0.5524,-0.26964,0.15977,6.5824,-0.68134,0.3342
506.4,-66.349,-16.104,7.0334,0.55535,-0.27711,0.15995,6.5824,-0.68134,0.3342
506.5,-66.289,-16.087,7.0494,0.55811,-0.28453,0.16003,6.5824,-0.68134,0.3342
506.6,-66.229,-16.068,7.0654,0.56069,-0.29188,0.16002,6.5824,-0.68134,0.3342
506.7,-66.168,-16.049,7.0814,0.56311,-0.29918,0.15991,6.5824,-0.68134,0.3342
506.8,-66.107,-16.029,7.0974,0.56536,-0.30641,0.1597,6.5824,-0.68134,0.3342
506.9,-66.046,-16.009,7.1133,0.56746,-0.31357,0.1594,6.5824,-0.68134,0.3342
507,-65.985,-15.988,7.1292,0.56941,-0.32067,0.15901,6.5824,-0.68134,0.3342
507.1,-65.923,-15.966,7.1451,0.57123,-0.32769,0.15854,6.5824,-0.68134,0.3342
507.2,-65.86,-15.944,7.1609,0.57291,-0.33465,0.15797,6.5824,-0.68134,0.3342
507.3,-65.798,-15.921,7.1767,0.57446,-0.34153,0.15733,6.5824,-0.68134,0.3342
507.4,-65.735,-15.897,7.1924,0.5759,-0.34834,0.1566,6.5824,-0.68134,0.3342
507.5,-65.672,-15.873,7.208,0.57723,-0.35508,0.15579,6.5824,-0.68134,0.3342
507.6,-65.609,-15.847,7.2236,0.57845,-0.36175,0.1549,6.5824,-0.68134,0.3342
507.7,-65.546,-15.822,7.239,0.57958,-0.36834,0.15394,6.5824,-0.68134,0.3342
507.8,-65.482,-15.795,7.2544,0.58062,-0.37486,0.1529,6.5824,-0.68134,0.3342
507.9,-65.418,-15.768,7.2696,0.58157,-0.38132,0.15179,6.8779,-1.6846e-15,7.7668e-16
508,-65.354,-15.74,7.2843,0.58326,-0.38472,0.14191,6.8779,-1.6846e-15,7.7668e-16
508.1,-65.29,-15.711,7.298,0.58515,-0.3878,0.13327,6.8779,-1.6846e-15,7.7668e-16
508.2,-65.227,-15.682,7.3109,0.58721,-0.39062,0.12562,6.8779,-1.6846e-15,7.7668e-16
508.3,-65.163,-15.651,7.3232,0.58942,-0.39323,0.11881,6.8779,-1.6846e-15,7.7668e-16
508.4,-65.099,-15.62,7.3347,0.59174,-0.39566,0.11269,6.8779,-1.6846e-15,7.7668e-16
508.5,-65.035,-15.588,7.3457,0.59416,-0.39795,0.10715,6.8779,-1.6846e-15,7.7668e-16
508.6,-64.972,-15.555,7.3562,0.59667,-0.40011,0.10211,6.8779,-1.6846e-15,7.7668e-16
508.7,-64.908,-15.521,7.3662,0.59926,-0.40217,0.097493,6.8779,-1.6846e-15,7.7668e-16
508.8,-64.845,-15.487,7.3757,0.6019,-0.40414,0.093252,6.8779,-1.6846e-15,7.7668e-16
508.9,-64.781,-15.451,7.3848,0.60459,-0.40603,0.089336,6.8779,-1.6846e-15,7.7668e-16
509,-64.717,-15.416,7.3936,0.60731,-0.40787,0.085704,6.8779,-1.6846e-15,7.7668e-16
509.1,-64.654,-15.379,7.402,0.61007,-0.40965,0.082323,6.8779,-1.6846e-15,7.7668e-16
509.2,-64.59,-15.342,7.41,0.61285,-0.41139,0.079166,6.8779,-1.6846e-15,7.7668e-16
509.3,-64.527,-15.304,7.4178,0.61565,-0.41309,0.076207,6.8779,-1.6846e-15,7.7668e-16
509.4,-64.464,-15.265,7.4253,0.61846,-0.41476,0.073425,6.8779,-1.6846e-15,7.7668e-16
509.5,-64.4,-15.226,7.4325,0.62127,-0.4164,0.070802,6.8779,-1.6846e-15,7.7668e-16
509.6,-64.337,-15.186,7.4394,0.62408,-0.41802,0.068321,6.8779,-1.6846e-15,7.7668e-16
509.7,-64.273,-15.145,7.4462,0.62689,-0.41963,0.065969,6.8779,-1.6846e-15,7.7668e-16
509.8,-64.21,-15.104,7.4526,0.62969,-0.42121,0.063731,6.8779,-1.6846e-15,7.7668e-16
509.9,-64.147,-15.062,7.4589,0.63248,-0.42279,0.061597,6.8779,-1.6846e-15,7.7668e-16
510,-64.083,-15.02,7.465,0.63525,-0.42436,0.059556,6.8779,-1.6846e-15,7.7668e-16
510.1,-64.02,-14.977,7.4708,0.63801,-0.42593,0.057598,6.8779,-1.6846e-15,7.7668e-16
510.2,-63.957,-14.933,7.4765,0.64076,-0.42749,0.055715,6.8779,-1.6846e-15,7.7668e-16
510.3,-63.893,-14.889,7.482,0.64348,-0.42905,0.053899,6.8779,-1.6846e-15,7.7668e-16
510.4,-63.83,-14.844,7.4873,0.64619,-0.43061,0.052141,6.8779,-1.6846e-15,7.7668e-16
510.5,-63.766,-14.799,7.4924,0.64887,-0.43217,0.050436,6.8779,-1.6846e-15,7.7668e-16
510.6,-63.703,-14.754,7.4974,0.65153,-0.43373,0.048777,6.8779,-1.6846e-15,7.7668e-16
510.7,-63.64,-14.707,7.5022,0.65417,-0.4353,0.047156,6.8779,-1.6846e-15,7.7668e-16
510.8,-63.576,-14.661,7.5068,0.65678,-0.43688,0.045569,6.8779,-1.6846e-15,7.7668e-16
510.9,-63.513,-14.614,7.5113,0.65937,-0.43846,0.044009,6.8779,-1.6846e-15,7.7668e-16
511,-63.449,-14.566,7.5156,0.66194,-0.44004,0.042471,6.8779,-1.6846e-15,7.7668e-16
511.1,-63.386,-14.518,7.5198,0.66448,-0.44164,0.040949,6.8779,-1.6846e-15,7.7668e-16
511.2,-63.322,-14.469,7.5238,0.667,-0.44324,0.039437,6.8779,-1.6846e-15,7.7668e-16
511.3,-63.259,-14.421,7.5277,0.6695,-0.44486,0.037931,6.8779,-1.6846e-15,7.7668e-16
511.4,-63.195,-14.371,7.5314,0.67197,-0.44648,0.036425,6.8779,-1.6846e-15,7.7668e-16
511.5,-63.131,-14.321,7.5349,0.67443,-0.44811,0.034914,6.8779,-1.6846e-15,7.7668e-16
511.6,-63.068,-14.271,7.5384,0.67687,-0.44975,0.033391,6.8779,-1.6846e-15,7.7668e-16
511.7,-63.004,-14.221,7.5416,0.67929,-0.4514,0.031852,6.8779,-1.6846e-15,7.7668e-16
511.8,-62.94,-14.17,7.5447,0.68169,-0.45307,0.03029,6.8779,-1.6846e-15,7.7668e-16
511.9,-62.876,-14.118,7.5477,0.68408,-0.45474,0.0287,6.8779,-1.6846e-15,7.7668e-16
512,-62.812,-14.067,7.5505,0.68645,-0.45643,0.027074,6.8779,-1.6846e-15,7.7668e-16
512.1,-62.748,-14.015,7.5531,0.68882,-0.45812,0.025406,6.8779,-1.6846e-15,7.7668e-16
512.2,-62.684,-13.962,7.5555,0.69118,-0.45983,0.02369,6.8779,-1.6846e-15,7.7668e-16
512.3,-62.619,-13.91,7.5578,0.69353,-0.46154,0.021917,6.8779,-1.6846e-15,7.7668e-16
512.4,-62.555,-13.857,7.5599,0.69588,-0.46327,0.020079,6.8779,-1.6846e-15,7.7668e-16
512.5,-62.49,-13.803,7.5618,0.69824,-0.465,0.018166,6.8779,-1.6846e-15,7.7668e-16
512.6,-62.426,-13.75,7.5636,0.70059,-0.46674,0.01617,6.8779,-1.6846e-15,7.7668e-16
512.7,-62.361,-13.696,7.5651,0.70296,-0.4685,0.014079,6.8779,-1.6846e-15,7.7668e-16
512.8,-62.296,-13.641,7.5664,0.70534,-0.47025,0.01188,6.8779,-1.6846e-15,7.7668e-16
512.9,-62.231,-13.587,7.5674,0.70774,-0.47202,0.0095611,6.8779,-1.6846e-15,7.7668e-16
513,-62.165,-13.532,7.5683,0.71016,-0.47379,0.0071053,6.8779,-1.6846e-15,7.7668e-16
513.1,-62.1,-13.478,7.5689,0.71262,-0.47556,0.0044953,6.8779,-1.6846e-15,7.7668e-16
513.2,-62.034,-13.422,7.5692,0.7151,-0.47734,0.0017109,6.8779,-1.6846e-15,7.7668e-16
513.3,-61.968,-13.367,7.5692,0.71764,-0.47906,-0.0012498,6.8779,-1.6846e-15,7.7668e-16
513.4,-61.902,-13.312,7.5689,0.72022,-0.48022,-0.0042046,6.8779,-1.6846e-15,7.7668e-16
513.5,-61.835,-13.256,7.5684,0.72284,-0.48068,-0.0070708,6.8779,-1.6846e-15,7.7668e-16
513.6,-61.769,-13.2,7.5675,0.7255,-0.48047,-0.0098068,6.8779,-1.6846e-15,7.7668e-16
513.7,-61.702,-13.144,7.5664,0.72819,-0.47961,-0.012375,6.8779,-1.6846e-15,7.7668e-16
513.8,-61.635,-13.087,7.565,0.7309,-0.47813,-0.014745,6.8779,-1.6846e-15,7.7668e-16
513.9,-61.569,-13.031,7.5635,0.73362,-0.47606,-0.016889,6.8779,-1.6846e-15,7.7668e-16
514,-61.502,-12.974,7.5617,0.73634,-0.47347,-0.018788,6.8779,-1.6846e-15,7.7668e-16
514.1,-61.436,-12.917,7.5597,0.73904,-0.47041,-0.020429,6.8779,-1.6846e-15,7.7668e-16
514.2,-61.369,-12.86,7.5576,0.74171,-0.46693,-0.021803,6.8779,-1.6846e-15,7.7668e-16
514.3,-61.303,-12.803,7.5554,0.74435,-0.46311,-0.022908,6.8779,-1.6846e-15,7.7668e-16
514.4,-61.237,-12.745,7.553,0.74693,-0.459,-0.023746,6.8779,-1.6846e-15,7.7668e-16
514.5,-61.171,-12.687,7.5506,0.74945,-0.45467,-0.024322,6.8779,-1.6846e-15,7.7668e-16
514.6,-61.105,-12.629,7.5482,0.75191,-0.45018,-0.024644,6.8779,-1.6846e-15,7.7668e-16
514.7,-61.04,-12.571,7.5457,0.75428,-0.4456,-0.024724,6.8779,-1.6846e-15,7.7668e-16
514.8,-60.975,-12.512,7.5432,0.75657,-0.44098,-0.024573,6.8779,-1.6846e-15,7.7668e-16
514.9,-60.91,-12.454,7.5408,0.75876,-0.43637,-0.024203,6.8779,-1.6846e-15,7.7668e-16
515,-60.845,-12.395,7.5384,0.76086,-0.43183,-0.02363,6.8779,-1.6846e-15,7.7668e-16
515.1,-60.78,-12.336,7.5361,0.76285,-0.4274,-0.022867,6.8779,-1.6846e-15,7.7668e-16
515.2,-60.716,-12.277,7.5338,0.76474,-0.42313,-0.021926,6.8779,-1.6846e-15,7.7668e-16
515.3,-60.652,-12.217,7.5317,0.76653,-0.41905,-0.020821,6.8779,-1.6846e-15,7.7668e-16
515.4,-60.588,-12.158,7.5297,0.76821,-0.41521,-0.019565,6.8779,-1.6846e-15,7.7668e-16
515.5,-60.524,-12.098,7.5278,0.76977,-0.41163,-0.018168,6.8779,-1.6846e-15,7.7668e-16
515.6,-60.461,-12.038,7.526,0.77123,-0.40836,-0.016642,6.8779,-1.6846e-15,7.7668e-16
515.7,-60.397,-11.978,7.5245,0.77258,-0.40541,-0.014997,6.8779,-1.6846e-15,7.7668e-16
515.8,-60.334,-11.918,7.523,0.77383,-0.40281,-0.013241,6.8779,-1.6846e-15,7.7668e-16
515.9,-60.271,-11.858,7.5218,0.77496,-0.4006,-0.011386,6.8779,-1.6846e-15,7.7668e-16
516,-60.208,-11.798,7.5208,0.776,-0.39879,-0.0094377,6.8779,-1.6846e-15,7.7668e-16
516.1,-60.145,-11.738,7.5199,0.77692,-0.39741,-0.007406,6.8779,-1.6846e-15,7.7668e-16
516.2,-60.082,-11.677,7.5193,0.77775,-0.39647,-0.0052989,6.8779,-1.6846e-15,7.7668e-16
516.3,-60.019,-11.617,7.5189,0.77847,-0.396,-0.0031248,6.8779,-1.6846e-15,7.7668e-16
516.4,-59.956,-11.556,7.5187,0.77909,-0.39602,-0.00089271,6.8779,-1.6846e-15,7.7668e-16
516.5,-59.892,-11.496,7.5187,0.77962,-0.39646,0.0014156,6.8779,-1.6846e-15,7.7668e-16
516.6,-59.829,-11.435,7.519,0.78004,-0.39703,0.0039085,6.8779,-1.6846e-15,7.7668e-16
516.7,-59.766,-11.375,7.5195,0.78036,-0.3977,0.0065993,6.8779,-1.6846e-15,7.7668e-16
516.8,-59.703,-11.314,7.5203,0.78058,-0.39847,0.0094879,6.8779,-1.6846e-15,7.7668e-16
516.9,-59.64,-11.253,7.5214,0.78068,-0.39937,0.012571,6.8779,-1.6846e-15,7.7668e-16
517,-59.577,-11.192,7.5228,0.78067,-0.40039,0.015841,6.8779,-1.6846e-15,7.7668e-16
517.1,-59.513,-11.132,7.5246,0.78054,-0.40154,0.019289,6.8779,-1.6846e-15,7.7668e-16
517.2,-59.45,-11.071,7.5267,0.78028,-0.40284,0.022901,6.8779,-1.6846e-15,7.7668e-16
517.3,-59.387,-11.01,7.5291,0.77991,-0.40429,0.026657,6.8779,-1.6846e-15,7.7668e-16
517.4,-59.324,-10.949,7.532,0.77941,-0.40589,0.030536,6.8779,-1.6846e-15,7.7668e-16
517.5,-59.26,-10.887,7.5353,0.77879,-0.40766,0.034512,6.8779,-1.6846e-15,7.7668e-16
517.6,-59.197,-10.826,7.5389,0.77804,-0.4096,0.038555,6.8779,-1.6846e-15,7.7668e-16
517.7,-59.134,-10.765,7.543,0.77716,-0.41171,0.042633,6.8779,-1.6846e-15,7.7668e-16
517.8,-59.071,-10.703,7.5474,0.77616,-0.41399,0.046711,6.8779,-1.6846e-15,7.7668e-16
517.9,-59.009,-10.642,7.5523,0.77504,-0.41645,0.050752,6.8779,-1.6846e-15,7.7668e-16
518,-58.946,-10.58,7.5576,0.77381,-0.41908,0.05472,6.8779,-1.6846e-15,7.7668e-16
518.1,-58.883,-10.518,7.5632,0.77246,-0.42187,0.058578,6.8779,-1.6846e-15,7.7668e-16
518.2,-58.821,-10.456,7.5693,0.771,-0.42483,0.062289,6.8779,-1.6846e-15,7.7668e-16
518.3,-58.758,-10.394,7.5757,0.76944,-0.42794,0.065821,6.8779,-1.6846e-15,7.7668e-16
518.4,-58.696,-10.332,7.5824,0.76779,-0.4312,0.069143,5.1857,-0.87825,0.43078
518.5,-58.634,-10.27,7.5901,0.76208,-0.43846,0.084123,5.1857,-0.87825,0.43078
518.6,-58.572,-10.208,7.5992,0.75595,-0.44629,0.09806,5.1857,-0.87825,0.43078
518.7,-58.51,-10.146,7.6097,0.74946,-0.45461,0.11065,5.1857,-0.87825,0.43078
518.8,-58.447,-10.084,7.6213,0.74265,-0.46334,0.12168,5.1857,-0.87825,0.43078
518.9,-58.385,-10.023,7.634,0.73556,-0.47241,0.13103,5.1857,-0.87825,0.43078
519,-58.323,-9.9612,7.6475,0.72826,-0.48172,0.13865,5.1857,-0.87825,0.43078
519.1,-58.261,-9.8999,7.6616,0.72081,-0.49119,0.14457,5.1857,-0.87825,0.43078
519.2,-58.199,-9.8385,7.6763,0.71327,-0.50074,0.14889,5.1857,-0.87825,0.43078
519.3,-58.137,-9.7771,7.6914,0.70568,-0.5103,0.15171,5.1857,-0.87825,0.43078
519.4,-58.075,-9.7157,7.7066,0.69811,-0.51982,0.15318,5.1857,-0.87825,0.43078
519.5,-58.014,-9.6543,7.722,0.69061,-0.52925,0.15345,5.1857,-0.87825,0.43078
519.6,-57.952,-9.5927,7.7373,0.68321,-0.53856,0.15265,5.1857,-0.87825,0.43078
519.7,-57.891,-9.5311,7.7525,0.67597,-0.54773,0.15091,5.1857,-0.87825,0.43078
519.8,-57.83,-9.4693,7.7674,0.66892,-0.55676,0.14836,5.1857,-0.87825,0.43078
519.9,-57.768,-9.4074,7.7821,0.6621,-0.56564,0.1451,5.1857,-0.87825,0.43078
520,-57.707,-9.3454,7.7964,0.65553,-0.57439,0.14122,5.1857,-0.87825,0.43078
520.1,-57.646,-9.2832,7.8103,0.64924,-0.58301,0.13679,5.1857,-0.87825,0.43078
520.2,-57.585,-9.2207,7.8238,0.64326,-0.59152,0.13188,5.1857,-0.87825,0.43078
520.3,-57.524,-9.1581,7.8367,0.6376,-0.59995,0.12652,5.1857,-0.87825,0.43078
520.4,-57.463,-9.0953,7.8491,0.63229,-0.60833,0.12075,5.1857,-0.87825,0.43078
520.5,-57.402,-9.0323,7.8608,0.62735,-0.61668,0.1146,5.1857,-0.87825,0.43078
520.6,-57.34,-8.969,7.872,0.62279,-0.62504,0.10807,5.1857,-0.87825,0.43078
520.7,-57.279,-8.9055,7.8824,0.61863,-0.63345,0.10117,5.1857,-0.87825,0.43078
520.8,-57.217,-8.8417,7.8922,0.6149,-0.64195,0.093874,5.1857,-0.87825,0.43078
520.9,-57.155,-8.7777,7.9012,0.6116,-0.65059,0.086166,5.1857,-0.87825,0.43078
521,-57.093,-8.7134,7.9094,0.60877,-0.6594,0.078005,5.1857,-0.87825,0.43078
521.1,-57.03,-8.6488,7.9168,0.60643,-0.66846,0.069338,5.1857,-0.87825,0.43078
521.2,-56.967,-8.5839,7.9233,0.60462,-0.67781,0.060093,5.1857,-0.87825,0.43078
521.3,-56.904,-8.5188,7.9288,0.60336,-0.68753,0.050176,5.1857,-0.87825,0.43078
521.4,-56.839,-8.4533,7.9333,0.6027,-0.69769,0.039462,5.1857,-0.87825,0.43078
521.5,-56.774,-8.3876,7.9366,0.6027,-0.70839,0.027788,5.1857,-0.87825,0.43078
521.6,-56.708,-8.3215,7.9388,0.60343,-0.71975,0.014939,5.1857,-0.87825,0.43078
521.7,-56.641,-8.2551,7.9396,0.60497,-0.73189,0.00062719,5.1857,-0.87825,0.43078
521.8,-56.572,-8.1884,7.9389,0.60743,-0.7425,-0.014497,5.1857,-0.87825,0.43078
521.9,-56.503,-8.1215,7.9367,0.61079,-0.74863,-0.028876,5.1857,-0.87825,0.43078
522,-56.433,-8.0544,7.9332,0.61498,-0.75041,-0.041848,5.1857,-0.87825,0.43078
522.1,-56.363,-7.987,7.9284,0.61986,-0.74819,-0.052959,5.1857,-0.87825,0.43078
522.2,-56.293,-7.9196,7.9226,0.62525,-0.74254,-0.06197,5.1857,-0.87825,0.43078
522.3,-56.224,-7.8521,7.9161,0.63098,-0.7341,-0.068836,5.1857,-0.87825,0.43078
522.4,-56.155,-7.7846,7.9089,0.63687,-0.72358,-0.073658,5.1857,-0.87825,0.43078
522.5,-56.086,-7.717,7.9014,0.64277,-0.7116,-0.076629,5.1857,-0.87825,0.43078
522.6,-56.019,-7.6494,7.8937,0.64855,-0.69876,-0.07799,5.1857,-0.87825,0.43078
522.7,-55.952,-7.5818,7.8859,0.65412,-0.68555,-0.077994,5.1857,-0.87825,0.43078
522.8,-55.886,-7.5143,7.8781,0.6594,-0.67237,-0.076882,5.1857,-0.87825,0.43078
522.9,-55.821,-7.4468,7.8705,0.66435,-0.65956,-0.074875,5.1857,-0.87825,0.43078
523,-55.756,-7.3793,7.8631,0.66892,-0.64736,-0.072165,5.1857,-0.87825,0.43078
523.1,-55.692,-7.3118,7.8561,0.67312,-0.63595,-0.068917,5.1857,-0.87825,0.43078
523.2,-55.629,-7.2444,7.8494,0.67692,-0.62548,-0.065266,5.1857,-0.87825,0.43078
523.3,-55.567,-7.177,7.843,0.68035,-0.61604,-0.061327,5.1857,-0.87825,0.43078
523.4,-55.505,-7.1097,7.8371,0.6834,-0.6077,-0.057195,5.1857,-0.87825,0.43078
523.5,-55.443,-7.0424,7.8316,0.68609,-0.60049,-0.05295,5.1857,-0.87825,0.43078
523.6,-55.381,-6.9752,7.8265,0.68844,-0.59444,-0.048656,5.1857,-0.87825,0.43078
523.7,-55.32,-6.908,7.8219,0.69047,-0.58954,-0.044373,5.1857,-0.87825,0.43078
523.8,-55.259,-6.8409,7.8177,0.69219,-0.58579,-0.040151,5.1857,-0.87825,0.43078
523.9,-55.198,-6.7739,7.8138,0.69364,-0.58318,-0.036036,5.1857,-0.87825,0.43078
524,-55.137,-6.707,7.8104,0.69483,-0.58167,-0.03207,5.1857,-0.87825,0.43078
524.1,-55.076,-6.6401,7.8074,0.69578,-0.58123,-0.028295,5.1857,-0.87825,0.43078
524.2,-55.014,-6.5734,7.8048,0.69651,-0.58182,-0.02475,5.1857,-0.87825,0.43078
524.3,-54.953,-6.5067,7.8025,0.69704,-0.58339,-0.021475,5.1857,-0.87825,0.43078
524.4,-54.891,-6.4402,7.8005,0.69741,-0.58587,-0.018508,5.1857,-0.87825,0.43078
524.5,-54.828,-6.3737,7.7988,0.69762,-0.58921,-0.015887,5.1857,-0.87825,0.43078
524.6,-54.765,-6.3074,7.7973,0.6977,-0.59333,-0.013648,5.1857,-0.87825,0.43078
524.7,-54.702,-6.2411,7.796,0.69768,-0.59813,-0.011824,5.1857,-0.87825,0.43078
524.8,-54.638,-6.175,7.7949,0.69759,-0.60352,-0.010445,6.9512,-1.7025e-15,8.655e-16
524.9,-54.573,-6.1088,7.7933,0.70167,-0.604,-0.02113,6.9512,-1.7025e-15,8.655e-16
525,-54.509,-6.0423,7.7907,0.70617,-0.60152,-0.030924,6.9512,-1.7025e-15,8.655e-16
525.1,-54.444,-5.9754,7.7872,0.71102,-0.59631,-0.039591,6.9512,-1.7025e-15,8.655e-16
525.2,-54.38,-5.9083,7.7828,0.71612,-0.58868,-0.046988,6.9512,-1.7025e-15,8.655e-16
525.3,-54.317,-5.841,7.7778,0.72138,-0.57899,-0.053063,6.9512,-1.7025e-15,8.655e-16
525.4,-54.254,-5.7733,7.7723,0.72672,-0.56763,-0.057834,6.9512,-1.7025e-15,8.655e-16
525.5,-54.192,-5.7054,7.7663,0.73203,-0.55498,-0.061377,6.9512,-1.7025e-15,8.655e-16
525.6,-54.13,-5.6372,7.76,0.73727,-0.54141,-0.063799,6.9512,-1.7025e-15,8.655e-16
525.7,-54.07,-5.5687,7.7536,0.74235,-0.52723,-0.065227,6.9512,-1.7025e-15,8.655e-16
525.8,-54.011,-5.5,7.747,0.74724,-0.51273,-0.065792,6.9512,-1.7025e-15,8.655e-16
525.9,-53.952,-5.4311,7.7404,0.7519,-0.49813,-0.06562,6.9512,-1.7025e-15,8.655e-16
526,-53.895,-5.3619,7.7339,0.75631,-0.48363,-0.064831,6.9512,-1.7025e-15,8.655e-16
526.1,-53.838,-5.2925,7.7275,0.76045,-0.4694,-0.063527,6.9512,-1.7025e-15,8.655e-16
526.2,-53.782,-5.2229,7.7212,0.76432,-0.45554,-0.061802,6.9512,-1.7025e-15,8.655e-16
526.3,-53.727,-5.153,7.7151,0.76791,-0.44216,-0.059731,6.9512,-1.7025e-15,8.655e-16
526.4,-53.673,-5.083,7.7093,0.77124,-0.42932,-0.057379,6.9512,-1.7025e-15,8.655e-16
526.5,-53.62,-5.0128,7.7037,0.77429,-0.41709,-0.054799,6.9512,-1.7025e-15,8.655e-16
526.6,-53.568,-4.9424,7.6983,0.7771,-0.4055,-0.052033,6.9512,-1.7025e-15,8.655e-16
526.7,-53.516,-4.8718,7.6933,0.77965,-0.39458,-0.049115,6.9512,-1.7025e-15,8.655e-16
526.8,-53.465,-4.8011,7.6885,0.78198,-0.38434,-0.046069,6.9512,-1.7025e-15,8.655e-16
526.9,-53.414,-4.7302,7.684,0.78408,-0.3748,-0.042914,6.9512,-1.7025e-15,8.655e-16
527,-53.364,-4.6592,7.6799,0.78597,-0.36597,-0.039663,6.9512,-1.7025e-15,8.655e-16
527.1,-53.315,-4.5881,7.6761,0.78766,-0.35785,-0.036325,6.9512,-1.7025e-15,8.655e-16
527.2,-53.266,-4.5169,7.6727,0.78917,-0.35046,-0.032903,6.9512,-1.7025e-15,8.655e-16
527.3,-53.218,-4.4455,7.6695,0.79049,-0.34378,-0.029398,6.9512,-1.7025e-15,8.655e-16
527.4,-53.17,-4.374,7.6668,0.79165,-0.33783,-0.025806,6.9512,-1.7025e-15,8.655e-16
527.5,-53.122,-4.3025,7.6644,0.79265,-0.33262,-0.022122,6.9512,-1.7025e-15,8.655e-16
527.6,-53.074,-4.2309,7.6624,0.7935,-0.32816,-0.018338,6.9512,-1.7025e-15,8.655e-16
527.7,-53.027,-4.1592,7.6607,0.7942,-0.32445,-0.014444,6.9512,-1.7025e-15,8.655e-16
527.8,-52.98,-4.0875,7.6595,0.79476,-0.32151,-0.010427,6.9512,-1.7025e-15,8.655e-16
527.9,-52.933,-4.0157,7.6586,0.79519,-0.31937,-0.0062732,6.9512,-1.7025e-15,8.655e-16
528,-52.887,-3.9439,7.6582,0.79548,-0.31806,-0.0019672,6.9512,-1.7025e-15,8.655e-16
528.1,-52.84,-3.872,7.6583,0.79564,-0.31749,0.002544,6.9512,-1.7025e-15,8.655e-16
528.2,-52.793,-3.8001,7.6587,0.79566,-0.3172,0.0074449,6.9512,-1.7025e-15,8.655e-16
528.3,-52.747,-3.7282,7.6598,0.79555,-0.31715,0.012755,6.9512,-1.7025e-15,8.655e-16
528.4,-52.7,-3.6563,7.6613,0.79528,-0.31737,0.018459,6.9512,-1.7025e-15,8.655e-16
528.5,-52.654,-3.5842,7.6635,0.79486,-0.31787,0.024533,6.9512,-1.7025e-15,8.655e-16
528.6,-52.608,-3.5122,7.6662,0.79428,-0.31868,0.030939,6.9512,-1.7025e-15,8.655e-16
528.7,-52.562,-3.4401,7.6697,0.79354,-0.31982,0.037627,6.9512,-1.7025e-15,8.655e-16
528.8,-52.516,-3.3679,7.6738,0.79264,-0.32132,0.044537,6.9512,-1.7025e-15,8.655e-16
528.9,-52.47,-3.2956,7.6786,0.79157,-0.32317,0.051597,6.9512,-1.7025e-15,8.655e-16
529,-52.425,-3.2233,7.6841,0.79033,-0.3254,0.058728,6.9512,-1.7025e-15,8.655e-16
529.1,-52.379,-3.1508,7.6903,0.78892,-0.328,0.065845,6.9512,-1.7025e-15,8.655e-16
529.2,-52.334,-3.0783,7.6972,0.78735,-0.33098,0.072863,6.9512,-1.7025e-15,8.655e-16
529.3,-52.289,-3.0056,7.7049,0.78561,-0.33433,0.079696,6.9512,-1.7025e-15,8.655e-16
529.4,-52.245,-2.9328,7.7132,0.78373,-0.33802,0.086264,6.9512,-1.7025e-15,8.655e-16
529.5,-52.2,-2.8599,7.7221,0.7817,-0.34205,0.092493,6.9512,-1.7025e-15,8.655e-16
529.6,-52.156,-2.7869,7.7317,0.77953,-0.34639,0.098322,6.9512,-1.7025e-15,8.655e-16
529.7,-52.113,-2.7136,7.7418,0.77723,-0.351,0.1037,6.9512,-1.7025e-15,8.655e-16
529.8,-52.069,-2.6402,7.7524,0.77481,-0.35586,0.10859,6.9512,-1.7025e-15,8.655e-16
529.9,-52.026,-2.5667,7.7635,0.7723,-0.36094,0.11296,6.9512,-1.7025e-15,8.655e-16
530,-51.983,-2.4929,7.775,0.76969,-0.3662,0.11679,6.9512,-1.7025e-15,8.655e-16
530.1,-51.941,-2.419,7.7868,0.767,-0.3716,0.1201,6.9512,-1.7025e-15,8.655e-16
530.2,-51.899,-2.3449,7.799,0.76425,-0.37712,0.12288,6.9512,-1.7025e-15,8.655e-16
530.3,-51.857,-2.2705,7.8114,0.76145,-0.38272,0.12514,6.9512,-1.7025e-15,8.655e-16
530.4,-51.816,-2.196,7.824,0.75862,-0.38836,0.1269,6.9512,-1.7025e-15,8.655e-16
530.5,-51.775,-2.1212,7.8367,0.75577,-0.39403,0.1282,6.9512,-1.7025e-15,8.655e-16
530.6,-51.735,-2.0462,7.8496,0.7529,-0.39971,0.12905,6.9512,-1.7025e-15,8.655e-16
530.7,-51.694,-1.971,7.8625,0.75005,-0.40535,0.12948,6.9512,-1.7025e-15,8.655e-16
530.8,-51.655,-1.8955,7.8755,0.74721,-0.41096,0.12953,6.9512,-1.7025e-15,8.655e-16
530.9,-51.616,-1.8198,7.8884,0.7444,-0.41651,0.12922,6.9512,-1.7025e-15,8.655e-16
531,-51.577,-1.7438,7.9013,0.74163,-0.422,0.12859,6.9512,-1.7025e-15,8.655e-16
531.1,-51.538,-1.6676,7.9141,0.73892,-0.4274,0.12766,6.9512,-1.7025e-15,8.655e-16
531.2,-51.5,-1.5912,7.9268,0.73627,-0.43271,0.12645,6.9512,-1.7025e-15,8.655e-16
531.3,-51.463,-1.5145,7.9394,0.73369,-0.43793,0.125,6.9512,-1.7025e-15,8.655e-16
531.4,-51.425,-1.4375,7.9518,0.73119,-0.44304,0.12331,6.9512,-1.7025e-15,8.655e-16
531.5,-51.389,-1.3603,7.9641,0.72877,-0.44806,0.12142,6.9512,-1.7025e-15,8.655e-16
531.6,-51.352,-1.2828,7.9761,0.72646,-0.45297,0.11934,6.9512,-1.7025e-15,8.655e-16
531.7,-51.317,-1.205,7.9879,0.72424,-0.45778,0.11709,6.9512,-1.7025e-15,8.655e-16
531.8,-51.281,-1.127,7.9995,0.72213,-0.46249,0.11469,6.9512,-1.7025e-15,8.655e-16
531.9,-51.246,-1.0487,8.0109,0.72013,-0.46709,0.11213,6.9512,-1.7025e-15,8.655e-16
532,-51.211,-0.97016,8.0219,0.71826,-0.4716,0.10945,6.9512,-1.7025e-15,8.655e-16
532.1,-51.177,-0.89133,8.0327,0.7165,-0.47602,0.10663,6.9512,-1.7025e-15,8.655e-16
532.2,-51.143,-0.81222,8.0433,0.71487,-0.48034,0.1037,6.9512,-1.7025e-15,8.655e-16
532.3,-51.11,-0.73283,8.0535,0.71337,-0.48459,0.10066,6.9512,-1.7025e-15,8.655e-16
532.4,-51.076,-0.65316,8.0634,0.71201,-0.48875,0.097513,6.9512,-1.7025e-15,8.655e-16
532.5,-51.043,-0.57322,8.073,0.71078,-0.49284,0.094261,6.9512,-1.7025e-15,8.655e-16
532.6,-51.011,-0.49299,8.0822,0.70969,-0.49685,0.090907,6.9512,-1.7025e-15,8.655e-16
532.7,-50.979,-0.41248,8.0912,0.70874,-0.50081,0.087451,6.9512,-1.7025e-15,8.655e-16
532.8,-50.947,-0.33167,8.0997,0.70795,-0.50471,0.083892,6.9512,-1.7025e-15,8.655e-16
532.9,-50.915,-0.25058,8.1079,0.7073,-0.50855,0.080227,6.9512,-1.7025e-15,8.655e-16
533,-50.884,-0.1692,8.1158,0.7068,-0.51235,0.076452,6.9512,-1.7025e-15,8.655e-16
533.1,-50.853,-0.087517,8.1232,0.70646,-0.51611,0.072561,6.9512,-1.7025e-15,8.655e-16
533.2,-50.822,-0.0055371,8.1303,0.70628,-0.51984,0.068546,6.9512,-1.7025e-15,8.655e-16
533.3,-50.791,0.076745,8.1369,0.70626,-0.52355,0.064398,6.9512,-1.7025e-15,8.655e-16
533.4,-50.761,0.15933,8.1432,0.70641,-0.52723,0.060104,6.9512,-1.7025e-15,8.655e-16
533.5,-50.731,0.24223,8.1489,0.70673,-0.5309,0.055651,6.9512,-1.7025e-15,8.655e-16
533.6,-50.7,0.32544,8.1543,0.70723,-0.53456,0.05102,6.9512,-1.7025e-15,8.655e-16
533.7,-50.67,0.40897,8.1591,0.70792,-0.53823,0.04619,6.9512,-1.7025e-15,8.655e-16
533.8,-50.64,0.49283,8.1635,0.7088,-0.5419,0.041137,6.9512,-1.7025e-15,8.655e-16
533.9,-50.61,0.57701,8.1674,0.70988,-0.54559,0.03583,6.9512,-1.7025e-15,8.655e-16
534,-50.58,0.66153,8.1707,0.71117,-0.54931,0.030232,6.9512,-1.7025e-15,8.655e-16
534.1,-50.55,0.74639,8.1734,0.71269,-0.55306,0.024298,6.9512,-1.7025e-15,8.655e-16
534.2,-50.52,0.83159,8.1755,0.71444,-0.55685,0.017976,6.9512,-1.7025e-15,8.655e-16
534.3,-50.49,0.91715,8.177,0.71645,-0.5607,0.011197,6.9512,-1.7025e-15,8.655e-16
534.4,-50.459,1.0031,8.1777,0.71874,-0.56461,0.0038788,6.9512,-1.7025e-15,8.655e-16
534.5,-50.428,1.0894,8.1777,0.72134,-0.56833,-0.003981,6.9512,-1.7025e-15,8.655e-16
534.6,-50.397,1.176,8.1769,0.72425,-0.57024,-0.011768,6.9512,-1.7025e-15,8.655e-16
534.7,-50.366,1.2629,8.1754,0.72745,-0.57008,-0.019184,6.9512,-1.7025e-15,8.655e-16
534.8,-50.335,1.35,8.1731,0.73091,-0.56792,-0.026048,6.9512,-1.7025e-15,8.655e-16
534.9,-50.304,1.4373,8.1702,0.73459,-0.56388,-0.032221,6.9512,-1.7025e-15,8.655e-16
535,-50.274,1.5247,8.1667,0.73842,-0.55816,-0.037607,0.6111,-0.0065354,0.0032056
535.1,-50.243,1.6115,8.1627,0.7283,-0.55097,-0.042297,0.6111,-0.0065354,0.0032056
535.2,-50.213,1.697,8.1583,0.71868,-0.54245,-0.04654,0.6111,-0.0065354,0.0032056
535.3,-50.183,1.7811,8.1534,0.70952,-0.53276,-0.050268,0.6111,-0.0065354,0.0032056
535.4,-50.153,1.864,8.1482,0.70075,-0.52206,-0.053446,0.6111,-0.0065354,0.0032056
535.5,-50.124,1.9455,8.1427,0.69234,-0.51054,-0.056063,0.6111,-0.0065354,0.0032056
535.6,-50.095,2.0258,8.137,0.68422,-0.49837,-0.058132,0.6111,-0.0065354,0.0032056
535.7,-50.066,2.1048,8.1311,0.67636,-0.48571,-0.059681,0.6111,-0.0065354,0.0032056
535.8,-50.038,2.1825,8.1251,0.66873,-0.47273,-0.060748,0.6111,-0.0065354,0.0032056
535.9,-50.011,2.259,8.119,0.66129,-0.45956,-0.06138,0.6111,-0.0065354,0.0032056
536,-49.984,2.3342,8.1128,0.65401,-0.44633,-0.061625,0.6111,-0.0065354,0.0032056
536.1,-49.958,2.4083,8.1067,0.64688,-0.43313,-0.061532,0.6111,-0.0065354,0.0032056
536.2,-49.933,2.4812,8.1006,0.63987,-0.42005,-0.06115,0.6111,-0.0065354,0.0032056
536.3,-49.908,2.5529,8.0945,0.63298,-0.40716,-0.060522,0.6111,-0.0065354,0.0032056
536.4,-49.884,2.6235,8.0885,0.62618,-0.39451,-0.059689,0.6111,-0.0065354,0.0032056
536.5,-49.86,2.693,8.0825,0.61948,-0.38216,-0.058688,0.6111,-0.0065354,0.0032056
536.6,-49.837,2.7615,8.0767,0.61287,-0.37013,-0.057551,0.6111,-0.0065354,0.0032056
536.7,-49.815,2.8289,8.071,0.60634,-0.35845,-0.056307,0.6111,-0.0065354,0.0032056
536.8,-49.793,2.8954,8.0655,0.59989,-0.34713,-0.05498,0.6111,-0.0065354,0.0032056
536.9,-49.772,2.9608,8.06,0.59352,-0.33618,-0.053592,0.6111,-0.0065354,0.0032056
537,-49.752,3.0253,8.0547,0.58724,-0.32561,-0.052159,0.6111,-0.0065354,0.0032056
537.1,-49.732,3.0889,8.0496,0.58103,-0.31541,-0.050698,0.6111,-0.0065354,0.0032056
537.2,-49.713,3.1516,8.0446,0.5749,-0.30558,-0.04922,0.6111,-0.0065354,0.0032056
537.3,-49.694,3.2134,8.0398,0.56886,-0.29613,-0.047737,0.6111,-0.0065354,0.0032056
537.4,-49.675,3.2744,8.0351,0.5629,-0.28703,-0.046256,0.6111,-0.0065354,0.0032056
537.5,-49.658,3.3345,8.0305,0.55701,-0.27828,-0.044786,0.6111,-0.0065354,0.0032056
537.6,-49.64,3.3938,8.0261,0.55122,-0.26987,-0.043332,0.6111,-0.0065354,0.0032056
537.7,-49.623,3.4524,8.0218,0.5455,-0.2618,-0.041897,0.6111,-0.0065354,0.0032056
537.8,-49.607,3.5101,8.0177,0.53987,-0.25404,-0.040487,0.6111,-0.0065354,0.0032056
537.9,-49.591,3.5672,8.0137,0.53433,-0.24658,-0.039104,0.6111,-0.0065354,0.0032056
538,-49.575,3.6235,8.0099,0.52887,-0.23942,-0.037749,0.6111,-0.0065354,0.0032056
538.1,-49.56,3.6791,8.0062,0.52349,-0.23255,-0.036425,0.6111,-0.0065354,0.0032056
538.2,-49.545,3.734,8.0026,0.5182,-0.22594,-0.035133,0.6111,-0.0065354,0.0032056
538.3,-49.53,3.7883,7.9992,0.513,-0.2196,-0.033873,0.6111,-0.0065354,0.0032056
538.4,-49.516,3.8419,7.9958,0.50788,-0.2135,-0.032645,0.6111,-0.0065354,0.0032056
538.5,-49.503,3.8949,7.9926,0.50285,-0.20764,-0.03145,0.6111,-0.0065354,0.0032056
538.6,-49.489,3.9473,7.9895,0.4979,-0.20201,-0.030288,0.6111,-0.0065354,0.0032056
538.7,-49.476,3.999,7.9866,0.49303,-0.1966,-0.029158,0.6111,-0.0065354,0.0032056
538.8,-49.463,4.0502,7.9837,0.48825,-0.1914,-0.02806,0.6111,-0.0065354,0.0032056
538.9,-49.451,4.1008,7.981,0.48355,-0.18639,-0.026994,0.6111,-0.0065354,0.0032056
539,-49.438,4.1509,7.9783,0.47893,-0.18158,-0.025958,0.6111,-0.0065354,0.0032056
539.1,-49.427,4.2004,7.9758,0.4744,-0.17694,-0.024952,0.6111,-0.0065354,0.0032056
539.2,-49.415,4.2493,7.9733,0.46994,-0.17248,-0.023975,0.6111,-0.0065354,0.0032056
539.3,-49.403,4.2978,7.971,0.46556,-0.16819,-0.023027,0.6111,-0.0065354,0.0032056
539.4,-49.392,4.3458,7.9687,0.46127,-0.16406,-0.022107,0.6111,-0.0065354,0.0032056
539.5,-49.381,4.3932,7.9666,0.45704,-0.16008,-0.021213,0.6111,-0.0065354,0.0032056
539.6,-49.371,4.4402,7.9645,0.4529,-0.15624,-0.020346,0.6111,-0.0065354,0.0032056
539.7,-49.36,4.4867,7.9625,0.44883,-0.15254,-0.019504,0.6111,-0.0065354,0.0032056
539.8,-49.35,4.5327,7.9606,0.44483,-0.14898,-0.018686,0.6111,-0.0065354,0.0032056
539.9,-49.34,4.5783,7.9587,0.44091,-0.14554,-0.017892,0.6111,-0.0065354,0.0032056
540,-49.33,4.6235,7.957,0.43705,-0.14223,-0.017121,1.8521,-4.5364e-16,2.2664e-16
540.1,-49.321,4.6683,7.9553,0.43604,-0.139,-0.016452,1.8521,-4.5364e-16,2.2664e-16
540.2,-49.312,4.713,7.9537,0.43503,-0.13587,-0.015783,1.8521,-4.5364e-16,2.2664e-16
540.3,-49.302,4.7576,7.9522,0.43403,-0.13285,-0.015117,1.8521,-4.5364e-16,2.2664e-16
540.4,-49.294,4.802,7.9507,0.43304,-0.12992,-0.014452,1.8521,-4.5364e-16,2.2664e-16
540.5,-49.285,4.8463,7.9493,0.43206,-0.1271,-0.01379,1.8521,-4.5364e-16,2.2664e-16
540.6,-49.277,4.8905,7.9479,0.4311,-0.12436,-0.013131,1.8521,-4.5364e-16,2.2664e-16
540.7,-49.268,4.9345,7.9466,0.43014,-0.12173,-0.012475,1.8521,-4.5364e-16,2.2664e-16
540.8,-49.26,4.9784,7.9454,0.42919,-0.11918,-0.011821,1.8521,-4.5364e-16,2.2664e-16
540.9,-49.252,5.0222,7.9443,0.42826,-0.11672,-0.011171,1.8521,-4.5364e-16,2.2664e-16
541,-49.245,5.0658,7.9432,0.42733,-0.11434,-0.010523,1.8521,-4.5364e-16,2.2664e-16
541.1,-49.237,5.1093,7.9422,0.42642,-0.11206,-0.0098786,1.8521,-4.5364e-16,2.2664e-16
541.2,-49.23,5.1527,7.9412,0.42552,-0.10985,-0.0092368,1.8521,-4.5364e-16,2.2664e-16
541.3,-49.223,5.196,7.9403,0.42463,-0.10772,-0.0085974,1.8521,-4.5364e-16,2.2664e-16
541.4,-49.216,5.2392,7.9395,0.42375,-0.10568,-0.0079604,1.8521,-4.5364e-16,2.2664e-16
541.5,-49.209,5.2823,7.9387,0.42288,-0.10371,-0.0073254,1.8521,-4.5364e-16,2.2664e-16
541.6,-49.202,5.3252,7.938,0.42203,-0.10181,-0.0066921,1.8521,-4.5364e-16,2.2664e-16
541.7,-49.196,5.3681,7.9374,0.42118,-0.099989,-0.0060602,1.8521,-4.5364e-16,2.2664e-16
541.8,-49.189,5.4108,7.9368,0.42035,-0.098239,-0.0054292,1.8521,-4.5364e-16,2.2664e-16
541.9,-49.183,5.4535,7.9363,0.41953,-0.09656,-0.0047988,1.8521,-4.5364e-16,2.2664e-16
542,-49.177,5.496,7.9359,0.41872,-0.094949,-0.0041685,1.8521,-4.5364e-16,2.2664e-16
542.1,-49.171,5.5385,7.9355,0.41792,-0.093405,-0.0035379,1.8521,-4.5364e-16,2.2664e-16
542.2,-49.165,5.5809,7.9352,0.41713,-0.091928,-0.0029064,1.8521,-4.5364e-16,2.2664e-16
542.3,-49.159,5.6232,7.9349,0.41635,-0.090516,-0.0022736,1.8521,-4.5364e-16,2.2664e-16
542.4,-49.154,5.6653,7.9347,0.41559,-0.089167,-0.0016389,1.8521,-4.5364e-16,2.2664e-16
542.5,-49.148,5.7074,7.9346,0.41484,-0.087881,-0.0010017,1.8521,-4.5364e-16,2.2664e-16
542.6,-49.143,5.7495,7.9345,0.41409,-0.086656,-0.0003615,1.8521,-4.5364e-16,2.2664e-16
542.7,-49.138,5.7914,7.9345,0.41336,-0.08549,0.00028328,1.8521,-4.5364e-16,2.2664e-16
542.8,-49.133,5.8332,7.9346,0.41264,-0.084362,0.00093961,1.8521,-4.5364e-16,2.2664e-16
542.9,-49.128,5.875,7.9347,0.41193,-0.083268,0.0016086,1.8521,-4.5364e-16,2.2664e-16
543,-49.123,5.9167,7.9349,0.41123,-0.082209,0.0022897,1.8521,-4.5364e-16,2.2664e-16
543.1,-49.118,5.9583,7.9351,0.41053,-0.081185,0.0029824,1.8521,-4.5364e-16,2.2664e-16
543.2,-49.113,5.9998,7.9355,0.40985,-0.080197,0.0036864,1.8521,-4.5364e-16,2.2664e-16
543.3,-49.109,6.0413,7.9359,0.40918,-0.079244,0.0044009,1.8521,-4.5364e-16,2.2664e-16
543.4,-49.104,6.0827,7.9364,0.40852,-0.078327,0.0051254,1.8521,-4.5364e-16,2.2664e-16
543.5,-49.1,6.124,7.9369,0.40787,-0.077446,0.0058592,1.8521,-4.5364e-16,2.2664e-16
543.6,-49.095,6.1653,7.9375,0.40722,-0.076601,0.0066018,1.8521,-4.5364e-16,2.2664e-16
543.7,-49.091,6.2065,7.9382,0.40659,-0.075792,0.0073524,1.8521,-4.5364e-16,2.2664e-16
543.8,-49.087,6.2476,7.939,0.40596,-0.07502,0.0081103,1.8521,-4.5364e-16,2.2664e-16
543.9,-49.083,6.2886,7.9398,0.40534,-0.074284,0.0088748,1.8521,-4.5364e-16,2.2664e-16
544,-49.079,6.3296,7.9408,0.40474,-0.073584,0.0096451,1.8521,-4.5364e-16,2.2664e-16
544.1,-49.075,6.3706,7.9418,0.40413,-0.072921,0.01042,1.8521,-4.5364e-16,2.2664e-16
544.2,-49.072,6.4114,7.9429,0.40354,-0.072293,0.0112,1.8521,-4.5364e-16,2.2664e-16
544.3,-49.068,6.4522,7.944,0.40296,-0.071702,0.011983,1.8521,-4.5364e-16,2.2664e-16
544.4,-49.065,6.493,7.9453,0.40238,-0.071146,0.012768,1.8521,-4.5364e-16,2.2664e-16
544.5,-49.061,6.5337,7.9466,0.40181,-0.070626,0.013556,1.8521,-4.5364e-16,2.2664e-16
544.6,-49.058,6.5743,7.948,0.40125,-0.070142,0.014344,1.8521,-4.5364e-16,2.2664e-16
544.7,-49.055,6.6149,7.9494,0.4007,-0.069692,0.015132,1.8521,-4.5364e-16,2.2664e-16
544.8,-49.052,6.6554,7.951,0.40015,-0.069277,0.015919,1.8521,-4.5364e-16,2.2664e-16
544.9,-49.049,6.6959,7.9526,0.39962,-0.068897,0.016704,1.8521,-4.5364e-16,2.2664e-16
545,-49.046,6.7363,7.9543,0.39908,-0.06855,0.017487,1.8521,-4.5364e-16,2.2664e-16
545.1,-49.043,6.7767,7.9561,0.39856,-0.068236,0.018266,1.8521,-4.5364e-16,2.2664e-16
545.2,-49.041,6.817,7.958,0.39804,-0.067956,0.019042,1.8521,-4.5364e-16,2.2664e-16
545.3,-49.038,6.8573,7.9599,0.39753,-0.067707,0.019812,1.8521,-4.5364e-16,2.2664e-16
545.4,-49.036,6.8975,7.9619,0.39703,-0.06749,0.020576,1.8521,-4.5364e-16,2.2664e-16
545.5,-49.033,6.9377,7.964,0.39653,-0.067305,0.021333,1.8521,-4.5364e-16,2.2664e-16
545.6,-49.031,6.9778,7.9662,0.39604,-0.06715,0.022083,1.8521,-4.5364e-16,2.2664e-16
545.7,-49.029,7.0179,7.9685,0.39555,-0.067024,0.022825,1.8521,-4.5364e-16,2.2664e-16
545.8,-49.027,7.0579,7.9708,0.39507,-0.066928,0.023557,1.8521,-4.5364e-16,2.2664e-16
545.9,-49.025,7.0979,7.9732,0.3946,-0.066859,0.024281,1.8521,-4.5364e-16,2.2664e-16
546,-49.023,7.1379,7.9756,0.39413,-0.066819,0.024994,1.8521,-4.5364e-16,2.2664e-16
546.1,-49.021,7.1778,7.9782,0.39367,-0.066805,0.025696,1.8521,-4.5364e-16,2.2664e-16
546.2,-49.019,7.2176,7.9808,0.39322,-0.066816,0.026386,1.8521,-4.5364e-16,2.2664e-16
546.3,-49.018,7.2575,7.9834,0.39277,-0.066853,0.027065,1.8521,-4.5364e-16,2.2664e-16
546.4,-49.016,7.2973,7.9862,0.39232,-0.066915,0.027731,1.8521,-4.5364e-16,2.2664e-16
546.5,-49.015,7.337,7.989,0.39188,-0.066999,0.028384,1.8521,-4.5364e-16,2.2664e-16
546.6,-49.013,7.3767,7.9919,0.39145,-0.067106,0.029024,1.8521,-4.5364e-16,2.2664e-16
546.7,-49.012,7.4164,7.9948,0.39102,-0.067235,0.02965,1.8521,-4.5364e-16,2.2664e-16
546.8,-49.011,7.4561,7.9978,0.3906,-0.067385,0.030261,1.8521,-4.5364e-16,2.2664e-16
546.9,-49.01,7.4957,8.0008,0.39018,-0.067554,0.030859,1.8521,-4.5364e-16,2.2664e-16
547,-49.009,7.5352,8.004,0.38976,-0.067742,0.031441,1.8521,-4.5364e-16,2.2664e-16
547.1,-49.008,7.5748,8.0071,0.38935,-0.067949,0.032009,1.8521,-4.5364e-16,2.2664e-16
547.2,-49.008,7.6143,8.0104,0.38895,-0.068172,0.032561,1.8521,-4.5364e-16,2.2664e-16
547.3,-49.007,7.6537,8.0136,0.38855,-0.068412,0.033098,1.8521,-4.5364e-16,2.2664e-16
547.4,-49.006,7.6932,8.017,0.38815,-0.068668,0.03362,1.8521,-4.5364e-16,2.2664e-16
547.5,-49.006,7.7326,8.0204,0.38776,-0.068937,0.034126,1.8521,-4.5364e-16,2.2664e-16
547.6,-49.006,7.7719,8.0238,0.38737,-0.069221,0.034616,1.8521,-4.5364e-16,2.2664e-16
547.7,-49.005,7.8113,8.0273,0.38699,-0.069517,0.035091,1.8521,-4.5364e-16,2.2664e-16
547.8,-49.005,7.8506,8.0308,0.38661,-0.069826,0.03555,1.8521,-4.5364e-16,2.2664e-16
547.9,-49.005,7.8898,8.0344,0.38624,-0.070145,0.035994,1.8521,-4.5364e-16,2.2664e-16
548,-49.005,7.9291,8.038,0.38587,-0.070475,0.036422,1.8521,-4.5364e-16,2.2664e-16
548.1,-49.006,7.9683,8.0417,0.3855,-0.070814,0.036835,1.8521,-4.5364e-16,2.2664e-16
548.2,-49.006,8.0075,8.0454,0.38514,-0.071162,0.037233,1.8521,-4.5364e-16,2.2664e-16
548.3,-49.006,8.0466,8.0491,0.38478,-0.071518,0.037615,1.8521,-4.5364e-16,2.2664e-16
548.4,-49.007,8.0857,8.0529,0.38443,-0.071882,0.037982,1.8521,-4.5364e-16,2.2664e-16
548.5,-49.007,8.1248,8.0567,0.38408,-0.072252,0.038335,1.8521,-4.5364e-16,2.2664e-16
548.6,-49.008,8.1639,8.0606,0.38373,-0.072627,0.038673,1.8521,-4.5364e-16,2.2664e-16
548.7,-49.009,8.2029,8.0645,0.38339,-0.073008,0.038996,1.8521,-4.5364e-16,2.2664e-16
548.8,-49.01,8.2419,8.0684,0.38305,-0.073394,0.039305,1.8521,-4.5364e-16,2.2664e-16
548.9,-49.011,8.2809,8.0723,0.38271,-0.073783,0.039601,1.8521,-4.5364e-16,2.2664e-16
549,-49.012,8.3198,8.0763,0.38238,-0.074176,0.039883,1.8521,-4.5364e-16,2.2664e-16
549.1,-49.013,8.3588,8.0803,0.38205,-0.074571,0.040151,1.8521,-4.5364e-16,2.2664e-16
549.2,-49.015,8.3976,8.0843,0.38173,-0.074968,0.040406,1.8521,-4.5364e-16,2.2664e-16
549.3,-49.016,8.4365,8.0884,0.38141,-0.075367,0.040649,1.8521,-4.5364e-16,2.2664e-16
549.4,-49.018,8.4753,8.0925,0.38109,-0.075767,0.040878,1.8521,-4.5364e-16,2.2664e-16
549.5,-49.019,8.5141,8.0966,0.38078,-0.076167,0.041096,1.8521,-4.5364e-16,2.2664e-16
549.6,-49.021,8.5529,8.1007,0.38047,-0.076568,0.041302,1.8521,-4.5364e-16,2.2664e-16
549.7,-49.023,8.5917,8.1048,0.38016,-0.076968,0.041496,1.8521,-4.5364e-16,2.2664e-16
549.8,-49.025,8.6304,8.109,0.37986,-0.077367,0.041679,1.8521,-4.5364e-16,2.2664e-16
549.9,-49.027,8.6691,8.1131,0.37956,-0.077764,0.04185,1.8521,-4.5364e-16,2.2664e-16
550,-49.029,8.7078,8.1173,0.37926,-0.078161,0.042012,1.8521,-4.5364e-16,2.2664e-16
550.1,-49.032,8.7464,8.1216,0.37897,-0.078555,0.042162,1.8521,-4.5364e-16,2.2664e-16
550.2,-49.034,8.785,8.1258,0.37868,-0.078946,0.042303,1.8521,-4.5364e-16,2.2664e-16
550.3,-49.037,8.8236,8.13,0.37839,-0.079335,0.042434,1.8521,-4.5364e-16,2.2664e-16
550.4,-49.04,8.8621,8.1343,0.37811,-0.079721,0.042555,1.8521,-4.5364e-16,2.2664e-16
550.5,-49.043,8.9007,8.1385,0.37783,-0.080104,0.042668,1.8521,-4.5364e-16,2.2664e-16
550.6,-49.046,8.9392,8.1428,0.37756,-0.080483,0.042771,1.8521,-4.5364e-16,2.2664e-16
550.7,-49.049,8.9776,8.1471,0.37728,-0.080858,0.042866,1.8521,-4.5364e-16,2.2664e-16
550.8,-49.052,9.0161,8.1514,0.37701,-0.081229,0.042953,1.8521,-4.5364e-16,2.2664e-16
550.9,-49.055,9.0545,8.1557,0.37675,-0.081595,0.043032,1.8521,-4.5364e-16,2.2664e-16
551,-49.059,9.0929,8.16,0.37649,-0.081957,0.043104,1.8521,-4.5364e-16,2.2664e-16
551.1,-49.062,9.1312,8.1643,0.37623,-0.082314,0.043167,1.8521,-4.5364e-16,2.2664e-16
551.2,-49.066,9.1696,8.1686,0.37597,-0.082667,0.043224,1.8521,-4.5364e-16,2.2664e-16
551.3,-49.07,9.2079,8.1729,0.37572,-0.083014,0.043274,1.8521,-4.5364e-16,2.2664e-16
551.4,-49.074,9.2461,8.1773,0.37547,-0.083356,0.043318,1.8521,-4.5364e-16,2.2664e-16
551.5,-49.078,9.2844,8.1816,0.37523,-0.083692,0.043355,1.8521,-4.5364e-16,2.2664e-16
551.6,-49.082,9.3226,8.1859,0.37498,-0.084023,0.043387,1.8521,-4.5364e-16,2.2664e-16
551.7,-49.086,9.3607,8.1903,0.37474,-0.084349,0.043412,1.8521,-4.5364e-16,2.2664e-16
551.8,-49.091,9.3989,8.1946,0.37451,-0.084668,0.043432,11.507,1.5114,-0.74133
551.9,-49.096,9.4379,8.1979,0.39589,-0.07842,0.022923,11.507,1.5114,-0.74133
552,-49.103,9.4787,8.1992,0.41698,-0.071567,0.0027619,11.507,1.5114,-0.74133
552.1,-49.111,9.5212,8.1985,0.43775,-0.063803,-0.017592,11.507,1.5114,-0.74133
552.2,-49.12,9.5654,8.1957,0.45817,-0.054673,-0.037956,11.507,1.5114,-0.74133
552.3,-49.131,9.6112,8.1909,0.47821,-0.044185,-0.058066,11.507,1.5114,-0.74133
552.4,-49.144,9.6586,8.1841,0.49782,-0.032406,-0.077701,11.507,1.5114,-0.74133
552.5,-49.157,9.7075,8.1754,0.51695,-0.019448,-0.096699,11.507,1.5114,-0.74133
552.6,-49.173,9.7579,8.1648,0.53556,-0.0054592,-0.11496,11.507,1.5114,-0.74133
552.7,-49.189,9.8098,8.1524,0.55361,0.0094662,-0.13235,11.507,1.5114,-0.74133
552.8,-49.207,9.8631,8.1384,0.57103,0.025483,-0.14849,11.507,1.5114,-0.74133
552.9,-49.226,9.918,8.1228,0.58779,0.04252,-0.16326,11.507,1.5114,-0.74133
553,-49.246,9.9742,8.1057,0.60384,0.060465,-0.17663,11.507,1.5114,-0.74133
553.1,-49.268,10.032,8.0875,0.61914,0.079198,-0.18864,11.507,1.5114,-0.74133
553.2,-49.29,10.091,8.0681,0.63366,0.098595,-0.19934,11.507,1.5114,-0.74133
553.3,-49.314,10.152,8.0476,0.64737,0.11854,-0.20881,11.507,1.5114,-0.74133
553.4,-49.339,10.214,8.0263,0.66027,0.13891,-0.21714,11.507,1.5114,-0.74133
553.5,-49.364,10.277,8.0043,0.67234,0.15962,-0.22443,11.507,1.5114,-0.74133
553.6,-49.39,10.342,7.9815,0.68358,0.18055,-0.23076,11.507,1.5114,-0.74133
553.7,-49.417,10.408,7.9581,0.694,0.20164,-0.23622,11.507,1.5114,-0.74133
553.8,-49.445,10.476,7.9343,0.7036,0.22279,-0.24088,11.507,1.5114,-0.74133
553.9,-49.473,10.545,7.91,0.7124,0.24396,-0.24481,11.507,1.5114,-0.74133
554,-49.501,10.615,7.8853,0.72041,0.26507,-0.24807,11.507,1.5114,-0.74133
554.1,-49.53,10.687,7.8604,0.72768,0.28609,-0.2507,11.507,1.5114,-0.74133
554.2,-49.56,10.76,7.8352,0.73421,0.30696,-0.25276,11.507,1.5114,-0.74133
554.3,-49.589,10.835,7.8098,0.74004,0.32766,-0.25426,11.507,1.5114,-0.74133
554.4,-49.618,10.911,7.7844,0.7452,0.34815,-0.25526,11.507,1.5114,-0.74133
554.5,-49.648,10.988,7.7588,0.74972,0.36841,-0.25576,11.507,1.5114,-0.74133
554.6,-49.678,11.067,7.7332,0.75365,0.38841,-0.25581,11.507,1.5114,-0.74133
554.7,-49.707,11.147,7.7077,0.75701,0.40815,-0.25541,11.507,1.5114,-0.74133
554.8,-49.736,11.229,7.6822,0.75984,0.42761,-0.2546,11.507,1.5114,-0.74133
554.9,-49.765,11.312,7.6568,0.76219,0.44679,-0.25338,11.507,1.5114,-0.74133
555,-49.794,11.396,7.6315,0.76409,0.46568,-0.25178,11.507,1.5114,-0.74133
555.1,-49.822,11.481,7.6064,0.76558,0.48428,-0.24981,11.507,1.5114,-0.74133
555.2,-49.85,11.568,7.5815,0.7667,0.5026,-0.24748,11.507,1.5114,-0.74133
555.3,-49.878,11.656,7.5569,0.76749,0.52065,-0.2448,11.507,1.5114,-0.74133
555.4,-49.905,11.745,7.5326,0.76798,0.53844,-0.24178,11.507,1.5114,-0.74133
555.5,-49.931,11.836,7.5086,0.76822,0.55598,-0.23844,11.507,1.5114,-0.74133
555.6,-49.958,11.928,7.4849,0.76824,0.57329,-0.23477,11.507,1.5114,-0.74133
555.7,-49.983,12.02,7.4616,0.76808,0.59039,-0.23079,11.507,1.5114,-0.74133
555.8,-50.008,12.115,7.4388,0.76778,0.60731,-0.2265,11.507,1.5114,-0.74133
555.9,-50.032,12.21,7.4164,0.76737,0.62406,-0.22189,11.507,1.5114,-0.74133
556,-50.056,12.307,7.3944,0.76689,0.64069,-0.21696,11.507,1.5114,-0.74133
556.1,-50.079,12.404,7.373,0.76637,0.65721,-0.21172,11.507,1.5114,-0.74133
556.2,-50.102,12.503,7.3521,0.76585,0.67368,-0.20615,11.507,1.5114,-0.74133
556.3,-50.123,12.603,7.3318,0.76536,0.69013,-0.20024,11.507,1.5114,-0.74133
556.4,-50.145,12.705,7.312,0.76494,0.7066,-0.19396,11.507,1.5114,-0.74133
556.5,-50.166,12.807,7.293,0.76463,0.72314,-0.18731,11.507,1.5114,-0.74133
556.6,-50.186,12.911,7.2746,0.76447,0.73981,-0.18025,11.507,1.5114,-0.74133
556.7,-50.206,13.016,7.2569,0.76449,0.75666,-0.17273,11.507,1.5114,-0.74133
556.8,-50.225,13.123,7.2401,0.76475,0.77376,-0.16472,11.507,1.5114,-0.74133
556.9,-50.244,13.231,7.224,0.76527,0.79119,-0.15616,11.507,1.5114,-0.74133
557,-50.263,13.34,7.2089,0.76613,0.80903,-0.14697,11.507,1.5114,-0.74133
557.1,-50.281,13.45,7.1946,0.76738,0.82738,-0.13705,11.507,1.5114,-0.74133
557.2,-50.3,13.562,7.1815,0.76908,0.84635,-0.1263,11.507,1.5114,-0.74133
557.3,-50.318,13.676,7.1694,0.77132,0.86607,-0.11455,11.507,1.5114,-0.74133
557.4,-50.336,13.791,7.1586,0.77419,0.88671,-0.10161,11.507,1.5114,-0.74133
557.5,-50.355,13.909,7.1491,0.77781,0.90844,-0.087228,11.507,1.5114,-0.74133
557.6,-50.374,14.028,7.1412,0.78233,0.93151,-0.071047,11.507,1.5114,-0.74133
557.7,-50.394,14.149,7.135,0.78795,0.95621,-0.052593,11.507,1.5114,-0.74133
557.8,-50.414,14.272,7.1308,0.79491,0.98292,-0.03119,11.507,1.5114,-0.74133
557.9,-50.436,14.398,7.1289,0.80356,1.0122,-0.0058548,11.507,1.5114,-0.74133
558,-50.459,14.527,7.1298,0.81434,1.04,0.022952,11.507,1.5114,-0.74133
558.1,-50.484,14.658,7.1334,0.8274,1.0568,0.050481,11.507,1.5114,-0.74133
558.2,-50.509,14.79,7.1397,0.84249,1.0623,0.07429,11.507,1.5114,-0.74133
558.3,-50.534,14.924,7.1481,0.85908,1.0578,0.092975,11.507,1.5114,-0.74133
558.4,-50.558,15.058,7.1581,0.87654,1.0456,0.10612,11.507,1.5114,-0.74133
558.5,-50.582,15.193,7.1692,0.89424,1.028,0.11405,11.507,1.5114,-0.74133
558.6,-50.604,15.327,7.1808,0.91167,1.0072,0.1175,10.9,-2.6697e-15,1.3092e-15
558.7,-50.625,15.46,7.1935,0.92787,0.97437,0.13559,10.9,-2.6697e-15,1.3092e-15
558.8,-50.644,15.593,7.2077,0.94432,0.93448,0.14589,10.9,-2.6697e-15,1.3092e-15
558.9,-50.661,15.724,7.2225,0.96026,0.89096,0.15008,10.9,-2.6697e-15,1.3092e-15
559,-50.674,15.853,7.2375,0.9752,0.84636,0.14979,10.9,-2.6697e-15,1.3092e-15
559.1,-50.686,15.981,7.2523,0.98889,0.80244,0.14639,10.9,-2.6697e-15,1.3092e-15
559.2,-50.695,16.107,7.2667,1.0012,0.7603,0.14094,10.9,-2.6697e-15,1.3092e-15
559.3,-50.702,16.232,7.2805,1.0122,0.72059,0.13419,10.9,-2.6697e-15,1.3092e-15
559.4,-50.706,16.355,7.2935,1.0218,0.68366,0.12666,10.9,-2.6697e-15,1.3092e-15
559.5,-50.709,16.477,7.3058,1.0302,0.64963,0.1187,10.9,-2.6697e-15,1.3092e-15
559.6,-50.71,16.599,7.3173,1.0375,0.61851,0.11054,10.9,-2.6697e-15,1.3092e-15
559.7,-50.709,16.719,7.3279,1.0438,0.59024,0.10232,10.9,-2.6697e-15,1.3092e-15
559.8,-50.707,16.839,7.3377,1.0492,0.56473,0.09412,10.9,-2.6697e-15,1.3092e-15
559.9,-50.704,16.957,7.3467,1.0537,0.54187,0.085974,10.9,-2.6697e-15,1.3092e-15
560,-50.699,17.075,7.3549,1.0576,0.52154,0.077889,10.9,-2.6697e-15,1.3092e-15
560.1,-50.694,17.193,7.3623,1.0608,0.50364,0.06985,10.9,-2.6697e-15,1.3092e-15
560.2,-50.688,17.31,7.3689,1.0634,0.4881,0.061824,10.9,-2.6697e-15,1.3092e-15
560.3,-50.681,17.427,7.3747,1.0654,0.47485,0.05377,10.9,-2.6697e-15,1.3092e-15
560.4,-50.674,17.543,7.3797,1.067,0.46385,0.045634,10.9,-2.6697e-15,1.3092e-15
560.5,-50.667,17.659,7.3838,1.0682,0.45509,0.037356,10.9,-2.6697e-15,1.3092e-15
560.6,-50.659,17.775,7.3871,1.069,0.44858,0.028866,10.9,-2.6697e-15,1.3092e-15
560.7,-50.65,17.89,7.3896,1.0693,0.44438,0.02009,10.9,-2.6697e-15,1.3092e-15
560.8,-50.642,18.006,7.3911,1.0693,0.44258,0.010947,10.9,-2.6697e-15,1.3092e-15
560.9,-50.634,18.121,7.3917,1.069,0.44329,0.0013492,10.9,-2.6697e-15,1.3092e-15
561,-50.626,18.237,7.3914,1.0682,0.4459,-0.0090561,10.9,-2.6697e-15,1.3092e-15
561.1,-50.619,18.352,7.3899,1.0671,0.44925,-0.020727,10.9,-2.6697e-15,1.3092e-15
561.2,-50.611,18.468,7.3872,1.0655,0.45342,-0.033595,10.9,-2.6697e-15,1.3092e-15
561.3,-50.604,18.583,7.3831,1.0635,0.45848,-0.047502,10.9,-2.6697e-15,1.3092e-15
561.4,-50.596,18.699,7.3777,1.0609,0.46453,-0.062207,10.9,-2.6697e-15,1.3092e-15
561.5,-50.589,18.814,7.3707,1.0578,0.47163,-0.077391,10.9,-2.6697e-15,1.3092e-15
561.6,-50.582,18.93,7.3622,1.0541,0.47979,-0.092677,10.9,-2.6697e-15,1.3092e-15
561.7,-50.574,19.046,7.3522,1.05,0.48902,-0.10765,10.9,-2.6697e-15,1.3092e-15
561.8,-50.566,19.161,7.3407,1.0452,0.49927,-0.12192,10.9,-2.6697e-15,1.3092e-15
561.9,-50.558,19.277,7.3278,1.04,0.51049,-0.1351,10.9,-2.6697e-15,1.3092e-15
562,-50.55,19.392,7.3137,1.0343,0.52255,-0.1469,10.9,-2.6697e-15,1.3092e-15
562.1,-50.542,19.508,7.2985,1.0282,0.53535,-0.1571,10.9,-2.6697e-15,1.3092e-15
562.2,-50.533,19.623,7.2823,1.0217,0.54873,-0.16555,10.9,-2.6697e-15,1.3092e-15
562.3,-50.523,19.739,7.2654,1.0149,0.56258,-0.1722,10.9,-2.6697e-15,1.3092e-15
562.4,-50.513,19.855,7.248,1.0079,0.57674,-0.17708,10.9,-2.6697e-15,1.3092e-15
562.5,-50.503,19.97,7.2301,1.0007,0.59109,-0.18023,10.9,-2.6697e-15,1.3092e-15
562.6,-50.492,20.086,7.212,0.99345,0.60554,-0.18178,10.9,-2.6697e-15,1.3092e-15
562.7,-50.481,20.202,7.1938,0.98618,0.62,-0.18182,10.9,-2.6697e-15,1.3092e-15
562.8,-50.469,20.318,7.1756,0.97898,0.63439,-0.1805,10.9,-2.6697e-15,1.3092e-15
562.9,-50.457,20.434,7.1577,0.97191,0.64867,-0.17794,10.9,-2.6697e-15,1.3092e-15
563,-50.444,20.55,7.1401,0.96503,0.66281,-0.17426,10.9,-2.6697e-15,1.3092e-15
563.1,-50.431,20.667,7.1229,0.95842,0.6768,-0.16956,10.9,-2.6697e-15,1.3092e-15
563.2,-50.417,20.784,7.1062,0.95212,0.69064,-0.16391,10.9,-2.6697e-15,1.3092e-15
563.3,-50.403,20.9,7.0901,0.94619,0.70433,-0.15741,10.9,-2.6697e-15,1.3092e-15
563.4,-50.388,21.018,7.0748,0.94068,0.71792,-0.15008,10.9,-2.6697e-15,1.3092e-15
563.5,-50.373,21.135,7.0601,0.93565,0.73143,-0.14196,10.9,-2.6697e-15,1.3092e-15
563.6,-50.357,21.253,7.0464,0.93115,0.74492,-0.13305,10.9,-2.6697e-15,1.3092e-15
563.7,-50.341,21.372,7.0336,0.92723,0.75843,-0.12333,10.9,-2.6697e-15,1.3092e-15
563.8,-50.325,21.491,7.0218,0.92395,0.77203,-0.11277,10.9,-2.6697e-15,1.3092e-15
563.9,-50.308,21.61,7.011,0.92137,0.7858,-0.10127,10.9,-2.6697e-15,1.3092e-15
564,-50.292,21.731,7.0015,0.91955,0.79983,-0.088715,10.9,-2.6697e-15,1.3092e-15
564.1,-50.275,21.852,6.9933,0.91858,0.81421,-0.074945,10.9,-2.6697e-15,1.3092e-15
564.2,-50.259,21.974,6.9866,0.91856,0.82907,-0.059716,10.9,-2.6697e-15,1.3092e-15
564.3,-50.243,22.097,6.9815,0.91961,0.84455,-0.042694,10.9,-2.6697e-15,1.3092e-15
564.4,-50.227,22.222,6.9781,0.92189,0.86083,-0.023404,10.9,-2.6697e-15,1.3092e-15
564.5,-50.211,22.347,6.9769,0.9256,0.87813,-0.0011599,10.9,-2.6697e-15,1.3092e-15
564.6,-50.197,22.475,6.978,0.93099,0.89203,0.02299,10.9,-2.6697e-15,1.3092e-15
564.7,-50.182,22.604,6.9814,0.93806,0.8967,0.045861,10.9,-2.6697e-15,1.3092e-15
564.8,-50.168,22.733,6.987,0.94658,0.89242,0.065953,10.9,-2.6697e-15,1.3092e-15
564.9,-50.153,22.862,6.9945,0.95621,0.88023,0.082337,10.9,-2.6697e-15,1.3092e-15
565,-50.138,22.991,7.0034,0.96651,0.86162,0.094681,10.9,-2.6697e-15,1.3092e-15
565.1,-50.122,23.119,7.0133,0.97708,0.83825,0.10312,10.9,-2.6697e-15,1.3092e-15
565.2,-50.104,23.246,7.0239,0.98754,0.81171,0.1081,10.9,-2.6697e-15,1.3092e-15
565.3,-50.085,23.372,7.0348,0.99763,0.7834,0.11017,10.9,-2.6697e-15,1.3092e-15
565.4,-50.065,23.497,7.0458,1.0071,0.75443,0.10992,10.9,-2.6697e-15,1.3092e-15
565.5,-50.044,23.62,7.0567,1.016,0.72566,0.10786,10.9,-2.6697e-15,1.3092e-15
565.6,-50.021,23.743,7.0674,1.024,0.69772,0.10445,10.9,-2.6697e-15,1.3092e-15
565.7,-49.998,23.864,7.0776,1.0313,0.67105,0.10003,10.9,-2.6697e-15,1.3092e-15
565.8,-49.973,23.984,7.0874,1.0378,0.64595,0.094879,10.9,-2.6697e-15,1.3092e-15
565.9,-49.947,24.103,7.0966,1.0435,0.62262,0.089199,10.9,-2.6697e-15,1.3092e-15
566,-49.92,24.221,7.1052,1.0485,0.60116,0.083139,10.9,-2.6697e-15,1.3092e-15
566.1,-49.892,24.338,7.1132,1.0528,0.58164,0.076801,10.9,-2.6697e-15,1.3092e-15
566.2,-49.864,24.455,7.1205,1.0566,0.56411,0.070251,10.9,-2.6697e-15,1.3092e-15
566.3,-49.834,24.571,7.1272,1.0597,0.54858,0.063531,10.9,-2.6697e-15,1.3092e-15
566.4,-49.805,24.686,7.1332,1.0624,0.53505,0.05666,10.9,-2.6697e-15,1.3092e-15
566.5,-49.775,24.801,7.1386,1.0645,0.52355,0.04964,10.9,-2.6697e-15,1.3092e-15
566.6,-49.744,24.916,7.1432,1.0662,0.51408,0.042462,10.9,-2.6697e-15,1.3092e-15
566.7,-49.713,25.03,7.147,1.0674,0.50668,0.035107,10.9,-2.6697e-15,1.3092e-15
566.8,-49.683,25.144,7.1502,1.0683,0.50138,0.027553,10.9,-2.6697e-15,1.3092e-15
566.9,-49.652,25.258,7.1525,1.0688,0.49827,0.019768,10.9,-2.6697e-15,1.3092e-15
567,-49.621,25.371,7.1541,1.0689,0.49741,0.011725,10.9,-2.6697e-15,1.3092e-15
567.1,-49.59,25.485,7.1549,1.0686,0.49893,0.0033948,10.9,-2.6697e-15,1.3092e-15
567.2,-49.56,25.599,7.1548,1.068,0.50258,-0.0053719,10.9,-2.6697e-15,1.3092e-15
567.3,-49.53,25.713,7.1538,1.067,0.50697,-0.015101,10.9,-2.6697e-15,1.3092e-15
567.4,-49.5,25.828,7.1517,1.0656,0.512,-0.025798,10.9,-2.6697e-15,1.3092e-15
567.5,-49.47,25.942,7.1486,1.0637,0.51775,-0.037359,10.9,-2.6697e-15,1.3092e-15
567.6,-49.441,26.057,7.1442,1.0613,0.52426,-0.049614,10.9,-2.6697e-15,1.3092e-15
567.7,-49.411,26.172,7.1386,1.0585,0.53158,-0.062335,10.9,-2.6697e-15,1.3092e-15
567.8,-49.382,26.286,7.1318,1.0551,0.53974,-0.075242,10.9,-2.6697e-15,1.3092e-15
567.9,-49.353,26.401,7.1236,1.0512,0.54874,-0.088023,10.9,-2.6697e-15,1.3092e-15
568,-49.323,26.516,7.1142,1.0468,0.55857,-0.10035,10.9,-2.6697e-15,1.3092e-15
568.1,-49.294,26.631,7.1036,1.0419,0.56918,-0.11191,10.9,-2.6697e-15,1.3092e-15
568.2,-49.265,26.746,7.0918,1.0365,0.58051,-0.12242,10.9,-2.6697e-15,1.3092e-15
568.3,-49.235,26.861,7.0791,1.0308,0.59249,-0.13164,10.9,-2.6697e-15,1.3092e-15
568.4,-49.205,26.976,7.0655,1.0247,0.60502,-0.13942,10.9,-2.6697e-15,1.3092e-15
568.5,-49.175,27.092,7.0513,1.0183,0.618,-0.14564,10.9,-2.6697e-15,1.3092e-15
568.6,-49.144,27.207,7.0365,1.0117,0.63134,-0.15025,10.9,-2.6697e-15,1.3092e-15
568.7,-49.114,27.322,7.0213,1.0049,0.64494,-0.15326,10.9,-2.6697e-15,1.3092e-15
568.8,-49.083,27.438,7.0059,0.99811,0.65873,-0.15471,10.9,-2.6697e-15,1.3092e-15
568.9,-49.051,27.553,6.9904,0.99132,0.67264,-0.15465,10.9,-2.6697e-15,1.3092e-15
569,-49.019,27.669,6.975,0.98463,0.68661,-0.15318,10.9,-2.6697e-15,1.3092e-15
569.1,-48.987,27.784,6.9598,0.97811,0.70062,-0.15037,10.9,-2.6697e-15,1.3092e-15
569.2,-48.954,27.9,6.945,0.97184,0.71464,-0.1463,10.9,-2.6697e-15,1.3092e-15
569.3,-48.921,28.017,6.9306,0.96589,0.72868,-0.14104,10.9,-2.6697e-15,1.3092e-15
569.4,-48.888,28.133,6.9168,0.96034,0.74274,-0.13464,10.9,-2.6697e-15,1.3092e-15
569.5,-48.855,28.25,6.9037,0.95525,0.75685,-0.12714,10.9,-2.6697e-15,1.3092e-15
569.6,-48.821,28.367,6.8914,0.95069,0.77105,-0.11853,10.9,-2.6697e-15,1.3092e-15
569.7,-48.787,28.485,6.88,0.94674,0.7854,-0.10879,10.9,-2.6697e-15,1.3092e-15
569.8,-48.753,28.604,6.8697,0.94348,0.79996,-0.097855,10.9,-2.6697e-15,1.3092e-15
569.9,-48.718,28.723,6.8605,0.94099,0.81483,-0.085621,10.9,-2.6697e-15,1.3092e-15
570,-48.684,28.843,6.8526,0.93938,0.8301,-0.071914,10.9,-2.6697e-15,1.3092e-15
570.1,-48.649,28.964,6.8462,0.93877,0.84591,-0.056484,10.9,-2.6697e-15,1.3092e-15
570.2,-48.615,29.086,6.8414,0.93929,0.86242,-0.038967,10.9,-2.6697e-15,1.3092e-15
570.3,-48.582,29.21,6.8385,0.94114,0.87981,-0.018831,10.9,-2.6697e-15,1.3092e-15
570.4,-48.548,29.335,6.8377,0.94456,0.89818,0.0046439,10.9,-2.6697e-15,1.3092e-15
570.5,-48.515,29.462,6.8394,0.94979,0.91066,0.029281,10.9,-2.6697e-15,1.3092e-15
570.6,-48.483,29.59,6.8435,0.95676,0.91349,0.052252,10.9,-2.6697e-15,1.3092e-15
570.7,-48.45,29.718,6.8498,0.96522,0.90713,0.072079,10.9,-2.6697e-15,1.3092e-15
570.8,-48.417,29.847,6.8578,0.97475,0.89283,0.087922,10.9,-2.6697e-15,1.3092e-15
570.9,-48.384,29.974,6.8672,0.9849,0.87222,0.099555,9.2748,-1.5454,0.75802
571,-48.349,30.1,6.8786,0.99237,0.83643,0.12656,9.2748,-1.5454,0.75802
571.1,-48.313,30.224,6.8923,1.0009,0.7907,0.14592,9.2748,-1.5454,0.75802
571.2,-48.275,30.344,6.9076,1.0096,0.73856,0.15884,9.2748,-1.5454,0.75802
571.3,-48.236,30.461,6.9239,1.018,0.68288,0.16688,9.2748,-1.5454,0.75802
571.4,-48.194,30.575,6.9408,1.0256,0.62576,0.17158,9.2748,-1.5454,0.75802
571.5,-48.15,30.686,6.9581,1.0323,0.56862,0.17424,9.2748,-1.5454,0.75802
571.6,-48.104,30.793,6.9756,1.038,0.51232,0.17588,9.2748,-1.5454,0.75802
571.7,-48.055,30.897,6.9933,1.0428,0.45732,0.17729,9.2748,-1.5454,0.75802
571.8,-48.005,30.999,7.0111,1.0465,0.40385,0.17908,9.2748,-1.5454,0.75802
571.9,-47.953,31.097,7.0291,1.0494,0.35195,0.18169,9.2748,-1.5454,0.75802
572,-47.899,31.193,7.0475,1.0515,0.30159,0.18546,9.2748,-1.5454,0.75802
572.1,-47.843,31.286,7.0663,1.0529,0.25269,0.19065,9.2748,-1.5454,0.75802
572.2,-47.785,31.377,7.0857,1.0536,0.20517,0.19747,9.2748,-1.5454,0.75802
572.3,-47.726,31.466,7.1058,1.0535,0.15895,0.20602,9.2748,-1.5454,0.75802
572.4,-47.665,31.553,7.1269,1.0529,0.11402,0.21638,9.2748,-1.5454,0.75802
572.5,-47.603,31.639,7.1492,1.0516,0.070387,0.22854,9.2748,-1.5454,0.75802
572.6,-47.54,31.723,7.1727,1.0496,0.028134,0.24239,9.2748,-1.5454,0.75802
572.7,-47.475,31.805,7.1977,1.0469,-0.012723,0.25765,9.2748,-1.5454,0.75802
572.8,-47.41,31.887,7.2242,1.0435,-0.053539,0.27236,9.2748,-1.5454,0.75802
572.9,-47.344,31.968,7.2521,1.0392,-0.094577,0.28557,9.2748,-1.5454,0.75802
573,-47.277,32.048,7.2813,1.034,-0.13556,0.29702,9.2748,-1.5454,0.75802
573.1,-47.209,32.127,7.3115,1.0279,-0.1762,0.30653,9.2748,-1.5454,0.75802
573.2,-47.14,32.206,7.3425,1.0209,-0.21623,0.31406,9.2748,-1.5454,0.75802
573.3,-47.071,32.284,7.3742,1.0129,-0.25541,0.31963,9.2748,-1.5454,0.75802
573.4,-47.002,32.362,7.4064,1.0041,-0.29354,0.32332,9.2748,-1.5454,0.75802
573.5,-46.931,32.44,7.4388,0.99448,-0.33046,0.32526,9.2748,-1.5454,0.75802
573.6,-46.861,32.517,7.4714,0.98416,-0.36605,0.32559,9.2748,-1.5454,0.75802
573.7,-46.79,32.595,7.5039,0.97322,-0.40024,0.32447,9.2748,-1.5454,0.75802
573.8,-46.719,32.673,7.5362,0.96177,-0.43298,0.32204,9.2748,-1.5454,0.75802
573.9,-46.648,32.751,7.5682,0.94992,-0.46427,0.31844,9.2748,-1.5454,0.75802
574,-46.576,32.829,7.5999,0.93777,-0.49412,0.31381,9.2748,-1.5454,0.75802
574.1,-46.505,32.907,7.631,0.92544,-0.52257,0.30828,9.2748,-1.5454,0.75802
574.2,-46.433,32.986,7.6615,0.91303,-0.54969,0.30194,9.2748,-1.5454,0.75802
574.3,-46.362,33.066,7.6913,0.90062,-0.57554,0.29489,9.2748,-1.5454,0.75802
574.4,-46.291,33.145,7.7205,0.88832,-0.60022,0.28722,9.2748,-1.5454,0.75802
574.5,-46.219,33.226,7.7488,0.87621,-0.62381,0.279,9.2748,-1.5454,0.75802
574.6,-46.148,33.306,7.7762,0.86435,-0.64641,0.27028,9.2748,-1.5454,0.75802
574.7,-46.077,33.388,7.8028,0.85283,-0.66813,0.2611,9.2748,-1.5454,0.75802
574.8,-46.006,33.47,7.8284,0.84171,-0.68908,0.25149,9.2748,-1.5454,0.75802
574.9,-45.935,33.553,7.8531,0.83105,-0.70938,0.24148,9.2748,-1.5454,0.75802
575,-45.864,33.636,7.8767,0.82091,-0.72913,0.23107,9.2748,-1.5454,0.75802
575.1,-45.793,33.72,7.8993,0.81133,-0.74845,0.22026,9.2748,-1.5454,0.75802
575.2,-45.722,33.805,7.9208,0.80236,-0.76748,0.20902,9.2748,-1.5454,0.75802
575.3,-45.651,33.891,7.9411,0.79407,-0.78633,0.19733,9.2748,-1.5454,0.75802
575.4,-45.579,33.977,7.9602,0.78649,-0.80514,0.18512,9.2748,-1.5454,0.75802
575.5,-45.507,34.064,7.9781,0.77968,-0.82406,0.17233,9.2748,-1.5454,0.75802
575.6,-45.435,34.152,7.9947,0.77371,-0.84323,0.15886,9.2748,-1.5454,0.75802
575.7,-45.362,34.241,8.0098,0.76864,-0.86282,0.14457,9.2748,-1.5454,0.75802
575.8,-45.288,34.331,8.0235,0.76455,-0.88304,0.12929,9.2748,-1.5454,0.75802
575.9,-45.213,34.421,8.0356,0.76154,-0.90408,0.11279,9.2748,-1.5454,0.75802
576,-45.138,34.513,8.046,0.75974,-0.92622,0.094757,9.2748,-1.5454,0.75802
576.1,-45.06,34.606,8.0545,0.75932,-0.94976,0.074772,9.2748,-1.5454,0.75802
576.2,-44.982,34.7,8.0609,0.76048,-0.97509,0.052238,9.2748,-1.5454,0.75802
576.3,-44.901,34.795,8.0649,0.76352,-1.0027,0.026298,9.2748,-1.5454,0.75802
576.4,-44.817,34.891,8.066,0.76886,-1.0332,-0.0042835,9.2748,-1.5454,0.75802
576.5,-44.731,34.989,8.064,0.77694,-1.057,-0.036594,9.2748,-1.5454,0.75802
576.6,-44.643,35.087,8.0588,0.78769,-1.0678,-0.065853,9.2748,-1.5454,0.75802
576.7,-44.554,35.186,8.051,0.80065,-1.0664,-0.089758,9.2748,-1.5454,0.75802
576.8,-44.466,35.286,8.0411,0.8151,-1.0552,-0.10731,8.2571,-2.0224e-15,9.7575e-16
576.9,-44.378,35.385,8.0287,0.8289,-1.0258,-0.137,8.2571,-2.0224e-15,9.7575e-16
577,-44.293,35.485,8.014,0.84402,-0.98457,-0.15537,8.2571,-2.0224e-15,9.7575e-16
577.1,-44.211,35.583,7.998,0.85925,-0.93674,-0.16459,8.2571,-2.0224e-15,9.7575e-16
577.2,-44.132,35.682,7.9813,0.87373,-0.8862,-0.1671,8.2571,-2.0224e-15,9.7575e-16
577.3,-44.057,35.779,7.9647,0.887,-0.83566,-0.16505,8.2571,-2.0224e-15,9.7575e-16
577.4,-43.986,35.876,7.9484,0.89882,-0.78679,-0.16007,8.2571,-2.0224e-15,9.7575e-16
577.5,-43.917,35.973,7.9328,0.90913,-0.74054,-0.15331,8.2571,-2.0224e-15,9.7575e-16
577.6,-43.852,36.069,7.9178,0.918,-0.69738,-0.14556,8.2571,-2.0224e-15,9.7575e-16
577.7,-43.79,36.165,7.9037,0.92552,-0.65746,-0.13732,8.2571,-2.0224e-15,9.7575e-16
577.8,-43.73,36.261,7.8903,0.93182,-0.62077,-0.12894,8.2571,-2.0224e-15,9.7575e-16
577.9,-43.672,36.356,7.8779,0.93702,-0.58718,-0.12061,8.2571,-2.0224e-15,9.7575e-16
578,-43.617,36.451,7.8662,0.94126,-0.55653,-0.11244,8.2571,-2.0224e-15,9.7575e-16
578.1,-43.563,36.546,7.8554,0.94465,-0.52863,-0.10451,8.2571,-2.0224e-15,9.7575e-16
578.2,-43.511,36.64,7.8453,0.9473,-0.50328,-0.096824,8.2571,-2.0224e-15,9.7575e-16
578.3,-43.461,36.734,7.836,0.94931,-0.48031,-0.089399,8.2571,-2.0224e-15,9.7575e-16
578.4,-43.412,36.828,7.8274,0.95076,-0.45954,-0.082216,8.2571,-2.0224e-15,9.7575e-16
578.5,-43.364,36.922,7.8195,0.95172,-0.44082,-0.07525,8.2571,-2.0224e-15,9.7575e-16
578.6,-43.317,37.015,7.8124,0.95225,-0.42402,-0.06847,8.2571,-2.0224e-15,9.7575e-16
578.7,-43.271,37.109,7.8058,0.95241,-0.40902,-0.061841,8.2571,-2.0224e-15,9.7575e-16
578.8,-43.226,37.202,7.8,0.95224,-0.39573,-0.055321,8.2571,-2.0224e-15,9.7575e-16
578.9,-43.182,37.295,7.7948,0.95179,-0.38408,-0.048869,8.2571,-2.0224e-15,9.7575e-16
579,-43.138,37.387,7.7902,0.95109,-0.37399,-0.04244,8.2571,-2.0224e-15,9.7575e-16
579.1,-43.095,37.48,7.7863,0.95016,-0.36543,-0.035987,8.2571,-2.0224e-15,9.7575e-16
579.2,-43.053,37.572,7.783,0.94903,-0.35837,-0.029459,8.2571,-2.0224e-15,9.7575e-16
579.3,-43.01,37.664,7.7804,0.9477,-0.35281,-0.022803,8.2571,-2.0224e-15,9.7575e-16
579.4,-42.968,37.756,7.7785,0.94621,-0.34876,-0.015963,8.2571,-2.0224e-15,9.7575e-16
579.5,-42.926,37.847,7.7772,0.94455,-0.34624,-0.0088757,8.2571,-2.0224e-15,9.7575e-16
579.6,-42.885,37.939,7.7767,0.94272,-0.34532,-0.0014769,8.2571,-2.0224e-15,9.7575e-16
579.7,-42.843,38.03,7.7769,0.94073,-0.34566,0.0064406,8.2571,-2.0224e-15,9.7575e-16
579.8,-42.801,38.121,7.778,0.93856,-0.34652,0.015176,8.2571,-2.0224e-15,9.7575e-16
579.9,-42.76,38.212,7.78,0.93618,-0.34792,0.024701,8.2571,-2.0224e-15,9.7575e-16
580,-42.718,38.303,7.783,0.9336,-0.34993,0.03494,8.2571,-2.0224e-15,9.7575e-16
580.1,-42.677,38.393,7.787,0.93077,-0.3526,0.045776,8.2571,-2.0224e-15,9.7575e-16
580.2,-42.635,38.484,7.7921,0.92771,-0.35596,0.057056,8.2571,-2.0224e-15,9.7575e-16
580.3,-42.594,38.574,7.7984,0.92439,-0.36004,0.06859,8.2571,-2.0224e-15,9.7575e-16
580.4,-42.553,38.664,7.8059,0.92081,-0.36487,0.080166,8.2571,-2.0224e-15,9.7575e-16
580.5,-42.512,38.754,7.8145,0.91697,-0.37043,0.09156,8.2571,-2.0224e-15,9.7575e-16
580.6,-42.472,38.844,7.8242,0.91287,-0.3767,0.10255,8.2571,-2.0224e-15,9.7575e-16
580.7,-42.432,38.935,7.8349,0.90853,-0.38364,0.11293,8.2571,-2.0224e-15,9.7575e-16
580.8,-42.392,39.025,7.8467,0.90395,-0.39119,0.12252,8.2571,-2.0224e-15,9.7575e-16
580.9,-42.352,39.115,7.8594,0.89915,-0.39928,0.13119,8.2571,-2.0224e-15,9.7575e-16
581,-42.313,39.205,7.8729,0.89417,-0.40783,0.13884,8.2571,-2.0224e-15,9.7575e-16
581.1,-42.274,39.295,7.8872,0.88901,-0.41676,0.1454,8.2571,-2.0224e-15,9.7575e-16
581.2,-42.235,39.385,7.902,0.88371,-0.42597,0.15086,8.2571,-2.0224e-15,9.7575e-16
581.3,-42.197,39.476,7.9173,0.87831,-0.43539,0.15522,8.2571,-2.0224e-15,9.7575e-16
581.4,-42.16,39.566,7.933,0.87282,-0.44494,0.15853,8.2571,-2.0224e-15,9.7575e-16
581.5,-42.122,39.657,7.949,0.86729,-0.45454,0.16085,8.2571,-2.0224e-15,9.7575e-16
581.6,-42.085,39.748,7.9651,0.86175,-0.46414,0.16223,8.2571,-2.0224e-15,9.7575e-16
581.7,-42.049,39.838,7.9814,0.85622,-0.47369,0.16276,8.2571,-2.0224e-15,9.7575e-16
581.8,-42.013,39.929,7.9976,0.85073,-0.48313,0.16251,8.2571,-2.0224e-15,9.7575e-16
581.9,-41.978,40.021,8.0139,0.84532,-0.49243,0.16155,8.2571,-2.0224e-15,9.7575e-16
582,-41.943,40.112,8.0299,0.84002,-0.50157,0.15996,8.2571,-2.0224e-15,9.7575e-16
582.1,-41.909,40.204,8.0458,0.83483,-0.51054,0.1578,8.2571,-2.0224e-15,9.7575e-16
582.2,-41.875,40.295,8.0615,0.8298,-0.51931,0.15513,8.2571,-2.0224e-15,9.7575e-16
582.3,-41.841,40.387,8.0768,0.82494,-0.52789,0.15201,8.2571,-2.0224e-15,9.7575e-16
582.4,-41.808,40.48,8.0919,0.82028,-0.53627,0.14848,8.2571,-2.0224e-15,9.7575e-16
582.5,-41.776,40.572,8.1065,0.81582,-0.54445,0.14458,8.2571,-2.0224e-15,9.7575e-16
582.6,-41.743,40.665,8.1208,0.81159,-0.55245,0.14035,8.2571,-2.0224e-15,9.7575e-16
582.7,-41.712,40.758,8.1346,0.8076,-0.56027,0.13581,8.2571,-2.0224e-15,9.7575e-16
582.8,-41.68,40.851,8.1479,0.80386,-0.56793,0.13098,8.2571,-2.0224e-15,9.7575e-16
582.9,-41.65,40.945,8.1608,0.80039,-0.57544,0.12589,8.2571,-2.0224e-15,9.7575e-16
583,-41.619,41.038,8.1731,0.79721,-0.58281,0.12053,8.2571,-2.0224e-15,9.7575e-16
583.1,-41.589,41.133,8.1849,0.79431,-0.59007,0.11492,8.2571,-2.0224e-15,9.7575e-16
583.2,-41.559,41.227,8.1961,0.79172,-0.59724,0.10905,8.2571,-2.0224e-15,9.7575e-16
583.3,-41.529,41.322,8.2067,0.78945,-0.60432,0.10291,8.2571,-2.0224e-15,9.7575e-16
583.4,-41.5,41.417,8.2166,0.7875,-0.61136,0.0965,8.2571,-2.0224e-15,9.7575e-16
583.5,-41.471,41.513,8.226,0.7859,-0.61836,0.089792,8.2571,-2.0224e-15,9.7575e-16
583.6,-41.442,41.608,8.2346,0.78465,-0.62535,0.082761,8.2571,-2.0224e-15,9.7575e-16
583.7,-41.413,41.705,8.2425,0.78378,-0.63235,0.075369,8.2571,-2.0224e-15,9.7575e-16
583.8,-41.384,41.801,8.2496,0.78329,-0.63941,0.067571,8.2571,-2.0224e-15,9.7575e-16
583.9,-41.356,41.899,8.256,0.78322,-0.64653,0.059306,8.2571,-2.0224e-15,9.7575e-16
584,-41.327,41.996,8.2615,0.78358,-0.65376,0.050499,8.2571,-2.0224e-15,9.7575e-16
584.1,-41.298,42.094,8.2661,0.78442,-0.66114,0.041052,8.2571,-2.0224e-15,9.7575e-16
584.2,-41.268,42.193,8.2697,0.78576,-0.66869,0.030842,8.2571,-2.0224e-15,9.7575e-16
584.3,-41.239,42.292,8.2722,0.78765,-0.67647,0.019706,8.2571,-2.0224e-15,9.7575e-16
584.4,-41.209,42.392,8.2736,0.79015,-0.68453,0.0074315,8.2571,-2.0224e-15,9.7575e-16
584.5,-41.178,42.492,8.2737,0.79335,-0.6925,-0.0060975,8.2571,-2.0224e-15,9.7575e-16
584.6,-41.147,42.593,8.2724,0.79727,-0.69696,-0.019604,8.2571,-2.0224e-15,9.7575e-16
584.7,-41.115,42.694,8.2698,0.80187,-0.6972,-0.032285,8.2571,-2.0224e-15,9.7575e-16
584.8,-41.084,42.796,8.266,0.80706,-0.6934,-0.043671,8.2571,-2.0224e-15,9.7575e-16
584.9,-41.053,42.898,8.2611,0.81271,-0.68596,-0.053446,8.2571,-2.0224e-15,9.7575e-16
585,-41.023,43,8.2553,0.81867,-0.67538,-0.06145,8.2571,-2.0224e-15,9.7575e-16
585.1,-40.993,43.101,8.2489,0.8248,-0.66226,-0.067663,8.2571,-2.0224e-15,9.7575e-16
585.2,-40.964,43.203,8.2418,0.83097,-0.64718,-0.072169,8.2571,-2.0224e-15,9.7575e-16
585.3,-40.936,43.304,8.2345,0.83704,-0.63073,-0.075119,8.2571,-2.0224e-15,9.7575e-16
585.4,-40.909,43.405,8.2269,0.84293,-0.6134,-0.0767,8.2571,-2.0224e-15,9.7575e-16
585.5,-40.883,43.506,8.2192,0.84856,-0.59562,-0.077111,8.2571,-2.0224e-15,9.7575e-16
585.6,-40.858,43.606,8.2115,0.85388,-0.57777,-0.076541,8.2571,-2.0224e-15,9.7575e-16
585.7,-40.835,43.706,8.2039,0.85884,-0.56012,-0.075165,8.2571,-2.0224e-15,9.7575e-16
585.8,-40.812,43.806,8.1965,0.86344,-0.54291,-0.073135,8.2571,-2.0224e-15,9.7575e-16
585.9,-40.79,43.905,8.1893,0.86766,-0.52632,-0.07058,8.2571,-2.0224e-15,9.7575e-16
586,-40.77,44.004,8.1824,0.87151,-0.51046,-0.067605,8.2571,-2.0224e-15,9.7575e-16
586.1,-40.75,44.103,8.1758,0.87499,-0.49545,-0.064296,8.2571,-2.0224e-15,9.7575e-16
586.2,-40.731,44.202,8.1695,0.87812,-0.48135,-0.060721,8.2571,-2.0224e-15,9.7575e-16
586.3,-40.713,44.3,8.1636,0.88091,-0.4682,-0.056931,8.2571,-2.0224e-15,9.7575e-16
586.4,-40.695,44.398,8.1581,0.88338,-0.45604,-0.052965,8.2571,-2.0224e-15,9.7575e-16
586.5,-40.679,44.496,8.153,0.88554,-0.4449,-0.048851,8.2571,-2.0224e-15,9.7575e-16
586.6,-40.662,44.594,8.1484,0.88742,-0.43478,-0.044607,8.2571,-2.0224e-15,9.7575e-16
586.7,-40.647,44.691,8.1441,0.88903,-0.42571,-0.040242,8.2571,-2.0224e-15,9.7575e-16
586.8,-40.632,44.788,8.1403,0.89039,-0.4177,-0.035763,8.2571,-2.0224e-15,9.7575e-16
586.9,-40.617,44.885,8.137,0.8915,-0.41076,-0.031167,7.9037,0.31778,-0.15587
587,-40.603,44.982,8.1339,0.89169,-0.40304,-0.030844,7.9037,0.31778,-0.15587
587.1,-40.589,45.079,8.1308,0.89183,-0.39537,-0.030385,7.9037,0.31778,-0.15587
587.2,-40.575,45.176,8.1278,0.89193,-0.38777,-0.0298,7.9037,0.31778,-0.15587
587.3,-40.562,45.272,8.1249,0.89199,-0.38028,-0.029101,7.9037,0.31778,-0.15587
587.4,-40.55,45.368,8.122,0.892,-0.37292,-0.028297,7.9037,0.31778,-0.15587
587.5,-40.538,45.464,8.1192,0.89196,-0.36571,-0.027398,7.9037,0.31778,-0.15587
587.6,-40.526,45.559,8.1165,0.89188,-0.35868,-0.026411,7.9037,0.31778,-0.15587
587.7,-40.515,45.654,8.1139,0.89175,-0.35185,-0.025344,7.9037,0.31778,-0.15587
587.8,-40.504,45.75,8.1114,0.89157,-0.34523,-0.024203,7.9037,0.31778,-0.15587
587.9,-40.493,45.845,8.1091,0.89136,-0.33883,-0.022992,7.9037,0.31778,-0.15587
588,-40.483,45.939,8.1068,0.8911,-0.33268,-0.021715,7.9037,0.31778,-0.15587
588.1,-40.474,46.034,8.1047,0.89079,-0.32678,-0.020375,7.9037,0.31778,-0.15587
588.2,-40.464,46.128,8.1028,0.89045,-0.32114,-0.018974,7.9037,0.31778,-0.15587
588.3,-40.455,46.222,8.1009,0.89007,-0.31577,-0.017512,7.9037,0.31778,-0.15587
588.4,-40.446,46.316,8.0993,0.88965,-0.31069,-0.015989,7.9037,0.31778,-0.15587
588.5,-40.438,46.41,8.0978,0.8892,-0.30591,-0.014403,7.9037,0.31778,-0.15587
588.6,-40.43,46.503,8.0964,0.88872,-0.30143,-0.012751,7.9037,0.31778,-0.15587
588.7,-40.422,46.597,8.0952,0.8882,-0.29727,-0.011029,7.9037,0.31778,-0.15587
588.8,-40.415,46.69,8.0942,0.88765,-0.29344,-0.0092324,7.9037,0.31778,-0.15587
588.9,-40.407,46.783,8.0934,0.88706,-0.28995,-0.0073543,7.9037,0.31778,-0.15587
589,-40.4,46.876,8.0927,0.88645,-0.28682,-0.0053871,7.9037,0.31778,-0.15587
589.1,-40.394,46.969,8.0923,0.8858,-0.28406,-0.0033217,7.9037,0.31778,-0.15587
589.2,-40.387,47.062,8.0921,0.88513,-0.2817,-0.0011475,7.9037,0.31778,-0.15587
589.3,-40.381,47.154,8.0921,0.88442,-0.27971,0.0011609,7.9037,0.31778,-0.15587
589.4,-40.374,47.247,8.0923,0.88367,-0.27789,0.0036982,7.9037,0.31778,-0.15587
589.5,-40.368,47.339,8.0928,0.88289,-0.27622,0.0064939,7.9037,0.31778,-0.15587
589.6,-40.362,47.432,8.0936,0.88207,-0.27471,0.009562,7.9037,0.31778,-0.15587
589.7,-40.357,47.524,8.0947,0.88119,-0.27339,0.012915,7.9037,0.31778,-0.15587
589.8,-40.351,47.616,8.0962,0.88027,-0.27229,0.016562,7.9037,0.31778,-0.15587
589.9,-40.346,47.708,8.0981,0.87929,-0.27141,0.020509,7.9037,0.31778,-0.15587
590,-40.341,47.799,8.1003,0.87825,-0.27078,0.024757,7.9037,0.31778,-0.15587
590.1,-40.336,47.891,8.103,0.87714,-0.27044,0.029301,7.9037,0.31778,-0.15587
590.2,-40.332,47.983,8.1062,0.87596,-0.27039,0.034132,7.9037,0.31778,-0.15587
590.3,-40.328,48.074,8.1099,0.87471,-0.27066,0.039231,7.9037,0.31778,-0.15587
590.4,-40.324,48.166,8.114,0.87338,-0.27127,0.044574,7.9037,0.31778,-0.15587
590.5,-40.32,48.257,8.1188,0.87197,-0.27225,0.050128,7.9037,0.31778,-0.15587
590.6,-40.317,48.348,8.1241,0.87047,-0.27359,0.055855,7.9037,0.31778,-0.15587
590.7,-40.314,48.439,8.1299,0.86889,-0.27532,0.061707,7.9037,0.31778,-0.15587
590.8,-40.311,48.531,8.1364,0.86721,-0.27744,0.067634,7.9037,0.31778,-0.15587
590.9,-40.309,48.622,8.1435,0.86544,-0.27995,0.07358,7.9037,0.31778,-0.15587
591,-40.307,48.712,8.1511,0.86357,-0.28285,0.079486,7.9037,0.31778,-0.15587
591.1,-40.306,48.803,8.1594,0.86162,-0.28614,0.085295,7.9037,0.31778,-0.15587
591.2,-40.304,48.894,8.1682,0.85956,-0.28979,0.090947,7.9037,0.31778,-0.15587
591.3,-40.304,48.985,8.1776,0.85742,-0.2938,0.096389,7.9037,0.31778,-0.15587
591.4,-40.303,49.075,8.1875,0.85519,-0.29815,0.10157,7.9037,0.31778,-0.15587
591.5,-40.303,49.166,8.1979,0.85287,-0.3028,0.10645,7.9037,0.31778,-0.15587
591.6,-40.304,49.256,8.2087,0.85047,-0.30773,0.11098,7.9037,0.31778,-0.15587
591.7,-40.305,49.347,8.22,0.84799,-0.31291,0.11515,7.9037,0.31778,-0.15587
591.8,-40.306,49.437,8.2317,0.84545,-0.3183,0.11892,7.9037,0.31778,-0.15587
591.9,-40.308,49.527,8.2438,0.84284,-0.32387,0.12229,7.9037,0.31778,-0.15587
592,-40.31,49.618,8.2562,0.84018,-0.3296,0.12525,7.9037,0.31778,-0.15587
592.1,-40.313,49.708,8.2688,0.83747,-0.33544,0.12779,7.9037,0.31778,-0.15587
592.2,-40.316,49.798,8.2817,0.83472,-0.34137,0.12992,7.9037,0.31778,-0.15587
592.3,-40.32,49.888,8.2948,0.83194,-0.34735,0.13165,7.9037,0.31778,-0.15587
592.4,-40.324,49.978,8.3081,0.82914,-0.35336,0.133,7.9037,0.31778,-0.15587
592.5,-40.329,50.068,8.3214,0.82634,-0.35937,0.13397,7.9037,0.31778,-0.15587
592.6,-40.335,50.158,8.3348,0.82353,-0.36536,0.13459,7.9037,0.31778,-0.15587
592.7,-40.341,50.248,8.3483,0.82073,-0.37131,0.13488,7.9037,0.31778,-0.15587
592.8,-40.347,50.338,8.3618,0.81795,-0.3772,0.13486,7.9037,0.31778,-0.15587
592.9,-40.354,50.427,8.3753,0.8152,-0.38301,0.13455,7.9037,0.31778,-0.15587
593,-40.362,50.517,8.3887,0.81249,-0.38873,0.13396,7.9037,0.31778,-0.15587
593.1,-40.37,50.607,8.4021,0.80982,-0.39436,0.13313,7.9037,0.31778,-0.15587
593.2,-40.379,50.697,8.4153,0.8072,-0.39987,0.13206,7.9037,0.31778,-0.15587
593.3,-40.388,50.786,8.4285,0.80464,-0.40526,0.13077,7.9037,0.31778,-0.15587
593.4,-40.398,50.876,8.4415,0.80216,-0.41053,0.12929,7.9037,0.31778,-0.15587
593.5,-40.409,50.965,8.4543,0.79974,-0.41568,0.12763,7.9037,0.31778,-0.15587
593.6,-40.42,51.055,8.467,0.79741,-0.42069,0.1258,7.9037,0.31778,-0.15587
593.7,-40.432,51.144,8.4795,0.79516,-0.42557,0.12381,7.9037,0.31778,-0.15587
593.8,-40.444,51.233,8.4917,0.79301,-0.43032,0.12169,7.9037,0.31778,-0.15587
593.9,-40.457,51.323,8.5038,0.79095,-0.43494,0.11943,7.9037,0.31778,-0.15587
594,-40.471,51.412,8.5156,0.78899,-0.43942,0.11706,7.9037,0.31778,-0.15587
594.1,-40.485,51.501,8.5272,0.78714,-0.44378,0.11458,7.9037,0.31778,-0.15587
594.2,-40.5,51.59,8.5385,0.7854,-0.44801,0.11199,7.9037,0.31778,-0.15587
594.3,-40.515,51.68,8.5496,0.78377,-0.45211,0.1093,7.9037,0.31778,-0.15587
594.4,-40.531,51.769,8.5604,0.78226,-0.4561,0.10653,7.9037,0.31778,-0.15587
594.5,-40.547,51.858,8.5709,0.78087,-0.45996,0.10367,7.9037,0.31778,-0.15587
594.6,-40.564,51.947,8.5811,0.77959,-0.46371,0.10073,8.9431,-2.1904e-15,1.0862e-15
594.7,-40.581,52.036,8.5913,0.78066,-0.46878,0.10203,8.9431,-2.1904e-15,1.0862e-15
594.8,-40.599,52.125,8.6015,0.78159,-0.47396,0.10308,8.9431,-2.1904e-15,1.0862e-15
594.9,-40.618,52.215,8.6119,0.78242,-0.47922,0.10389,8.9431,-2.1904e-15,1.0862e-15
595,-40.637,52.305,8.6223,0.78314,-0.48457,0.10444,8.9431,-2.1904e-15,1.0862e-15
595.1,-40.657,52.395,8.6328,0.78377,-0.49,0.10474,8.9431,-2.1904e-15,1.0862e-15
595.2,-40.678,52.485,8.6432,0.78433,-0.49549,0.1048,8.9431,-2.1904e-15,1.0862e-15
595.3,-40.699,52.576,8.6537,0.78482,-0.50104,0.1046,8.9431,-2.1904e-15,1.0862e-15
595.4,-40.72,52.667,8.6641,0.78525,-0.50664,0.10415,8.9431,-2.1904e-15,1.0862e-15
595.5,-40.743,52.758,8.6745,0.78565,-0.51229,0.10347,8.9431,-2.1904e-15,1.0862e-15
595.6,-40.766,52.849,8.6848,0.78601,-0.51798,0.10254,8.9431,-2.1904e-15,1.0862e-15
595.7,-40.789,52.94,8.695,0.78636,-0.52371,0.10137,8.9431,-2.1904e-15,1.0862e-15
595.8,-40.813,53.032,8.7051,0.7867,-0.52946,0.099974,8.9431,-2.1904e-15,1.0862e-15
595.9,-40.837,53.123,8.715,0.78705,-0.53525,0.098343,8.9431,-2.1904e-15,1.0862e-15
596,-40.863,53.215,8.7248,0.78741,-0.54106,0.096481,8.9431,-2.1904e-15,1.0862e-15
596.1,-40.888,53.308,8.7343,0.7878,-0.5469,0.094388,8.9431,-2.1904e-15,1.0862e-15
596.2,-40.914,53.4,8.7436,0.78824,-0.55278,0.092065,8.9431,-2.1904e-15,1.0862e-15
596.3,-40.941,53.493,8.7527,0.78872,-0.55867,0.089509,8.9431,-2.1904e-15,1.0862e-15
596.4,-40.968,53.586,8.7615,0.78927,-0.56461,0.086716,8.9431,-2.1904e-15,1.0862e-15
596.5,-40.996,53.679,8.77,0.7899,-0.57057,0.083681,8.9431,-2.1904e-15,1.0862e-15
596.6,-41.024,53.772,8.7783,0.79061,-0.57657,0.080396,8.9431,-2.1904e-15,1.0862e-15
596.7,-41.053,53.866,8.7861,0.79143,-0.58262,0.07685,8.9431,-2.1904e-15,1.0862e-15
596.8,-41.082,53.96,8.7936,0.79236,-0.58872,0.073032,8.9431,-2.1904e-15,1.0862e-15
596.9,-41.111,54.055,8.8007,0.79342,-0.59487,0.068923,8.9431,-2.1904e-15,1.0862e-15
597,-41.141,54.15,8.8074,0.79462,-0.60108,0.064502,8.9431,-2.1904e-15,1.0862e-15
597.1,-41.171,54.245,8.8136,0.79598,-0.60738,0.059744,8.9431,-2.1904e-15,1.0862e-15
597.2,-41.202,54.341,8.8193,0.79753,-0.61375,0.054615,8.9431,-2.1904e-15,1.0862e-15
597.3,-41.232,54.437,8.8245,0.79927,-0.62022,0.049076,8.9431,-2.1904e-15,1.0862e-15
597.4,-41.263,54.533,8.8291,0.80124,-0.62681,0.043076,8.9431,-2.1904e-15,1.0862e-15
597.5,-41.295,54.63,8.8331,0.80345,-0.63352,0.036554,8.9431,-2.1904e-15,1.0862e-15
597.6,-41.326,54.728,8.8364,0.80594,-0.64037,0.029431,8.9431,-2.1904e-15,1.0862e-15
597.7,-41.358,54.826,8.839,0.80875,-0.6474,0.021608,8.9431,-2.1904e-15,1.0862e-15
597.8,-41.389,54.925,8.8407,0.81192,-0.65462,0.012961,8.9431,-2.1904e-15,1.0862e-15
597.9,-41.421,55.025,8.8415,0.81549,-0.66206,0.0033242,8.9431,-2.1904e-15,1.0862e-15
598,-41.452,55.126,8.8413,0.81953,-0.66898,-0.0072097,8.9431,-2.1904e-15,1.0862e-15
598.1,-41.484,55.227,8.8401,0.82406,-0.67291,-0.017633,8.9431,-2.1904e-15,1.0862e-15
598.2,-41.516,55.329,8.8378,0.82905,-0.67365,-0.027506,8.9431,-2.1904e-15,1.0862e-15
598.3,-41.548,55.431,8.8346,0.83443,-0.67129,-0.036506,8.9431,-2.1904e-15,1.0862e-15
598.4,-41.58,55.533,8.8306,0.84012,-0.66609,-0.044397,8.9431,-2.1904e-15,1.0862e-15
598.5,-41.612,55.635,8.8258,0.84603,-0.65838,-0.051037,8.9431,-2.1904e-15,1.0862e-15
598.6,-41.645,55.737,8.8204,0.85205,-0.64855,-0.056371,8.9431,-2.1904e-15,1.0862e-15
598.7,-41.679,55.839,8.8146,0.85809,-0.63703,-0.060413,8.9431,-2.1904e-15,1.0862e-15
598.8,-41.713,55.94,8.8084,0.86405,-0.62422,-0.063235,8.9431,-2.1904e-15,1.0862e-15
598.9,-41.748,56.041,8.8019,0.86986,-0.61053,-0.064939,8.9431,-2.1904e-15,1.0862e-15
599,-41.783,56.141,8.7954,0.87547,-0.59631,-0.065648,8.9431,-2.1904e-15,1.0862e-15
599.1,-41.819,56.24,8.7888,0.88081,-0.58186,-0.065487,8.9431,-2.1904e-15,1.0862e-15
599.2,-41.856,56.339,8.7823,0.88587,-0.56744,-0.064579,8.9431,-2.1904e-15,1.0862e-15
599.3,-41.893,56.437,8.7759,0.8906,-0.55327,-0.063038,8.9431,-2.1904e-15,1.0862e-15
599.4,-41.931,56.535,8.7697,0.89501,-0.53954,-0.060963,8.9431,-2.1904e-15,1.0862e-15
599.5,-41.969,56.632,8.7638,0.89908,-0.52637,-0.058441,8.9431,-2.1904e-15,1.0862e-15
599.6,-42.008,56.728,8.7581,0.90282,-0.5139,-0.055544,8.9431,-2.1904e-15,1.0862e-15
599.7,-42.047,56.824,8.7527,0.90624,-0.5022,-0.052332,8.9431,-2.1904e-15,1.0862e-15
599.8,-42.087,56.92,8.7476,0.90933,-0.49135,-0.048853,8.9431,-2.1904e-15,1.0862e-15
599.9,-42.127,57.015,8.7429,0.91211,-0.48142,-0.045143,8.9431,-2.1904e-15,1.0862e-15
600,-42.168,57.109,8.7386,0.91459,-0.47244,-0.04123,8.9431,-2.1904e-15,1.0862e-15
600.1,-42.209,57.204,8.7347,0.91679,-0.46446,-0.037135,8.9431,-2.1904e-15,1.0862e-15
600.2,-42.25,57.298,8.7312,0.91872,-0.45752,-0.032872,8.9431,-2.1904e-15,1.0862e-15
600.3,-42.292,57.392,8.7281,0.92038,-0.45165,-0.028449,8.9431,-2.1904e-15,1.0862e-15
600.4,-42.334,57.485,8.7255,0.9218,-0.44689,-0.02387,8.9431,-2.1904e-15,1.0862e-15
600.5,-42.375,57.579,8.7233,0.92297,-0.44328,-0.019136,8.9431,-2.1904e-15,1.0862e-15
600.6,-42.417,57.672,8.7217,0.9239,-0.44086,-0.014247,8.9431,-2.1904e-15,1.0862e-15
600.7,-42.459,57.765,8.7205,0.92461,-0.43967,-0.0091999,8.9431,-2.1904e-15,1.0862e-15
600.8,-42.501,57.859,8.7198,0.9251,-0.43978,-0.0039946,8.9431,-2.1904e-15,1.0862e-15
600.9,-42.543,57.952,8.7197,0.92536,-0.4412,0.0013814,8.9431,-2.1904e-15,1.0862e-15
601,-42.585,58.046,8.7201,0.92541,-0.44321,0.0071982,8.9431,-2.1904e-15,1.0862e-15
601.1,-42.627,58.14,8.7212,0.92521,-0.44553,0.01356,8.9431,-2.1904e-15,1.0862e-15
601.2,-42.668,58.234,8.7228,0.92476,-0.4482,0.020445,8.9431,-2.1904e-15,1.0862e-15
601.3,-42.71,58.328,8.7253,0.92405,-0.45124,0.02781,8.9431,-2.1904e-15,1.0862e-15
601.4,-42.752,58.422,8.7284,0.92305,-0.45469,0.035591,8.9431,-2.1904e-15,1.0862e-15
601.5,-42.793,58.516,8.7324,0.92177,-0.45856,0.043703,8.9431,-2.1904e-15,1.0862e-15
601.6,-42.835,58.61,8.7372,0.9202,-0.46288,0.052039,8.9431,-2.1904e-15,1.0862e-15
601.7,-42.877,58.704,8.7428,0.91833,-0.46766,0.060478,8.9431,-2.1904e-15,1.0862e-15
601.8,-42.919,58.798,8.7493,0.91616,-0.4729,0.068883,8.9431,-2.1904e-15,1.0862e-15
601.9,-42.961,58.893,8.7566,0.9137,-0.4786,0.077113,8.9431,-2.1904e-15,1.0862e-15
602,-43.003,58.987,8.7647,0.91096,-0.48474,0.085029,8.9431,-2.1904e-15,1.0862e-15
602.1,-43.045,59.081,8.7736,0.90796,-0.49131,0.092499,8.9431,-2.1904e-15,1.0862e-15
602.2,-43.088,59.175,8.7832,0.90471,-0.49827,0.099402,8.9431,-2.1904e-15,1.0862e-15
602.3,-43.131,59.269,8.7934,0.90124,-0.50559,0.10564,8.9431,-2.1904e-15,1.0862e-15
602.4,-43.174,59.363,8.8043,0.89757,-0.51323,0.11113,8.9431,-2.1904e-15,1.0862e-15
602.5,-43.217,59.457,8.8156,0.89373,-0.52114,0.11583,8.9431,-2.1904e-15,1.0862e-15
602.6,-43.261,59.551,8.8274,0.88976,-0.52927,0.11968,8.9431,-2.1904e-15,1.0862e-15
602.7,-43.305,59.644,8.8395,0.88569,-0.53759,0.12269,8.9431,-2.1904e-15,1.0862e-15
602.8,-43.349,59.738,8.8519,0.88155,-0.54605,0.12484,8.9431,-2.1904e-15,1.0862e-15
602.9,-43.394,59.832,8.8645,0.87739,-0.55462,0.12617,8.9431,-2.1904e-15,1.0862e-15
603,-43.439,59.925,8.8771,0.87322,-0.56325,0.12669,8.9431,-2.1904e-15,1.0862e-15
603.1,-43.484,60.019,8.8898,0.8691,-0.57192,0.12644,8.9431,-2.1904e-15,1.0862e-15
603.2,-43.53,60.112,8.9024,0.86505,-0.5806,0.12546,8.9431,-2.1904e-15,1.0862e-15
603.3,-43.576,60.206,8.9148,0.86111,-0.58928,0.12378,8.9431,-2.1904e-15,1.0862e-15
603.4,-43.623,60.299,8.9271,0.8573,-0.59795,0.12144,8.9431,-2.1904e-15,1.0862e-15
603.5,-43.67,60.393,8.9391,0.85366,-0.60659,0.11848,8.9431,-2.1904e-15,1.0862e-15
603.6,-43.717,60.486,8.9508,0.85023,-0.6152,0.11492,8.9431,-2.1904e-15,1.0862e-15
603.7,-43.765,60.58,8.9621,0.84701,-0.6238,0.1108,8.9431,-2.1904e-15,1.0862e-15
603.8,-43.813,60.674,8.9729,0.84406,-0.63237,0.10612,8.9431,-2.1904e-15,1.0862e-15
603.9,-43.861,60.767,8.9833,0.84138,-0.64095,0.1009,8.9431,-2.1904e-15,1.0862e-15
604,-43.91,60.861,8.9931,0.83902,-0.64953,0.095129,8.9431,-2.1904e-15,1.0862e-15
604.1,-43.959,60.956,9.0023,0.83699,-0.65815,0.088806,8.9431,-2.1904e-15,1.0862e-15
604.2,-44.009,61.05,9.0108,0.83533,-0.66682,0.081906,8.9431,-2.1904e-15,1.0862e-15
604.3,-44.059,61.145,9.0187,0.83408,-0.67557,0.074391,8.9431,-2.1904e-15,1.0862e-15
604.4,-44.109,61.24,9.0257,0.83326,-0.68444,0.066206,8.9431,-2.1904e-15,1.0862e-15
604.5,-44.159,61.336,9.0319,0.83292,-0.69345,0.057278,8.9431,-2.1904e-15,1.0862e-15
604.6,-44.21,61.432,9.0371,0.8331,-0.70267,0.047502,8.9431,-2.1904e-15,1.0862e-15
604.7,-44.26,61.529,9.0413,0.83385,-0.71213,0.03674,8.9431,-2.1904e-15,1.0862e-15
604.8,-44.311,61.627,9.0444,0.83525,-0.72189,0.024805,2.9758,-0.11298,0.055416
604.9,-44.361,61.725,9.0463,0.8241,-0.73246,0.012661,2.9758,-0.11298,0.055416
605,-44.41,61.824,9.0469,0.81417,-0.7434,-0.0018984,2.9758,-0.11298,0.055416
605.1,-44.458,61.923,9.0459,0.80556,-0.75136,-0.017784,2.9758,-0.11298,0.055416
605.2,-44.504,62.023,9.0433,0.79829,-0.75398,-0.033461,2.9758,-0.11298,0.055416
605.3,-44.55,62.122,9.0392,0.79227,-0.75124,-0.04807,2.9758,-0.11298,0.055416
605.4,-44.594,62.221,9.0338,0.78734,-0.74352,-0.060956,2.9758,-0.11298,0.055416
605.5,-44.639,62.32,9.0271,0.7833,-0.73144,-0.071721,2.9758,-0.11298,0.055416
605.6,-44.682,62.417,9.0195,0.77993,-0.71579,-0.080216,2.9758,-0.11298,0.055416
605.7,-44.726,62.513,9.0112,0.77703,-0.6974,-0.086487,2.9758,-0.11298,0.055416
605.8,-44.769,62.607,9.0023,0.77439,-0.67708,-0.090721,2.9758,-0.11298,0.055416
605.9,-44.811,62.7,8.9931,0.77188,-0.65555,-0.093174,2.9758,-0.11298,0.055416
606,-44.854,62.791,8.9837,0.76938,-0.63341,-0.094131,2.9758,-0.11298,0.055416
606.1,-44.896,62.88,8.9743,0.76678,-0.61114,-0.093868,2.9758,-0.11298,0.055416
606.2,-44.939,62.968,8.9649,0.76405,-0.58912,-0.092637,2.9758,-0.11298,0.055416
606.3,-44.981,63.053,8.9558,0.76114,-0.56764,-0.090657,2.9758,-0.11298,0.055416
606.4,-45.023,63.138,8.9468,0.75804,-0.54688,-0.08811,2.9758,-0.11298,0.055416
606.5,-45.065,63.22,8.9382,0.75474,-0.52699,-0.085144,2.9758,-0.11298,0.055416
606.6,-45.107,63.301,8.9298,0.75125,-0.50805,-0.081878,2.9758,-0.11298,0.055416
606.7,-45.149,63.381,8.9218,0.74758,-0.4901,-0.078405,2.9758,-0.11298,0.055416
606.8,-45.191,63.459,8.9141,0.74375,-0.47317,-0.074799,2.9758,-0.11298,0.055416
606.9,-45.233,63.536,8.9068,0.73978,-0.45726,-0.071113,2.9758,-0.11298,0.055416
607,-45.274,63.612,8.8999,0.73568,-0.44235,-0.067389,2.9758,-0.11298,0.055416
607.1,-45.316,63.687,8.8934,0.73147,-0.42841,-0.063659,2.9758,-0.11298,0.055416
607.2,-45.357,63.76,8.8872,0.72717,-0.41543,-0.059945,2.9758,-0.11298,0.055416
607.3,-45.398,63.833,8.8814,0.7228,-0.40336,-0.056262,2.9758,-0.11298,0.055416
607.4,-45.439,63.904,8.8759,0.71838,-0.39216,-0.052622,2.9758,-0.11298,0.055416
607.5,-45.48,63.974,8.8709,0.71391,-0.38181,-0.049031,2.9758,-0.11298,0.055416
607.6,-45.52,64.044,8.8661,0.70942,-0.37227,-0.045494,2.9758,-0.11298,0.055416
607.7,-45.561,64.113,8.8617,0.7049,-0.36349,-0.042012,2.9758,-0.11298,0.055416
607.8,-45.601,64.181,8.8577,0.70038,-0.35546,-0.038584,2.9758,-0.11298,0.055416
607.9,-45.641,64.248,8.854,0.69587,-0.34814,-0.035212,2.9758,-0.11298,0.055416
608,-45.68,64.315,8.8507,0.69136,-0.34149,-0.031891,2.9758,-0.11298,0.055416
608.1,-45.72,64.38,8.8477,0.68687,-0.3355,-0.028621,2.9758,-0.11298,0.055416
608.2,-45.759,64.446,8.845,0.6824,-0.33014,-0.0254,2.9758,-0.11298,0.055416
608.3,-45.798,64.51,8.8426,0.67796,-0.32539,-0.022223,2.9758,-0.11298,0.055416
608.4,-45.836,64.575,8.8405,0.67355,-0.32122,-0.01909,2.9758,-0.11298,0.055416
608.5,-45.875,64.638,8.8388,0.66918,-0.31762,-0.015999,2.9758,-0.11298,0.055416
608.6,-45.913,64.702,8.8373,0.66484,-0.31457,-0.012947,2.9758,-0.11298,0.055416
608.7,-45.95,64.764,8.8362,0.66055,-0.31206,-0.0099346,2.9758,-0.11298,0.055416
608.8,-45.988,64.827,8.8353,0.65629,-0.31007,-0.0069606,2.9758,-0.11298,0.055416
608.9,-46.025,64.889,8.8348,0.65208,-0.3086,-0.004026,2.9758,-0.11298,0.055416
609,-46.062,64.951,8.8345,0.64791,-0.30762,-0.0011324,2.9758,-0.11298,0.055416
609.1,-46.098,65.012,8.8345,0.64378,-0.30706,0.001744,2.9758,-0.11298,0.055416
609.2,-46.135,65.073,8.8349,0.63969,-0.30661,0.0047032,2.9758,-0.11298,0.055416
609.3,-46.171,65.134,8.8355,0.63564,-0.30624,0.0077451,2.9758,-0.11298,0.055416
609.4,-46.206,65.195,8.8364,0.63163,-0.30595,0.010856,2.9758,-0.11298,0.055416
609.5,-46.242,65.255,8.8377,0.62764,-0.30574,0.014021,2.9758,-0.11298,0.055416
609.6,-46.277,65.315,8.8392,0.62368,-0.30561,0.017223,2.9758,-0.11298,0.055416
609.7,-46.312,65.375,8.8411,0.61975,-0.30556,0.020444,2.9758,-0.11298,0.055416
609.8,-46.347,65.435,8.8433,0.61585,-0.3056,0.023663,2.9758,-0.11298,0.055416
609.9,-46.381,65.494,8.8458,0.61197,-0.30572,0.026861,2.9758,-0.11298,0.055416
610,-46.416,65.553,8.8487,0.60811,-0.30592,0.030017,2.9758,-0.11298,0.055416
610.1,-46.45,65.612,8.8518,0.60428,-0.30619,0.033111,2.9758,-0.11298,0.055416
610.2,-46.484,65.67,8.8553,0.60047,-0.30654,0.036124,2.9758,-0.11298,0.055416
610.3,-46.518,65.728,8.8591,0.59669,-0.30697,0.039038,2.9758,-0.11298,0.055416
610.4,-46.552,65.786,8.8631,0.59293,-0.30746,0.041833,2.9758,-0.11298,0.055416
610.5,-46.586,65.843,8.8674,0.58921,-0.30801,0.044497,2.9758,-0.11298,0.055416
610.6,-46.619,65.9,8.872,0.58551,-0.30861,0.047014,2.9758,-0.11298,0.055416
610.7,-46.653,65.957,8.8768,0.58185,-0.30927,0.049373,2.9758,-0.11298,0.055416
610.8,-46.686,66.014,8.8819,0.57823,-0.30997,0.051564,2.9758,-0.11298,0.055416
610.9,-46.72,66.07,8.8871,0.57464,-0.3107,0.053582,2.9758,-0.11298,0.055416
611,-46.753,66.126,8.8926,0.5711,-0.31147,0.05542,2.9758,-0.11298,0.055416
611.1,-46.787,66.182,8.8982,0.5676,-0.31227,0.057076,2.9758,-0.11298,0.055416
611.2,-46.82,66.237,8.904,0.56415,-0.31308,0.05855,2.9758,-0.11298,0.055416
611.3,-46.853,66.292,8.9099,0.56075,-0.3139,0.059842,2.9758,-0.11298,0.055416
611.4,-46.887,66.347,8.9159,0.5574,-0.31473,0.060955,2.9758,-0.11298,0.055416
611.5,-46.92,66.401,8.9221,0.55411,-0.31556,0.061892,2.9758,-0.11298,0.055416
611.6,-46.953,66.456,8.9283,0.55088,-0.31638,0.06266,2.9758,-0.11298,0.055416
611.7,-46.987,66.509,8.9346,0.54771,-0.31719,0.063264,2.9758,-0.11298,0.055416
611.8,-47.02,66.563,8.941,0.5446,-0.31799,0.063712,2.9758,-0.11298,0.055416
611.9,-47.054,66.616,8.9474,0.54156,-0.31877,0.064011,2.9758,-0.11298,0.055416
612,-47.087,66.669,8.9538,0.53859,-0.31953,0.064169,2.9758,-0.11298,0.055416
612.1,-47.121,66.722,8.9602,0.53569,-0.32026,0.064194,2.9758,-0.11298,0.055416
612.2,-47.154,66.775,8.9666,0.53285,-0.32096,0.064096,2.9758,-0.11298,0.055416
612.3,-47.188,66.827,8.973,0.53009,-0.32163,0.063881,2.9758,-0.11298,0.055416
612.4,-47.222,66.879,8.9794,0.5274,-0.32227,0.063559,2.9758,-0.11298,0.055416
612.5,-47.255,66.931,8.9857,0.52479,-0.32287,0.063138,2.9758,-0.11298,0.055416
612.6,-47.289,66.982,8.992,0.52225,-0.32344,0.062626,2.9758,-0.11298,0.055416
612.7,-47.323,67.033,8.9982,0.51979,-0.32397,0.06203,2.9758,-0.11298,0.055416
612.8,-47.357,67.084,9.0044,0.5174,-0.32446,0.061358,2.9758,-0.11298,0.055416
612.9,-47.391,67.135,9.0105,0.51509,-0.32491,0.060617,2.9758,-0.11298,0.055416
613,-47.425,67.185,9.0165,0.51286,-0.32532,0.059813,2.9758,-0.11298,0.055416
613.1,-47.459,67.235,9.0225,0.5107,-0.32569,0.058953,2.9758,-0.11298,0.055416
613.2,-47.494,67.285,9.0283,0.50862,-0.32603,0.058043,2.9758,-0.11298,0.055416
613.3,-47.528,67.334,9.0341,0.50661,-0.32632,0.057087,2.9758,-0.11298,0.055416
613.4,-47.562,67.384,9.0397,0.50467,-0.32657,0.056092,2.9758,-0.11298,0.055416
613.5,-47.597,67.433,9.0453,0.50282,-0.32679,0.055062,2.9758,-0.11298,0.055416
613.6,-47.632,67.482,9.0507,0.50103,-0.32696,0.054001,2.9758,-0.11298,0.055416
613.7,-47.666,67.53,9.0561,0.49932,-0.3271,0.052913,2.9758,-0.11298,0.055416
613.8,-47.701,67.579,9.0613,0.49767,-0.3272,0.051803,2.9758,-0.11298,0.055416
613.9,-47.736,67.627,9.0664,0.4961,-0.32727,0.050674,0.28676,-7.0236e-17,3.494e-17
614,-47.771,67.675,9.0714,0.48864,-0.32679,0.0479,0.28676,-7.0236e-17,3.494e-17
614.1,-47.805,67.722,9.076,0.48143,-0.3262,0.044995,0.28676,-7.0236e-17,3.494e-17
614.2,-47.839,67.769,9.0804,0.47448,-0.3255,0.041972,0.28676,-7.0236e-17,3.494e-17
614.3,-47.873,67.815,9.0844,0.46778,-0.32469,0.038841,0.28676,-7.0236e-17,3.494e-17
614.4,-47.906,67.861,9.0881,0.46133,-0.32379,0.035614,0.28676,-7.0236e-17,3.494e-17
614.5,-47.938,67.907,9.0915,0.45511,-0.3228,0.032296,0.28676,-7.0236e-17,3.494e-17
614.6,-47.97,67.952,9.0946,0.44914,-0.32172,0.028893,0.28676,-7.0236e-17,3.494e-17
614.7,-48.002,67.997,9.0973,0.4434,-0.32056,0.02541,0.28676,-7.0236e-17,3.494e-17
614.8,-48.034,68.041,9.0997,0.43788,-0.31932,0.021849,0.28676,-7.0236e-17,3.494e-17
614.9,-48.065,68.085,9.1017,0.43259,-0.31802,0.018209,0.28676,-7.0236e-17,3.494e-17
615,-48.096,68.129,9.1033,0.42752,-0.31665,0.014491,0.28676,-7.0236e-17,3.494e-17
615.1,-48.126,68.173,9.1046,0.42266,-0.31521,0.01069,0.28676,-7.0236e-17,3.494e-17
615.2,-48.156,68.216,9.1054,0.41801,-0.31373,0.006802,0.28676,-7.0236e-17,3.494e-17
615.3,-48.186,68.258,9.1059,0.41358,-0.31219,0.0028202,0.28676,-7.0236e-17,3.494e-17
615.4,-48.215,68.301,9.106,0.40934,-0.31058,-0.0012544,0.28676,-7.0236e-17,3.494e-17
615.5,-48.244,68.343,9.1057,0.40531,-0.30848,-0.0052589,0.28676,-7.0236e-17,3.494e-17
615.6,-48.273,68.385,9.105,0.40146,-0.30576,-0.0090973,0.28676,-7.0236e-17,3.494e-17
615.7,-48.301,68.426,9.1039,0.3978,-0.30246,-0.012729,0.28676,-7.0236e-17,3.494e-17
615.8,-48.329,68.467,9.1024,0.3943,-0.29863,-0.016121,0.28676,-7.0236e-17,3.494e-17
615.9,-48.357,68.508,9.1006,0.39095,-0.29431,-0.019252,0.28676,-7.0236e-17,3.494e-17
616,-48.384,68.548,9.0986,0.38774,-0.28956,-0.022104,0.28676,-7.0236e-17,3.494e-17
616.1,-48.412,68.588,9.0962,0.38466,-0.28442,-0.024673,0.28676,-7.0236e-17,3.494e-17
616.2,-48.439,68.627,9.0937,0.38169,-0.27895,-0.026957,0.28676,-7.0236e-17,3.494e-17
616.3,-48.466,68.665,9.0909,0.37881,-0.27321,-0.028961,0.28676,-7.0236e-17,3.494e-17
616.4,-48.493,68.703,9.0879,0.37603,-0.26725,-0.030696,0.28676,-7.0236e-17,3.494e-17
616.5,-48.519,68.741,9.0847,0.37332,-0.26112,-0.032174,0.28676,-7.0236e-17,3.494e-17
616.6,-48.546,68.777,9.0814,0.37068,-0.25486,-0.033412,0.28676,-7.0236e-17,3.494e-17
616.7,-48.572,68.813,9.078,0.3681,-0.2485,-0.034426,0.28676,-7.0236e-17,3.494e-17
616.8,-48.598,68.849,9.0746,0.36557,-0.2421,-0.035235,0.28676,-7.0236e-17,3.494e-17
616.9,-48.624,68.884,9.071,0.36308,-0.23569,-0.035857,0.28676,-7.0236e-17,3.494e-17
617,-48.65,68.918,9.0674,0.36064,-0.22928,-0.03631,0.28676,-7.0236e-17,3.494e-17
617.1,-48.675,68.952,9.0638,0.35822,-0.22291,-0.036613,0.28676,-7.0236e-17,3.494e-17
617.2,-48.701,68.985,9.0601,0.35584,-0.2166,-0.03678,0.28676,-7.0236e-17,3.494e-17
617.3,-48.726,69.018,9.0564,0.35348,-0.21037,-0.036829,0.28676,-7.0236e-17,3.494e-17
617.4,-48.752,69.05,9.0527,0.35115,-0.20423,-0.036774,0.28676,-7.0236e-17,3.494e-17
617.5,-48.777,69.082,9.049,0.34884,-0.19819,-0.036627,0.28676,-7.0236e-17,3.494e-17
617.6,-48.802,69.113,9.0454,0.34655,-0.19228,-0.036402,0.28676,-7.0236e-17,3.494e-17
617.7,-48.827,69.143,9.0418,0.34428,-0.18648,-0.036109,0.28676,-7.0236e-17,3.494e-17
617.8,-48.852,69.173,9.0382,0.34203,-0.18082,-0.035758,0.28676,-7.0236e-17,3.494e-17
617.9,-48.877,69.202,9.0346,0.33979,-0.17529,-0.035359,0.28676,-7.0236e-17,3.494e-17
618,-48.902,69.231,9.0311,0.33757,-0.16989,-0.034919,0.28676,-7.0236e-17,3.494e-17
618.1,-48.926,69.26,9.0276,0.33537,-0.16464,-0.034444,0.28676,-7.0236e-17,3.494e-17
618.2,-48.951,69.288,9.0242,0.33318,-0.15953,-0.033943,0.28676,-7.0236e-17,3.494e-17
618.3,-48.975,69.315,9.0208,0.33101,-0.15456,-0.033419,0.28676,-7.0236e-17,3.494e-17
618.4,-48.999,69.342,9.0175,0.32885,-0.14973,-0.032878,0.28676,-7.0236e-17,3.494e-17
618.5,-49.024,69.369,9.0143,0.32672,-0.14504,-0.032324,0.28676,-7.0236e-17,3.494e-17
618.6,-49.048,69.395,9.0111,0.3246,-0.14049,-0.031761,0.28676,-7.0236e-17,3.494e-17
618.7,-49.072,69.42,9.0079,0.32249,-0.13607,-0.031192,0.28676,-7.0236e-17,3.494e-17
618.8,-49.096,69.446,9.0048,0.32041,-0.13179,-0.030619,0.28676,-7.0236e-17,3.494e-17
618.9,-49.12,69.471,9.0018,0.31834,-0.12763,-0.030046,0.28676,-7.0236e-17,3.494e-17
619,-49.143,69.495,8.9988,0.31629,-0.12361,-0.029474,0.28676,-7.0236e-17,3.494e-17
619.1,-49.167,69.519,8.9959,0.31425,-0.11971,-0.028905,0.28676,-7.0236e-17,3.494e-17
619.2,-49.191,69.543,8.993,0.31224,-0.11593,-0.02834,0.28676,-7.0236e-17,3.494e-17
619.3,-49.214,69.566,8.9902,0.31025,-0.11226,-0.027782,0.28676,-7.0236e-17,3.494e-17
619.4,-49.237,69.589,8.9875,0.30827,-0.10872,-0.02723,0.28676,-7.0236e-17,3.494e-17
619.5,-49.261,69.612,8.9848,0.30631,-0.10528,-0.026686,0.28676,-7.0236e-17,3.494e-17
619.6,-49.284,69.635,8.9821,0.30438,-0.10195,-0.02615,0.28676,-7.0236e-17,3.494e-17
619.7,-49.307,69.657,8.9796,0.30246,-0.098726,-0.025623,0.28676,-7.0236e-17,3.494e-17
619.8,-49.33,69.679,8.977,0.30056,-0.095604,-0.025107,0.28676,-7.0236e-17,3.494e-17
619.9,-49.353,69.7,8.9745,0.29868,-0.092581,-0.0246,0.28676,-7.0236e-17,3.494e-17
620,-49.376,69.721,8.9721,0.29683,-0.089652,-0.024103,0.28676,-7.0236e-17,3.494e-17
620.1,-49.398,69.742,8.9697,0.29499,-0.086817,-0.023616,0.28676,-7.0236e-17,3.494e-17
620.2,-49.421,69.763,8.9674,0.29317,-0.08407,-0.023141,0.28676,-7.0236e-17,3.494e-17
620.3,-49.444,69.783,8.9651,0.29137,-0.08141,-0.022675,0.28676,-7.0236e-17,3.494e-17
620.4,-49.466,69.803,8.9628,0.28959,-0.078833,-0.022221,0.28676,-7.0236e-17,3.494e-17
620.5,-49.488,69.823,8.9606,0.28784,-0.076338,-0.021777,0.28676,-7.0236e-17,3.494e-17
620.6,-49.511,69.843,8.9585,0.2861,-0.07392,-0.021344,0.28676,-7.0236e-17,3.494e-17
620.7,-49.533,69.862,8.9564,0.28438,-0.071579,-0.020921,0.28676,-7.0236e-17,3.494e-17
620.8,-49.555,69.881,8.9543,0.28268,-0.06931,-0.020508,0.28676,-7.0236e-17,3.494e-17
620.9,-49.577,69.9,8.9523,0.281,-0.067112,-0.020106,0.28676,-7.0236e-17,3.494e-17
621,-49.599,69.919,8.9503,0.27935,-0.064982,-0.019714,0.28676,-7.0236e-17,3.494e-17
621.1,-49.621,69.937,8.9483,0.27771,-0.062919,-0.019332,0.28676,-7.0236e-17,3.494e-17
621.2,-49.642,69.955,8.9464,0.27609,-0.060919,-0.018959,0.28676,-7.0236e-17,3.494e-17
621.3,-49.664,69.973,8.9445,0.27449,-0.058981,-0.018596,0.28676,-7.0236e-17,3.494e-17
621.4,-49.686,69.991,8.9427,0.27291,-0.057103,-0.018242,0.28676,-7.0236e-17,3.494e-17
621.5,-49.707,70.009,8.9409,0.27135,-0.055282,-0.017898,0.28676,-7.0236e-17,3.494e-17
621.6,-49.729,70.026,8.9391,0.26981,-0.053517,-0.017562,0.28676,-7.0236e-17,3.494e-17
621.7,-49.75,70.043,8.9374,0.26828,-0.051807,-0.017235,0.28676,-7.0236e-17,3.494e-17
621.8,-49.771,70.06,8.9357,0.26678,-0.050148,-0.016916,0.28676,-7.0236e-17,3.494e-17
621.9,-49.792,70.077,8.934,0.26529,-0.04854,-0.016606,0.28676,-7.0236e-17,3.494e-17
622,-49.813,70.094,8.9323,0.26383,-0.046981,-0.016303,0.28676,-7.0236e-17,3.494e-17
622.1,-49.834,70.11,8.9307,0.26238,-0.045469,-0.016009,0.28676,-7.0236e-17,3.494e-17
622.2,-49.855,70.127,8.9291,0.26094,-0.044003,-0.015721,0.28676,-7.0236e-17,3.494e-17
622.3,-49.876,70.143,8.9276,0.25953,-0.042582,-0.015442,0.28676,-7.0236e-17,3.494e-17
622.4,-49.897,70.159,8.9261,0.25813,-0.041203,-0.015169,0.28676,-7.0236e-17,3.494e-17
622.5,-49.917,70.175,8.9246,0.25676,-0.039865,-0.014903,0.28676,-7.0236e-17,3.494e-17
622.6,-49.938,70.191,8.9231,0.2554,-0.038568,-0.014644,0.28676,-7.0236e-17,3.494e-17
622.7,-49.959,70.206,8.9216,0.25405,-0.03731,-0.014391,0.28676,-7.0236e-17,3.494e-17
622.8,-49.979,70.222,8.9202,0.25272,-0.036089,-0.014145,0.28676,-7.0236e-17,3.494e-17
622.9,-49.999,70.237,8.9188,0.25141,-0.034905,-0.013905,0.28676,-7.0236e-17,3.494e-17
623,-50.02,70.252,8.9174,0.25012,-0.033756,-0.013671,0.28676,-7.0236e-17,3.494e-17
623.1,-50.04,70.267,8.9161,0.24884,-0.032641,-0.013442,0.28676,-7.0236e-17,3.494e-17
623.2,-50.06,70.282,8.9147,0.24758,-0.03156,-0.013219,0.28676,-7.0236e-17,3.494e-17
623.3,-50.08,70.297,8.9134,0.24633,-0.030511,-0.013001,0.28676,-7.0236e-17,3.494e-17
623.4,-50.1,70.312,8.9121,0.2451,-0.029492,-0.012789,0.28676,-7.0236e-17,3.494e-17
623.5,-50.12,70.326,8.9109,0.24389,-0.028504,-0.012581,0.28676,-7.0236e-17,3.494e-17
623.6,-50.139,70.341,8.9096,0.24269,-0.027546,-0.012379,0.28676,-7.0236e-17,3.494e-17
623.7,-50.159,70.355,8.9084,0.2415,-0.026615,-0.012181,0.28676,-7.0236e-17,3.494e-17
623.8,-50.179,70.369,8.9072,0.24033,-0.025712,-0.011988,0.28676,-7.0236e-17,3.494e-17
623.9,-50.198,70.383,8.906,0.23917,-0.024836,-0.011799,0.28676,-7.0236e-17,3.494e-17
624,-50.218,70.397,8.9048,0.23803,-0.023986,-0.011614,0.28676,-7.0236e-17,3.494e-17
624.1,-50.237,70.411,8.9037,0.23691,-0.02316,-0.011433,0.28676,-7.0236e-17,3.494e-17
624.2,-50.257,70.425,8.9025,0.23579,-0.022359,-0.011257,0.28676,-7.0236e-17,3.494e-17
624.3,-50.276,70.438,8.9014,0.23469,-0.021582,-0.011084,0.28676,-7.0236e-17,3.494e-17
624.4,-50.295,70.452,8.9003,0.23361,-0.020827,-0.010915,0.28676,-7.0236e-17,3.494e-17
624.5,-50.314,70.465,8.8992,0.23254,-0.020095,-0.010749,0.28676,-7.0236e-17,3.494e-17
624.6,-50.333,70.479,8.8982,0.23148,-0.019384,-0.010587,0.28676,-7.0236e-17,3.494e-17
624.7,-50.352,70.492,8.8971,0.23043,-0.018694,-0.010429,0.28676,-7.0236e-17,3.494e-17
624.8,-50.371,70.505,8.8961,0.2294,-0.018025,-0.010273,0.28676,-7.0236e-17,3.494e-17
624.9,-50.39,70.518,8.8951,0.22838,-0.017375,-0.010121,0.28676,-7.0236e-17,3.494e-17
625,-50.409,70.531,8.894,0.22737,-0.016744,-0.0099719,0.28676,-7.0236e-17,3.494e-17
625.1,-50.428,70.544,8.8931,0.22638,-0.016132,-0.0098256,0.28676,-7.0236e-17,3.494e-17
625.2,-50.446,70.557,8.8921,0.2254,-0.015538,-0.0096821,0.28676,-7.0236e-17,3.494e-17
625.3,-50.465,70.57,8.8911,0.22442,-0.014961,-0.0095414,0.28676,-7.0236e-17,3.494e-17
625.4,-50.484,70.582,8.8902,0.22347,-0.014402,-0.0094034,0.28676,-7.0236e-17,3.494e-17
625.5,-50.502,70.595,8.8892,0.22252,-0.013859,-0.0092679,0.28676,-7.0236e-17,3.494e-17
625.6,-50.52,70.607,8.8883,0.22158,-0.013332,-0.009135,0.28676,-7.0236e-17,3.494e-17
625.7,-50.539,70.62,8.8874,0.22066,-0.01282,-0.0090044,0.28676,-7.0236e-17,3.494e-17
625.8,-50.557,70.632,8.8865,0.21975,-0.012324,-0.0088762,0.28676,-7.0236e-17,3.494e-17
625.9,-50.575,70.645,8.8856,0.21885,-0.011842,-0.0087502,0.28676,-7.0236e-17,3.494e-17
626,-50.593,70.657,8.8848,0.21795,-0.011375,-0.0086264,0.28676,-7.0236e-17,3.494e-17
626.1,-50.611,70.669,8.8839,0.21707,-0.010922,-0.0085047,0.28676,-7.0236e-17,3.494e-17
626.2,-50.629,70.681,8.8831,0.21621,-0.010482,-0.0083851,0.28676,-7.0236e-17,3.494e-17
626.3,-50.647,70.693,8.8822,0.21535,-0.010055,-0.0082675,0.28676,-7.0236e-17,3.494e-17
626.4,-50.665,70.705,8.8814,0.2145,-0.009641,-0.0081518,0.28676,-7.0236e-17,3.494e-17
626.5,-50.683,70.717,8.8806,0.21366,-0.0092393,-0.0080379,0.28676,-7.0236e-17,3.494e-17
626.6,-50.701,70.729,8.8798,0.21283,-0.0088497,-0.0079259,0.28676,-7.0236e-17,3.494e-17
626.7,-50.719,70.74,8.879,0.21201,-0.0084718,-0.0078156,0.28676,-7.0236e-17,3.494e-17
626.8,-50.736,70.752,8.8782,0.2112,-0.0081052,-0.0077071,0.28676,-7.0236e-17,3.494e-17
626.9,-50.754,70.764,8.8775,0.21041,-0.0077497,-0.0076002,0.28676,-7.0236e-17,3.494e-17
627,-50.771,70.775,8.8767,0.20962,-0.0074049,-0.0074949,0.28676,-7.0236e-17,3.494e-17
627.1,-50.789,70.787,8.876,0.20884,-0.0070706,-0.0073911,0.28676,-7.0236e-17,3.494e-17
627.2,-50.806,70.798,8.8752,0.20806,-0.0067464,-0.0072889,0.28676,-7.0236e-17,3.494e-17
627.3,-50.824,70.81,8.8745,0.2073,-0.0064321,-0.0071882,1.9647,0.12143,-0.05956
627.4,-50.841,70.821,8.8737,0.21031,-0.0056043,-0.0087582,1.9647,0.12143,-0.05956
627.5,-50.859,70.833,8.8728,0.21328,-0.0047486,-0.010301,1.9647,0.12143,-0.05956
627.6,-50.877,70.844,8.8717,0.21621,-0.0038657,-0.011818,1.9647,0.12143,-0.05956
627.7,-50.895,70.856,8.8704,0.2191,-0.0029568,-0.013307,1.9647,0.12143,-0.05956
627.8,-50.914,70.868,8.869,0.22196,-0.0020228,-0.014771,1.9647,0.12143,-0.05956
627.9,-50.933,70.88,8.8675,0.22478,-0.0010648,-0.016208,1.9647,0.12143,-0.05956
628,-50.952,70.892,8.8658,0.22757,-8.3928e-05,-0.01762,1.9647,0.12143,-0.05956
628.1,-50.971,70.904,8.8639,0.23031,0.00092032,-0.019006,1.9647,0.12143,-0.05956
628.2,-50.991,70.916,8.862,0.23302,0.0019494,-0.020362,1.9647,0.12143,-0.05956
628.3,-51.011,70.929,8.8599,0.23569,0.0030027,-0.02169,1.9647,0.12143,-0.05956
628.4,-51.031,70.941,8.8576,0.23832,0.0040796,-0.022988,1.9647,0.12143,-0.05956
628.5,-51.052,70.953,8.8553,0.24092,0.0051794,-0.024256,1.9647,0.12143,-0.05956
628.6,-51.072,70.966,8.8528,0.24348,0.0063014,-0.025495,1.9647,0.12143,-0.05956
628.7,-51.093,70.979,8.8502,0.246,0.0074448,-0.026705,1.9647,0.12143,-0.05956
628.8,-51.114,70.992,8.8474,0.24848,0.0086087,-0.027886,1.9647,0.12143,-0.05956
628.9,-51.136,71.004,8.8446,0.25092,0.0097925,-0.029038,1.9647,0.12143,-0.05956
629,-51.157,71.017,8.8416,0.25332,0.010995,-0.030161,1.9647,0.12143,-0.05956
629.1,-51.179,71.03,8.8386,0.25569,0.012216,-0.031256,1.9647,0.12143,-0.05956
629.2,-51.201,71.044,8.8354,0.25802,0.013454,-0.032323,1.9647,0.12143,-0.05956
629.3,-51.224,71.057,8.8321,0.26031,0.014708,-0.033362,1.9647,0.12143,-0.05956
629.4,-51.246,71.07,8.8287,0.26256,0.015978,-0.034374,1.9647,0.12143,-0.05956
629.5,-51.269,71.084,8.8252,0.26478,0.017263,-0.035359,1.9647,0.12143,-0.05956
629.6,-51.292,71.097,8.8216,0.26695,0.018561,-0.036317,1.9647,0.12143,-0.05956
629.7,-51.315,71.111,8.818,0.26909,0.019872,-0.03725,1.9647,0.12143,-0.05956
629.8,-51.338,71.125,8.8142,0.2712,0.021195,-0.038157,1.9647,0.12143,-0.05956
629.9,-51.362,71.139,8.8103,0.27326,0.02253,-0.039039,1.9647,0.12143,-0.05956
630,-51.386,71.153,8.8064,0.27529,0.023874,-0.039897,1.9647,0.12143,-0.05956
630.1,-51.41,71.167,8.8024,0.27728,0.025228,-0.040731,1.9647,0.12143,-0.05956
630.2,-51.434,71.181,8.7982,0.27923,0.026591,-0.041541,1.9647,0.12143,-0.05956
630.3,-51.458,71.195,8.794,0.28115,0.027961,-0.042328,1.9647,0.12143,-0.05956
630.4,-51.482,71.209,8.7898,0.28303,0.029339,-0.043094,1.9647,0.12143,-0.05956
630.5,-51.507,71.224,8.7854,0.28488,0.030722,-0.043837,1.9647,0.12143,-0.05956
630.6,-51.532,71.239,8.781,0.28669,0.032112,-0.044559,1.9647,0.12143,-0.05956
630.7,-51.557,71.253,8.7765,0.28846,0.033506,-0.04526,1.9647,0.12143,-0.05956
630.8,-51.582,71.268,8.772,0.2902,0.034903,-0.04594,1.9647,0.12143,-0.05956
630.9,-51.607,71.283,8.7673,0.29191,0.036305,-0.046601,1.9647,0.12143,-0.05956
631,-51.632,71.298,8.7626,0.29358,0.037708,-0.047242,1.9647,0.12143,-0.05956
631.1,-51.658,71.313,8.7579,0.29521,0.039114,-0.047864,1.9647,0.12143,-0.05956
631.2,-51.684,71.328,8.7531,0.29681,0.040521,-0.048468,1.9647,0.12143,-0.05956
631.3,-51.709,71.344,8.7482,0.29838,0.041929,-0.049053,1.9647,0.12143,-0.05956
631.4,-51.735,71.359,8.7433,0.29992,0.043336,-0.049621,1.9647,0.12143,-0.05956
631.5,-51.761,71.375,8.7383,0.30142,0.044743,-0.050171,1.9647,0.12143,-0.05956
631.6,-51.788,71.39,8.7332,0.30289,0.046149,-0.050705,1.9647,0.12143,-0.05956
631.7,-51.814,71.406,8.7281,0.30432,0.047553,-0.051222,1.9647,0.12143,-0.05956
631.8,-51.84,71.422,8.723,0.30573,0.048955,-0.051723,1.9647,0.12143,-0.05956
631.9,-51.867,71.438,8.7178,0.3071,0.050354,-0.052208,1.9647,0.12143,-0.05956
632,-51.894,71.454,8.7125,0.30844,0.05175,-0.052678,1.9647,0.12143,-0.05956
632.1,-51.921,71.471,8.7072,0.30975,0.053142,-0.053133,1.9647,0.12143,-0.05956
632.2,-51.947,71.487,8.7019,0.31104,0.054529,-0.053573,1.9647,0.12143,-0.05956
632.3,-51.974,71.504,8.6965,0.31229,0.055912,-0.053999,1.9647,0.12143,-0.05956
632.4,-52.001,71.52,8.6911,0.31351,0.05729,-0.054411,3.5564,-8.7107e-16,4.4098e-16
632.5,-52.029,71.537,8.6857,0.31826,0.058145,-0.053202,3.5564,-8.7107e-16,4.4098e-16
632.6,-52.056,71.555,8.6805,0.32294,0.05897,-0.052124,3.5564,-8.7107e-16,4.4098e-16
632.7,-52.084,71.572,8.6753,0.32753,0.059769,-0.051166,3.5564,-8.7107e-16,4.4098e-16
632.8,-52.112,71.591,8.6702,0.33204,0.060547,-0.050318,3.5564,-8.7107e-16,4.4098e-16
632.9,-52.141,71.609,8.6652,0.33647,0.061307,-0.049571,3.5564,-8.7107e-16,4.4098e-16
633,-52.17,71.628,8.6603,0.34082,0.062051,-0.048917,3.5564,-8.7107e-16,4.4098e-16
633.1,-52.199,71.647,8.6554,0.34509,0.062784,-0.04835,3.5564,-8.7107e-16,4.4098e-16
633.2,-52.228,71.667,8.6506,0.34928,0.063506,-0.047864,3.5564,-8.7107e-16,4.4098e-16
633.3,-52.258,71.687,8.6459,0.3534,0.064222,-0.047452,3.5564,-8.7107e-16,4.4098e-16
633.4,-52.287,71.707,8.6411,0.35743,0.064932,-0.047111,3.5564,-8.7107e-16,4.4098e-16
633.5,-52.317,71.728,8.6364,0.36139,0.06564,-0.046835,3.5564,-8.7107e-16,4.4098e-16
633.6,-52.348,71.749,8.6318,0.36527,0.066347,-0.046621,3.5564,-8.7107e-16,4.4098e-16
633.7,-52.378,71.771,8.6271,0.36907,0.067056,-0.046464,3.5564,-8.7107e-16,4.4098e-16
633.8,-52.409,71.793,8.6225,0.3728,0.067767,-0.046362,3.5564,-8.7107e-16,4.4098e-16
633.9,-52.44,71.815,8.6178,0.37645,0.068483,-0.046312,3.5564,-8.7107e-16,4.4098e-16
634,-52.471,71.838,8.6132,0.38003,0.069205,-0.04631,3.5564,-8.7107e-16,4.4098e-16
634.1,-52.502,71.861,8.6086,0.38354,0.069935,-0.046354,3.5564,-8.7107e-16,4.4098e-16
634.2,-52.533,71.884,8.6039,0.38697,0.070674,-0.046442,3.5564,-8.7107e-16,4.4098e-16
634.3,-52.565,71.908,8.5993,0.39033,0.071423,-0.046571,3.5564,-8.7107e-16,4.4098e-16
634.4,-52.597,71.932,8.5946,0.39361,0.072183,-0.046739,3.5564,-8.7107e-16,4.4098e-16
634.5,-52.629,71.956,8.5899,0.39683,0.072957,-0.046943,3.5564,-8.7107e-16,4.4098e-16
634.6,-52.661,71.981,8.5852,0.39997,0.073744,-0.047183,3.5564,-8.7107e-16,4.4098e-16
634.7,-52.693,72.006,8.5805,0.40305,0.074546,-0.047457,3.5564,-8.7107e-16,4.4098e-16
634.8,-52.726,72.031,8.5757,0.40606,0.075363,-0.047761,3.5564,-8.7107e-16,4.4098e-16
634.9,-52.758,72.057,8.571,0.409,0.076197,-0.048096,3.5564,-8.7107e-16,4.4098e-16
635,-52.791,72.083,8.5661,0.41187,0.077049,-0.048459,3.5564,-8.7107e-16,4.4098e-16
635.1,-52.824,72.109,8.5613,0.41468,0.077919,-0.048848,3.5564,-8.7107e-16,4.4098e-16
635.2,-52.857,72.136,8.5564,0.41742,0.078807,-0.049262,3.5564,-8.7107e-16,4.4098e-16
635.3,-52.89,72.163,8.5514,0.42009,0.079715,-0.0497,3.5564,-8.7107e-16,4.4098e-16
635.4,-52.923,72.19,8.5464,0.42271,0.080643,-0.05016,3.5564,-8.7107e-16,4.4098e-16
635.5,-52.956,72.217,8.5414,0.42525,0.081592,-0.050641,3.5564,-8.7107e-16,4.4098e-16
635.6,-52.989,72.245,8.5363,0.42774,0.082562,-0.051141,3.5564,-8.7107e-16,4.4098e-16
635.7,-53.023,72.273,8.5311,0.43017,0.083553,-0.051659,3.5564,-8.7107e-16,4.4098e-16
635.8,-53.056,72.302,8.526,0.43253,0.084566,-0.052194,3.5564,-8.7107e-16,4.4098e-16
635.9,-53.09,72.331,8.5207,0.43484,0.0856,-0.052743,3.5564,-8.7107e-16,4.4098e-16
636,-53.124,72.36,8.5154,0.43708,0.086657,-0.053307,3.5564,-8.7107e-16,4.4098e-16
636.1,-53.157,72.389,8.51,0.43927,0.087736,-0.053883,3.5564,-8.7107e-16,4.4098e-16
636.2,-53.191,72.419,8.5046,0.4414,0.088838,-0.054471,3.5564,-8.7107e-16,4.4098e-16
636.3,-53.225,72.448,8.4992,0.44348,0.089962,-0.055068,3.5564,-8.7107e-16,4.4098e-16
636.4,-53.259,72.479,8.4936,0.44549,0.091108,-0.055674,3.5564,-8.7107e-16,4.4098e-16
636.5,-53.293,72.509,8.488,0.44746,0.092277,-0.056288,3.5564,-8.7107e-16,4.4098e-16
636.6,-53.327,72.54,8.4824,0.44937,0.093467,-0.056908,3.5564,-8.7107e-16,4.4098e-16
636.7,-53.361,72.571,8.4766,0.45122,0.09468,-0.057533,3.5564,-8.7107e-16,4.4098e-16
636.8,-53.395,72.602,8.4708,0.45303,0.095914,-0.058161,3.5564,-8.7107e-16,4.4098e-16
636.9,-53.429,72.634,8.465,0.45478,0.097169,-0.058793,3.5564,-8.7107e-16,4.4098e-16
637,-53.463,72.665,8.4591,0.45648,0.098445,-0.059426,3.5564,-8.7107e-16,4.4098e-16
637.1,-53.497,72.697,8.4531,0.45813,0.099742,-0.060059,3.5564,-8.7107e-16,4.4098e-16
637.2,-53.531,72.73,8.4471,0.45973,0.10106,-0.060692,3.5564,-8.7107e-16,4.4098e-16
637.3,-53.565,72.762,8.441,0.46128,0.1024,-0.061322,3.5564,-8.7107e-16,4.4098e-16
637.4,-53.599,72.795,8.4348,0.46279,0.10375,-0.06195,3.5564,-8.7107e-16,4.4098e-16
637.5,-53.633,72.828,8.4286,0.46425,0.10512,-0.062574,3.5564,-8.7107e-16,4.4098e-16
637.6,-53.667,72.862,8.4223,0.46566,0.10652,-0.063193,3.5564,-8.7107e-16,4.4098e-16
637.7,-53.701,72.895,8.4159,0.46703,0.10792,-0.063806,3.5564,-8.7107e-16,4.4098e-16
637.8,-53.735,72.929,8.4095,0.46835,0.10935,-0.064413,3.5564,-8.7107e-16,4.4098e-16
637.9,-53.769,72.963,8.4031,0.46963,0.11079,-0.065011,3.5564,-8.7107e-16,4.4098e-16
638,-53.803,72.998,8.3965,0.47086,0.11224,-0.065602,3.5564,-8.7107e-16,4.4098e-16
638.1,-53.837,73.033,8.3899,0.47206,0.11371,-0.066182,3.5564,-8.7107e-16,4.4098e-16
638.2,-53.871,73.067,8.3833,0.47321,0.11519,-0.066753,3.5564,-8.7107e-16,4.4098e-16
638.3,-53.905,73.103,8.3766,0.47432,0.11669,-0.067313,3.5564,-8.7107e-16,4.4098e-16
638.4,-53.938,73.138,8.3698,0.47539,0.11819,-0.067862,3.5564,-8.7107e-16,4.4098e-16
638.5,-53.972,73.174,8.363,0.47643,0.11971,-0.068398,3.5564,-8.7107e-16,4.4098e-16
638.6,-54.006,73.21,8.3562,0.47742,0.12123,-0.068922,3.5564,-8.7107e-16,4.4098e-16
638.7,-54.039,73.246,8.3492,0.47838,0.12276,-0.069432,3.5564,-8.7107e-16,4.4098e-16
638.8,-54.073,73.282,8.3423,0.4793,0.1243,-0.069928,3.5564,-8.7107e-16,4.4098e-16
638.9,-54.106,73.319,8.3353,0.48018,0.12585,-0.07041,3.5564,-8.7107e-16,4.4098e-16
639,-54.14,73.356,8.3282,0.48103,0.1274,-0.070877,3.5564,-8.7107e-16,4.4098e-16
639.1,-54.173,73.393,8.3211,0.48185,0.12896,-0.071329,3.5564,-8.7107e-16,4.4098e-16
639.2,-54.206,73.43,8.3139,0.48263,0.13052,-0.071766,3.5564,-8.7107e-16,4.4098e-16
639.3,-54.239,73.468,8.3067,0.48338,0.13208,-0.072187,3.5564,-8.7107e-16,4.4098e-16
639.4,-54.272,73.505,8.2995,0.4841,0.13365,-0.072592,3.5564,-8.7107e-16,4.4098e-16
639.5,-54.305,73.543,8.2922,0.48479,0.13521,-0.07298,3.5564,-8.7107e-16,4.4098e-16
639.6,-54.338,73.582,8.2849,0.48544,0.13678,-0.073352,3.5564,-8.7107e-16,4.4098e-16
639.7,-54.37,73.62,8.2775,0.48607,0.13834,-0.073708,3.5564,-8.7107e-16,4.4098e-16
639.8,-54.403,73.659,8.2702,0.48667,0.1399,-0.074047,3.5564,-8.7107e-16,4.4098e-16
639.9,-54.435,73.698,8.2627,0.48724,0.14146,-0.074369,3.5564,-8.7107e-16,4.4098e-16
640,-54.468,73.737,8.2553,0.48778,0.14302,-0.074674,3.5564,-8.7107e-16,4.4098e-16
640.1,-54.5,73.776,8.2478,0.4883,0.14457,-0.074962,3.5564,-8.7107e-16,4.4098e-16
640.2,-54.532,73.816,8.2403,0.48879,0.14611,-0.075234,3.5564,-8.7107e-16,4.4098e-16
640.3,-54.564,73.856,8.2328,0.48925,0.14765,-0.075489,3.5564,-8.7107e-16,4.4098e-16
640.4,-54.595,73.896,8.2252,0.4897,0.14918,-0.075727,3.5564,-8.7107e-16,4.4098e-16
640.5,-54.627,73.936,8.2176,0.49012,0.15071,-0.075949,3.5564,-8.7107e-16,4.4098e-16
640.6,-54.658,73.977,8.21,0.49051,0.15222,-0.076154,3.5564,-8.7107e-16,4.4098e-16
640.7,-54.69,74.018,8.2024,0.49089,0.15373,-0.076343,3.5564,-8.7107e-16,4.4098e-16
640.8,-54.721,74.059,8.1947,0.49124,0.15522,-0.076516,3.5564,-8.7107e-16,4.4098e-16
640.9,-54.752,74.1,8.1871,0.49157,0.15671,-0.076673,3.5564,-8.7107e-16,4.4098e-16
641,-54.783,74.141,8.1794,0.49188,0.15818,-0.076814,3.5564,-8.7107e-16,4.4098e-16
641.1,-54.813,74.183,8.1717,0.49218,0.15964,-0.07694,3.5564,-8.7107e-16,4.4098e-16
641.2,-54.844,74.225,8.164,0.49245,0.16109,-0.077051,3.5564,-8.7107e-16,4.4098e-16
641.3,-54.874,74.267,8.1563,0.49271,0.16253,-0.077147,3.5564,-8.7107e-16,4.4098e-16
641.4,-54.904,74.309,8.1486,0.49295,0.16395,-0.077229,3.5564,-8.7107e-16,4.4098e-16
641.5,-54.934,74.352,8.1409,0.49317,0.16536,-0.077296,3.5564,-8.7107e-16,4.4098e-16
641.6,-54.964,74.395,8.1331,0.49338,0.16675,-0.07735,3.5564,-8.7107e-16,4.4098e-16
641.7,-54.993,74.438,8.1254,0.49358,0.16813,-0.077389,3.5564,-8.7107e-16,4.4098e-16
641.8,-55.022,74.481,8.1176,0.49375,0.16949,-0.077416,3.5564,-8.7107e-16,4.4098e-16
641.9,-55.052,74.524,8.1099,0.49392,0.17084,-0.07743,3.5564,-8.7107e-16,4.4098e-16
642,-55.081,74.568,8.1022,0.49407,0.17217,-0.077431,3.5564,-8.7107e-16,4.4098e-16
642.1,-55.109,74.611,8.0944,0.49421,0.17349,-0.077419,3.5564,-8.7107e-16,4.4098e-16
642.2,-55.138,74.655,8.0867,0.49434,0.17478,-0.077396,3.5564,-8.7107e-16,4.4098e-16
642.3,-55.166,74.7,8.0789,0.49445,0.17607,-0.077362,3.5564,-8.7107e-16,4.4098e-16
642.4,-55.194,74.744,8.0712,0.49456,0.17733,-0.077316,3.5564,-8.7107e-16,4.4098e-16
642.5,-55.222,74.789,8.0635,0.49465,0.17858,-0.077259,3.5564,-8.7107e-16,4.4098e-16
642.6,-55.25,74.833,8.0558,0.49474,0.17981,-0.077192,3.5564,-8.7107e-16,4.4098e-16
642.7,-55.277,74.878,8.048,0.49481,0.18102,-0.077116,3.5564,-8.7107e-16,4.4098e-16
642.8,-55.304,74.923,8.0403,0.49488,0.18221,-0.077029,3.5564,-8.7107e-16,4.4098e-16
642.9,-55.331,74.969,8.0326,0.49494,0.18338,-0.076933,3.5564,-8.7107e-16,4.4098e-16
643,-55.358,75.014,8.0249,0.49499,0.18454,-0.076828,3.5564,-8.7107e-16,4.4098e-16
643.1,-55.384,75.06,8.0173,0.49503,0.18568,-0.076715,3.5564,-8.7107e-16,4.4098e-16
643.2,-55.411,75.106,8.0096,0.49507,0.1868,-0.076593,3.5564,-8.7107e-16,4.4098e-16
643.3,-55.437,75.152,8.0019,0.4951,0.1879,-0.076464,11.183,-0.78176,0.38345
643.4,-55.462,75.199,7.9948,0.51219,0.18561,-0.06604,11.183,-0.78176,0.38345
643.5,-55.488,75.248,7.9887,0.52902,0.18307,-0.056537,11.183,-0.78176,0.38345
643.6,-55.513,75.299,7.9835,0.54557,0.18029,-0.047732,11.183,-0.78176,0.38345
643.7,-55.538,75.352,7.9791,0.56184,0.17726,-0.039441,11.183,-0.78176,0.38345
643.8,-55.562,75.406,7.9756,0.57781,0.17398,-0.031504,11.183,-0.78176,0.38345
643.9,-55.586,75.462,7.9728,0.59347,0.17044,-0.023779,11.183,-0.78176,0.38345
644,-55.61,75.52,7.9708,0.60882,0.16662,-0.016127,11.183,-0.78176,0.38345
644.1,-55.634,75.579,7.9696,0.62387,0.16251,-0.0084105,11.183,-0.78176,0.38345
644.2,-55.657,75.64,7.9692,0.6386,0.15805,-0.00048292,11.183,-0.78176,0.38345
644.3,-55.68,75.703,7.9695,0.65302,0.15297,0.0076999,11.183,-0.78176,0.38345
644.4,-55.702,75.766,7.9707,0.66714,0.14689,0.016054,11.183,-0.78176,0.38345
644.5,-55.724,75.832,7.9727,0.68094,0.1398,0.024584,11.183,-0.78176,0.38345
644.6,-55.746,75.898,7.9756,0.69442,0.13168,0.033302,11.183,-0.78176,0.38345
644.7,-55.767,75.966,7.9794,0.70758,0.12256,0.042225,11.183,-0.78176,0.38345
644.8,-55.788,76.036,7.9841,0.72041,0.11243,0.051378,11.183,-0.78176,0.38345
644.9,-55.808,76.106,7.9897,0.73289,0.10133,0.06079,11.183,-0.78176,0.38345
645,-55.828,76.178,7.9963,0.74502,0.089277,0.070493,11.183,-0.78176,0.38345
645.1,-55.847,76.251,8.0038,0.75679,0.076317,0.080524,11.183,-0.78176,0.38345
645.2,-55.866,76.325,8.0124,0.76818,0.062496,0.090918,11.183,-0.78176,0.38345
645.3,-55.884,76.401,8.022,0.77916,0.04787,0.10171,11.183,-0.78176,0.38345
645.4,-55.901,76.477,8.0327,0.78973,0.032504,0.11292,11.183,-0.78176,0.38345
645.5,-55.918,76.555,8.0446,0.79986,0.016472,0.12457,11.183,-0.78176,0.38345
645.6,-55.935,76.634,8.0577,0.80953,-0.00014086,0.13668,11.183,-0.78176,0.38345
645.7,-55.951,76.714,8.0719,0.81872,-0.017499,0.14893,11.183,-0.78176,0.38345
645.8,-55.967,76.795,8.0874,0.82739,-0.03579,0.16095,11.183,-0.78176,0.38345
645.9,-55.982,76.876,8.1041,0.8355,-0.054958,0.17257,11.183,-0.78176,0.38345
646,-55.997,76.959,8.1219,0.84304,-0.074925,0.18366,11.183,-0.78176,0.38345
646.1,-56.012,77.043,8.1408,0.84997,-0.095603,0.19411,11.183,-0.78176,0.38345
646.2,-56.027,77.128,8.1607,0.85627,-0.11689,0.2038,11.183,-0.78176,0.38345
646.3,-56.042,77.213,8.1816,0.86192,-0.13868,0.21269,11.183,-0.78176,0.38345
646.4,-56.056,77.3,8.2032,0.8669,-0.16085,0.22071,11.183,-0.78176,0.38345
646.5,-56.071,77.387,8.2257,0.87121,-0.1833,0.22785,11.183,-0.78176,0.38345
646.6,-56.086,77.475,8.2488,0.87485,-0.20592,0.2341,11.183,-0.78176,0.38345
646.7,-56.1,77.564,8.2725,0.87782,-0.22861,0.23945,11.183,-0.78176,0.38345
646.8,-56.115,77.654,8.2966,0.88014,-0.25126,0.24395,11.183,-0.78176,0.38345
646.9,-56.13,77.745,8.3212,0.88184,-0.2738,0.2476,11.183,-0.78176,0.38345
647,-56.146,77.836,8.3461,0.88293,-0.29615,0.25045,11.183,-0.78176,0.38345
647.1,-56.162,77.929,8.3713,0.88344,-0.31824,0.25254,11.183,-0.78176,0.38345
647.2,-56.178,78.021,8.3966,0.88342,-0.34001,0.2539,11.183,-0.78176,0.38345
647.3,-56.195,78.115,8.4221,0.88289,-0.36143,0.25458,11.183,-0.78176,0.38345
647.4,-56.212,78.209,8.4475,0.8819,-0.38244,0.25462,11.183,-0.78176,0.38345
647.5,-56.23,78.304,8.473,0.88049,-0.40303,0.25405,11.183,-0.78176,0.38345
647.6,-56.248,78.399,8.4983,0.8787,-0.42317,0.25292,11.183,-0.78176,0.38345
647.7,-56.268,78.495,8.5235,0.87657,-0.44285,0.25127,11.183,-0.78176,0.38345
647.8,-56.288,78.592,8.5485,0.87415,-0.46206,0.24912,11.183,-0.78176,0.38345
647.9,-56.309,78.689,8.5733,0.87149,-0.48081,0.24651,11.183,-0.78176,0.38345
648,-56.33,78.786,8.5978,0.86862,-0.49909,0.24348,11.183,-0.78176,0.38345
648.1,-56.353,78.884,8.622,0.86559,-0.51693,0.24004,11.183,-0.78176,0.38345
648.2,-56.376,78.983,8.6458,0.86244,-0.53434,0.23622,11.183,-0.78176,0.38345
648.3,-56.401,79.081,8.6692,0.85921,-0.55134,0.23205,11.183,-0.78176,0.38345
648.4,-56.426,79.181,8.6922,0.85593,-0.56794,0.22754,11.183,-0.78176,0.38345
648.5,-56.452,79.28,8.7147,0.85265,-0.58418,0.2227,11.183,-0.78176,0.38345
648.6,-56.479,79.38,8.7368,0.8494,-0.60009,0.21756,11.183,-0.78176,0.38345
648.7,-56.507,79.481,8.7582,0.84621,-0.6157,0.21211,11.183,-0.78176,0.38345
648.8,-56.536,79.582,8.7792,0.84312,-0.63104,0.20636,11.183,-0.78176,0.38345
648.9,-56.566,79.683,8.7995,0.84016,-0.64616,0.20032,11.183,-0.78176,0.38345
649,-56.596,79.785,8.8192,0.83736,-0.66109,0.19397,4.5032,-1.103e-15,5.3835e-16
649.1,-56.628,79.887,8.8378,0.82027,-0.67224,0.17687,4.5032,-1.103e-15,5.3835e-16
649.2,-56.658,79.988,8.8546,0.80451,-0.68264,0.16011,4.5032,-1.103e-15,5.3835e-16
649.3,-56.689,80.089,8.8698,0.79007,-0.69244,0.14349,4.5032,-1.103e-15,5.3835e-16
649.4,-56.72,80.189,8.8833,0.77693,-0.70183,0.12685,4.5032,-1.103e-15,5.3835e-16
649.5,-56.75,80.289,8.8951,0.76509,-0.71096,0.11001,4.5032,-1.103e-15,5.3835e-16
649.6,-56.78,80.389,8.9053,0.75456,-0.71997,0.09278,4.5032,-1.103e-15,5.3835e-16
649.7,-56.81,80.489,8.9137,0.74536,-0.72903,0.074939,4.5032,-1.103e-15,5.3835e-16
649.8,-56.839,80.589,8.9203,0.73753,-0.73827,0.056214,4.5032,-1.103e-15,5.3835e-16
649.9,-56.867,80.69,8.9249,0.73112,-0.74789,0.036257,4.5032,-1.103e-15,5.3835e-16
650,-56.895,80.791,8.9274,0.72623,-0.75806,0.014603,4.5032,-1.103e-15,5.3835e-16
650.1,-56.923,80.892,8.9277,0.72298,-0.7684,-0.0091465,4.5032,-1.103e-15,5.3835e-16
650.2,-56.949,80.994,8.9256,0.72143,-0.77249,-0.032521,4.5032,-1.103e-15,5.3835e-16
650.3,-56.975,81.097,8.9213,0.72146,-0.76883,-0.053568,4.5032,-1.103e-15,5.3835e-16
650.4,-57.001,81.199,8.915,0.72278,-0.75817,-0.071319,4.5032,-1.103e-15,5.3835e-16
650.5,-57.028,81.299,8.9072,0.72505,-0.7417,-0.085352,4.5032,-1.103e-15,5.3835e-16
650.6,-57.054,81.399,8.8981,0.72792,-0.72077,-0.095704,4.5032,-1.103e-15,5.3835e-16
650.7,-57.081,81.497,8.8881,0.73108,-0.69672,-0.10272,4.5032,-1.103e-15,5.3835e-16
650.8,-57.109,81.594,8.8776,0.73426,-0.67071,-0.10689,4.5032,-1.103e-15,5.3835e-16
650.9,-57.137,81.688,8.8668,0.73728,-0.64371,-0.10876,4.5032,-1.103e-15,5.3835e-16
651,-57.166,81.781,8.8559,0.74,-0.61648,-0.10883,4.5032,-1.103e-15,5.3835e-16
651.1,-57.195,81.872,8.8451,0.74234,-0.58957,-0.10754,4.5032,-1.103e-15,5.3835e-16
651.2,-57.225,81.961,8.8345,0.74426,-0.56337,-0.10524,4.5032,-1.103e-15,5.3835e-16
651.3,-57.256,82.048,8.8241,0.74574,-0.53814,-0.10224,4.5032,-1.103e-15,5.3835e-16
651.4,-57.287,82.134,8.814,0.7468,-0.51403,-0.098739,4.5032,-1.103e-15,5.3835e-16
651.5,-57.319,82.218,8.8044,0.74745,-0.49113,-0.094921,4.5032,-1.103e-15,5.3835e-16
651.6,-57.352,82.301,8.7951,0.74772,-0.46949,-0.090909,4.5032,-1.103e-15,5.3835e-16
651.7,-57.385,82.382,8.7862,0.74763,-0.4491,-0.086797,4.5032,-1.103e-15,5.3835e-16
651.8,-57.418,82.462,8.7777,0.74723,-0.42995,-0.082652,4.5032,-1.103e-15,5.3835e-16
651.9,-57.452,82.541,8.7696,0.74655,-0.41198,-0.078522,4.5032,-1.103e-15,5.3835e-16
652,-57.487,82.618,8.762,0.74561,-0.39516,-0.074439,4.5032,-1.103e-15,5.3835e-16
652.1,-57.521,82.695,8.7548,0.74445,-0.37944,-0.070424,4.5032,-1.103e-15,5.3835e-16
652.2,-57.556,82.77,8.7479,0.74309,-0.36475,-0.066493,4.5032,-1.103e-15,5.3835e-16
652.3,-57.591,82.845,8.7415,0.74156,-0.35104,-0.062651,4.5032,-1.103e-15,5.3835e-16
652.4,-57.627,82.918,8.7354,0.73989,-0.33826,-0.0589,4.5032,-1.103e-15,5.3835e-16
652.5,-57.662,82.991,8.7297,0.73809,-0.32637,-0.05524,4.5032,-1.103e-15,5.3835e-16
652.6,-57.698,83.063,8.7243,0.73619,-0.31531,-0.051667,4.5032,-1.103e-15,5.3835e-16
652.7,-57.734,83.134,8.7193,0.73419,-0.30503,-0.048175,4.5032,-1.103e-15,5.3835e-16
652.8,-57.771,83.205,8.7147,0.73212,-0.2955,-0.044758,4.5032,-1.103e-15,5.3835e-16
652.9,-57.807,83.275,8.7104,0.72999,-0.28668,-0.041407,4.5032,-1.103e-15,5.3835e-16
653,-57.843,83.344,8.7064,0.7278,-0.27854,-0.038113,4.5032,-1.103e-15,5.3835e-16
653.1,-57.88,83.412,8.7028,0.72558,-0.27105,-0.034867,4.5032,-1.103e-15,5.3835e-16
653.2,-57.916,83.48,8.6994,0.72332,-0.26417,-0.031659,4.5032,-1.103e-15,5.3835e-16
653.3,-57.953,83.548,8.6964,0.72104,-0.25789,-0.028478,4.5032,-1.103e-15,5.3835e-16
653.4,-57.99,83.615,8.6937,0.71874,-0.25218,-0.025313,4.5032,-1.103e-15,5.3835e-16
653.5,-58.026,83.681,8.6914,0.71643,-0.24703,-0.022152,4.5032,-1.103e-15,5.3835e-16
653.6,-58.063,83.748,8.6893,0.7141,-0.24243,-0.018985,4.5032,-1.103e-15,5.3835e-16
653.7,-58.1,83.813,8.6876,0.71178,-0.23836,-0.015799,4.5032,-1.103e-15,5.3835e-16
653.8,-58.136,83.879,8.6861,0.70945,-0.23482,-0.01258,4.5032,-1.103e-15,5.3835e-16
653.9,-58.173,83.944,8.685,0.70712,-0.2318,-0.0093169,4.5032,-1.103e-15,5.3835e-16
654,-58.21,84.008,8.6843,0.70479,-0.2293,-0.0059944,4.5032,-1.103e-15,5.3835e-16
654.1,-58.246,84.072,8.6839,0.70247,-0.22732,-0.0025983,4.5032,-1.103e-15,5.3835e-16
654.2,-58.283,84.137,8.6838,0.70014,-0.22585,0.00089091,4.5032,-1.103e-15,5.3835e-16
654.3,-58.319,84.2,8.684,0.69782,-0.22466,0.0045734,4.5032,-1.103e-15,5.3835e-16
654.4,-58.355,84.264,8.6847,0.69549,-0.22364,0.0084821,4.5032,-1.103e-15,5.3835e-16
654.5,-58.391,84.327,8.6857,0.69315,-0.22281,0.012607,4.5032,-1.103e-15,5.3835e-16
654.6,-58.428,84.39,8.6872,0.69081,-0.22217,0.016935,4.5032,-1.103e-15,5.3835e-16
654.7,-58.464,84.453,8.6891,0.68845,-0.22175,0.021445,4.5032,-1.103e-15,5.3835e-16
654.8,-58.5,84.515,8.6915,0.68607,-0.22155,0.026115,4.5032,-1.103e-15,5.3835e-16
654.9,-58.536,84.578,8.6944,0.68368,-0.22157,0.030915,4.5032,-1.103e-15,5.3835e-16
655,-58.572,84.64,8.6977,0.68126,-0.22183,0.035814,4.5032,-1.103e-15,5.3835e-16
655.1,-58.608,84.701,8.7015,0.67883,-0.22233,0.040774,4.5032,-1.103e-15,5.3835e-16
655.2,-58.645,84.763,8.7059,0.67637,-0.22308,0.045759,4.5032,-1.103e-15,5.3835e-16
655.3,-58.681,84.824,8.7107,0.67389,-0.22406,0.050726,4.5032,-1.103e-15,5.3835e-16
655.4,-58.717,84.885,8.716,0.67138,-0.22528,0.055637,4.5032,-1.103e-15,5.3835e-16
655.5,-58.753,84.946,8.7218,0.66886,-0.22674,0.06045,4.5032,-1.103e-15,5.3835e-16
655.6,-58.79,85.006,8.7281,0.66631,-0.22841,0.065128,4.5032,-1.103e-15,5.3835e-16
655.7,-58.826,85.066,8.7348,0.66373,-0.23031,0.069636,4.5032,-1.103e-15,5.3835e-16
655.8,-58.863,85.126,8.742,0.66114,-0.2324,0.073941,4.5032,-1.103e-15,5.3835e-16
655.9,-58.9,85.186,8.7496,0.65853,-0.23468,0.078016,4.5032,-1.103e-15,5.3835e-16
656,-58.936,85.245,8.7576,0.65591,-0.23712,0.081838,4.5032,-1.103e-15,5.3835e-16
656.1,-58.973,85.304,8.766,0.65327,-0.23972,0.085391,4.5032,-1.103e-15,5.3835e-16
656.2,-59.01,85.363,8.7747,0.65063,-0.24246,0.08866,4.5032,-1.103e-15,5.3835e-16
656.3,-59.048,85.422,8.7837,0.64798,-0.2453,0.091638,4.5032,-1.103e-15,5.3835e-16
656.4,-59.085,85.48,8.793,0.64532,-0.24825,0.094321,4.5032,-1.103e-15,5.3835e-16
656.5,-59.122,85.538,8.8025,0.64267,-0.25127,0.096711,4.5032,-1.103e-15,5.3835e-16
656.6,-59.16,85.596,8.8123,0.64003,-0.25435,0.09881,4.5032,-1.103e-15,5.3835e-16
656.7,-59.198,85.653,8.8223,0.63739,-0.25748,0.10063,4.5032,-1.103e-15,5.3835e-16
656.8,-59.236,85.71,8.8324,0.63476,-0.26063,0.10217,4.5032,-1.103e-15,5.3835e-16
656.9,-59.274,85.767,8.8427,0.63216,-0.26379,0.10345,4.5032,-1.103e-15,5.3835e-16
657,-59.313,85.824,8.8531,0.62957,-0.26695,0.10449,4.5032,-1.103e-15,5.3835e-16
657.1,-59.351,85.88,8.8636,0.62701,-0.27009,0.10529,4.5032,-1.103e-15,5.3835e-16
657.2,-59.39,85.936,8.8742,0.62448,-0.2732,0.10587,4.5032,-1.103e-15,5.3835e-16
657.3,-59.429,85.992,8.8848,0.62198,-0.27628,0.10624,4.5032,-1.103e-15,5.3835e-16
657.4,-59.468,86.048,8.8954,0.61951,-0.27932,0.10643,4.5032,-1.103e-15,5.3835e-16
657.5,-59.508,86.103,8.9061,0.61709,-0.2823,0.10643,4.5032,-1.103e-15,5.3835e-16
657.6,-59.547,86.158,8.9167,0.61471,-0.28522,0.10628,4.5032,-1.103e-15,5.3835e-16
657.7,-59.587,86.212,8.9273,0.61237,-0.28807,0.10598,4.5032,-1.103e-15,5.3835e-16
657.8,-59.628,86.267,8.9379,0.61008,-0.29086,0.10555,4.5032,-1.103e-15,5.3835e-16
657.9,-59.668,86.321,8.9484,0.60784,-0.29357,0.10499,4.5032,-1.103e-15,5.3835e-16
658,-59.709,86.375,8.9589,0.60565,-0.2962,0.10432,4.5032,-1.103e-15,5.3835e-16
658.1,-59.75,86.428,8.9693,0.60351,-0.29875,0.10355,4.5032,-1.103e-15,5.3835e-16
658.2,-59.791,86.482,8.9796,0.60143,-0.30123,0.10269,4.5032,-1.103e-15,5.3835e-16
658.3,-59.832,86.535,8.9898,0.59941,-0.30362,0.10176,4.5032,-1.103e-15,5.3835e-16
658.4,-59.874,86.587,8.9999,0.59745,-0.30593,0.10075,4.5032,-1.103e-15,5.3835e-16
658.5,-59.916,86.64,9.0099,0.59554,-0.30816,0.099674,4.5032,-1.103e-15,5.3835e-16
658.6,-59.958,86.692,9.0199,0.5937,-0.3103,0.098545,4.5032,-1.103e-15,5.3835e-16
658.7,-60.001,86.743,9.0297,0.59192,-0.31237,0.097368,4.5032,-1.103e-15,5.3835e-16
658.8,-60.043,86.795,9.0393,0.5902,-0.31435,0.096148,4.5032,-1.103e-15,5.3835e-16
658.9,-60.086,86.846,9.0489,0.58854,-0.31626,0.094891,4.5032,-1.103e-15,5.3835e-16
659,-60.13,86.897,9.0583,0.58694,-0.31809,0.093603,4.5032,-1.103e-15,5.3835e-16
659.1,-60.173,86.947,9.0676,0.58541,-0.31984,0.092287,4.5032,-1.103e-15,5.3835e-16
659.2,-60.217,86.998,9.0768,0.58394,-0.32152,0.090949,4.5032,-1.103e-15,5.3835e-16
659.3,-60.261,87.048,9.0858,0.58253,-0.32312,0.089593,4.5032,-1.103e-15,5.3835e-16
659.4,-60.305,87.097,9.0947,0.58118,-0.32465,0.088221,4.5032,-1.103e-15,5.3835e-16
659.5,-60.35,87.147,9.1034,0.5799,-0.32612,0.086838,4.5032,-1.103e-15,5.3835e-16
659.6,-60.395,87.196,9.1121,0.57867,-0.32751,0.085446,4.5032,-1.103e-15,5.3835e-16
659.7,-60.44,87.245,9.1205,0.57751,-0.32884,0.084048,4.5032,-1.103e-15,5.3835e-16
659.8,-60.485,87.293,9.1289,0.5764,-0.33011,0.082647,4.5032,-1.103e-15,5.3835e-16
659.9,-60.531,87.342,9.1371,0.57536,-0.33132,0.081244,4.5032,-1.103e-15,5.3835e-16
660,-60.577,87.389,9.1451,0.57437,-0.33247,0.079843,4.5032,-1.103e-15,5.3835e-16
660.1,-60.623,87.437,9.153,0.57344,-0.33356,0.078443,4.5032,-1.103e-15,5.3835e-16
660.2,-60.669,87.485,9.1608,0.57256,-0.33459,0.077048,4.5032,-1.103e-15,5.3835e-16
660.3,-60.716,87.532,9.1684,0.57174,-0.33557,0.075658,4.5032,-1.103e-15,5.3835e-16
660.4,-60.763,87.578,9.1759,0.57098,-0.3365,0.074276,4.5032,-1.103e-15,5.3835e-16
660.5,-60.81,87.625,9.1833,0.57026,-0.33737,0.072901,4.5032,-1.103e-15,5.3835e-16
660.6,-60.858,87.671,9.1905,0.5696,-0.3382,0.071536,4.5032,-1.103e-15,5.3835e-16
660.7,-60.905,87.717,9.1976,0.569,-0.33898,0.070181,4.5032,-1.103e-15,5.3835e-16
660.8,-60.953,87.763,9.2045,0.56844,-0.33972,0.068837,4.5032,-1.103e-15,5.3835e-16
660.9,-61.001,87.808,9.2114,0.56792,-0.34041,0.067504,4.5032,-1.103e-15,5.3835e-16
661,-61.05,87.853,9.2181,0.56746,-0.34106,0.066185,4.5032,-1.103e-15,5.3835e-16
661.1,-61.098,87.898,9.2246,0.56704,-0.34167,0.064878,4.5032,-1.103e-15,5.3835e-16
661.2,-61.147,87.943,9.231,0.56667,-0.34223,0.063585,4.5032,-1.103e-15,5.3835e-16
661.3,-61.196,87.987,9.2373,0.56634,-0.34277,0.062305,4.5032,-1.103e-15,5.3835e-16
661.4,-61.246,88.031,9.2435,0.56605,-0.34326,0.061041,4.5032,-1.103e-15,5.3835e-16
661.5,-61.295,88.075,9.2495,0.56581,-0.34372,0.059791,4.5032,-1.103e-15,5.3835e-16
661.6,-61.345,88.119,9.2554,0.5656,-0.34414,0.058556,4.5032,-1.103e-15,5.3835e-16
661.7,-61.395,88.162,9.2612,0.56544,-0.34453,0.057337,4.5032,-1.103e-15,5.3835e-16
661.8,-61.446,88.205,9.2669,0.56531,-0.34489,0.056133,4.5032,-1.103e-15,5.3835e-16
661.9,-61.496,88.248,9.2725,0.56522,-0.34521,0.054945,4.5032,-1.103e-15,5.3835e-16
662,-61.547,88.291,9.2779,0.56516,-0.34551,0.053773,4.5032,-1.103e-15,5.3835e-16
662.1,-61.598,88.333,9.2832,0.56514,-0.34578,0.052618,4.5032,-1.103e-15,5.3835e-16
662.2,-61.649,88.375,9.2884,0.56515,-0.34601,0.051478,4.5032,-1.103e-15,5.3835e-16
662.3,-61.7,88.417,9.2935,0.56519,-0.34622,0.050355,4.5032,-1.103e-15,5.3835e-16
662.4,-61.752,88.459,9.2985,0.56527,-0.34641,0.049249,4.5032,-1.103e-15,5.3835e-16
662.5,-61.804,88.5,9.3034,0.56537,-0.34657,0.048159,4.5032,-1.103e-15,5.3835e-16
662.6,-61.856,88.541,9.3081,0.5655,-0.3467,0.047085,4.5032,-1.103e-15,5.3835e-16
662.7,-61.908,88.582,9.3128,0.56566,-0.34681,0.046029,4.5032,-1.103e-15,5.3835e-16
662.8,-61.961,88.623,9.3173,0.56585,-0.34689,0.044989,4.5032,-1.103e-15,5.3835e-16
662.9,-62.013,88.663,9.3218,0.56606,-0.34695,0.043966,4.5032,-1.103e-15,5.3835e-16
663,-62.066,88.703,9.3261,0.56629,-0.34699,0.042959,1.5577,0.029992,-0.014711
663.1,-62.119,88.743,9.3304,0.56001,-0.34686,0.041451,1.5577,0.029992,-0.014711
663.2,-62.171,88.783,9.3344,0.55394,-0.34664,0.039762,1.5577,0.029992,-0.014711
663.3,-62.223,88.822,9.3383,0.54808,-0.34633,0.037904,1.5577,0.029992,-0.014711
663.4,-62.274,88.861,9.342,0.54243,-0.34594,0.035889,1.5577,0.029992,-0.014711
663.5,-62.325,88.9,9.3455,0.53699,-0.34547,0.033724,1.5577,0.029992,-0.014711
663.6,-62.376,88.939,9.3487,0.53176,-0.34492,0.031421,1.5577,0.029992,-0.014711
663.7,-62.426,88.977,9.3518,0.52673,-0.34429,0.028984,1.5577,0.029992,-0.014711
663.8,-62.476,89.015,9.3545,0.5219,-0.34358,0.026422,1.5577,0.029992,-0.014711
663.9,-62.525,89.053,9.357,0.51727,-0.34279,0.023738,1.5577,0.029992,-0.014711
664,-62.574,89.091,9.3593,0.51284,-0.34193,0.020936,1.5577,0.029992,-0.014711
664.1,-62.623,89.128,9.3612,0.50861,-0.341,0.018019,1.5577,0.029992,-0.014711
664.2,-62.672,89.165,9.3629,0.50457,-0.34,0.014986,1.5577,0.029992,-0.014711
664.3,-62.72,89.202,9.3642,0.50073,-0.33892,0.011836,1.5577,0.029992,-0.014711
664.4,-62.767,89.239,9.3652,0.49707,-0.33779,0.0085676,1.5577,0.029992,-0.014711
664.5,-62.815,89.275,9.3659,0.4936,-0.33659,0.0051748,1.5577,0.029992,-0.014711
664.6,-62.862,89.312,9.3663,0.49031,-0.33533,0.0016509,1.5577,0.029992,-0.014711
664.7,-62.909,89.348,9.3662,0.48721,-0.33392,-0.0019813,1.5577,0.029992,-0.014711
664.8,-62.955,89.384,9.3659,0.48429,-0.33194,-0.0055502,1.5577,0.029992,-0.014711
664.9,-63.002,89.42,9.3651,0.48154,-0.32935,-0.0089919,1.5577,0.029992,-0.014711
665,-63.048,89.456,9.3641,0.47895,-0.32618,-0.012269,1.5577,0.029992,-0.014711
665.1,-63.093,89.491,9.3627,0.47651,-0.32246,-0.015351,1.5577,0.029992,-0.014711
665.2,-63.139,89.526,9.361,0.47421,-0.31823,-0.018214,1.5577,0.029992,-0.014711
665.3,-63.184,89.56,9.3591,0.47203,-0.31355,-0.020841,1.5577,0.029992,-0.014711
665.4,-63.229,89.595,9.3569,0.46996,-0.30845,-0.023224,1.5577,0.029992,-0.014711
665.5,-63.274,89.628,9.3544,0.468,-0.303,-0.025359,1.5577,0.029992,-0.014711
665.6,-63.318,89.662,9.3518,0.46612,-0.29724,-0.027246,1.5577,0.029992,-0.014711
665.7,-63.362,89.694,9.349,0.46432,-0.29122,-0.028892,1.5577,0.029992,-0.014711
665.8,-63.406,89.727,9.346,0.46258,-0.28498,-0.030306,1.5577,0.029992,-0.014711
665.9,-63.45,89.759,9.3429,0.4609,-0.27859,-0.0315,1.5577,0.029992,-0.014711
666,-63.493,89.79,9.3397,0.45927,-0.27207,-0.032489,1.5577,0.029992,-0.014711
666.1,-63.537,89.821,9.3364,0.45767,-0.26547,-0.033287,1.5577,0.029992,-0.014711
666.2,-63.58,89.851,9.3331,0.45611,-0.25881,-0.033909,1.5577,0.029992,-0.014711
666.3,-63.623,89.881,9.3297,0.45458,-0.25214,-0.034372,1.5577,0.029992,-0.014711
666.4,-63.666,89.91,9.3262,0.45308,-0.24548,-0.034692,1.5577,0.029992,-0.014711
666.5,-63.708,89.938,9.3227,0.45159,-0.23884,-0.034883,1.5577,0.029992,-0.014711
666.6,-63.751,89.966,9.3192,0.45012,-0.23227,-0.034959,1.5577,0.029992,-0.014711
666.7,-63.793,89.994,9.3157,0.44866,-0.22576,-0.034936,1.5577,0.029992,-0.014711
666.8,-63.835,90.021,9.3122,0.44722,-0.21934,-0.034824,1.5577,0.029992,-0.014711
666.9,-63.877,90.048,9.3088,0.44578,-0.21302,-0.034636,1.5577,0.029992,-0.014711
667,-63.919,90.074,9.3053,0.44435,-0.2068,-0.034382,1.5577,0.029992,-0.014711
667.1,-63.96,90.099,9.3019,0.44293,-0.20071,-0.034073,1.5577,0.029992,-0.014711
667.2,-64.002,90.124,9.2985,0.44152,-0.19473,-0.033717,1.5577,0.029992,-0.014711
667.3,-64.043,90.149,9.2952,0.44012,-0.18889,-0.033322,1.5577,0.029992,-0.014711
667.4,-64.084,90.173,9.2918,0.43872,-0.18317,-0.032895,1.5577,0.029992,-0.014711
667.5,-64.125,90.197,9.2886,0.43733,-0.17759,-0.032443,1.5577,0.029992,-0.014711
667.6,-64.166,90.22,9.2854,0.43594,-0.17215,-0.031971,1.5577,0.029992,-0.014711
667.7,-64.207,90.243,9.2822,0.43457,-0.16683,-0.031485,1.5577,0.029992,-0.014711
667.8,-64.247,90.266,9.2791,0.4332,-0.16166,-0.030989,1.5577,0.029992,-0.014711
667.9,-64.288,90.288,9.276,0.43184,-0.15662,-0.030487,1.5577,0.029992,-0.014711
668,-64.328,90.309,9.273,0.43049,-0.15171,-0.029983,1.5577,0.029992,-0.014711
668.1,-64.368,90.331,9.27,0.42915,-0.14693,-0.029479,1.5577,0.029992,-0.014711
668.2,-64.408,90.352,9.2671,0.42782,-0.14227,-0.028978,1.5577,0.029992,-0.014711
668.3,-64.448,90.372,9.2642,0.4265,-0.13775,-0.028484,1.5577,0.029992,-0.014711
668.4,-64.488,90.393,9.2614,0.42519,-0.13334,-0.027997,1.5577,0.029992,-0.014711
668.5,-64.528,90.412,9.2586,0.42389,-0.12906,-0.027519,1.5577,0.029992,-0.014711
668.6,-64.567,90.432,9.2559,0.42261,-0.1249,-0.027053,1.5577,0.029992,-0.014711
668.7,-64.607,90.451,9.2532,0.42134,-0.12084,-0.026599,1.5577,0.029992,-0.014711
668.8,-64.646,90.47,9.2505,0.42008,-0.1169,-0.026159,1.5577,0.029992,-0.014711
668.9,-64.685,90.489,9.248,0.41883,-0.11307,-0.025733,1.5577,0.029992,-0.014711
669,-64.725,90.507,9.2454,0.4176,-0.10934,-0.025323,1.5577,0.029992,-0.014711
669.1,-64.764,90.525,9.2429,0.41638,-0.10571,-0.02493,1.5577,0.029992,-0.014711
669.2,-64.803,90.543,9.2404,0.41517,-0.10217,-0.024553,1.5577,0.029992,-0.014711
669.3,-64.842,90.561,9.238,0.41398,-0.098735,-0.024194,1.5577,0.029992,-0.014711
669.4,-64.88,90.578,9.2356,0.41281,-0.095388,-0.023853,1.5577,0.029992,-0.014711
669.5,-64.919,90.595,9.2332,0.41165,-0.092129,-0.02353,1.5577,0.029992,-0.014711
669.6,-64.958,90.612,9.2309,0.4105,-0.088955,-0.023226,1.5577,0.029992,-0.014711
669.7,-64.996,90.628,9.2286,0.40937,-0.085863,-0.02294,1.5577,0.029992,-0.014711
669.8,-65.035,90.644,9.2263,0.40825,-0.082851,-0.022674,1.5577,0.029992,-0.014711
669.9,-65.073,90.661,9.224,0.40715,-0.079914,-0.022427,1.5577,0.029992,-0.014711
670,-65.111,90.676,9.2218,0.40607,-0.077051,-0.022199,1.5577,0.029992,-0.014711
670.1,-65.149,90.692,9.2196,0.405,-0.074259,-0.021991,1.5577,0.029992,-0.014711
670.2,-65.188,90.707,9.2174,0.40395,-0.071536,-0.021803,1.5577,0.029992,-0.014711
670.3,-65.226,90.723,9.2152,0.40291,-0.068878,-0.021634,6.6602,-1.6313e-15,7.7902e-16
670.4,-65.264,90.738,9.2131,0.41326,-0.066411,-0.021066,6.6602,-1.6313e-15,7.7902e-16
670.5,-65.304,90.753,9.211,0.42339,-0.064014,-0.020512,6.6602,-1.6313e-15,7.7902e-16
670.6,-65.344,90.768,9.209,0.43329,-0.061684,-0.019974,6.6602,-1.6313e-15,7.7902e-16
670.7,-65.386,90.784,9.207,0.44297,-0.05942,-0.019452,6.6602,-1.6313e-15,7.7902e-16
670.8,-65.428,90.799,9.2051,0.45243,-0.05722,-0.018947,6.6602,-1.6313e-15,7.7902e-16
670.9,-65.471,90.814,9.2032,0.46166,-0.055081,-0.018461,6.6602,-1.6313e-15,7.7902e-16
671,-65.516,90.83,9.2014,0.47068,-0.053003,-0.017993,6.6602,-1.6313e-15,7.7902e-16
671.1,-65.561,90.846,9.1996,0.47949,-0.050982,-0.017545,6.6602,-1.6313e-15,7.7902e-16
671.2,-65.607,90.861,9.1979,0.48808,-0.049018,-0.017117,6.6602,-1.6313e-15,7.7902e-16
671.3,-65.654,90.877,9.1962,0.49646,-0.047107,-0.01671,6.6602,-1.6313e-15,7.7902e-16
671.4,-65.701,90.893,9.1945,0.50463,-0.045249,-0.016325,6.6602,-1.6313e-15,7.7902e-16
671.5,-65.75,90.909,9.1929,0.5126,-0.04344,-0.015963,6.6602,-1.6313e-15,7.7902e-16
671.6,-65.799,90.925,9.1914,0.52037,-0.041679,-0.015624,6.6602,-1.6313e-15,7.7902e-16
671.7,-65.849,90.941,9.1898,0.52794,-0.039963,-0.01531,6.6602,-1.6313e-15,7.7902e-16
671.8,-65.9,90.957,9.1883,0.53532,-0.038291,-0.01502,6.6602,-1.6313e-15,7.7902e-16
671.9,-65.952,90.974,9.1868,0.54251,-0.036659,-0.014757,6.6602,-1.6313e-15,7.7902e-16
672,-66.004,90.99,9.1853,0.54951,-0.035066,-0.014521,6.6602,-1.6313e-15,7.7902e-16
672.1,-66.057,91.007,9.1839,0.55632,-0.03351,-0.014314,6.6602,-1.6313e-15,7.7902e-16
672.2,-66.11,91.023,9.1825,0.56296,-0.031986,-0.014136,6.6602,-1.6313e-15,7.7902e-16
672.3,-66.164,91.04,9.1811,0.56941,-0.030494,-0.01399,6.6602,-1.6313e-15,7.7902e-16
672.4,-66.219,91.057,9.1797,0.5757,-0.02903,-0.013877,6.6602,-1.6313e-15,7.7902e-16
672.5,-66.275,91.073,9.1783,0.58181,-0.027591,-0.013798,6.6602,-1.6313e-15,7.7902e-16
672.6,-66.331,91.09,9.1769,0.58776,-0.026176,-0.013756,6.6602,-1.6313e-15,7.7902e-16
672.7,-66.387,91.107,9.1755,0.59354,-0.024779,-0.013754,6.6602,-1.6313e-15,7.7902e-16
672.8,-66.445,91.124,9.1742,0.59916,-0.023399,-0.013792,6.6602,-1.6313e-15,7.7902e-16
672.9,-66.502,91.142,9.1728,0.60463,-0.022033,-0.013875,6.6602,-1.6313e-15,7.7902e-16
673,-66.561,91.159,9.1714,0.60995,-0.020675,-0.014006,6.6602,-1.6313e-15,7.7902e-16
673.1,-66.619,91.176,9.17,0.61511,-0.019324,-0.014187,6.6602,-1.6313e-15,7.7902e-16
673.2,-66.679,91.194,9.1685,0.62014,-0.017975,-0.014422,6.6602,-1.6313e-15,7.7902e-16
673.3,-66.738,91.211,9.1671,0.62501,-0.016623,-0.014716,6.6602,-1.6313e-15,7.7902e-16
673.4,-66.799,91.229,9.1656,0.62975,-0.015265,-0.015073,6.6602,-1.6313e-15,7.7902e-16
673.5,-66.859,91.246,9.1641,0.63436,-0.013895,-0.015498,6.6602,-1.6313e-15,7.7902e-16
673.6,-66.921,91.264,9.1625,0.63883,-0.012509,-0.015996,6.6602,-1.6313e-15,7.7902e-16
673.7,-66.982,91.282,9.1609,0.64317,-0.011101,-0.016573,6.6602,-1.6313e-15,7.7902e-16
673.8,-67.044,91.3,9.1592,0.64739,-0.009666,-0.017237,6.6602,-1.6313e-15,7.7902e-16
673.9,-67.107,91.318,9.1574,0.65148,-0.0081975,-0.017992,6.6602,-1.6313e-15,7.7902e-16
674,-67.169,91.336,9.1556,0.65546,-0.0066891,-0.018849,6.6602,-1.6313e-15,7.7902e-16
674.1,-67.233,91.354,9.1536,0.65931,-0.0051339,-0.019813,6.6602,-1.6313e-15,7.7902e-16
674.2,-67.296,91.372,9.1516,0.66306,-0.0035247,-0.020895,6.6602,-1.6313e-15,7.7902e-16
674.3,-67.36,91.39,9.1495,0.66669,-0.0018537,-0.022103,6.6602,-1.6313e-15,7.7902e-16
674.4,-67.424,91.409,9.1472,0.67021,-0.00011273,-0.023447,6.6602,-1.6313e-15,7.7902e-16
674.5,-67.489,91.427,9.1448,0.67362,0.001711,-0.024934,6.6602,-1.6313e-15,7.7902e-16
674.6,-67.554,91.446,9.1422,0.67693,0.0036323,-0.026566,6.6602,-1.6313e-15,7.7902e-16
674.7,-67.619,91.464,9.1395,0.68014,0.005662,-0.028352,6.6602,-1.6313e-15,7.7902e-16
674.8,-67.685,91.483,9.1365,0.68325,0.0078112,-0.030298,6.6602,-1.6313e-15,7.7902e-16
674.9,-67.751,91.501,9.1334,0.68625,0.010092,-0.032412,6.6602,-1.6313e-15,7.7902e-16
675,-67.817,91.52,9.13,0.68917,0.012516,-0.0347,6.6602,-1.6313e-15,7.7902e-16
675.1,-67.883,91.539,9.1264,0.69198,0.015095,-0.037168,6.6602,-1.6313e-15,7.7902e-16
675.2,-67.95,91.558,9.1226,0.6947,0.017843,-0.039819,6.6602,-1.6313e-15,7.7902e-16
675.3,-68.017,91.577,9.1185,0.69733,0.020772,-0.042656,6.6602,-1.6313e-15,7.7902e-16
675.4,-68.084,91.596,9.1141,0.69986,0.023895,-0.04568,6.6602,-1.6313e-15,7.7902e-16
675.5,-68.152,91.615,9.1093,0.7023,0.027224,-0.048889,6.6602,-1.6313e-15,7.7902e-16
675.6,-68.219,91.635,9.1043,0.70465,0.030771,-0.052281,6.6602,-1.6313e-15,7.7902e-16
675.7,-68.287,91.654,9.0989,0.7069,0.034548,-0.055849,6.6602,-1.6313e-15,7.7902e-16
675.8,-68.356,91.673,9.0931,0.70906,0.038565,-0.059584,6.6602,-1.6313e-15,7.7902e-16
675.9,-68.424,91.693,9.0869,0.71113,0.042831,-0.063475,6.6602,-1.6313e-15,7.7902e-16
676,-68.493,91.712,9.0804,0.71309,0.047355,-0.067508,6.6602,-1.6313e-15,7.7902e-16
676.1,-68.561,91.732,9.0734,0.71496,0.052142,-0.071665,6.6602,-1.6313e-15,7.7902e-16
676.2,-68.63,91.752,9.0661,0.71673,0.057199,-0.075926,6.6602,-1.6313e-15,7.7902e-16
676.3,-68.7,91.772,9.0583,0.71839,0.062526,-0.080269,6.6602,-1.6313e-15,7.7902e-16
676.4,-68.769,91.792,9.05,0.71994,0.068124,-0.084669,6.6602,-1.6313e-15,7.7902e-16
676.5,-68.839,91.812,9.0413,0.72139,0.073992,-0.089101,6.6602,-1.6313e-15,7.7902e-16
676.6,-68.908,91.832,9.0322,0.72273,0.080123,-0.093538,6.6602,-1.6313e-15,7.7902e-16
676.7,-68.978,91.852,9.0226,0.72395,0.086513,-0.097951,6.6602,-1.6313e-15,7.7902e-16
676.8,-69.048,91.873,9.0126,0.72505,0.093149,-0.10231,6.6602,-1.6313e-15,7.7902e-16
676.9,-69.119,91.893,9.0022,0.72603,0.10002,-0.1066,6.6602,-1.6313e-15,7.7902e-16
677,-69.189,91.914,8.9913,0.72689,0.10712,-0.11077,6.6602,-1.6313e-15,7.7902e-16
677.1,-69.26,91.935,8.98,0.72762,0.11442,-0.11482,6.6602,-1.6313e-15,7.7902e-16
677.2,-69.33,91.956,8.9683,0.72822,0.1219,-0.11872,6.6602,-1.6313e-15,7.7902e-16
677.3,-69.401,91.977,8.9563,0.7287,0.12956,-0.12244,6.6602,-1.6313e-15,7.7902e-16
677.4,-69.472,91.999,8.9438,0.72904,0.13736,-0.12598,6.6602,-1.6313e-15,7.7902e-16
677.5,-69.543,92.02,8.9311,0.72926,0.14529,-0.12931,6.6602,-1.6313e-15,7.7902e-16
677.6,-69.614,92.042,8.918,0.72935,0.15333,-0.13242,6.6602,-1.6313e-15,7.7902e-16
677.7,-69.685,92.064,8.9046,0.7293,0.16144,-0.13531,6.6602,-1.6313e-15,7.7902e-16
677.8,-69.757,92.087,8.8909,0.72914,0.16962,-0.13796,6.6602,-1.6313e-15,7.7902e-16
677.9,-69.828,92.109,8.877,0.72884,0.17783,-0.14037,6.6602,-1.6313e-15,7.7902e-16
678,-69.9,92.132,8.8629,0.72843,0.18607,-0.14255,6.6602,-1.6313e-15,7.7902e-16
678.1,-69.971,92.155,8.8485,0.7279,0.1943,-0.14449,6.6602,-1.6313e-15,7.7902e-16
678.2,-70.043,92.179,8.834,0.72725,0.20251,-0.14619,6.6602,-1.6313e-15,7.7902e-16
678.3,-70.115,92.203,8.8193,0.7265,0.21068,-0.14765,6.6602,-1.6313e-15,7.7902e-16
678.4,-70.186,92.227,8.8045,0.72564,0.21879,-0.14889,6.6602,-1.6313e-15,7.7902e-16
678.5,-70.258,92.251,8.7895,0.72469,0.22683,-0.14991,6.6602,-1.6313e-15,7.7902e-16
678.6,-70.33,92.276,8.7745,0.72365,0.23479,-0.15072,6.6602,-1.6313e-15,7.7902e-16
678.7,-70.402,92.302,8.7594,0.72252,0.24265,-0.15131,6.6602,-1.6313e-15,7.7902e-16
678.8,-70.474,92.327,8.7442,0.72131,0.25039,-0.15171,6.6602,-1.6313e-15,7.7902e-16
678.9,-70.545,92.354,8.729,0.72004,0.25802,-0.15192,6.6602,-1.6313e-15,7.7902e-16
679,-70.617,92.38,8.7138,0.7187,0.26552,-0.15195,6.6602,-1.6313e-15,7.7902e-16
679.1,-70.689,92.407,8.6987,0.7173,0.27289,-0.15182,6.6602,-1.6313e-15,7.7902e-16
679.2,-70.761,92.435,8.6835,0.71585,0.28011,-0.15151,6.6602,-1.6313e-15,7.7902e-16
679.3,-70.832,92.463,8.6684,0.71436,0.28719,-0.15106,6.6602,-1.6313e-15,7.7902e-16
679.4,-70.904,92.491,8.6533,0.71284,0.29412,-0.15046,6.6602,-1.6313e-15,7.7902e-16
679.5,-70.976,92.52,8.6383,0.71129,0.30089,-0.14973,6.6602,-1.6313e-15,7.7902e-16
679.6,-71.047,92.549,8.6233,0.70971,0.30751,-0.14887,6.6602,-1.6313e-15,7.7902e-16
679.7,-71.119,92.579,8.6085,0.70812,0.31397,-0.14789,6.6602,-1.6313e-15,7.7902e-16
679.8,-71.19,92.609,8.5938,0.70652,0.32028,-0.1468,6.6602,-1.6313e-15,7.7902e-16
679.9,-71.261,92.64,8.5791,0.70492,0.32643,-0.14561,6.6602,-1.6313e-15,7.7902e-16
680,-71.332,92.671,8.5646,0.70332,0.33242,-0.14432,6.6602,-1.6313e-15,7.7902e-16
680.1,-71.403,92.703,8.5503,0.70173,0.33826,-0.14295,6.6602,-1.6313e-15,7.7902e-16
680.2,-71.474,92.736,8.5361,0.70016,0.34394,-0.14149,6.6602,-1.6313e-15,7.7902e-16
680.3,-71.545,92.769,8.522,0.6986,0.34948,-0.13995,6.6602,-1.6313e-15,7.7902e-16
680.4,-71.616,92.802,8.5081,0.69707,0.35486,-0.13834,6.6602,-1.6313e-15,7.7902e-16
680.5,-71.686,92.836,8.4943,0.69556,0.36011,-0.13667,6.6602,-1.6313e-15,7.7902e-16
680.6,-71.756,92.871,8.4807,0.69409,0.36521,-0.13493,6.6602,-1.6313e-15,7.7902e-16
680.7,-71.827,92.906,8.4673,0.69265,0.37017,-0.13314,6.6602,-1.6313e-15,7.7902e-16
680.8,-71.897,92.941,8.4541,0.69126,0.375,-0.1313,6.6602,-1.6313e-15,7.7902e-16
680.9,-71.967,92.977,8.4411,0.6899,0.3797,-0.12941,6.6602,-1.6313e-15,7.7902e-16
681,-72.036,93.014,8.4282,0.6886,0.38427,-0.12747,6.6602,-1.6313e-15,7.7902e-16
681.1,-72.106,93.051,8.4156,0.68734,0.38873,-0.12549,6.6602,-1.6313e-15,7.7902e-16
681.2,-72.175,93.089,8.4031,0.68614,0.39306,-0.12348,6.6602,-1.6313e-15,7.7902e-16
681.3,-72.245,93.127,8.3909,0.68499,0.39728,-0.12143,6.6602,-1.6313e-15,7.7902e-16
681.4,-72.314,93.166,8.3788,0.68389,0.40139,-0.11934,6.6602,-1.6313e-15,7.7902e-16
681.5,-72.383,93.206,8.367,0.68286,0.40539,-0.11723,6.6602,-1.6313e-15,7.7902e-16
681.6,-72.451,93.245,8.3554,0.68189,0.4093,-0.11508,6.6602,-1.6313e-15,7.7902e-16
681.7,-72.52,93.286,8.344,0.68098,0.41311,-0.11291,6.6602,-1.6313e-15,7.7902e-16
681.8,-72.588,93.327,8.3328,0.68013,0.41682,-0.11071,6.6602,-1.6313e-15,7.7902e-16
681.9,-72.657,93.368,8.3219,0.67935,0.42045,-0.10849,6.6602,-1.6313e-15,7.7902e-16
682,-72.725,93.41,8.3111,0.67863,0.42399,-0.10624,6.6602,-1.6313e-15,7.7902e-16
682.1,-72.793,93.452,8.3006,0.67798,0.42746,-0.10397,6.6602,-1.6313e-15,7.7902e-16
682.2,-72.86,93.495,8.2903,0.67741,0.43084,-0.10168,6.6602,-1.6313e-15,7.7902e-16
682.3,-72.928,93.539,8.2803,0.6769,0.43416,-0.099363,6.6602,-1.6313e-15,7.7902e-16
682.4,-72.995,93.583,8.2705,0.67646,0.4374,-0.097023,6.6602,-1.6313e-15,7.7902e-16
682.5,-73.063,93.627,8.2609,0.67609,0.44059,-0.09466,6.6602,-1.6313e-15,7.7902e-16
682.6,-73.13,93.672,8.2515,0.67579,0.44371,-0.092273,6.6602,-1.6313e-15,7.7902e-16
682.7,-73.197,93.717,8.2424,0.67557,0.44677,-0.08986,6.6602,-1.6313e-15,7.7902e-16
682.8,-73.264,93.763,8.2336,0.67542,0.44978,-0.087421,6.6602,-1.6313e-15,7.7902e-16
682.9,-73.331,93.81,8.2249,0.67535,0.45274,-0.084955,6.6602,-1.6313e-15,7.7902e-16
683,-73.397,93.856,8.2166,0.67534,0.45565,-0.082459,6.6602,-1.6313e-15,7.7902e-16
683.1,-73.464,93.903,8.2084,0.67542,0.45852,-0.079932,6.6602,-1.6313e-15,7.7902e-16
683.2,-73.53,93.951,8.2006,0.67557,0.46135,-0.077371,6.6602,-1.6313e-15,7.7902e-16
683.3,-73.596,93.999,8.193,0.67579,0.46414,-0.074773,6.6602,-1.6313e-15,7.7902e-16
683.4,-73.663,94.048,8.1856,0.6761,0.46689,-0.072135,6.6602,-1.6313e-15,7.7902e-16
683.5,-73.729,94.097,8.1785,0.67648,0.46962,-0.069454,6.6602,-1.6313e-15,7.7902e-16
683.6,-73.795,94.146,8.1717,0.67694,0.47231,-0.066726,6.6602,-1.6313e-15,7.7902e-16
683.7,-73.861,94.196,8.1652,0.67748,0.47498,-0.063946,6.6602,-1.6313e-15,7.7902e-16
683.8,-73.927,94.246,8.159,0.67811,0.47763,-0.061109,6.6602,-1.6313e-15,7.7902e-16
683.9,-73.993,94.296,8.153,0.67882,0.48025,-0.058209,6.6602,-1.6313e-15,7.7902e-16
684,-74.058,94.347,8.1473,0.67961,0.48286,-0.055239,6.6602,-1.6313e-15,7.7902e-16
684.1,-74.124,94.399,8.1419,0.68049,0.48545,-0.052193,6.6602,-1.6313e-15,7.7902e-16
684.2,-74.19,94.45,8.1369,0.68147,0.48804,-0.049061,6.6602,-1.6313e-15,7.7902e-16
684.3,-74.256,94.502,8.1321,0.68253,0.49061,-0.045834,6.6602,-1.6313e-15,7.7902e-16
684.4,-74.322,94.555,8.1277,0.68369,0.49317,-0.042502,0.16003,0.0099087,-0.0048602
684.5,-74.388,94.607,8.1236,0.67053,0.49571,-0.038876,0.16003,0.0099087,-0.0048602
684.6,-74.453,94.657,8.12,0.65791,0.49812,-0.034512,0.16003,0.0099087,-0.0048602
684.7,-74.518,94.707,8.1168,0.64586,0.50042,-0.029422,0.16003,0.0099087,-0.0048602
684.8,-74.583,94.756,8.1141,0.63438,0.50262,-0.023609,0.16003,0.0099087,-0.0048602
684.9,-74.648,94.804,8.1121,0.6235,0.50474,-0.017061,0.16003,0.0099087,-0.0048602
685,-74.713,94.851,8.1107,0.61323,0.5068,-0.009753,0.16003,0.0099087,-0.0048602
685.1,-74.777,94.897,8.1101,0.60358,0.50883,-0.0016371,0.16003,0.0099087,-0.0048602
685.2,-74.842,94.942,8.1104,0.59457,0.51017,0.0070835,0.16003,0.0099087,-0.0048602
685.3,-74.906,94.986,8.1116,0.58621,0.50941,0.015744,0.16003,0.0099087,-0.0048602
685.4,-74.97,95.029,8.1135,0.57845,0.50655,0.024065,0.16003,0.0099087,-0.0048602
685.5,-75.034,95.072,8.1163,0.57125,0.50168,0.031825,0.16003,0.0099087,-0.0048602
685.6,-75.097,95.114,8.1199,0.56455,0.49497,0.038856,0.16003,0.0099087,-0.0048602
685.7,-75.159,95.155,8.1241,0.5583,0.48662,0.045049,0.16003,0.0099087,-0.0048602
685.8,-75.22,95.195,8.1289,0.55243,0.47687,0.050352,0.16003,0.0099087,-0.0048602
685.9,-75.281,95.235,8.1341,0.54688,0.46597,0.054759,0.16003,0.0099087,-0.0048602
686,-75.34,95.275,8.1398,0.54158,0.45417,0.058303,0.16003,0.0099087,-0.0048602
686.1,-75.398,95.314,8.1458,0.53648,0.4417,0.061042,0.16003,0.0099087,-0.0048602
686.2,-75.456,95.352,8.152,0.53154,0.42876,0.06305,0.16003,0.0099087,-0.0048602
686.3,-75.512,95.39,8.1584,0.52672,0.41555,0.064412,0.16003,0.0099087,-0.0048602
686.4,-75.566,95.428,8.1648,0.52199,0.40221,0.065211,0.16003,0.0099087,-0.0048602
686.5,-75.62,95.465,8.1714,0.51731,0.38889,0.065529,0.16003,0.0099087,-0.0048602
686.6,-75.673,95.502,8.1779,0.51268,0.37568,0.065444,0.16003,0.0099087,-0.0048602
686.7,-75.724,95.538,8.1845,0.50809,0.36268,0.065023,0.16003,0.0099087,-0.0048602
686.8,-75.774,95.574,8.1909,0.50351,0.34994,0.064329,0.16003,0.0099087,-0.0048602
686.9,-75.823,95.61,8.1973,0.49894,0.33751,0.063415,0.16003,0.0099087,-0.0048602
687,-75.871,95.646,8.2036,0.49439,0.32544,0.062327,0.16003,0.0099087,-0.0048602
687.1,-75.918,95.681,8.2098,0.48985,0.31375,0.061104,0.16003,0.0099087,-0.0048602
687.2,-75.964,95.716,8.2158,0.48532,0.30245,0.05978,0.16003,0.0099087,-0.0048602
687.3,-76.009,95.75,8.2217,0.4808,0.29155,0.058382,0.16003,0.0099087,-0.0048602
687.4,-76.053,95.784,8.2275,0.47629,0.28105,0.056933,0.16003,0.0099087,-0.0048602
687.5,-76.096,95.818,8.2331,0.4718,0.27094,0.055451,0.16003,0.0099087,-0.0048602
687.6,-76.139,95.852,8.2386,0.46733,0.26124,0.053953,0.16003,0.0099087,-0.0048602
687.7,-76.18,95.885,8.2439,0.46288,0.25192,0.052451,0.16003,0.0099087,-0.0048602
687.8,-76.22,95.918,8.2491,0.45845,0.24297,0.050954,0.16003,0.0099087,-0.0048602
687.9,-76.26,95.951,8.2541,0.45406,0.23439,0.049472,0.16003,0.0099087,-0.0048602
688,-76.299,95.984,8.259,0.44969,0.22616,0.048009,0.16003,0.0099087,-0.0048602
688.1,-76.337,96.016,8.2637,0.44536,0.21827,0.046572,0.16003,0.0099087,-0.0048602
688.2,-76.374,96.048,8.2683,0.44107,0.2107,0.045164,0.16003,0.0099087,-0.0048602
688.3,-76.411,96.08,8.2727,0.43681,0.20345,0.043788,0.16003,0.0099087,-0.0048602
688.4,-76.447,96.111,8.277,0.43259,0.19649,0.042446,0.16003,0.0099087,-0.0048602
688.5,-76.483,96.143,8.2812,0.42842,0.18982,0.041139,0.16003,0.0099087,-0.0048602
688.6,-76.517,96.174,8.2853,0.42429,0.18342,0.039868,0.16003,0.0099087,-0.0048602
688.7,-76.551,96.204,8.2892,0.42021,0.17728,0.038634,0.16003,0.0099087,-0.0048602
688.8,-76.585,96.235,8.293,0.41617,0.1714,0.037437,0.16003,0.0099087,-0.0048602
688.9,-76.618,96.265,8.2967,0.41218,0.16575,0.036276,0.16003,0.0099087,-0.0048602
689,-76.65,96.295,8.3003,0.40825,0.16032,0.035151,0.16003,0.0099087,-0.0048602
689.1,-76.682,96.325,8.3037,0.40436,0.15511,0.034063,0.16003,0.0099087,-0.0048602
689.2,-76.713,96.355,8.3071,0.40051,0.15011,0.033009,0.16003,0.0099087,-0.0048602
689.3,-76.744,96.384,8.3103,0.39673,0.14531,0.031989,0.16003,0.0099087,-0.0048602
689.4,-76.774,96.413,8.3135,0.39299,0.14069,0.031002,0.16003,0.0099087,-0.0048602
689.5,-76.804,96.442,8.3165,0.3893,0.13625,0.030048,0.16003,0.0099087,-0.0048602
689.6,-76.833,96.47,8.3195,0.38566,0.13199,0.029126,0.16003,0.0099087,-0.0048602
689.7,-76.862,96.499,8.3224,0.38208,0.12788,0.028234,0.16003,0.0099087,-0.0048602
689.8,-76.891,96.527,8.3251,0.37854,0.12393,0.027371,0.16003,0.0099087,-0.0048602
689.9,-76.919,96.555,8.3278,0.37506,0.12013,0.026537,0.16003,0.0099087,-0.0048602
690,-76.946,96.583,8.3304,0.37162,0.11648,0.02573,0.16003,0.0099087,-0.0048602
690.1,-76.974,96.61,8.333,0.36824,0.11295,0.024949,0.16003,0.0099087,-0.0048602
690.2,-77,96.638,8.3354,0.3649,0.10956,0.024195,0.16003,0.0099087,-0.0048602
690.3,-77.027,96.665,8.3378,0.36162,0.10629,0.023464,0.16003,0.0099087,-0.0048602
690.4,-77.053,96.692,8.3401,0.35838,0.10314,0.022758,0.16003,0.0099087,-0.0048602
690.5,-77.079,96.719,8.3424,0.3552,0.1001,0.022074,0.16003,0.0099087,-0.0048602
690.6,-77.104,96.745,8.3445,0.35206,0.097175,0.021412,0.16003,0.0099087,-0.0048602
690.7,-77.129,96.772,8.3466,0.34896,0.094351,0.020771,0.16003,0.0099087,-0.0048602
690.8,-77.153,96.798,8.3487,0.34592,0.091626,0.020151,0.16003,0.0099087,-0.0048602
690.9,-77.178,96.824,8.3507,0.34292,0.088997,0.01955,0.16003,0.0099087,-0.0048602
691,-77.202,96.85,8.3526,0.33996,0.08646,0.018967,0.16003,0.0099087,-0.0048602
691.1,-77.226,96.875,8.3545,0.33705,0.08401,0.018403,0.16003,0.0099087,-0.0048602
691.2,-77.249,96.901,8.3563,0.33419,0.081644,0.017856,0.16003,0.0099087,-0.0048602
691.3,-77.272,96.926,8.358,0.33137,0.079359,0.017325,0.16003,0.0099087,-0.0048602
691.4,-77.295,96.951,8.3598,0.32859,0.077152,0.016811,0.16003,0.0099087,-0.0048602
691.5,-77.317,96.976,8.3614,0.32585,0.075019,0.016311,0.16003,0.0099087,-0.0048602
691.6,-77.34,97.001,8.363,0.32316,0.072958,0.015826,0.16003,0.0099087,-0.0048602
691.7,-77.362,97.025,8.3646,0.3205,0.070965,0.015356,0.16003,0.0099087,-0.0048602
691.8,-77.383,97.05,8.3661,0.31789,0.069039,0.014899,0.16003,0.0099087,-0.0048602
691.9,-77.405,97.074,8.3676,0.31531,0.067176,0.014455,0.16003,0.0099087,-0.0048602
692,-77.426,97.098,8.369,0.31278,0.065374,0.014024,0.16003,0.0099087,-0.0048602
692.1,-77.447,97.122,8.3704,0.31028,0.063631,0.013604,0.16003,0.0099087,-0.0048602
692.2,-77.468,97.146,8.3717,0.30782,0.061945,0.013196,0.16003,0.0099087,-0.0048602
692.3,-77.488,97.169,8.373,0.3054,0.060314,0.0128,0.16003,0.0099087,-0.0048602
692.4,-77.508,97.193,8.3743,0.30302,0.058735,0.012414,0.16003,0.0099087,-0.0048602
692.5,-77.529,97.216,8.3755,0.30066,0.057206,0.012038,0.16003,0.0099087,-0.0048602
692.6,-77.548,97.239,8.3767,0.29835,0.055727,0.011672,0.16003,0.0099087,-0.0048602
692.7,-77.568,97.262,8.3778,0.29607,0.054294,0.011316,0.16003,0.0099087,-0.0048602
692.8,-77.587,97.285,8.3789,0.29382,0.052907,0.010969,0.16003,0.0099087,-0.0048602
692.9,-77.607,97.308,8.38,0.29161,0.051564,0.01063,0.4653,-1.1397e-16,5.4576e-17
693,-77.626,97.33,8.3811,0.29011,0.050218,0.010436,0.4653,-1.1397e-16,5.4576e-17
693.1,-77.644,97.353,8.3821,0.28863,0.048907,0.010247,0.4653,-1.1397e-16,5.4576e-17
693.2,-77.663,97.375,8.3831,0.28718,0.047629,0.010062,0.4653,-1.1397e-16,5.4576e-17
693.3,-77.682,97.398,8.3841,0.28575,0.046383,0.0098819,0.4653,-1.1397e-16,5.4576e-17
693.4,-77.7,97.42,8.3851,0.28433,0.045169,0.0097062,0.4653,-1.1397e-16,5.4576e-17
693.5,-77.718,97.442,8.3861,0.28294,0.043986,0.0095349,0.4653,-1.1397e-16,5.4576e-17
693.6,-77.736,97.464,8.387,0.28157,0.042833,0.009368,0.4653,-1.1397e-16,5.4576e-17
693.7,-77.754,97.486,8.3879,0.28022,0.041709,0.0092052,0.4653,-1.1397e-16,5.4576e-17
693.8,-77.772,97.508,8.3888,0.27888,0.040613,0.0090464,0.4653,-1.1397e-16,5.4576e-17
693.9,-77.79,97.53,8.3897,0.27757,0.039545,0.0088917,0.4653,-1.1397e-16,5.4576e-17
694,-77.807,97.552,8.3906,0.27628,0.038503,0.0087408,0.4653,-1.1397e-16,5.4576e-17
694.1,-77.825,97.574,8.3915,0.275,0.037488,0.0085937,0.4653,-1.1397e-16,5.4576e-17
694.2,-77.842,97.595,8.3923,0.27374,0.036498,0.0084504,0.4653,-1.1397e-16,5.4576e-17
694.3,-77.859,97.617,8.3932,0.2725,0.035533,0.0083105,0.4653,-1.1397e-16,5.4576e-17
694.4,-77.876,97.639,8.394,0.27128,0.034592,0.0081742,0.4653,-1.1397e-16,5.4576e-17
694.5,-77.893,97.66,8.3948,0.27007,0.033675,0.0080413,0.4653,-1.1397e-16,5.4576e-17
694.6,-77.909,97.681,8.3956,0.26889,0.03278,0.0079117,0.4653,-1.1397e-16,5.4576e-17
694.7,-77.926,97.703,8.3964,0.26771,0.031908,0.0077854,0.4653,-1.1397e-16,5.4576e-17
694.8,-77.943,97.724,8.3972,0.26656,0.031057,0.0076621,0.4653,-1.1397e-16,5.4576e-17
694.9,-77.959,97.745,8.3979,0.26542,0.030227,0.0075419,0.4653,-1.1397e-16,5.4576e-17
695,-77.975,97.766,8.3987,0.2643,0.029418,0.0074247,0.4653,-1.1397e-16,5.4576e-17
695.1,-77.991,97.787,8.3994,0.26319,0.028629,0.0073104,0.4653,-1.1397e-16,5.4576e-17
695.2,-78.007,97.808,8.4001,0.2621,0.02786,0.0071988,0.4653,-1.1397e-16,5.4576e-17
695.3,-78.023,97.829,8.4008,0.26103,0.027109,0.00709,0.4653,-1.1397e-16,5.4576e-17
695.4,-78.039,97.85,8.4016,0.25997,0.026377,0.0069838,0.4653,-1.1397e-16,5.4576e-17
695.5,-78.055,97.871,8.4022,0.25892,0.025663,0.0068802,0.4653,-1.1397e-16,5.4576e-17
695.6,-78.071,97.892,8.4029,0.25789,0.024967,0.0067791,0.4653,-1.1397e-16,5.4576e-17
695.7,-78.086,97.912,8.4036,0.25687,0.024288,0.0066803,0.4653,-1.1397e-16,5.4576e-17
695.8,-78.102,97.933,8.4043,0.25587,0.023625,0.006584,0.4653,-1.1397e-16,5.4576e-17
695.9,-78.117,97.953,8.4049,0.25488,0.022979,0.0064899,0.4653,-1.1397e-16,5.4576e-17
696,-78.132,97.974,8.4056,0.25391,0.022349,0.006398,0.4653,-1.1397e-16,5.4576e-17
696.1,-78.147,97.994,8.4062,0.25295,0.021734,0.0063083,0.4653,-1.1397e-16,5.4576e-17
696.2,-78.162,98.015,8.4068,0.252,0.021134,0.0062207,0.4653,-1.1397e-16,5.4576e-17
696.3,-78.177,98.035,8.4074,0.25106,0.020549,0.0061351,0.4653,-1.1397e-16,5.4576e-17
696.4,-78.192,98.055,8.408,0.25014,0.019978,0.0060514,0.4653,-1.1397e-16,5.4576e-17
696.5,-78.207,98.075,8.4087,0.24923,0.019421,0.0059696,0.4653,-1.1397e-16,5.4576e-17
696.6,-78.222,98.096,8.4092,0.24833,0.018878,0.0058897,0.4653,-1.1397e-16,5.4576e-17
696.7,-78.236,98.116,8.4098,0.24745,0.018348,0.0058116,0.4653,-1.1397e-16,5.4576e-17
696.8,-78.251,98.136,8.4104,0.24658,0.017831,0.0057352,0.4653,-1.1397e-16,5.4576e-17
696.9,-78.266,98.156,8.411,0.24571,0.017327,0.0056605,0.4653,-1.1397e-16,5.4576e-17
697,-78.28,98.176,8.4115,0.24486,0.016835,0.0055874,0.4653,-1.1397e-16,5.4576e-17
697.1,-78.294,98.195,8.4121,0.24403,0.016355,0.0055159,0.4653,-1.1397e-16,5.4576e-17
697.2,-78.309,98.215,8.4126,0.2432,0.015887,0.0054459,0.4653,-1.1397e-16,5.4576e-17
697.3,-78.323,98.235,8.4132,0.24238,0.01543,0.0053774,0.4653,-1.1397e-16,5.4576e-17
697.4,-78.337,98.255,8.4137,0.24158,0.014985,0.0053103,0.4653,-1.1397e-16,5.4576e-17
697.5,-78.351,98.274,8.4142,0.24078,0.01455,0.0052446,0.4653,-1.1397e-16,5.4576e-17
697.6,-78.365,98.294,8.4148,0.24,0.014126,0.0051803,0.4653,-1.1397e-16,5.4576e-17
697.7,-78.379,98.313,8.4153,0.23923,0.013712,0.0051172,0.4653,-1.1397e-16,5.4576e-17
697.8,-78.393,98.333,8.4158,0.23846,0.013308,0.0050555,0.4653,-1.1397e-16,5.4576e-17
697.9,-78.407,98.352,8.4163,0.23771,0.012915,0.0049949,0.4653,-1.1397e-16,5.4576e-17
698,-78.42,98.372,8.4168,0.23697,0.01253,0.0049356,0.4653,-1.1397e-16,5.4576e-17
698.1,-78.434,98.391,8.4173,0.23624,0.012156,0.0048774,0.4653,-1.1397e-16,5.4576e-17
698.2,-78.448,98.41,8.4178,0.23551,0.01179,0.0048203,0.4653,-1.1397e-16,5.4576e-17
698.3,-78.461,98.43,8.4182,0.2348,0.011434,0.0047643,0.4653,-1.1397e-16,5.4576e-17
698.4,-78.475,98.449,8.4187,0.2341,0.011086,0.0047093,0.4653,-1.1397e-16,5.4576e-17
698.5,-78.488,98.468,8.4192,0.2334,0.010746,0.0046554,0.4653,-1.1397e-16,5.4576e-17
698.6,-78.501,98.487,8.4196,0.23272,0.010415,0.0046024,0.4653,-1.1397e-16,5.4576e-17
698.7,-78.515,98.506,8.4201,0.23204,0.010092,0.0045504,0.4653,-1.1397e-16,5.4576e-17
698.8,-78.528,98.525,8.4206,0.23137,0.0097775,0.0044993,0.4653,-1.1397e-16,5.4576e-17
698.9,-78.541,98.544,8.421,0.23071,0.0094703,0.0044491,0.4653,-1.1397e-16,5.4576e-17
699,-78.554,98.563,8.4214,0.23006,0.0091706,0.0043997,0.4653,-1.1397e-16,5.4576e-17
699.1,-78.568,98.582,8.4219,0.22942,0.0088784,0.0043512,0.4653,-1.1397e-16,5.4576e-17
699.2,-78.581,98.601,8.4223,0.22878,0.0085933,0.0043035,0.4653,-1.1397e-16,5.4576e-17
699.3,-78.594,98.62,8.4227,0.22816,0.0083153,0.0042566,0.4653,-1.1397e-16,5.4576e-17
699.4,-78.607,98.638,8.4232,0.22754,0.0080441,0.0042104,0.4653,-1.1397e-16,5.4576e-17
699.5,-78.619,98.657,8.4236,0.22693,0.0077797,0.004165,0.4653,-1.1397e-16,5.4576e-17
699.6,-78.632,98.676,8.424,0.22633,0.0075218,0.0041203,0.4653,-1.1397e-16,5.4576e-17
699.7,-78.645,98.694,8.4244,0.22574,0.0072703,0.0040762,0.4653,-1.1397e-16,5.4576e-17
699.8,-78.658,98.713,8.4248,0.22515,0.0070251,0.0040329,0.4653,-1.1397e-16,5.4576e-17
699.9,-78.671,98.732,8.4252,0.22457,0.0067859,0.0039902,0.4653,-1.1397e-16,5.4576e-17
700,-78.683,98.75,8.4256,0.224,0.0065528,0.0039481,0.4653,-1.1397e-16,5.4576e-17
700.1,-78.696,98.769,8.426,0.22343,0.0063254,0.0039067,0.4653,-1.1397e-16,5.4576e-17
700.2,-78.709,98.787,8.4264,0.22288,0.0061037,0.0038658,0.4653,-1.1397e-16,5.4576e-17
700.3,-78.721,98.805,8.4268,0.22233,0.0058876,0.0038255,0.4653,-1.1397e-16,5.4576e-17
700.4,-78.734,98.824,8.4272,0.22178,0.0056769,0.0037858,0.4653,-1.1397e-16,5.4576e-17
700.5,-78.746,98.842,8.4275,0.22125,0.0054715,0.0037466,0.4653,-1.1397e-16,5.4576e-17
700.6,-78.759,98.86,8.4279,0.22072,0.0052713,0.0037079,0.4653,-1.1397e-16,5.4576e-17
700.7,-78.771,98.878,8.4283,0.2202,0.0050761,0.0036698,0.4653,-1.1397e-16,5.4576e-17
700.8,-78.783,98.897,8.4286,0.21968,0.0048859,0.0036321,0.4653,-1.1397e-16,5.4576e-17
700.9,-78.796,98.915,8.429,0.21917,0.0047004,0.0035949,0.4653,-1.1397e-16,5.4576e-17
701,-78.808,98.933,8.4294,0.21867,0.0045197,0.0035582,0.4653,-1.1397e-16,5.4576e-17
701.1,-78.82,98.951,8.4297,0.21817,0.0043436,0.003522,0.4653,-1.1397e-16,5.4576e-17
701.2,-78.833,98.969,8.4301,0.21768,0.004172,0.0034861,0.4653,-1.1397e-16,5.4576e-17
701.3,-78.845,98.987,8.4304,0.21719,0.0040048,0.0034508,0.4653,-1.1397e-16,5.4576e-17
701.4,-78.857,99.005,8.4308,0.21672,0.0038418,0.0034158,0.4653,-1.1397e-16,5.4576e-17
701.5,-78.869,99.023,8.4311,0.21624,0.0036831,0.0033812,0.4653,-1.1397e-16,5.4576e-17
701.6,-78.881,99.041,8.4314,0.21578,0.0035284,0.0033471,0.4653,-1.1397e-16,5.4576e-17
701.7,-78.893,99.059,8.4318,0.21532,0.0033777,0.0033133,0.4653,-1.1397e-16,5.4576e-17
701.8,-78.905,99.077,8.4321,0.21486,0.003231,0.0032799,0.4653,-1.1397e-16,5.4576e-17
701.9,-78.917,99.094,8.4324,0.21441,0.003088,0.0032468,0.4653,-1.1397e-16,5.4576e-17
702,-78.929,99.112,8.4327,0.21397,0.0029488,0.0032141,0.4653,-1.1397e-16,5.4576e-17
702.1,-78.941,99.13,8.4331,0.21353,0.0028132,0.0031818,0.4653,-1.1397e-16,5.4576e-17
702.2,-78.953,99.148,8.4334,0.2131,0.0026812,0.0031498,0.4653,-1.1397e-16,5.4576e-17
702.3,-78.965,99.165,8.4337,0.21267,0.0025527,0.0031181,0.4653,-1.1397e-16,5.4576e-17
702.4,-78.977,99.183,8.434,0.21225,0.0024276,0.0030868,0.4653,-1.1397e-16,5.4576e-17
702.5,-78.989,99.201,8.4343,0.21183,0.0023057,0.0030558,0.4653,-1.1397e-16,5.4576e-17
702.6,-79,99.218,8.4346,0.21142,0.0021871,0.003025,0.4653,-1.1397e-16,5.4576e-17
702.7,-79.012,99.236,8.4349,0.21101,0.0020717,0.0029946,0.4653,-1.1397e-16,5.4576e-17
702.8,-79.024,99.253,8.4352,0.21061,0.0019594,0.0029645,0.4653,-1.1397e-16,5.4576e-17
702.9,-79.036,99.271,8.4355,0.21021,0.0018501,0.0029346,0.4653,-1.1397e-16,5.4576e-17
703,-79.047,99.288,8.4358,0.20982,0.0017437,0.0029051,0.4653,-1.1397e-16,5.4576e-17
703.1,-79.059,99.305,8.4361,0.20943,0.0016403,0.0028758,0.4653,-1.1397e-16,5.4576e-17
703.2,-79.071,99.323,8.4364,0.20905,0.0015396,0.0028468,0.4653,-1.1397e-16,5.4576e-17
703.3,-79.082,99.34,8.4367,0.20867,0.0014417,0.002818,0.4653,-1.1397e-16,5.4576e-17
703.4,-79.094,99.358,8.4369,0.20829,0.0013465,0.0027895,0.4653,-1.1397e-16,5.4576e-17
703.5,-79.105,99.375,8.4372,0.20793,0.001254,0.0027613,0.4653,-1.1397e-16,5.4576e-17
703.6,-79.117,99.392,8.4375,0.20756,0.0011639,0.0027333,0.4653,-1.1397e-16,5.4576e-17
703.7,-79.128,99.409,8.4378,0.2072,0.0010764,0.0027055,0.4653,-1.1397e-16,5.4576e-17
703.8,-79.14,99.427,8.438,0.20684,0.0009914,0.002678,0.4653,-1.1397e-16,5.4576e-17
703.9,-79.151,99.444,8.4383,0.20649,0.00090874,0.0026508,0.4653,-1.1397e-16,5.4576e-17
704,-79.163,99.461,8.4386,0.20615,0.00082842,0.0026237,0.4653,-1.1397e-16,5.4576e-17
704.1,-79.174,99.478,8.4388,0.2058,0.00075038,0.0025969,0.4653,-1.1397e-16,5.4576e-17
704.2,-79.186,99.495,8.4391,0.20546,0.00067457,0.0025703,0.4653,-1.1397e-16,5.4576e-17
704.3,-79.197,99.512,8.4393,0.20513,0.00060095,0.002544,0.4653,-1.1397e-16,5.4576e-17
704.4,-79.208,99.529,8.4396,0.2048,0.00052945,0.0025178,0.4653,-1.1397e-16,5.4576e-17
704.5,-79.22,99.546,8.4398,0.20447,0.00046003,0.0024919,0.4653,-1.1397e-16,5.4576e-17
704.6,-79.231,99.563,8.4401,0.20415,0.00039264,0.0024662,0.4653,-1.1397e-16,5.4576e-17
704.7,-79.242,99.58,8.4403,0.20383,0.00032724,0.0024407,0.4653,-1.1397e-16,5.4576e-17
704.8,-79.254,99.597,8.4406,0.20351,0.00026378,0.0024154,0.4653,-1.1397e-16,5.4576e-17
704.9,-79.265,99.614,8.4408,0.2032,0.0002022,0.0023903,0.4653,-1.1397e-16,5.4576e-17
705,-79.276,99.631,8.4411,0.20289,0.00014248,0.0023654,0.4653,-1.1397e-16,5.4576e-17
705.1,-79.288,99.648,8.4413,0.20259,8.4558e-05,0.0023407,0.4653,-1.1397e-16,5.4576e-17
705.2,-79.299,99.665,8.4415,0.20229,2.8402e-05,0.0023162,0.4653,-1.1397e-16,5.4576e-17
705.3,-79.31,99.682,8.4418,0.20199,-2.6036e-05,0.0022919,0.4653,-1.1397e-16,5.4576e-17
705.4,-79.321,99.698,8.442,0.2017,-7.8814e-05,0.0022678,0.4653,-1.1397e-16,5.4576e-17
705.5,-79.332,99.715,8.4422,0.20141,-0.00012997,0.0022438,0.4653,-1.1397e-16,5.4576e-17
705.6,-79.343,99.732,8.4424,0.20112,-0.00017955,0.00222,0.4653,-1.1397e-16,5.4576e-17
705.7,-79.355,99.749,8.4427,0.20084,-0.00022758,0.0021963,0.4653,-1.1397e-16,5.4576e-17
705.8,-79.366,99.765,8.4429,0.20056,-0.0002741,0.0021729,0.4653,-1.1397e-16,5.4576e-17
705.9,-79.377,99.782,8.4431,0.20028,-0.00031914,0.0021495,0.4653,-1.1397e-16,5.4576e-17
706,-79.388,99.799,8.4433,0.20001,-0.00036274,0.0021264,0.4653,-1.1397e-16,5.4576e-17
706.1,-79.399,99.815,8.4435,0.19974,-0.00040493,0.0021033,5.6991,0.18434,-0.09042
706.2,-79.41,99.832,8.4436,0.21119,0.00034161,-0.00046045,5.6991,0.18434,-0.09042
706.3,-79.423,99.85,8.4434,0.22251,0.0011371,-0.0030039,5.6991,0.18434,-0.09042
706.4,-79.435,99.869,8.443,0.23367,0.0019867,-0.0055317,5.6991,0.18434,-0.09042
706.5,-79.449,99.889,8.4423,0.24469,0.0028959,-0.008047,5.6991,0.18434,-0.09042
706.6,-79.463,99.91,8.4414,0.25556,0.0038695,-0.010552,5.6991,0.18434,-0.09042
706.7,-79.478,99.931,8.4402,0.26626,0.0049124,-0.013051,5.6991,0.18434,-0.09042
706.8,-79.493,99.953,8.4388,0.27681,0.0060291,-0.015545,5.6991,0.18434,-0.09042
706.9,-79.509,99.977,8.4371,0.28719,0.0072241,-0.018037,5.6991,0.18434,-0.09042
707,-79.526,100,8.4352,0.2974,0.0085016,-0.02053,5.6991,0.18434,-0.09042
707.1,-79.543,100.03,8.433,0.30744,0.0098655,-0.023025,5.6991,0.18434,-0.09042
707.2,-79.561,100.05,8.4306,0.31731,0.01132,-0.025525,5.6991,0.18434,-0.09042
707.3,-79.58,100.08,8.4279,0.32701,0.012868,-0.028031,5.6991,0.18434,-0.09042
707.4,-79.599,100.1,8.425,0.33653,0.014513,-0.030544,5.6991,0.18434,-0.09042
707.5,-79.619,100.13,8.4218,0.34588,0.016259,-0.033066,5.6991,0.18434,-0.09042
707.6,-79.639,100.16,8.4183,0.35504,0.018109,-0.035597,5.6991,0.18434,-0.09042
707.7,-79.66,100.19,8.4147,0.36402,0.020066,-0.038138,5.6991,0.18434,-0.09042
707.8,-79.681,100.22,8.4107,0.37283,0.022132,-0.040689,5.6991,0.18434,-0.09042
707.9,-79.703,100.25,8.4065,0.38145,0.02431,-0.043251,5.6991,0.18434,-0.09042
708,-79.725,100.28,8.4021,0.38989,0.026602,-0.045823,5.6991,0.18434,-0.09042
708.1,-79.748,100.32,8.3974,0.39814,0.02901,-0.048404,5.6991,0.18434,-0.09042
708.2,-79.771,100.35,8.3924,0.40621,0.031536,-0.050993,5.6991,0.18434,-0.09042
708.3,-79.795,100.38,8.3872,0.4141,0.034182,-0.053589,5.6991,0.18434,-0.09042
708.4,-79.819,100.42,8.3817,0.4218,0.036948,-0.05619,5.6991,0.18434,-0.09042
708.5,-79.844,100.45,8.3759,0.42932,0.039836,-0.058794,5.6991,0.18434,-0.09042
708.6,-79.869,100.49,8.3699,0.43665,0.042845,-0.0614,5.6991,0.18434,-0.09042
708.7,-79.895,100.52,8.3636,0.4438,0.045978,-0.064003,5.6991,0.18434,-0.09042
708.8,-79.92,100.56,8.3571,0.45076,0.049233,-0.066602,5.6991,0.18434,-0.09042
708.9,-79.947,100.6,8.3503,0.45755,0.05261,-0.069193,5.6991,0.18434,-0.09042
709,-79.973,100.63,8.3433,0.46414,0.056108,-0.071773,5.6991,0.18434,-0.09042
709.1,-80,100.67,8.336,0.47056,0.059726,-0.074339,5.6991,0.18434,-0.09042
709.2,-80.027,100.71,8.3284,0.47679,0.063463,-0.076886,5.6991,0.18434,-0.09042
709.3,-80.055,100.75,8.3206,0.48284,0.067317,-0.079411,5.6991,0.18434,-0.09042
709.4,-80.083,100.79,8.3125,0.48871,0.071285,-0.08191,5.6991,0.18434,-0.09042
709.5,-80.111,100.83,8.3042,0.49439,0.075365,-0.084378,5.6991,0.18434,-0.09042
709.6,-80.14,100.88,8.2956,0.4999,0.079554,-0.086812,5.6991,0.18434,-0.09042
709.7,-80.168,100.92,8.2868,0.50523,0.083849,-0.089208,5.6991,0.18434,-0.09042
709.8,-80.197,100.96,8.2778,0.51038,0.088245,-0.09156,5.6991,0.18434,-0.09042
709.9,-80.226,101,8.2685,0.51536,0.09274,-0.093867,5.6991,0.18434,-0.09042
710,-80.256,101.05,8.259,0.52016,0.097327,-0.096123,5.6991,0.18434,-0.09042
710.1,-80.285,101.09,8.2493,0.52479,0.102,-0.098324,5.6991,0.18434,-0.09042
710.2,-80.315,101.14,8.2394,0.52924,0.10676,-0.10047,5.6991,0.18434,-0.09042
710.3,-80.345,101.18,8.2292,0.53353,0.1116,-0.10255,5.6991,0.18434,-0.09042
710.4,-80.375,101.23,8.2189,0.53764,0.11652,-0.10457,5.6991,0.18434,-0.09042
710.5,-80.405,101.27,8.2083,0.54159,0.1215,-0.10652,5.6991,0.18434,-0.09042
710.6,-80.435,101.32,8.1976,0.54538,0.12654,-0.1084,5.6991,0.18434,-0.09042
710.7,-80.465,101.37,8.1866,0.549,0.13164,-0.1102,5.6991,0.18434,-0.09042
710.8,-80.496,101.42,8.1755,0.55246,0.13679,-0.11194,5.6991,0.18434,-0.09042
710.9,-80.526,101.46,8.1642,0.55577,0.14198,-0.11359,5.6991,0.18434,-0.09042
711,-80.557,101.51,8.1528,0.55892,0.14721,-0.11517,5.6991,0.18434,-0.09042
711.1,-80.587,101.56,8.1412,0.56192,0.15248,-0.11666,5.6991,0.18434,-0.09042
711.2,-80.618,101.61,8.1295,0.56477,0.15777,-0.11807,5.6991,0.18434,-0.09042
711.3,-80.648,101.66,8.1176,0.56747,0.16308,-0.1194,5.6991,0.18434,-0.09042
711.4,-80.679,101.71,8.1056,0.57003,0.1684,-0.12065,5.6991,0.18434,-0.09042
711.5,-80.709,101.76,8.0935,0.57245,0.17374,-0.12181,5.6991,0.18434,-0.09042
711.6,-80.74,101.82,8.0812,0.57474,0.17908,-0.12289,5.6991,0.18434,-0.09042
711.7,-80.77,101.87,8.0689,0.57689,0.18441,-0.12389,5.6991,0.18434,-0.09042
711.8,-80.8,101.92,8.0565,0.57892,0.18974,-0.1248,5.6991,0.18434,-0.09042
711.9,-80.831,101.97,8.0439,0.58082,0.19506,-0.12563,5.6991,0.18434,-0.09042
712,-80.861,102.03,8.0313,0.5826,0.20036,-0.12637,5.6991,0.18434,-0.09042
712.1,-80.891,102.08,8.0187,0.58426,0.20563,-0.12704,5.6991,0.18434,-0.09042
712.2,-80.92,102.14,8.0059,0.58581,0.21088,-0.12762,5.6991,0.18434,-0.09042
712.3,-80.95,102.19,7.9932,0.58725,0.2161,-0.12813,5.6991,0.18434,-0.09042
712.4,-80.98,102.25,7.9803,0.58858,0.22129,-0.12855,5.6991,0.18434,-0.09042
712.5,-81.009,102.3,7.9674,0.58982,0.22643,-0.1289,5.6991,0.18434,-0.09042
712.6,-81.038,102.36,7.9545,0.59095,0.23154,-0.12918,5.6991,0.18434,-0.09042
712.7,-81.067,102.41,7.9416,0.592,0.23659,-0.12938,5.6991,0.18434,-0.09042
712.8,-81.095,102.47,7.9287,0.59295,0.2416,-0.12951,5.6991,0.18434,-0.09042
712.9,-81.124,102.53,7.9157,0.59382,0.24656,-0.12956,5.6991,0.18434,-0.09042
713,-81.152,102.59,7.9028,0.59461,0.25147,-0.12955,5.6991,0.18434,-0.09042
713.1,-81.18,102.65,7.8898,0.59533,0.25632,-0.12948,5.6991,0.18434,-0.09042
713.2,-81.207,102.7,7.8769,0.59597,0.26111,-0.12934,5.6991,0.18434,-0.09042
713.3,-81.235,102.76,7.8639,0.59655,0.26585,-0.12914,5.6991,0.18434,-0.09042
713.4,-81.262,102.82,7.851,0.59706,0.27052,-0.12887,5.6991,0.18434,-0.09042
713.5,-81.288,102.88,7.8382,0.59751,0.27513,-0.12855,5.6991,0.18434,-0.09042
713.6,-81.315,102.94,7.8253,0.5979,0.27968,-0.12817,5.6991,0.18434,-0.09042
713.7,-81.341,103,7.8125,0.59824,0.28416,-0.12774,5.6991,0.18434,-0.09042
713.8,-81.367,103.07,7.7998,0.59853,0.28857,-0.12726,5.6991,0.18434,-0.09042
713.9,-81.392,103.13,7.7871,0.59878,0.29293,-0.12672,0.9028,-2.2112e-16,1.1274e-16
714,-81.417,103.19,7.7746,0.58836,0.2963,-0.12351,0.9028,-2.2112e-16,1.1274e-16
714.1,-81.442,103.25,7.7624,0.57827,0.29934,-0.12011,0.9028,-2.2112e-16,1.1274e-16
714.2,-81.466,103.31,7.7506,0.56849,0.30204,-0.11658,0.9028,-2.2112e-16,1.1274e-16
714.3,-81.49,103.37,7.7391,0.55904,0.30443,-0.11293,0.9028,-2.2112e-16,1.1274e-16
714.4,-81.514,103.43,7.728,0.54991,0.30652,-0.10919,0.9028,-2.2112e-16,1.1274e-16
714.5,-81.537,103.49,7.7172,0.54109,0.30832,-0.10538,0.9028,-2.2112e-16,1.1274e-16
714.6,-81.56,103.54,7.7069,0.53257,0.30985,-0.10152,0.9028,-2.2112e-16,1.1274e-16
714.7,-81.583,103.6,7.6969,0.52436,0.31112,-0.097632,0.9028,-2.2112e-16,1.1274e-16
714.8,-81.605,103.66,7.6874,0.51643,0.31216,-0.093723,0.9028,-2.2112e-16,1.1274e-16
714.9,-81.627,103.71,7.6782,0.5088,0.31297,-0.089805,0.9028,-2.2112e-16,1.1274e-16
715,-81.649,103.77,7.6694,0.50145,0.31356,-0.085887,0.9028,-2.2112e-16,1.1274e-16
715.1,-81.671,103.82,7.661,0.49438,0.31396,-0.081978,0.9028,-2.2112e-16,1.1274e-16
715.2,-81.692,103.88,7.653,0.48758,0.31418,-0.078084,0.9028,-2.2112e-16,1.1274e-16
715.3,-81.713,103.93,7.6454,0.48104,0.31422,-0.074209,0.9028,-2.2112e-16,1.1274e-16
715.4,-81.733,103.98,7.6382,0.47475,0.3141,-0.070358,0.9028,-2.2112e-16,1.1274e-16
715.5,-81.754,104.04,7.6313,0.46871,0.31383,-0.066533,0.9028,-2.2112e-16,1.1274e-16
715.6,-81.774,104.09,7.6249,0.46292,0.31343,-0.062735,0.9028,-2.2112e-16,1.1274e-16
715.7,-81.794,104.14,7.6188,0.45736,0.31289,-0.058967,0.9028,-2.2112e-16,1.1274e-16
715.8,-81.813,104.19,7.6131,0.45202,0.31223,-0.055228,0.9028,-2.2112e-16,1.1274e-16
715.9,-81.833,104.24,7.6077,0.44691,0.31146,-0.051518,0.9028,-2.2112e-16,1.1274e-16
716,-81.852,104.29,7.6028,0.44202,0.31059,-0.047836,0.9028,-2.2112e-16,1.1274e-16
716.1,-81.871,104.34,7.5982,0.43733,0.30961,-0.044181,0.9028,-2.2112e-16,1.1274e-16
716.2,-81.89,104.39,7.5939,0.43285,0.30855,-0.040551,0.9028,-2.2112e-16,1.1274e-16
716.3,-81.908,104.44,7.5901,0.42857,0.30741,-0.036943,0.9028,-2.2112e-16,1.1274e-16
716.4,-81.927,104.49,7.5865,0.42447,0.30619,-0.033354,0.9028,-2.2112e-16,1.1274e-16
716.5,-81.945,104.54,7.5834,0.42056,0.3049,-0.02978,0.9028,-2.2112e-16,1.1274e-16
716.6,-81.963,104.59,7.5806,0.41684,0.30354,-0.026218,0.9028,-2.2112e-16,1.1274e-16
716.7,-81.981,104.64,7.5781,0.41328,0.30211,-0.022663,0.9028,-2.2112e-16,1.1274e-16
716.8,-81.999,104.69,7.576,0.4099,0.30064,-0.019109,0.9028,-2.2112e-16,1.1274e-16
716.9,-82.016,104.73,7.5743,0.40669,0.2991,-0.015551,0.9028,-2.2112e-16,1.1274e-16
717,-82.034,104.78,7.5729,0.40363,0.29752,-0.011983,0.9028,-2.2112e-16,1.1274e-16
717.1,-82.051,104.83,7.5719,0.40074,0.2959,-0.0083966,0.9028,-2.2112e-16,1.1274e-16
717.2,-82.068,104.87,7.5713,0.398,0.29423,-0.0047842,0.9028,-2.2112e-16,1.1274e-16
717.3,-82.085,104.92,7.571,0.3954,0.29252,-0.0011364,0.9028,-2.2112e-16,1.1274e-16
717.4,-82.102,104.97,7.571,0.39296,0.29065,0.0025116,0.9028,-2.2112e-16,1.1274e-16
717.5,-82.119,105.01,7.5715,0.39066,0.28828,0.0060134,0.9028,-2.2112e-16,1.1274e-16
717.6,-82.136,105.06,7.5722,0.38849,0.28541,0.0093288,0.9028,-2.2112e-16,1.1274e-16
717.7,-82.152,105.1,7.5733,0.38644,0.28207,0.012433,0.9028,-2.2112e-16,1.1274e-16
717.8,-82.169,105.15,7.5747,0.3845,0.27831,0.015307,0.9028,-2.2112e-16,1.1274e-16
717.9,-82.185,105.19,7.5764,0.38267,0.27417,0.01794,0.9028,-2.2112e-16,1.1274e-16
718,-82.2,105.24,7.5783,0.38092,0.26969,0.020325,0.9028,-2.2112e-16,1.1274e-16
718.1,-82.216,105.28,7.5804,0.37926,0.26491,0.022461,0.9028,-2.2112e-16,1.1274e-16
718.2,-82.231,105.32,7.5828,0.37767,0.25988,0.024354,0.9028,-2.2112e-16,1.1274e-16
718.3,-82.246,105.37,7.5853,0.37614,0.25464,0.026009,0.9028,-2.2112e-16,1.1274e-16
718.4,-82.26,105.41,7.588,0.37466,0.24924,0.027439,0.9028,-2.2112e-16,1.1274e-16
718.5,-82.274,105.45,7.5908,0.37323,0.2437,0.028654,0.9028,-2.2112e-16,1.1274e-16
718.6,-82.288,105.49,7.5937,0.37184,0.23807,0.029669,0.9028,-2.2112e-16,1.1274e-16
718.7,-82.301,105.54,7.5967,0.37048,0.23238,0.030498,0.9028,-2.2112e-16,1.1274e-16
718.8,-82.314,105.58,7.5998,0.36915,0.22665,0.031157,0.9028,-2.2112e-16,1.1274e-16
718.9,-82.326,105.62,7.6029,0.36783,0.22092,0.031661,0.9028,-2.2112e-16,1.1274e-16
719,-82.338,105.66,7.6061,0.36654,0.2152,0.032025,0.9028,-2.2112e-16,1.1274e-16
719.1,-82.35,105.7,7.6093,0.36526,0.20951,0.032262,0.9028,-2.2112e-16,1.1274e-16
719.2,-82.361,105.74,7.6126,0.36399,0.20387,0.032386,0.9028,-2.2112e-16,1.1274e-16
719.3,-82.372,105.78,7.6158,0.36274,0.19831,0.032411,0.9028,-2.2112e-16,1.1274e-16
719.4,-82.383,105.82,7.619,0.36149,0.19282,0.032346,0.9028,-2.2112e-16,1.1274e-16
719.5,-82.393,105.86,7.6223,0.36025,0.18742,0.032205,0.9028,-2.2112e-16,1.1274e-16
719.6,-82.403,105.9,7.6255,0.35901,0.18211,0.031995,0.9028,-2.2112e-16,1.1274e-16
719.7,-82.412,105.94,7.6287,0.35777,0.17692,0.031727,0.9028,-2.2112e-16,1.1274e-16
719.8,-82.421,105.98,7.6318,0.35655,0.17183,0.031409,0.9028,-2.2112e-16,1.1274e-16
719.9,-82.43,106.02,7.6349,0.35532,0.16685,0.031048,0.9028,-2.2112e-16,1.1274e-16
720,-82.438,106.05,7.638,0.3541,0.16199,0.03065,0.9028,-2.2112e-16,1.1274e-16
720.1,-82.446,106.09,7.6411,0.35288,0.15725,0.030222,0.9028,-2.2112e-16,1.1274e-16
720.2,-82.454,106.13,7.6441,0.35167,0.15263,0.029769,0.9028,-2.2112e-16,1.1274e-16
720.3,-82.462,106.17,7.647,0.35046,0.14813,0.029295,0.9028,-2.2112e-16,1.1274e-16
720.4,-82.469,106.2,7.6499,0.34925,0.14375,0.028806,0.9028,-2.2112e-16,1.1274e-16
720.5,-82.476,106.24,7.6528,0.34805,0.13949,0.028303,0.9028,-2.2112e-16,1.1274e-16
720.6,-82.482,106.28,7.6556,0.34686,0.13535,0.027792,0.9028,-2.2112e-16,1.1274e-16
720.7,-82.488,106.32,7.6583,0.34567,0.13132,0.027274,0.9028,-2.2112e-16,1.1274e-16
720.8,-82.495,106.35,7.661,0.34449,0.12741,0.026752,0.9028,-2.2112e-16,1.1274e-16
720.9,-82.5,106.39,7.6637,0.34331,0.12361,0.026229,0.9028,-2.2112e-16,1.1274e-16
721,-82.506,106.42,7.6663,0.34214,0.11992,0.025705,0.9028,-2.2112e-16,1.1274e-16
721.1,-82.511,106.46,7.6688,0.34098,0.11634,0.025184,0.9028,-2.2112e-16,1.1274e-16
721.2,-82.516,106.49,7.6713,0.33982,0.11286,0.024666,0.9028,-2.2112e-16,1.1274e-16
721.3,-82.521,106.53,7.6738,0.33867,0.10949,0.024152,0.9028,-2.2112e-16,1.1274e-16
721.4,-82.526,106.57,7.6762,0.33753,0.10621,0.023643,0.9028,-2.2112e-16,1.1274e-16
721.5,-82.53,106.6,7.6785,0.33641,0.10304,0.023141,0.9028,-2.2112e-16,1.1274e-16
721.6,-82.534,106.64,7.6808,0.33528,0.09996,0.022647,0.9028,-2.2112e-16,1.1274e-16
721.7,-82.538,106.67,7.683,0.33417,0.096972,0.022159,0.9028,-2.2112e-16,1.1274e-16
721.8,-82.542,106.7,7.6852,0.33307,0.094075,0.021681,0.9028,-2.2112e-16,1.1274e-16
721.9,-82.545,106.74,7.6874,0.33198,0.091264,0.021211,0.9028,-2.2112e-16,1.1274e-16
722,-82.549,106.77,7.6895,0.3309,0.088538,0.020749,0.9028,-2.2112e-16,1.1274e-16
722.1,-82.552,106.81,7.6915,0.32983,0.085895,0.020298,0.9028,-2.2112e-16,1.1274e-16
722.2,-82.555,106.84,7.6935,0.32877,0.08333,0.019855,0.9028,-2.2112e-16,1.1274e-16
722.3,-82.558,106.87,7.6955,0.32772,0.080843,0.019423,0.9028,-2.2112e-16,1.1274e-16
722.4,-82.561,106.91,7.6974,0.32668,0.07843,0.019,0.9028,-2.2112e-16,1.1274e-16
722.5,-82.563,106.94,7.6993,0.32566,0.076089,0.018587,0.9028,-2.2112e-16,1.1274e-16
722.6,-82.566,106.97,7.7011,0.32464,0.073818,0.018184,0.9028,-2.2112e-16,1.1274e-16
722.7,-82.568,107.01,7.7029,0.32364,0.071615,0.01779,0.9028,-2.2112e-16,1.1274e-16
722.8,-82.57,107.04,7.7047,0.32265,0.069478,0.017407,0.9028,-2.2112e-16,1.1274e-16
722.9,-82.572,107.07,7.7064,0.32167,0.067404,0.017033,0.9028,-2.2112e-16,1.1274e-16
723,-82.574,107.11,7.7081,0.3207,0.065392,0.016669,0.9028,-2.2112e-16,1.1274e-16
723.1,-82.576,107.14,7.7097,0.31974,0.063439,0.016314,0.9028,-2.2112e-16,1.1274e-16
723.2,-82.577,107.17,7.7114,0.31879,0.061544,0.015969,0.9028,-2.2112e-16,1.1274e-16
723.3,-82.579,107.2,7.7129,0.31786,0.059704,0.015632,0.9028,-2.2112e-16,1.1274e-16
723.4,-82.58,107.24,7.7145,0.31694,0.057919,0.015305,0.9028,-2.2112e-16,1.1274e-16
723.5,-82.582,107.27,7.716,0.31603,0.056185,0.014987,0.9028,-2.2112e-16,1.1274e-16
723.6,-82.583,107.3,7.7175,0.31513,0.054503,0.014678,0.9028,-2.2112e-16,1.1274e-16
723.7,-82.584,107.33,7.7189,0.31424,0.052869,0.014378,0.9028,-2.2112e-16,1.1274e-16
723.8,-82.585,107.36,7.7204,0.31337,0.051282,0.014086,0.9028,-2.2112e-16,1.1274e-16
723.9,-82.586,107.4,7.7217,0.3125,0.049741,0.013802,0.9028,-2.2112e-16,1.1274e-16
724,-82.586,107.43,7.7231,0.31165,0.048245,0.013526,0.9028,-2.2112e-16,1.1274e-16
724.1,-82.587,107.46,7.7245,0.31081,0.046791,0.013259,0.9028,-2.2112e-16,1.1274e-16
724.2,-82.588,107.49,7.7258,0.30998,0.045379,0.012999,0.9028,-2.2112e-16,1.1274e-16
724.3,-82.588,107.52,7.7271,0.30916,0.044008,0.012746,0.9028,-2.2112e-16,1.1274e-16
724.4,-82.588,107.55,7.7283,0.30836,0.042675,0.012502,0.9028,-2.2112e-16,1.1274e-16
724.5,-82.589,107.58,7.7296,0.30756,0.04138,0.012264,0.9028,-2.2112e-16,1.1274e-16
724.6,-82.589,107.61,7.7308,0.30677,0.040121,0.012034,0.9028,-2.2112e-16,1.1274e-16
724.7,-82.589,107.65,7.732,0.306,0.038898,0.01181,0.9028,-2.2112e-16,1.1274e-16
724.8,-82.589,107.68,7.7331,0.30524,0.03771,0.011593,0.9028,-2.2112e-16,1.1274e-16
724.9,-82.589,107.71,7.7343,0.30449,0.036554,0.011383,0.9028,-2.2112e-16,1.1274e-16
725,-82.589,107.74,7.7354,0.30374,0.035431,0.011179,0.9028,-2.2112e-16,1.1274e-16
725.1,-82.589,107.77,7.7365,0.30301,0.034339,0.010982,0.9028,-2.2112e-16,1.1274e-16
725.2,-82.589,107.8,7.7376,0.30229,0.033277,0.010791,0.9028,-2.2112e-16,1.1274e-16
725.3,-82.589,107.83,7.7387,0.30158,0.032244,0.010605,0.9028,-2.2112e-16,1.1274e-16
725.4,-82.589,107.86,7.7397,0.30088,0.03124,0.010426,0.9028,-2.2112e-16,1.1274e-16
725.5,-82.588,107.89,7.7408,0.30019,0.030263,0.010252,0.9028,-2.2112e-16,1.1274e-16
725.6,-82.588,107.92,7.7418,0.29951,0.029313,0.010083,0.9028,-2.2112e-16,1.1274e-16
725.7,-82.587,107.95,7.7428,0.29884,0.028389,0.0099201,0.9028,-2.2112e-16,1.1274e-16
725.8,-82.587,107.98,7.7438,0.29818,0.02749,0.0097622,0.9028,-2.2112e-16,1.1274e-16
725.9,-82.586,108.01,7.7447,0.29753,0.026615,0.0096094,0.9028,-2.2112e-16,1.1274e-16
726,-82.586,108.04,7.7457,0.29689,0.025763,0.0094616,0.9028,-2.2112e-16,1.1274e-16
726.1,-82.585,108.07,7.7466,0.29626,0.024935,0.0093186,0.9028,-2.2112e-16,1.1274e-16
726.2,-82.584,108.1,7.7475,0.29563,0.024129,0.0091803,0.9028,-2.2112e-16,1.1274e-16
726.3,-82.583,108.13,7.7485,0.29502,0.023344,0.0090465,0.9028,-2.2112e-16,1.1274e-16
726.4,-82.583,108.16,7.7494,0.29441,0.02258,0.0089172,0.9028,-2.2112e-16,1.1274e-16
726.5,-82.582,108.19,7.7502,0.29382,0.021836,0.0087923,0.9028,-2.2112e-16,1.1274e-16
726.6,-82.581,108.22,7.7511,0.29323,0.021112,0.0086715,0.9028,-2.2112e-16,1.1274e-16
726.7,-82.58,108.25,7.752,0.29265,0.020407,0.0085549,0.9028,-2.2112e-16,1.1274e-16
726.8,-82.579,108.28,7.7528,0.29208,0.019721,0.0084422,0.9028,-2.2112e-16,1.1274e-16
726.9,-82.578,108.31,7.7537,0.29152,0.019053,0.0083334,0.9028,-2.2112e-16,1.1274e-16
727,-82.577,108.33,7.7545,0.29097,0.018401,0.0082284,0.9028,-2.2112e-16,1.1274e-16
727.1,-82.576,108.36,7.7553,0.29043,0.017767,0.0081271,0.9028,-2.2112e-16,1.1274e-16
727.2,-82.575,108.39,7.7561,0.28989,0.01715,0.0080294,0.9028,-2.2112e-16,1.1274e-16
727.3,-82.574,108.42,7.7569,0.28936,0.016548,0.0079351,0.9028,-2.2112e-16,1.1274e-16
727.4,-82.572,108.45,7.7577,0.28884,0.015961,0.0078442,0.9028,-2.2112e-16,1.1274e-16
727.5,-82.571,108.48,7.7585,0.28833,0.01539,0.0077567,0.9028,-2.2112e-16,1.1274e-16
727.6,-82.57,108.51,7.7593,0.28782,0.014833,0.0076723,0.9028,-2.2112e-16,1.1274e-16
727.7,-82.569,108.54,7.76,0.28732,0.014291,0.007591,0.9028,-2.2112e-16,1.1274e-16
727.8,-82.567,108.57,7.7608,0.28683,0.013762,0.0075128,0.9028,-2.2112e-16,1.1274e-16
727.9,-82.566,108.59,7.7615,0.28635,0.013247,0.0074376,5.3525,-0.0080513,0.0039492
728,-82.565,108.62,7.7623,0.29582,0.012706,0.0074787,5.3525,-0.0080513,0.0039492
728.1,-82.563,108.65,7.763,0.30514,0.012167,0.007527,5.3525,-0.0080513,0.0039492
728.2,-82.562,108.68,7.7638,0.3143,0.011629,0.0075833,5.3525,-0.0080513,0.0039492
728.3,-82.56,108.72,7.7645,0.3233,0.011094,0.0076484,5.3525,-0.0080513,0.0039492
728.4,-82.558,108.75,7.7653,0.33215,0.010559,0.0077232,5.3525,-0.0080513,0.0039492
728.5,-82.556,108.78,7.7661,0.34084,0.010024,0.0078086,5.3525,-0.0080513,0.0039492
728.6,-82.554,108.82,7.7669,0.34937,0.0094891,0.0079056,5.3525,-0.0080513,0.0039492
728.7,-82.552,108.85,7.7677,0.35774,0.0089536,0.0080152,5.3525,-0.0080513,0.0039492
728.8,-82.55,108.89,7.7685,0.36596,0.0084166,0.0081382,5.3525,-0.0080513,0.0039492
728.9,-82.547,108.93,7.7693,0.37401,0.0078776,0.0082758,5.3525,-0.0080513,0.0039492
729,-82.545,108.96,7.7701,0.38191,0.0073357,0.0084292,5.3525,-0.0080513,0.0039492
729.1,-82.542,109,7.771,0.38965,0.0067901,0.0085994,5.3525,-0.0080513,0.0039492
729.2,-82.54,109.04,7.7718,0.39724,0.00624,0.0087877,5.3525,-0.0080513,0.0039492
729.3,-82.537,109.08,7.7727,0.40467,0.0056844,0.0089954,5.3525,-0.0080513,0.0039492
729.4,-82.534,109.12,7.7736,0.41194,0.0051223,0.009224,5.3525,-0.0080513,0.0039492
729.5,-82.532,109.16,7.7746,0.41906,0.0045525,0.0094749,5.3525,-0.0080513,0.0039492
729.6,-82.529,109.21,7.7755,0.42603,0.0039739,0.0097496,5.3525,-0.0080513,0.0039492
729.7,-82.526,109.25,7.7765,0.43285,0.0033853,0.01005,5.3525,-0.0080513,0.0039492
729.8,-82.523,109.29,7.7776,0.43952,0.0027852,0.010378,5.3525,-0.0080513,0.0039492
729.9,-82.52,109.34,7.7786,0.44604,0.0021723,0.010735,5.3525,-0.0080513,0.0039492
730,-82.516,109.38,7.7797,0.45241,0.0015449,0.011123,5.3525,-0.0080513,0.0039492
730.1,-82.513,109.43,7.7808,0.45864,0.00090149,0.011544,5.3525,-0.0080513,0.0039492
730.2,-82.51,109.47,7.782,0.46473,0.00024025,0.012002,5.3525,-0.0080513,0.0039492
730.3,-82.506,109.52,7.7832,0.47068,-0.00044107,0.012497,5.3525,-0.0080513,0.0039492
730.4,-82.503,109.57,7.7845,0.47649,-0.0011458,0.013031,5.3525,-0.0080513,0.0039492
730.5,-82.5,109.61,7.7858,0.48216,-0.0018764,0.013606,5.3525,-0.0080513,0.0039492
730.6,-82.496,109.66,7.7872,0.4877,-0.0026351,0.014224,5.3525,-0.0080513,0.0039492
730.7,-82.493,109.71,7.7887,0.4931,-0.0034246,0.014888,5.3525,-0.0080513,0.0039492
730.8,-82.489,109.76,7.7902,0.49837,-0.0042476,0.015601,5.3525,-0.0080513,0.0039492
730.9,-82.485,109.81,7.7918,0.50352,-0.0051069,0.016365,5.3525,-0.0080513,0.0039492
731,-82.482,109.86,7.7935,0.50853,-0.0060055,0.017182,5.3525,-0.0080513,0.0039492
731.1,-82.478,109.91,7.7952,0.51342,-0.0069467,0.018056,5.3525,-0.0080513,0.0039492
731.2,-82.474,109.96,7.7971,0.51819,-0.0079337,0.01899,5.3525,-0.0080513,0.0039492
731.3,-82.471,110.02,7.799,0.52284,-0.0089702,0.019986,5.3525,-0.0080513,0.0039492
731.4,-82.467,110.07,7.8011,0.52737,-0.01006,0.021047,5.3525,-0.0080513,0.0039492
731.5,-82.463,110.12,7.8033,0.53179,-0.011206,0.022176,5.3525,-0.0080513,0.0039492
731.6,-82.459,110.17,7.8055,0.53608,-0.012414,0.023376,5.3525,-0.0080513,0.0039492
731.7,-82.455,110.23,7.8079,0.54027,-0.013686,0.024649,5.3525,-0.0080513,0.0039492
731.8,-82.451,110.28,7.8105,0.54435,-0.015028,0.025998,5.3525,-0.0080513,0.0039492
731.9,-82.448,110.34,7.8131,0.54831,-0.016444,0.027425,5.3525,-0.0080513,0.0039492
732,-82.444,110.39,7.816,0.55217,-0.017938,0.028932,5.3525,-0.0080513,0.0039492
732.1,-82.44,110.45,7.8189,0.55592,-0.019515,0.030522,5.3525,-0.0080513,0.0039492
732.2,-82.436,110.5,7.8221,0.55957,-0.02118,0.032194,5.3525,-0.0080513,0.0039492
732.3,-82.432,110.56,7.8254,0.56311,-0.022937,0.033951,5.3525,-0.0080513,0.0039492
732.4,-82.428,110.61,7.8289,0.56656,-0.024792,0.035792,5.3525,-0.0080513,0.0039492
732.5,-82.424,110.67,7.8325,0.5699,-0.026748,0.037719,5.3525,-0.0080513,0.0039492
732.6,-82.42,110.73,7.8364,0.57315,-0.02881,0.03973,5.3525,-0.0080513,0.0039492
732.7,-82.416,110.79,7.8405,0.5763,-0.030983,0.041824,5.3525,-0.0080513,0.0039492
732.8,-82.413,110.84,7.8448,0.57935,-0.033272,0.043999,5.3525,-0.0080513,0.0039492
732.9,-82.409,110.9,7.8493,0.58231,-0.035679,0.046253,5.3525,-0.0080513,0.0039492
733,-82.405,110.96,7.854,0.58517,-0.03821,0.048583,5.3525,-0.0080513,0.0039492
733.1,-82.401,111.02,7.859,0.58793,-0.040866,0.050983,5.3525,-0.0080513,0.0039492
733.2,-82.397,111.08,7.8642,0.59061,-0.043653,0.05345,5.3525,-0.0080513,0.0039492
733.3,-82.394,111.14,7.8697,0.59319,-0.046571,0.055978,5.3525,-0.0080513,0.0039492
733.4,-82.39,111.2,7.8754,0.59568,-0.049624,0.05856,5.3525,-0.0080513,0.0039492
733.5,-82.386,111.26,7.8814,0.59807,-0.052811,0.061189,5.3525,-0.0080513,0.0039492
733.6,-82.383,111.32,7.8877,0.60038,-0.056136,0.063856,5.3525,-0.0080513,0.0039492
733.7,-82.379,111.38,7.8942,0.60259,-0.059597,0.066555,5.3525,-0.0080513,0.0039492
733.8,-82.376,111.44,7.901,0.60471,-0.063194,0.069276,5.3525,-0.0080513,0.0039492
733.9,-82.372,111.5,7.908,0.60674,-0.066925,0.072009,5.3525,-0.0080513,0.0039492
734,-82.369,111.56,7.9154,0.60867,-0.07079,0.074744,5.3525,-0.0080513,0.0039492
734.1,-82.365,111.62,7.923,0.61052,-0.074785,0.077472,5.3525,-0.0080513,0.0039492
734.2,-82.362,111.68,7.9309,0.61227,-0.078906,0.080184,5.3525,-0.0080513,0.0039492
734.3,-82.359,111.74,7.939,0.61393,-0.08315,0.082868,5.3525,-0.0080513,0.0039492
734.4,-82.356,111.81,7.9474,0.61549,-0.087512,0.085515,5.3525,-0.0080513,0.0039492
734.5,-82.353,111.87,7.9561,0.61697,-0.091986,0.088115,5.3525,-0.0080513,0.0039492
734.6,-82.35,111.93,7.9651,0.61835,-0.096565,0.09066,5.3525,-0.0080513,0.0039492
734.7,-82.348,111.99,7.9743,0.61964,-0.10124,0.093141,5.3525,-0.0080513,0.0039492
734.8,-82.345,112.06,7.9837,0.62083,-0.10601,0.095549,5.3525,-0.0080513,0.0039492
734.9,-82.343,112.12,7.9934,0.62194,-0.11087,0.097877,5.3525,-0.0080513,0.0039492
735,-82.34,112.18,8.0033,0.62295,-0.1158,0.10012,5.3525,-0.0080513,0.0039492
735.1,-82.338,112.25,8.0134,0.62388,-0.12079,0.10227,5.3525,-0.0080513,0.0039492
735.2,-82.336,112.31,8.0237,0.62471,-0.12585,0.10432,5.3525,-0.0080513,0.0039492
735.3,-82.335,112.37,8.0342,0.62546,-0.13096,0.10627,5.3525,-0.0080513,0.0039492
735.4,-82.333,112.44,8.045,0.62612,-0.1361,0.10811,5.3525,-0.0080513,0.0039492
735.5,-82.332,112.5,8.0559,0.6267,-0.14128,0.10985,5.3525,-0.0080513,0.0039492
735.6,-82.331,112.56,8.0669,0.62719,-0.14649,0.11147,5.3525,-0.0080513,0.0039492
735.7,-82.33,112.63,8.0781,0.62761,-0.15171,0.11298,5.3525,-0.0080513,0.0039492
735.8,-82.329,112.69,8.0895,0.62794,-0.15693,0.11438,5.3525,-0.0080513,0.0039492
735.9,-82.328,112.76,8.101,0.62819,-0.16216,0.11566,5.3525,-0.0080513,0.0039492
736,-82.328,112.82,8.1126,0.62837,-0.16737,0.11683,1.2821,-3.1402e-16,1.5322e-16
736.1,-82.328,112.89,8.1244,0.61944,-0.17246,0.11764,1.2821,-3.1402e-16,1.5322e-16
736.2,-82.328,112.95,8.1362,0.6107,-0.17738,0.11806,1.2821,-3.1402e-16,1.5322e-16
736.3,-82.328,113.02,8.148,0.60215,-0.18211,0.11813,1.2821,-3.1402e-16,1.5322e-16
736.4,-82.328,113.08,8.1598,0.59379,-0.18664,0.11789,1.2821,-3.1402e-16,1.5322e-16
736.5,-82.328,113.14,8.1715,0.58562,-0.19095,0.11735,1.2821,-3.1402e-16,1.5322e-16
736.6,-82.328,113.2,8.1832,0.57763,-0.19504,0.11656,1.2821,-3.1402e-16,1.5322e-16
736.7,-82.329,113.26,8.1948,0.56983,-0.19889,0.11553,1.2821,-3.1402e-16,1.5322e-16
736.8,-82.329,113.32,8.2063,0.56222,-0.20252,0.1143,1.2821,-3.1402e-16,1.5322e-16
736.9,-82.329,113.38,8.2177,0.55479,-0.20592,0.11288,1.2821,-3.1402e-16,1.5322e-16
737,-82.33,113.44,8.2289,0.54755,-0.20909,0.11131,1.2821,-3.1402e-16,1.5322e-16
737.1,-82.331,113.5,8.24,0.5405,-0.21203,0.10959,1.2821,-3.1402e-16,1.5322e-16
737.2,-82.331,113.56,8.2508,0.53362,-0.21475,0.10776,1.2821,-3.1402e-16,1.5322e-16
737.3,-82.332,113.61,8.2615,0.52693,-0.21725,0.10583,1.2821,-3.1402e-16,1.5322e-16
737.4,-82.333,113.67,8.272,0.52041,-0.21954,0.10381,1.2821,-3.1402e-16,1.5322e-16
737.5,-82.334,113.73,8.2823,0.51408,-0.22162,0.10172,1.2821,-3.1402e-16,1.5322e-16
737.6,-82.336,113.78,8.2923,0.50792,-0.22351,0.099572,1.2821,-3.1402e-16,1.5322e-16
737.7,-82.337,113.84,8.3022,0.50193,-0.2252,0.097377,1.2821,-3.1402e-16,1.5322e-16
737.8,-82.338,113.89,8.3118,0.49611,-0.22671,0.095146,1.2821,-3.1402e-16,1.5322e-16
737.9,-82.34,113.95,8.3212,0.49047,-0.22804,0.092887,1.2821,-3.1402e-16,1.5322e-16
738,-82.342,114,8.3304,0.48499,-0.2292,0.09061,1.2821,-3.1402e-16,1.5322e-16
738.1,-82.344,114.05,8.3393,0.47967,-0.2302,0.088321,1.2821,-3.1402e-16,1.5322e-16
738.2,-82.346,114.11,8.348,0.47452,-0.23105,0.086028,1.2821,-3.1402e-16,1.5322e-16
738.3,-82.348,114.16,8.3565,0.46952,-0.23175,0.083735,1.2821,-3.1402e-16,1.5322e-16
738.4,-82.351,114.21,8.3648,0.46467,-0.2323,0.081447,1.2821,-3.1402e-16,1.5322e-16
738.5,-82.353,114.26,8.3728,0.45998,-0.23273,0.07917,1.2821,-3.1402e-16,1.5322e-16
738.6,-82.356,114.31,8.3806,0.45543,-0.23302,0.076907,1.2821,-3.1402e-16,1.5322e-16
738.7,-82.359,114.37,8.3882,0.45103,-0.2332,0.074661,1.2821,-3.1402e-16,1.5322e-16
738.8,-82.362,114.42,8.3956,0.44677,-0.23326,0.072436,1.2821,-3.1402e-16,1.5322e-16
738.9,-82.365,114.47,8.4027,0.44264,-0.23321,0.070233,1.2821,-3.1402e-16,1.5322e-16
739,-82.368,114.52,8.4096,0.43865,-0.23306,0.068056,1.2821,-3.1402e-16,1.5322e-16
739.1,-82.371,114.57,8.4163,0.43479,-0.2328,0.065906,1.2821,-3.1402e-16,1.5322e-16
739.2,-82.375,114.61,8.4228,0.43106,-0.23246,0.063785,1.2821,-3.1402e-16,1.5322e-16
739.3,-82.379,114.66,8.4291,0.42745,-0.23203,0.061693,1.2821,-3.1402e-16,1.5322e-16
739.4,-82.382,114.71,8.4351,0.42397,-0.23152,0.059633,1.2821,-3.1402e-16,1.5322e-16
739.5,-82.386,114.76,8.441,0.42059,-0.23092,0.057605,1.2821,-3.1402e-16,1.5322e-16
739.6,-82.391,114.81,8.4467,0.41734,-0.23026,0.055609,1.2821,-3.1402e-16,1.5322e-16
739.7,-82.395,114.85,8.4521,0.41419,-0.22952,0.053647,1.2821,-3.1402e-16,1.5322e-16
739.8,-82.399,114.9,8.4574,0.41115,-0.22872,0.051719,1.2821,-3.1402e-16,1.5322e-16
739.9,-82.404,114.95,8.4625,0.40822,-0.22785,0.049825,1.2821,-3.1402e-16,1.5322e-16
740,-82.409,114.99,8.4673,0.40538,-0.22692,0.047965,1.2821,-3.1402e-16,1.5322e-16
740.1,-82.413,115.04,8.4721,0.40264,-0.22594,0.04614,1.2821,-3.1402e-16,1.5322e-16
740.2,-82.418,115.09,8.4766,0.4,-0.2249,0.044349,1.2821,-3.1402e-16,1.5322e-16
740.3,-82.424,115.13,8.4809,0.39745,-0.22381,0.042592,1.2821,-3.1402e-16,1.5322e-16
740.4,-82.429,115.18,8.4851,0.39499,-0.22268,0.04087,1.2821,-3.1402e-16,1.5322e-16
740.5,-82.434,115.22,8.4891,0.39262,-0.22149,0.039182,1.2821,-3.1402e-16,1.5322e-16
740.6,-82.44,115.27,8.4929,0.39033,-0.22027,0.037528,1.2821,-3.1402e-16,1.5322e-16
740.7,-82.445,115.31,8.4966,0.38812,-0.21901,0.035908,1.2821,-3.1402e-16,1.5322e-16
740.8,-82.451,115.35,8.5001,0.38599,-0.2177,0.034321,1.2821,-3.1402e-16,1.5322e-16
740.9,-82.457,115.4,8.5035,0.38393,-0.21636,0.032767,1.2821,-3.1402e-16,1.5322e-16
741,-82.463,115.44,8.5067,0.38195,-0.21499,0.031246,1.2821,-3.1402e-16,1.5322e-16
741.1,-82.469,115.49,8.5097,0.38004,-0.21358,0.029757,1.2821,-3.1402e-16,1.5322e-16
741.2,-82.476,115.53,8.5126,0.3782,-0.21215,0.028299,1.2821,-3.1402e-16,1.5322e-16
741.3,-82.482,115.57,8.5154,0.37642,-0.21068,0.026873,1.2821,-3.1402e-16,1.5322e-16
741.4,-82.489,115.61,8.518,0.37471,-0.20919,0.025478,1.2821,-3.1402e-16,1.5322e-16
741.5,-82.495,115.66,8.5205,0.37306,-0.20767,0.024113,1.2821,-3.1402e-16,1.5322e-16
741.6,-82.502,115.7,8.5228,0.37146,-0.20613,0.022778,1.2821,-3.1402e-16,1.5322e-16
741.7,-82.509,115.74,8.525,0.36993,-0.20456,0.021473,1.2821,-3.1402e-16,1.5322e-16
741.8,-82.516,115.78,8.5271,0.36845,-0.20297,0.020197,1.2821,-3.1402e-16,1.5322e-16
741.9,-82.523,115.82,8.5291,0.36702,-0.20136,0.018949,1.2821,-3.1402e-16,1.5322e-16
742,-82.531,115.86,8.5309,0.36565,-0.19973,0.017729,1.2821,-3.1402e-16,1.5322e-16
742.1,-82.538,115.9,8.5326,0.36432,-0.19808,0.016536,1.2821,-3.1402e-16,1.5322e-16
742.2,-82.545,115.95,8.5342,0.36305,-0.19641,0.01537,1.2821,-3.1402e-16,1.5322e-16
742.3,-82.553,115.99,8.5357,0.36182,-0.19473,0.014231,1.2821,-3.1402e-16,1.5322e-16
742.4,-82.561,116.03,8.5371,0.36063,-0.19303,0.013118,1.2821,-3.1402e-16,1.5322e-16
742.5,-82.569,116.07,8.5383,0.35949,-0.19132,0.01203,1.2821,-3.1402e-16,1.5322e-16
742.6,-82.577,116.11,8.5395,0.35839,-0.18959,0.010967,1.2821,-3.1402e-16,1.5322e-16
742.7,-82.585,116.15,8.5405,0.35733,-0.18785,0.0099282,1.2821,-3.1402e-16,1.5322e-16
742.8,-82.593,116.18,8.5415,0.3563,-0.18609,0.0089134,1.2821,-3.1402e-16,1.5322e-16
742.9,-82.601,116.22,8.5423,0.35532,-0.18433,0.007922,1.2821,-3.1402e-16,1.5322e-16
743,-82.61,116.26,8.543,0.35436,-0.18255,0.0069534,1.2821,-3.1402e-16,1.5322e-16
743.1,-82.618,116.3,8.5437,0.35345,-0.18076,0.0060072,1.2821,-3.1402e-16,1.5322e-16
743.2,-82.627,116.34,8.5442,0.35256,-0.17897,0.0050828,1.2821,-3.1402e-16,1.5322e-16
743.3,-82.635,116.38,8.5447,0.35171,-0.17716,0.0041797,1.2821,-3.1402e-16,1.5322e-16
743.4,-82.644,116.42,8.5451,0.35089,-0.17535,0.0032975,1.2821,-3.1402e-16,1.5322e-16
743.5,-82.653,116.46,8.5454,0.3501,-0.17353,0.0024356,1.2821,-3.1402e-16,1.5322e-16
743.6,-82.662,116.49,8.5456,0.34933,-0.1717,0.0015935,1.2821,-3.1402e-16,1.5322e-16
743.7,-82.671,116.53,8.5457,0.3486,-0.16986,0.0007708,1.2821,-3.1402e-16,1.5322e-16
743.8,-82.68,116.57,8.5457,0.34788,-0.16802,-3.3072e-05,1.2821,-3.1402e-16,1.5322e-16
743.9,-82.69,116.61,8.5457,0.3472,-0.16613,-0.00080635,1.2821,-3.1402e-16,1.5322e-16
744,-82.699,116.64,8.5456,0.34653,-0.16419,-0.0015382,1.2821,-3.1402e-16,1.5322e-16
744.1,-82.709,116.68,8.5454,0.34589,-0.16219,-0.002228,1.2821,-3.1402e-16,1.5322e-16
744.2,-82.718,116.72,8.5451,0.34527,-0.16013,-0.0028754,1.2821,-3.1402e-16,1.5322e-16
744.3,-82.728,116.75,8.5448,0.34467,-0.15803,-0.0034806,1.2821,-3.1402e-16,1.5322e-16
744.4,-82.738,116.79,8.5444,0.34409,-0.15589,-0.0040437,1.2821,-3.1402e-16,1.5322e-16
744.5,-82.748,116.83,8.544,0.34353,-0.15371,-0.0045653,1.2821,-3.1402e-16,1.5322e-16
744.6,-82.758,116.86,8.5435,0.34298,-0.1515,-0.0050461,1.2821,-3.1402e-16,1.5322e-16
744.7,-82.768,116.9,8.543,0.34245,-0.14927,-0.0054869,1.2821,-3.1402e-16,1.5322e-16
744.8,-82.778,116.94,8.5424,0.34193,-0.14701,-0.0058888,1.2821,-3.1402e-16,1.5322e-16
744.9,-82.789,116.97,8.5418,0.34142,-0.14474,-0.0062529,1.2821,-3.1402e-16,1.5322e-16
745,-82.799,117.01,8.5412,0.34093,-0.14246,-0.0065806,1.2821,-3.1402e-16,1.5322e-16
745.1,-82.81,117.04,8.5405,0.34045,-0.14017,-0.0068731,1.2821,-3.1402e-16,1.5322e-16
745.2,-82.821,117.08,8.5398,0.33998,-0.13788,-0.0071319,1.2821,-3.1402e-16,1.5322e-16
745.3,-82.832,117.11,8.5391,0.33952,-0.13559,-0.0073584,1.2821,-3.1402e-16,1.5322e-16
745.4,-82.843,117.15,8.5383,0.33907,-0.1333,-0.0075541,1.2821,-3.1402e-16,1.5322e-16
745.5,-82.854,117.18,8.5376,0.33863,-0.13102,-0.0077205,1.2821,-3.1402e-16,1.5322e-16
745.6,-82.865,117.22,8.5368,0.33819,-0.12875,-0.0078591,1.2821,-3.1402e-16,1.5322e-16
745.7,-82.877,117.25,8.536,0.33776,-0.12649,-0.0079713,1.2821,-3.1402e-16,1.5322e-16
745.8,-82.888,117.28,8.5352,0.33735,-0.12425,-0.0080587,1.2821,-3.1402e-16,1.5322e-16
745.9,-82.9,117.32,8.5344,0.33693,-0.12203,-0.0081227,1.2821,-3.1402e-16,1.5322e-16
746,-82.911,117.35,8.5336,0.33653,-0.11983,-0.0081646,1.2821,-3.1402e-16,1.5322e-16
746.1,-82.923,117.39,8.5327,0.33613,-0.11765,-0.0081859,1.2821,-3.1402e-16,1.5322e-16
746.2,-82.935,117.42,8.5319,0.33573,-0.11549,-0.0081878,1.2821,-3.1402e-16,1.5322e-16
746.3,-82.948,117.45,8.5311,0.33535,-0.11336,-0.0081717,1.2821,-3.1402e-16,1.5322e-16
746.4,-82.96,117.49,8.5303,0.33496,-0.11125,-0.0081387,1.2821,-3.1402e-16,1.5322e-16
746.5,-82.972,117.52,8.5295,0.33458,-0.10917,-0.00809,1.2821,-3.1402e-16,1.5322e-16
746.6,-82.985,117.55,8.5287,0.33421,-0.10712,-0.0080267,1.2821,-3.1402e-16,1.5322e-16
746.7,-82.997,117.58,8.5279,0.33384,-0.1051,-0.00795,1.2821,-3.1402e-16,1.5322e-16
746.8,-83.01,117.62,8.5271,0.33348,-0.10312,-0.0078607,1.2821,-3.1402e-16,1.5322e-16
746.9,-83.023,117.65,8.5263,0.33312,-0.10116,-0.0077598,1.2821,-3.1402e-16,1.5322e-16
747,-83.035,117.68,8.5255,0.33276,-0.099235,-0.0076484,1.2821,-3.1402e-16,1.5322e-16
747.1,-83.048,117.71,8.5248,0.33241,-0.097342,-0.0075271,1.2821,-3.1402e-16,1.5322e-16
747.2,-83.062,117.75,8.524,0.33206,-0.095483,-0.0073968,1.2821,-3.1402e-16,1.5322e-16
747.3,-83.075,117.78,8.5233,0.33172,-0.093657,-0.0072583,1.2821,-3.1402e-16,1.5322e-16
747.4,-83.088,117.81,8.5226,0.33138,-0.091864,-0.0071122,1.2821,-3.1402e-16,1.5322e-16
747.5,-83.101,117.84,8.5219,0.33104,-0.090104,-0.0069593,1.2821,-3.1402e-16,1.5322e-16
747.6,-83.115,117.87,8.5212,0.33071,-0.088379,-0.0068001,1.2821,-3.1402e-16,1.5322e-16
747.7,-83.128,117.9,8.5205,0.33038,-0.086686,-0.0066353,1.2821,-3.1402e-16,1.5322e-16
747.8,-83.142,117.93,8.5199,0.33005,-0.085027,-0.0064653,1.2821,-3.1402e-16,1.5322e-16
747.9,-83.156,117.97,8.5192,0.32973,-0.083402,-0.0062907,1.2821,-3.1402e-16,1.5322e-16
748,-83.17,118,8.5186,0.32941,-0.08181,-0.0061119,6.9144,0.79425,-0.38958
748.1,-83.184,118.03,8.5175,0.34171,-0.076614,-0.016836,6.9144,0.79425,-0.38958
748.2,-83.2,118.06,8.5152,0.35385,-0.070787,-0.027307,6.9144,0.79425,-0.38958
748.3,-83.216,118.09,8.512,0.36582,-0.064357,-0.037474,6.9144,0.79425,-0.38958
748.4,-83.234,118.13,8.5078,0.3776,-0.057365,-0.047304,6.9144,0.79425,-0.38958
748.5,-83.253,118.16,8.5026,0.38918,-0.049858,-0.056777,6.9144,0.79425,-0.38958
748.6,-83.273,118.19,8.4964,0.40054,-0.041891,-0.065891,6.9144,0.79425,-0.38958
748.7,-83.294,118.23,8.4894,0.41166,-0.033522,-0.074653,6.9144,0.79425,-0.38958
748.8,-83.317,118.26,8.4815,0.42253,-0.024812,-0.083084,6.9144,0.79425,-0.38958
748.9,-83.34,118.3,8.4728,0.43314,-0.015821,-0.091208,6.9144,0.79425,-0.38958
749,-83.364,118.34,8.4633,0.44346,-0.0066078,-0.099054,6.9144,0.79425,-0.38958
749.1,-83.39,118.37,8.453,0.4535,0.0027799,-0.10665,6.9144,0.79425,-0.38958
749.2,-83.416,118.41,8.4419,0.46323,0.012442,-0.11384,6.9144,0.79425,-0.38958
749.3,-83.443,118.45,8.4302,0.47265,0.0224,-0.12059,6.9144,0.79425,-0.38958
749.4,-83.471,118.49,8.4178,0.48175,0.032622,-0.1269,6.9144,0.79425,-0.38958
749.5,-83.5,118.53,8.4049,0.49051,0.043077,-0.13276,6.9144,0.79425,-0.38958
749.6,-83.53,118.57,8.3913,0.49894,0.053734,-0.1382,6.9144,0.79425,-0.38958
749.7,-83.56,118.61,8.3772,0.50702,0.064562,-0.14323,6.9144,0.79425,-0.38958
749.8,-83.592,118.65,8.3627,0.51475,0.07553,-0.14787,6.9144,0.79425,-0.38958
749.9,-83.624,118.69,8.3477,0.52213,0.086612,-0.15214,6.9144,0.79425,-0.38958
750,-83.657,118.73,8.3323,0.52916,0.09778,-0.15605,6.9144,0.79425,-0.38958
750.1,-83.69,118.78,8.3165,0.53584,0.10901,-0.15962,6.9144,0.79425,-0.38958
750.2,-83.724,118.82,8.3003,0.54217,0.12027,-0.16287,6.9144,0.79425,-0.38958
750.3,-83.758,118.86,8.2839,0.54816,0.13156,-0.16582,6.9144,0.79425,-0.38958
750.4,-83.793,118.91,8.2672,0.5538,0.14283,-0.16849,6.9144,0.79425,-0.38958
750.5,-83.829,118.95,8.2502,0.55911,0.15409,-0.17088,6.9144,0.79425,-0.38958
750.6,-83.865,119,8.233,0.56408,0.1653,-0.17301,6.9144,0.79425,-0.38958
750.7,-83.901,119.05,8.2156,0.56873,0.17646,-0.17489,6.9144,0.79425,-0.38958
750.8,-83.938,119.09,8.1981,0.57307,0.18755,-0.17654,6.9144,0.79425,-0.38958
750.9,-83.975,119.14,8.1803,0.5771,0.19856,-0.17797,6.9144,0.79425,-0.38958
751,-84.013,119.19,8.1625,0.58083,0.20947,-0.17919,6.9144,0.79425,-0.38958
751.1,-84.051,119.24,8.1445,0.58428,0.22028,-0.18019,6.9144,0.79425,-0.38958
751.2,-84.089,119.29,8.1264,0.58745,0.23097,-0.18101,6.9144,0.79425,-0.38958
751.3,-84.127,119.34,8.1083,0.59035,0.24155,-0.18163,6.9144,0.79425,-0.38958
751.4,-84.165,119.39,8.0901,0.59299,0.25199,-0.18207,6.9144,0.79425,-0.38958
751.5,-84.203,119.44,8.0719,0.5954,0.26231,-0.18234,6.9144,0.79425,-0.38958
751.6,-84.242,119.5,8.0536,0.59756,0.27248,-0.18245,6.9144,0.79425,-0.38958
751.7,-84.28,119.55,8.0354,0.59951,0.28251,-0.18239,6.9144,0.79425,-0.38958
751.8,-84.319,119.6,8.0172,0.60125,0.29239,-0.18218,6.9144,0.79425,-0.38958
751.9,-84.358,119.66,7.999,0.60279,0.30213,-0.18182,6.9144,0.79425,-0.38958
752,-84.396,119.71,7.9808,0.60414,0.31171,-0.18132,6.9144,0.79425,-0.38958
752.1,-84.435,119.77,7.9627,0.60531,0.32115,-0.18069,6.9144,0.79425,-0.38958
752.2,-84.473,119.83,7.9447,0.60633,0.33043,-0.17992,6.9144,0.79425,-0.38958
752.3,-84.512,119.88,7.9267,0.60719,0.33955,-0.17903,6.9144,0.79425,-0.38958
752.4,-84.55,119.94,7.9089,0.60791,0.34853,-0.17801,6.9144,0.79425,-0.38958
752.5,-84.588,120,7.8911,0.6085,0.35736,-0.17688,6.9144,0.79425,-0.38958
752.6,-84.626,120.06,7.8735,0.60897,0.36604,-0.17564,6.9144,0.79425,-0.38958
752.7,-84.663,120.12,7.856,0.60933,0.37458,-0.17429,6.9144,0.79425,-0.38958
752.8,-84.701,120.18,7.8387,0.60959,0.38297,-0.17284,6.9144,0.79425,-0.38958
752.9,-84.738,120.25,7.8214,0.60977,0.39123,-0.17129,6.9144,0.79425,-0.38958
753,-84.775,120.31,7.8044,0.60987,0.39935,-0.16964,6.9144,0.79425,-0.38958
753.1,-84.812,120.37,7.7875,0.60989,0.40734,-0.1679,6.9144,0.79425,-0.38958
753.2,-84.848,120.44,7.7708,0.60986,0.4152,-0.16607,6.9144,0.79425,-0.38958
753.3,-84.885,120.5,7.7543,0.60978,0.42295,-0.16415,6.9144,0.79425,-0.38958
753.4,-84.92,120.57,7.738,0.60965,0.43058,-0.16215,6.9144,0.79425,-0.38958
753.5,-84.956,120.63,7.7219,0.60949,0.4381,-0.16007,6.9144,0.79425,-0.38958
753.6,-84.991,120.7,7.706,0.60931,0.44552,-0.15791,6.9144,0.79425,-0.38958
753.7,-85.026,120.76,7.6903,0.60911,0.45284,-0.15566,6.9144,0.79425,-0.38958
753.8,-85.061,120.83,7.6749,0.60889,0.46007,-0.15335,6.9144,0.79425,-0.38958
753.9,-85.095,120.9,7.6596,0.60868,0.46721,-0.15095,6.9144,0.79425,-0.38958
754,-85.129,120.97,7.6447,0.60846,0.47428,-0.14848,6.9144,0.79425,-0.38958
754.1,-85.162,121.04,7.6299,0.60826,0.48128,-0.14593,6.9144,0.79425,-0.38958
754.2,-85.196,121.11,7.6155,0.60808,0.48822,-0.1433,12.531,-3.0693e-15,1.5635e-15
754.3,-85.228,121.18,7.6018,0.62063,0.49179,-0.13075,12.531,-3.0693e-15,1.5635e-15
754.4,-85.26,121.25,7.5893,0.63325,0.49532,-0.12012,12.531,-3.0693e-15,1.5635e-15
754.5,-85.291,121.33,7.5777,0.64588,0.49886,-0.11104,12.531,-3.0693e-15,1.5635e-15
754.6,-85.321,121.41,7.567,0.65846,0.50244,-0.1032,12.531,-3.0693e-15,1.5635e-15
754.7,-85.35,121.48,7.5571,0.67094,0.50607,-0.096408,12.531,-3.0693e-15,1.5635e-15
754.8,-85.378,121.56,7.5477,0.6833,0.50978,-0.090485,12.531,-3.0693e-15,1.5635e-15
754.9,-85.406,121.65,7.5389,0.69549,0.51357,-0.085304,12.531,-3.0693e-15,1.5635e-15
755,-85.433,121.73,7.5306,0.7075,0.51748,-0.080759,12.531,-3.0693e-15,1.5635e-15
755.1,-85.459,121.81,7.5228,0.7193,0.52149,-0.076766,12.531,-3.0693e-15,1.5635e-15
755.2,-85.485,121.9,7.5153,0.73087,0.52563,-0.073254,12.531,-3.0693e-15,1.5635e-15
755.3,-85.51,121.99,7.5081,0.74221,0.5299,-0.070164,12.531,-3.0693e-15,1.5635e-15
755.4,-85.534,122.07,7.5012,0.7533,0.53431,-0.067446,12.531,-3.0693e-15,1.5635e-15
755.5,-85.558,122.16,7.4946,0.76412,0.53887,-0.065055,12.531,-3.0693e-15,1.5635e-15
755.6,-85.581,122.25,7.4882,0.77468,0.54358,-0.062954,12.531,-3.0693e-15,1.5635e-15
755.7,-85.604,122.35,7.482,0.78496,0.54845,-0.061106,12.531,-3.0693e-15,1.5635e-15
755.8,-85.626,122.44,7.476,0.79497,0.55349,-0.05948,12.531,-3.0693e-15,1.5635e-15
755.9,-85.648,122.54,7.4701,0.8047,0.55871,-0.058045,12.531,-3.0693e-15,1.5635e-15
756,-85.67,122.63,7.4644,0.81415,0.5641,-0.056772,12.531,-3.0693e-15,1.5635e-15
756.1,-85.691,122.73,7.4587,0.82332,0.56969,-0.055634,12.531,-3.0693e-15,1.5635e-15
756.2,-85.711,122.83,7.4532,0.83221,0.57547,-0.054602,12.531,-3.0693e-15,1.5635e-15
756.3,-85.732,122.93,7.4478,0.84083,0.58146,-0.053647,12.531,-3.0693e-15,1.5635e-15
756.4,-85.752,123.03,7.4425,0.84918,0.58766,-0.052743,12.531,-3.0693e-15,1.5635e-15
756.5,-85.772,123.13,7.4373,0.85726,0.59407,-0.05186,12.531,-3.0693e-15,1.5635e-15
756.6,-85.791,123.23,7.4321,0.86509,0.60071,-0.050966,12.531,-3.0693e-15,1.5635e-15
756.7,-85.81,123.34,7.4271,0.87267,0.60758,-0.050031,12.531,-3.0693e-15,1.5635e-15
756.8,-85.829,123.44,7.4221,0.88001,0.61468,-0.049021,12.531,-3.0693e-15,1.5635e-15
756.9,-85.848,123.55,7.4173,0.88713,0.62203,-0.047899,12.531,-3.0693e-15,1.5635e-15
757,-85.867,123.66,7.4125,0.89403,0.62963,-0.046628,12.531,-3.0693e-15,1.5635e-15
757.1,-85.886,123.76,7.4079,0.90075,0.63748,-0.045166,12.531,-3.0693e-15,1.5635e-15
757.2,-85.904,123.87,7.4035,0.90728,0.64561,-0.043469,12.531,-3.0693e-15,1.5635e-15
757.3,-85.923,123.98,7.3993,0.91367,0.654,-0.041487,12.531,-3.0693e-15,1.5635e-15
757.4,-85.942,124.09,7.3952,0.91992,0.66268,-0.039165,12.531,-3.0693e-15,1.5635e-15
757.5,-85.96,124.21,7.3914,0.92606,0.67165,-0.036442,12.531,-3.0693e-15,1.5635e-15
757.6,-85.979,124.32,7.388,0.93214,0.68093,-0.033247,12.531,-3.0693e-15,1.5635e-15
757.7,-85.998,124.43,7.3848,0.93818,0.69052,-0.0295,12.531,-3.0693e-15,1.5635e-15
757.8,-86.018,124.55,7.3821,0.94423,0.70044,-0.025104,12.531,-3.0693e-15,1.5635e-15
757.9,-86.037,124.67,7.3798,0.95033,0.71072,-0.019946,12.531,-3.0693e-15,1.5635e-15
758,-86.057,124.78,7.3781,0.95655,0.72137,-0.013884,12.531,-3.0693e-15,1.5635e-15
758.1,-86.078,124.9,7.3771,0.96295,0.73242,-0.006743,12.531,-3.0693e-15,1.5635e-15
758.2,-86.099,125.02,7.3768,0.96961,0.74385,0.0016827,12.531,-3.0693e-15,1.5635e-15
758.3,-86.121,125.14,7.3774,0.97662,0.75356,0.010781,12.531,-3.0693e-15,1.5635e-15
758.4,-86.143,125.27,7.379,0.98398,0.76031,0.019887,12.531,-3.0693e-15,1.5635e-15
758.5,-86.166,125.39,7.3814,0.9917,0.76396,0.028646,12.531,-3.0693e-15,1.5635e-15
758.6,-86.189,125.51,7.3847,0.99971,0.76456,0.036736,12.531,-3.0693e-15,1.5635e-15
758.7,-86.212,125.64,7.3887,1.0079,0.76227,0.043901,12.531,-3.0693e-15,1.5635e-15
758.8,-86.235,125.76,7.3934,1.0163,0.75738,0.049961,12.531,-3.0693e-15,1.5635e-15
758.9,-86.257,125.88,7.3987,1.0247,0.75027,0.054816,12.531,-3.0693e-15,1.5635e-15
759,-86.28,126.01,7.4043,1.0331,0.74136,0.058438,12.531,-3.0693e-15,1.5635e-15
759.1,-86.301,126.14,7.4103,1.0413,0.73108,0.060855,12.531,-3.0693e-15,1.5635e-15
759.2,-86.322,126.26,7.4165,1.0493,0.71987,0.062137,12.531,-3.0693e-15,1.5635e-15
759.3,-86.343,126.39,7.4227,1.0569,0.70814,0.06238,12.531,-3.0693e-15,1.5635e-15
759.4,-86.362,126.51,7.4289,1.0642,0.69624,0.061691,12.531,-3.0693e-15,1.5635e-15
759.5,-86.382,126.64,7.435,1.0711,0.6845,0.060181,12.531,-3.0693e-15,1.5635e-15
759.6,-86.4,126.76,7.4409,1.0776,0.67321,0.057956,12.531,-3.0693e-15,1.5635e-15
759.7,-86.419,126.89,7.4466,1.0836,0.66262,0.055113,12.531,-3.0693e-15,1.5635e-15
759.8,-86.436,127.01,7.4519,1.0892,0.65292,0.051739,12.531,-3.0693e-15,1.5635e-15
759.9,-86.454,127.14,7.4569,1.0944,0.6443,0.047909,12.531,-3.0693e-15,1.5635e-15
760,-86.47,127.27,7.4615,1.099,0.63692,0.043689,12.531,-3.0693e-15,1.5635e-15
760.1,-86.487,127.39,7.4657,1.1033,0.63091,0.039136,12.531,-3.0693e-15,1.5635e-15
760.2,-86.504,127.52,7.4693,1.1071,0.6264,0.034299,12.531,-3.0693e-15,1.5635e-15
760.3,-86.52,127.64,7.4725,1.1104,0.62349,0.029225,12.531,-3.0693e-15,1.5635e-15
760.4,-86.537,127.77,7.4752,1.1134,0.62229,0.023958,12.531,-3.0693e-15,1.5635e-15
760.5,-86.554,127.9,7.4773,1.1159,0.62289,0.018545,12.531,-3.0693e-15,1.5635e-15
760.6,-86.571,128.02,7.4789,1.1181,0.6254,0.013039,12.531,-3.0693e-15,1.5635e-15
760.7,-86.588,128.15,7.4799,1.1199,0.62989,0.0075031,12.531,-3.0693e-15,1.5635e-15
760.8,-86.606,128.28,7.4804,1.1213,0.63645,0.0020146,12.531,-3.0693e-15,1.5635e-15
760.9,-86.625,128.41,7.4803,1.1224,0.64482,-0.0034443,12.531,-3.0693e-15,1.5635e-15
761,-86.644,128.54,7.4797,1.1231,0.65384,-0.0092186,12.531,-3.0693e-15,1.5635e-15
761.1,-86.664,128.66,7.4784,1.1234,0.66344,-0.015284,12.531,-3.0693e-15,1.5635e-15
761.2,-86.685,128.79,7.4766,1.1233,0.67364,-0.021553,12.531,-3.0693e-15,1.5635e-15
761.3,-86.707,128.92,7.4741,1.1229,0.68446,-0.027916,12.531,-3.0693e-15,1.5635e-15
761.4,-86.729,129.05,7.471,1.1221,0.69592,-0.034236,12.531,-3.0693e-15,1.5635e-15
761.5,-86.752,129.18,7.4673,1.1209,0.70803,-0.040361,12.531,-3.0693e-15,1.5635e-15
761.6,-86.776,129.31,7.463,1.1193,0.7208,-0.046116,12.531,-3.0693e-15,1.5635e-15
761.7,-86.8,129.44,7.4581,1.1174,0.73423,-0.051319,12.531,-3.0693e-15,1.5635e-15
761.8,-86.825,129.58,7.4527,1.1152,0.74831,-0.05578,12.531,-3.0693e-15,1.5635e-15
761.9,-86.851,129.71,7.447,1.1128,0.76303,-0.059308,12.531,-3.0693e-15,1.5635e-15
762,-86.877,129.84,7.4409,1.1102,0.7784,-0.061715,12.531,-3.0693e-15,1.5635e-15
762.1,-86.904,129.97,7.4347,1.1074,0.79439,-0.062815,12.531,-3.0693e-15,1.5635e-15
762.2,-86.932,130.11,7.4284,1.1047,0.81102,-0.062427,12.531,-3.0693e-15,1.5635e-15
762.3,-86.961,130.24,7.4222,1.102,0.82828,-0.060368,12.531,-3.0693e-15,1.5635e-15
762.4,-86.99,130.38,7.4164,1.0996,0.8462,-0.05644,12.531,-3.0693e-15,1.5635e-15
762.5,-87.021,130.51,7.411,1.0975,0.86483,-0.050419,12.531,-3.0693e-15,1.5635e-15
762.6,-87.052,130.65,7.4064,1.096,0.88423,-0.042031,12.531,-3.0693e-15,1.5635e-15
762.7,-87.085,130.79,7.4027,1.0952,0.9045,-0.030916,12.531,-3.0693e-15,1.5635e-15
762.8,-87.12,130.93,7.4003,1.0953,0.92579,-0.016574,12.531,-3.0693e-15,1.5635e-15
762.9,-87.156,131.07,7.3995,1.0967,0.94827,0.0017087,12.531,-3.0693e-15,1.5635e-15
763,-87.194,131.21,7.4007,1.0998,0.96667,0.022546,12.531,-3.0693e-15,1.5635e-15
763.1,-87.233,131.35,7.404,1.1045,0.97634,0.043301,12.531,-3.0693e-15,1.5635e-15
763.2,-87.273,131.49,7.4093,1.1108,0.97704,0.062418,12.531,-3.0693e-15,1.5635e-15
763.3,-87.314,131.63,7.4164,1.1183,0.96935,0.078718,12.531,-3.0693e-15,1.5635e-15
763.4,-87.354,131.77,7.425,1.1268,0.95446,0.091539,12.531,-3.0693e-15,1.5635e-15
763.5,-87.394,131.92,7.4346,1.1357,0.93393,0.10071,12.531,-3.0693e-15,1.5635e-15
763.6,-87.432,132.06,7.445,1.1448,0.90941,0.10642,12.531,-3.0693e-15,1.5635e-15
763.7,-87.469,132.2,7.4558,1.1536,0.88243,0.1091,12.531,-3.0693e-15,1.5635e-15
763.8,-87.505,132.34,7.4667,1.1619,0.8543,0.10925,12.531,-3.0693e-15,1.5635e-15
763.9,-87.54,132.48,7.4776,1.1696,0.82607,0.10736,12.531,-3.0693e-15,1.5635e-15
764,-87.573,132.62,7.4881,1.1765,0.79855,0.10388,12.531,-3.0693e-15,1.5635e-15
764.1,-87.605,132.76,7.4983,1.1826,0.77234,0.099191,12.531,-3.0693e-15,1.5635e-15
764.2,-87.635,132.89,7.5079,1.188,0.74788,0.093589,12.531,-3.0693e-15,1.5635e-15
764.3,-87.665,133.03,7.517,1.1925,0.72547,0.087301,12.531,-3.0693e-15,1.5635e-15
764.4,-87.694,133.17,7.5254,1.1963,0.7053,0.080499,12.531,-3.0693e-15,1.5635e-15
764.5,-87.721,133.3,7.5331,1.1993,0.68754,0.073304,12.531,-3.0693e-15,1.5635e-15
764.6,-87.748,133.44,7.54,1.2017,0.67228,0.065801,12.531,-3.0693e-15,1.5635e-15
764.7,-87.775,133.57,7.5462,1.2035,0.65961,0.058047,12.531,-3.0693e-15,1.5635e-15
764.8,-87.801,133.71,7.5516,1.2047,0.64959,0.050079,12.531,-3.0693e-15,1.5635e-15
764.9,-87.827,133.84,7.5562,1.2053,0.64231,0.041923,12.531,-3.0693e-15,1.5635e-15
765,-87.853,133.97,7.56,1.2054,0.63784,0.033599,12.531,-3.0693e-15,1.5635e-15
765.1,-87.88,134.11,7.563,1.205,0.63628,0.025129,12.531,-3.0693e-15,1.5635e-15
765.2,-87.906,134.24,7.565,1.2042,0.63772,0.016542,12.531,-3.0693e-15,1.5635e-15
765.3,-87.933,134.38,7.5663,1.2029,0.6423,0.0078884,12.531,-3.0693e-15,1.5635e-15
765.4,-87.961,134.51,7.5666,1.2012,0.65013,-0.00075895,12.531,-3.0693e-15,1.5635e-15
765.5,-87.99,134.64,7.5661,1.199,0.65979,-0.0098378,12.531,-3.0693e-15,1.5635e-15
765.6,-88.02,134.78,7.5646,1.1964,0.67025,-0.019637,12.531,-3.0693e-15,1.5635e-15
765.7,-88.05,134.91,7.5621,1.1933,0.68156,-0.030011,12.531,-3.0693e-15,1.5635e-15
765.8,-88.082,135.04,7.5586,1.1896,0.69375,-0.040757,12.531,-3.0693e-15,1.5635e-15
765.9,-88.114,135.18,7.554,1.1854,0.70685,-0.051613,12.531,-3.0693e-15,1.5635e-15
766,-88.147,135.31,7.5483,1.1806,0.72086,-0.062271,5.7629,0.66243,-0.32492
766.1,-88.18,135.45,7.5411,1.16,0.73867,-0.08121,5.7629,0.66243,-0.32492
766.2,-88.216,135.58,7.5321,1.1389,0.75755,-0.098154,5.7629,0.66243,-0.32492
766.3,-88.252,135.71,7.5216,1.1174,0.77735,-0.1123,5.7629,0.66243,-0.32492
766.4,-88.29,135.84,7.5098,1.0957,0.79787,-0.12306,5.7629,0.66243,-0.32492
766.5,-88.328,135.97,7.4971,1.074,0.81895,-0.13005,5.7629,0.66243,-0.32492
766.6,-88.368,136.1,7.4839,1.0525,0.84043,-0.13312,5.7629,0.66243,-0.32492
766.7,-88.409,136.23,7.4706,1.0314,0.86222,-0.13226,5.7629,0.66243,-0.32492
766.8,-88.451,136.36,7.4576,1.0111,0.88429,-0.12757,5.7629,0.66243,-0.32492
766.9,-88.494,136.48,7.4452,0.9917,0.90669,-0.11916,5.7629,0.66243,-0.32492
767,-88.538,136.61,7.4339,0.97357,0.92953,-0.10709,5.7629,0.66243,-0.32492
767.1,-88.584,136.74,7.4239,0.95697,0.95302,-0.091328,5.7629,0.66243,-0.32492
767.2,-88.632,136.86,7.4157,0.94221,0.97748,-0.071657,5.7629,0.66243,-0.32492
767.3,-88.682,136.99,7.4097,0.92964,1.0033,-0.047585,5.7629,0.66243,-0.32492
767.4,-88.733,137.12,7.4064,0.91971,1.0311,-0.018204,5.7629,0.66243,-0.32492
767.5,-88.788,137.24,7.4063,0.91301,1.0596,0.017251,5.7629,0.66243,-0.32492
767.6,-88.845,137.37,7.4098,0.90994,1.0751,0.053061,5.7629,0.66243,-0.32492
767.7,-88.904,137.5,7.4168,0.91022,1.0748,0.084621,5.7629,0.66243,-0.32492
767.8,-88.962,137.63,7.4265,0.91313,1.0607,0.1095,5.7629,0.66243,-0.32492
767.9,-89.021,137.76,7.4384,0.91776,1.0358,0.12696,5.7629,0.66243,-0.32492
768,-89.078,137.88,7.4517,0.92321,1.0037,0.1375,5.7629,0.66243,-0.32492
768.1,-89.133,138,7.4657,0.92874,0.96741,0.14229,5.7629,0.66243,-0.32492
768.2,-89.186,138.13,7.48,0.93383,0.92957,0.14266,5.7629,0.66243,-0.32492
768.3,-89.238,138.25,7.4942,0.93816,0.89196,0.13981,5.7629,0.66243,-0.32492
768.4,-89.287,138.36,7.5079,0.94156,0.8558,0.13472,5.7629,0.66243,-0.32492
768.5,-89.335,138.48,7.521,0.94398,0.82188,0.12814,5.7629,0.66243,-0.32492
768.6,-89.381,138.6,7.5335,0.94542,0.79064,0.12062,5.7629,0.66243,-0.32492
768.7,-89.426,138.71,7.5452,0.94593,0.7623,0.11255,5.7629,0.66243,-0.32492
768.8,-89.469,138.82,7.556,0.9456,0.73694,0.10419,5.7629,0.66243,-0.32492
768.9,-89.511,138.93,7.566,0.94449,0.71454,0.095727,5.7629,0.66243,-0.32492
769,-89.552,139.04,7.5751,0.94271,0.69504,0.087293,5.7629,0.66243,-0.32492
769.1,-89.593,139.15,7.5834,0.94033,0.67835,0.078972,5.7629,0.66243,-0.32492
769.2,-89.633,139.26,7.5909,0.93742,0.66435,0.070823,5.7629,0.66243,-0.32492
769.3,-89.672,139.37,7.5976,0.93406,0.65294,0.062894,5.7629,0.66243,-0.32492
769.4,-89.712,139.48,7.6035,0.9303,0.644,0.055223,5.7629,0.66243,-0.32492
769.5,-89.751,139.58,7.6087,0.9262,0.63742,0.047845,5.7629,0.66243,-0.32492
769.6,-89.791,139.69,7.6131,0.92182,0.6331,0.0408,5.7629,0.66243,-0.32492
769.7,-89.83,139.79,7.6168,0.91718,0.63094,0.034132,5.7629,0.66243,-0.32492
769.8,-89.87,139.89,7.6199,0.91235,0.63082,0.02789,5.7629,0.66243,-0.32492
769.9,-89.911,140,7.6224,0.90735,0.63263,0.022137,5.7629,0.66243,-0.32492
770,-89.952,140.1,7.6244,0.90222,0.63625,0.016942,5.7629,0.66243,-0.32492
770.1,-89.993,140.2,7.6259,0.897,0.64154,0.012382,5.7629,0.66243,-0.32492
770.2,-90.036,140.3,7.6269,0.89173,0.64835,0.008544,5.7629,0.66243,-0.32492
770.3,-90.08,140.41,7.6276,0.88645,0.65648,0.0055151,5.7629,0.66243,-0.32492
770.4,-90.124,140.51,7.628,0.88121,0.66571,0.003381,5.7629,0.66243,-0.32492
770.5,-90.17,140.61,7.6283,0.87605,0.67581,0.0022173,5.7629,0.66243,-0.32492
770.6,-90.217,140.71,7.6285,0.87103,0.68648,0.0020808,5.7629,0.66243,-0.32492
770.7,-90.265,140.81,7.6287,0.86621,0.69739,0.0029994,5.7629,0.66243,-0.32492
770.8,-90.314,140.91,7.6291,0.86164,0.70822,0.0049632,5.7629,0.66243,-0.32492
770.9,-90.365,141.01,7.6298,0.85739,0.71859,0.0079166,5.7629,0.66243,-0.32492
771,-90.416,141.11,7.6307,0.85349,0.72816,0.011755,5.7629,0.66243,-0.32492
771.1,-90.469,141.21,7.6321,0.85001,0.73659,0.016326,5.7629,0.66243,-0.32492
771.2,-90.522,141.3,7.634,0.84697,0.74361,0.021437,5.7629,0.66243,-0.32492
771.3,-90.577,141.4,7.6364,0.84439,0.74897,0.026868,5.7629,0.66243,-0.32492
771.4,-90.632,141.5,7.6394,0.84227,0.75254,0.032389,5.7629,0.66243,-0.32492
771.5,-90.688,141.6,7.6429,0.8406,0.75425,0.037778,5.7629,0.66243,-0.32492
771.6,-90.744,141.7,7.647,0.83932,0.75411,0.042833,5.7629,0.66243,-0.32492
771.7,-90.801,141.8,7.6515,0.83841,0.75223,0.04739,5.7629,0.66243,-0.32492
771.8,-90.858,141.89,7.6564,0.83781,0.74875,0.051327,5.7629,0.66243,-0.32492
771.9,-90.915,141.99,7.6617,0.83744,0.74389,0.054567,5.7629,0.66243,-0.32492
772,-90.972,142.09,7.6673,0.83725,0.73787,0.057072,5.7629,0.66243,-0.32492
772.1,-91.029,142.18,7.6731,0.83717,0.73096,0.058843,5.7629,0.66243,-0.32492
772.2,-91.086,142.28,7.679,0.83715,0.72339,0.059907,5.7629,0.66243,-0.32492
772.3,-91.142,142.37,7.6851,0.83714,0.71542,0.060312,5.7629,0.66243,-0.32492
772.4,-91.199,142.47,7.6911,0.83709,0.70724,0.060121,5.7629,0.66243,-0.32492
772.5,-91.255,142.56,7.6971,0.83697,0.69907,0.059403,5.7629,0.66243,-0.32492
772.6,-91.31,142.65,7.703,0.83676,0.69107,0.05823,5.7629,0.66243,-0.32492
772.7,-91.366,142.75,7.7087,0.83642,0.68338,0.056675,5.7629,0.66243,-0.32492
772.8,-91.421,142.84,7.7143,0.83596,0.67613,0.054805,5.7629,0.66243,-0.32492
772.9,-91.477,142.93,7.7197,0.83536,0.66942,0.052688,5.7629,0.66243,-0.32492
773,-91.532,143.02,7.7248,0.83461,0.66331,0.050383,5.7629,0.66243,-0.32492
773.1,-91.587,143.11,7.7297,0.83373,0.65786,0.047947,5.7629,0.66243,-0.32492
773.2,-91.642,143.2,7.7344,0.8327,0.65312,0.045432,5.7629,0.66243,-0.32492
773.3,-91.697,143.29,7.7388,0.83155,0.64911,0.042884,5.7629,0.66243,-0.32492
773.4,-91.752,143.38,7.743,0.83028,0.64583,0.040347,5.7629,0.66243,-0.32492
773.5,-91.807,143.47,7.7469,0.82889,0.6433,0.037863,5.7629,0.66243,-0.32492
773.6,-91.862,143.56,7.7505,0.8274,0.64148,0.035467,5.7629,0.66243,-0.32492
773.7,-91.917,143.65,7.754,0.82582,0.64037,0.033196,5.8805,-1.4403e-15,7.0955e-16
773.8,-91.973,143.74,7.7576,0.82468,0.63574,0.039843,5.8805,-1.4403e-15,7.0955e-16
773.9,-92.028,143.83,7.7619,0.82391,0.62902,0.045717,5.8805,-1.4403e-15,7.0955e-16
774,-92.083,143.91,7.7668,0.82344,0.62046,0.050724,5.8805,-1.4403e-15,7.0955e-16
774.1,-92.137,144,7.772,0.82319,0.61034,0.054821,5.8805,-1.4403e-15,7.0955e-16
774.2,-92.191,144.09,7.7777,0.8231,0.59895,0.058008,5.8805,-1.4403e-15,7.0955e-16
774.3,-92.244,144.18,7.7836,0.8231,0.58658,0.060325,5.8805,-1.4403e-15,7.0955e-16
774.4,-92.296,144.26,7.7897,0.82313,0.57352,0.061833,5.8805,-1.4403e-15,7.0955e-16
774.5,-92.348,144.35,7.796,0.82315,0.56,0.062609,5.8805,-1.4403e-15,7.0955e-16
774.6,-92.399,144.43,7.8022,0.82311,0.54626,0.062736,5.8805,-1.4403e-15,7.0955e-16
774.7,-92.448,144.52,7.8085,0.82299,0.53248,0.062296,5.8805,-1.4403e-15,7.0955e-16
774.8,-92.497,144.6,7.8147,0.82277,0.51882,0.061372,5.8805,-1.4403e-15,7.0955e-16
774.9,-92.546,144.69,7.8207,0.82243,0.50541,0.060035,5.8805,-1.4403e-15,7.0955e-16
775,-92.593,144.77,7.8267,0.82196,0.49237,0.058353,5.8805,-1.4403e-15,7.0955e-16
775.1,-92.64,144.85,7.8324,0.82137,0.47977,0.056383,5.8805,-1.4403e-15,7.0955e-16
775.2,-92.685,144.94,7.8379,0.82064,0.46769,0.054175,5.8805,-1.4403e-15,7.0955e-16
775.3,-92.73,145.02,7.8432,0.81978,0.45616,0.051772,5.8805,-1.4403e-15,7.0955e-16
775.4,-92.775,145.1,7.8483,0.81879,0.44523,0.049208,5.8805,-1.4403e-15,7.0955e-16
775.5,-92.819,145.18,7.8531,0.81769,0.43493,0.046511,5.8805,-1.4403e-15,7.0955e-16
775.6,-92.862,145.26,7.8576,0.81648,0.42528,0.043706,5.8805,-1.4403e-15,7.0955e-16
775.7,-92.904,145.35,7.8618,0.81516,0.41628,0.04081,5.8805,-1.4403e-15,7.0955e-16
775.8,-92.946,145.43,7.8657,0.81375,0.40795,0.037838,5.8805,-1.4403e-15,7.0955e-16
775.9,-92.988,145.51,7.8694,0.81224,0.40029,0.034801,5.8805,-1.4403e-15,7.0955e-16
776,-93.029,145.59,7.8727,0.81066,0.39331,0.031706,5.8805,-1.4403e-15,7.0955e-16
776.1,-93.069,145.67,7.8757,0.80899,0.38701,0.028559,5.8805,-1.4403e-15,7.0955e-16
776.2,-93.11,145.75,7.8784,0.80726,0.38139,0.025363,5.8805,-1.4403e-15,7.0955e-16
776.3,-93.15,145.83,7.8808,0.80546,0.37646,0.02212,5.8805,-1.4403e-15,7.0955e-16
776.4,-93.189,145.91,7.8828,0.80361,0.37221,0.018832,5.8805,-1.4403e-15,7.0955e-16
776.5,-93.229,145.99,7.8845,0.8017,0.36865,0.015498,5.8805,-1.4403e-15,7.0955e-16
776.6,-93.268,146.06,7.8859,0.79973,0.36579,0.012117,5.8805,-1.4403e-15,7.0955e-16
776.7,-93.307,146.14,7.887,0.79772,0.36363,0.0086902,5.8805,-1.4403e-15,7.0955e-16
776.8,-93.346,146.22,7.8877,0.79567,0.36218,0.005216,5.8805,-1.4403e-15,7.0955e-16
776.9,-93.385,146.3,7.888,0.79356,0.36146,0.0016951,5.8805,-1.4403e-15,7.0955e-16
777,-93.424,146.38,7.888,0.79142,0.36139,-0.0019002,5.8805,-1.4403e-15,7.0955e-16
777.1,-93.462,146.46,7.8876,0.78922,0.36153,-0.0057273,5.8805,-1.4403e-15,7.0955e-16
777.2,-93.501,146.53,7.8868,0.78697,0.36183,-0.0098039,5.8805,-1.4403e-15,7.0955e-16
777.3,-93.54,146.61,7.8857,0.78466,0.36229,-0.014118,5.8805,-1.4403e-15,7.0955e-16
777.4,-93.578,146.69,7.884,0.78229,0.36292,-0.018651,5.8805,-1.4403e-15,7.0955e-16
777.5,-93.617,146.76,7.8819,0.77985,0.36375,-0.023378,5.8805,-1.4403e-15,7.0955e-16
777.6,-93.656,146.84,7.8793,0.77733,0.36477,-0.028269,5.8805,-1.4403e-15,7.0955e-16
777.7,-93.694,146.92,7.8763,0.77473,0.36599,-0.033287,5.8805,-1.4403e-15,7.0955e-16
777.8,-93.732,146.99,7.8727,0.77206,0.36742,-0.038388,5.8805,-1.4403e-15,7.0955e-16
777.9,-93.77,147.07,7.8686,0.7693,0.36907,-0.043528,5.8805,-1.4403e-15,7.0955e-16
778,-93.808,147.15,7.864,0.76647,0.37092,-0.048655,5.8805,-1.4403e-15,7.0955e-16
778.1,-93.846,147.22,7.8589,0.76355,0.37299,-0.053718,5.8805,-1.4403e-15,7.0955e-16
778.2,-93.884,147.3,7.8532,0.76056,0.37527,-0.058667,5.8805,-1.4403e-15,7.0955e-16
778.3,-93.921,147.38,7.8471,0.7575,0.37774,-0.06345,5.8805,-1.4403e-15,7.0955e-16
778.4,-93.958,147.45,7.8405,0.75437,0.38041,-0.06802,5.8805,-1.4403e-15,7.0955e-16
778.5,-93.995,147.53,7.8335,0.75118,0.38325,-0.072336,5.8805,-1.4403e-15,7.0955e-16
778.6,-94.032,147.6,7.8261,0.74794,0.38625,-0.07636,5.8805,-1.4403e-15,7.0955e-16
778.7,-94.068,147.68,7.8183,0.74466,0.3894,-0.080061,5.8805,-1.4403e-15,7.0955e-16
778.8,-94.104,147.76,7.8101,0.74134,0.39268,-0.083415,5.8805,-1.4403e-15,7.0955e-16
778.9,-94.14,147.83,7.8016,0.738,0.39606,-0.086403,5.8805,-1.4403e-15,7.0955e-16
779,-94.176,147.91,7.7928,0.73465,0.39955,-0.089015,5.8805,-1.4403e-15,7.0955e-16
779.1,-94.211,147.98,7.7838,0.73129,0.4031,-0.091246,5.8805,-1.4403e-15,7.0955e-16
779.2,-94.246,148.06,7.7746,0.72793,0.40671,-0.093096,5.8805,-1.4403e-15,7.0955e-16
779.3,-94.28,148.13,7.7652,0.7246,0.41036,-0.09457,5.8805,-1.4403e-15,7.0955e-16
779.4,-94.315,148.21,7.7557,0.7213,0.41403,-0.095678,5.8805,-1.4403e-15,7.0955e-16
779.5,-94.349,148.29,7.7461,0.71803,0.41771,-0.096431,5.8805,-1.4403e-15,7.0955e-16
779.6,-94.382,148.36,7.7364,0.71481,0.42139,-0.096846,5.8805,-1.4403e-15,7.0955e-16
779.7,-94.415,148.44,7.7267,0.71166,0.42504,-0.096938,5.8805,-1.4403e-15,7.0955e-16
779.8,-94.448,148.51,7.717,0.70857,0.42867,-0.096725,5.8805,-1.4403e-15,7.0955e-16
779.9,-94.481,148.59,7.7074,0.70555,0.43226,-0.096226,5.8805,-1.4403e-15,7.0955e-16
780,-94.513,148.67,7.6978,0.70262,0.4358,-0.095457,5.8805,-1.4403e-15,7.0955e-16
780.1,-94.545,148.74,7.6883,0.69978,0.4393,-0.094438,5.8805,-1.4403e-15,7.0955e-16
780.2,-94.577,148.82,7.6789,0.69704,0.44273,-0.093184,5.8805,-1.4403e-15,7.0955e-16
780.3,-94.608,148.89,7.6697,0.69441,0.44611,-0.091714,5.8805,-1.4403e-15,7.0955e-16
780.4,-94.639,148.97,7.6606,0.69189,0.44942,-0.09004,5.8805,-1.4403e-15,7.0955e-16
780.5,-94.67,149.05,7.6517,0.68948,0.45267,-0.088179,5.8805,-1.4403e-15,7.0955e-16
780.6,-94.7,149.12,7.6429,0.6872,0.45585,-0.086142,5.8805,-1.4403e-15,7.0955e-16
780.7,-94.73,149.2,7.6344,0.68504,0.45897,-0.08394,5.8805,-1.4403e-15,7.0955e-16
780.8,-94.76,149.28,7.6262,0.68301,0.46202,-0.081584,5.8805,-1.4403e-15,7.0955e-16
780.9,-94.789,149.36,7.6181,0.68111,0.46501,-0.079082,5.8805,-1.4403e-15,7.0955e-16
781,-94.819,149.43,7.6104,0.67935,0.46794,-0.076441,5.8805,-1.4403e-15,7.0955e-16
781.1,-94.847,149.51,7.6028,0.67773,0.47081,-0.073666,5.8805,-1.4403e-15,7.0955e-16
781.2,-94.876,149.59,7.5956,0.67625,0.47362,-0.070763,5.8805,-1.4403e-15,7.0955e-16
781.3,-94.904,149.66,7.5887,0.67492,0.47637,-0.067733,5.8805,-1.4403e-15,7.0955e-16
781.4,-94.933,149.74,7.5821,0.67373,0.47908,-0.064578,5.8805,-1.4403e-15,7.0955e-16
781.5,-94.961,149.82,7.5758,0.6727,0.48174,-0.061298,5.8805,-1.4403e-15,7.0955e-16
781.6,-94.988,149.9,7.5698,0.67182,0.48435,-0.057889,5.8805,-1.4403e-15,7.0955e-16
781.7,-95.016,149.98,7.5642,0.67109,0.48693,-0.054349,5.8805,-1.4403e-15,7.0955e-16
781.8,-95.043,150.05,7.559,0.67053,0.48947,-0.050671,5.8805,-1.4403e-15,7.0955e-16
781.9,-95.071,150.13,7.5541,0.67013,0.49198,-0.046848,5.8805,-1.4403e-15,7.0955e-16
782,-95.098,150.21,7.5496,0.66989,0.49446,-0.04287,5.8805,-1.4403e-15,7.0955e-16
782.1,-95.125,150.29,7.5455,0.66982,0.49691,-0.038723,5.8805,-1.4403e-15,7.0955e-16
782.2,-95.152,150.37,7.5419,0.66993,0.49935,-0.034392,5.8805,-1.4403e-15,7.0955e-16
782.3,-95.179,150.45,7.5386,0.67022,0.50177,-0.029856,5.8805,-1.4403e-15,7.0955e-16
782.4,-95.206,150.53,7.5359,0.6707,0.50419,-0.025093,5.8805,-1.4403e-15,7.0955e-16
782.5,-95.232,150.61,7.5336,0.67137,0.50659,-0.020073,5.8805,-1.4403e-15,7.0955e-16
782.6,-95.259,150.69,7.5319,0.67224,0.509,-0.014761,5.8805,-1.4403e-15,7.0955e-16
782.7,-95.287,150.77,7.5307,0.67333,0.51141,-0.0091137,5.8805,-1.4403e-15,7.0955e-16
782.8,-95.314,150.85,7.5301,0.67464,0.51384,-0.0030774,5.8805,-1.4403e-15,7.0955e-16
782.9,-95.341,150.93,7.5301,0.67619,0.51607,0.0033343,5.8805,-1.4403e-15,7.0955e-16
783,-95.368,151.01,7.5307,0.67799,0.51691,0.0096646,5.8805,-1.4403e-15,7.0955e-16
783.1,-95.396,151.09,7.532,0.68002,0.5162,0.01571,5.8805,-1.4403e-15,7.0955e-16
783.2,-95.423,151.17,7.5339,0.68225,0.51398,0.021346,5.8805,-1.4403e-15,7.0955e-16
783.3,-95.451,151.25,7.5363,0.68465,0.51035,0.026477,5.8805,-1.4403e-15,7.0955e-16
783.4,-95.477,151.33,7.5391,0.6872,0.50542,0.031034,5.8805,-1.4403e-15,7.0955e-16
783.5,-95.504,151.41,7.5425,0.68984,0.49935,0.034976,5.8805,-1.4403e-15,7.0955e-16
783.6,-95.53,151.49,7.5461,0.69254,0.49229,0.038288,5.8805,-1.4403e-15,7.0955e-16
783.7,-95.556,151.58,7.5501,0.69527,0.48441,0.040975,5.8805,-1.4403e-15,7.0955e-16
783.8,-95.581,151.66,7.5543,0.69799,0.47588,0.04306,5.8805,-1.4403e-15,7.0955e-16
783.9,-95.606,151.74,7.5587,0.70067,0.46684,0.044579,5.8805,-1.4403e-15,7.0955e-16
784,-95.63,151.82,7.5632,0.70329,0.45744,0.045573,5.8805,-1.4403e-15,7.0955e-16
784.1,-95.653,151.9,7.5678,0.70582,0.44782,0.046091,5.8805,-1.4403e-15,7.0955e-16
784.2,-95.676,151.98,7.5724,0.70824,0.43809,0.04618,5.8805,-1.4403e-15,7.0955e-16
784.3,-95.698,152.06,7.577,0.71055,0.42835,0.045889,5.8805,-1.4403e-15,7.0955e-16
784.4,-95.719,152.14,7.5816,0.71273,0.4187,0.045263,5.8805,-1.4403e-15,7.0955e-16
784.5,-95.74,152.22,7.586,0.71478,0.40921,0.044343,5.8805,-1.4403e-15,7.0955e-16
784.6,-95.76,152.3,7.5904,0.71669,0.39994,0.043169,5.8805,-1.4403e-15,7.0955e-16
784.7,-95.78,152.38,7.5947,0.71846,0.39095,0.041772,5.8805,-1.4403e-15,7.0955e-16
784.8,-95.799,152.46,7.5988,0.72009,0.38227,0.040183,5.8805,-1.4403e-15,7.0955e-16
784.9,-95.818,152.54,7.6027,0.72159,0.37395,0.038428,5.8805,-1.4403e-15,7.0955e-16
785,-95.836,152.62,7.6065,0.72295,0.36601,0.036527,5.8805,-1.4403e-15,7.0955e-16
785.1,-95.853,152.69,7.61,0.72417,0.35848,0.034498,5.8805,-1.4403e-15,7.0955e-16
785.2,-95.87,152.77,7.6134,0.72528,0.35137,0.032356,5.8805,-1.4403e-15,7.0955e-16
785.3,-95.887,152.85,7.6165,0.72625,0.34471,0.030113,5.8805,-1.4403e-15,7.0955e-16
785.4,-95.903,152.93,7.6194,0.72712,0.3385,0.027778,5.8805,-1.4403e-15,7.0955e-16
785.5,-95.919,153.01,7.622,0.72786,0.33276,0.025356,5.8805,-1.4403e-15,7.0955e-16
785.6,-95.934,153.09,7.6244,0.7285,0.32749,0.022854,5.8805,-1.4403e-15,7.0955e-16
785.7,-95.949,153.17,7.6266,0.72904,0.3227,0.020273,5.8805,-1.4403e-15,7.0955e-16
785.8,-95.964,153.24,7.6285,0.72947,0.31842,0.017614,5.8805,-1.4403e-15,7.0955e-16
785.9,-95.979,153.32,7.6301,0.72981,0.31463,0.014877,5.8805,-1.4403e-15,7.0955e-16
786,-95.993,153.4,7.6315,0.73006,0.31136,0.01206,5.8805,-1.4403e-15,7.0955e-16
786.1,-96.007,153.48,7.6325,0.73022,0.30861,0.0091611,5.8805,-1.4403e-15,7.0955e-16
786.2,-96.021,153.56,7.6333,0.73029,0.3064,0.0061757,5.8805,-1.4403e-15,7.0955e-16
786.3,-96.035,153.63,7.6338,0.73028,0.30474,0.0030997,5.8805,-1.4403e-15,7.0955e-16
786.4,-96.049,153.71,7.6339,0.73018,0.30364,-7.1987e-05,5.8805,-1.4403e-15,7.0955e-16
786.5,-96.063,153.79,7.6337,0.73,0.30289,-0.0034287,5.8805,-1.4403e-15,7.0955e-16
786.6,-96.076,153.87,7.6332,0.72973,0.30228,-0.007049,5.8805,-1.4403e-15,7.0955e-16
786.7,-96.09,153.95,7.6323,0.72937,0.30182,-0.010929,5.8805,-1.4403e-15,7.0955e-16
786.8,-96.103,154.02,7.631,0.72892,0.30152,-0.015061,5.8805,-1.4403e-15,7.0955e-16
786.9,-96.116,154.1,7.6293,0.72837,0.3014,-0.019432,5.8805,-1.4403e-15,7.0955e-16
787,-96.129,154.18,7.6271,0.72773,0.30148,-0.024021,5.8805,-1.4403e-15,7.0955e-16
787.1,-96.142,154.26,7.6245,0.72698,0.30176,-0.028805,5.8805,-1.4403e-15,7.0955e-16
787.2,-96.155,154.33,7.6214,0.72613,0.30226,-0.033752,5.8805,-1.4403e-15,7.0955e-16
787.3,-96.168,154.41,7.6177,0.72517,0.30298,-0.038827,5.8805,-1.4403e-15,7.0955e-16
787.4,-96.18,154.49,7.6136,0.7241,0.30393,-0.04399,5.8805,-1.4403e-15,7.0955e-16
787.5,-96.192,154.57,7.6089,0.72294,0.30512,-0.049198,5.8805,-1.4403e-15,7.0955e-16
787.6,-96.204,154.64,7.6038,0.72167,0.30656,-0.054402,5.8805,-1.4403e-15,7.0955e-16
787.7,-96.216,154.72,7.5981,0.72029,0.30823,-0.059557,5.8805,-1.4403e-15,7.0955e-16
787.8,-96.227,154.8,7.5918,0.71882,0.31013,-0.064616,5.8805,-1.4403e-15,7.0955e-16
787.9,-96.238,154.88,7.5851,0.71725,0.31227,-0.069532,5.8805,-1.4403e-15,7.0955e-16
788,-96.249,154.95,7.5779,0.7156,0.31462,-0.074263,5.8805,-1.4403e-15,7.0955e-16
788.1,-96.26,155.03,7.5703,0.71385,0.31719,-0.078771,0.14119,-0.012403,0.0060835
788.2,-96.271,155.11,7.5622,0.6993,0.31981,-0.082614,0.14119,-0.012403,0.0060835
788.3,-96.281,155.18,7.5538,0.68508,0.32243,-0.085716,0.14119,-0.012403,0.0060835
788.4,-96.292,155.26,7.5451,0.67119,0.32501,-0.088083,0.14119,-0.012403,0.0060835
788.5,-96.302,155.33,7.5362,0.65763,0.32751,-0.089737,0.14119,-0.012403,0.0060835
788.6,-96.313,155.4,7.5272,0.64442,0.32989,-0.090714,0.14119,-0.012403,0.0060835
788.7,-96.323,155.47,7.5181,0.63155,0.33213,-0.091056,0.14119,-0.012403,0.0060835
788.8,-96.334,155.54,7.509,0.61903,0.33421,-0.090811,0.14119,-0.012403,0.0060835
788.9,-96.344,155.61,7.4999,0.60685,0.33611,-0.090031,0.14119,-0.012403,0.0060835
789,-96.355,155.68,7.491,0.59503,0.33782,-0.088766,0.14119,-0.012403,0.0060835
789.1,-96.365,155.75,7.4822,0.58356,0.33932,-0.087068,0.14119,-0.012403,0.0060835
789.2,-96.376,155.82,7.4736,0.57245,0.34063,-0.084986,0.14119,-0.012403,0.0060835
789.3,-96.386,155.88,7.4652,0.56168,0.34173,-0.082565,0.14119,-0.012403,0.0060835
789.4,-96.396,155.95,7.4571,0.55126,0.34262,-0.079846,0.14119,-0.012403,0.0060835
789.5,-96.407,156.01,7.4492,0.54119,0.34332,-0.076868,0.14119,-0.012403,0.0060835
789.6,-96.417,156.07,7.4417,0.53147,0.34382,-0.073664,0.14119,-0.012403,0.0060835
789.7,-96.427,156.13,7.4345,0.52208,0.34413,-0.070266,0.14119,-0.012403,0.0060835
789.8,-96.437,156.2,7.4277,0.51302,0.34426,-0.066698,0.14119,-0.012403,0.0060835
789.9,-96.447,156.26,7.4212,0.50429,0.34423,-0.062985,0.14119,-0.012403,0.0060835
790,-96.457,156.32,7.4151,0.49589,0.34403,-0.059144,0.14119,-0.012403,0.0060835
790.1,-96.467,156.37,7.4094,0.4878,0.34368,-0.055193,0.14119,-0.012403,0.0060835
790.2,-96.477,156.43,7.404,0.48003,0.34318,-0.051144,0.14119,-0.012403,0.0060835
790.3,-96.487,156.49,7.3991,0.47256,0.34256,-0.047007,0.14119,-0.012403,0.0060835
790.4,-96.497,156.55,7.3946,0.46539,0.34181,-0.04279,0.14119,-0.012403,0.0060835
790.5,-96.507,156.61,7.3906,0.45851,0.34094,-0.038499,0.14119,-0.012403,0.0060835
790.6,-96.517,156.66,7.3869,0.45191,0.33997,-0.034135,0.14119,-0.012403,0.0060835
790.7,-96.527,156.72,7.3838,0.4456,0.33891,-0.0297,0.14119,-0.012403,0.0060835
790.8,-96.537,156.77,7.381,0.43956,0.33776,-0.025193,0.14119,-0.012403,0.0060835
790.9,-96.548,156.83,7.3787,0.43379,0.33653,-0.020608,0.14119,-0.012403,0.0060835
791,-96.558,156.88,7.3769,0.42829,0.33523,-0.015939,0.14119,-0.012403,0.0060835
791.1,-96.568,156.93,7.3755,0.42304,0.33387,-0.011178,0.14119,-0.012403,0.0060835
791.2,-96.578,156.98,7.3747,0.41805,0.33245,-0.0063132,0.14119,-0.012403,0.0060835
791.3,-96.588,157.04,7.3743,0.41331,0.33099,-0.0013296,0.14119,-0.012403,0.0060835
791.4,-96.599,157.09,7.3744,0.40881,0.32927,0.0037083,0.14119,-0.012403,0.0060835
791.5,-96.609,157.14,7.375,0.40455,0.32676,0.0085644,0.14119,-0.012403,0.0060835
791.6,-96.619,157.19,7.3761,0.40052,0.32349,0.013165,0.14119,-0.012403,0.0060835
791.7,-96.629,157.24,7.3776,0.39669,0.3195,0.017459,0.14119,-0.012403,0.0060835
791.8,-96.64,157.29,7.3796,0.39305,0.31485,0.02141,0.14119,-0.012403,0.0060835
791.9,-96.65,157.34,7.3819,0.38958,0.30963,0.024994,0.14119,-0.012403,0.0060835
792,-96.659,157.39,7.3846,0.38626,0.3039,0.028199,0.14119,-0.012403,0.0060835
792.1,-96.669,157.44,7.3875,0.38308,0.29773,0.031025,0.14119,-0.012403,0.0060835
792.2,-96.678,157.48,7.3908,0.38002,0.2912,0.03348,0.14119,-0.012403,0.0060835
792.3,-96.687,157.53,7.3942,0.37705,0.28439,0.03558,0.14119,-0.012403,0.0060835
792.4,-96.696,157.58,7.3979,0.37417,0.27736,0.037345,0.14119,-0.012403,0.0060835
792.5,-96.704,157.62,7.4017,0.37137,0.27016,0.038798,0.14119,-0.012403,0.0060835
792.6,-96.712,157.67,7.4056,0.36863,0.26287,0.039966,0.14119,-0.012403,0.0060835
792.7,-96.719,157.71,7.4097,0.36594,0.25551,0.040875,0.14119,-0.012403,0.0060835
792.8,-96.726,157.75,7.4138,0.36329,0.24814,0.041551,0.14119,-0.012403,0.0060835
792.9,-96.733,157.8,7.418,0.36068,0.2408,0.042021,0.14119,-0.012403,0.0060835
793,-96.74,157.84,7.4222,0.3581,0.23352,0.042308,0.14119,-0.012403,0.0060835
793.1,-96.746,157.88,7.4264,0.35555,0.22632,0.042435,0.14119,-0.012403,0.0060835
793.2,-96.751,157.92,7.4307,0.35302,0.21922,0.042424,0.14119,-0.012403,0.0060835
793.3,-96.757,157.96,7.4349,0.35051,0.21225,0.042294,0.14119,-0.012403,0.0060835
793.4,-96.761,158.01,7.4391,0.34801,0.20541,0.042062,0.14119,-0.012403,0.0060835
793.5,-96.766,158.04,7.4433,0.34553,0.19872,0.041743,0.14119,-0.012403,0.0060835
793.6,-96.77,158.08,7.4475,0.34307,0.1922,0.041352,0.14119,-0.012403,0.0060835
793.7,-96.774,158.12,7.4516,0.34062,0.18583,0.040901,0.14119,-0.012403,0.0060835
793.8,-96.778,158.16,7.4556,0.33819,0.17964,0.040401,0.14119,-0.012403,0.0060835
793.9,-96.781,158.2,7.4597,0.33576,0.17361,0.03986,0.14119,-0.012403,0.0060835
794,-96.784,158.24,7.4636,0.33336,0.16775,0.039289,0.14119,-0.012403,0.0060835
794.1,-96.787,158.27,7.4675,0.33096,0.16207,0.038692,0.14119,-0.012403,0.0060835
794.2,-96.789,158.31,7.4714,0.32858,0.15656,0.038078,0.14119,-0.012403,0.0060835
794.3,-96.791,158.35,7.4751,0.32622,0.15121,0.037451,0.14119,-0.012403,0.0060835
794.4,-96.793,158.38,7.4788,0.32387,0.14604,0.036817,0.14119,-0.012403,0.0060835
794.5,-96.795,158.42,7.4825,0.32153,0.14102,0.036178,0.14119,-0.012403,0.0060835
794.6,-96.796,158.45,7.4861,0.31921,0.13616,0.035538,0.14119,-0.012403,0.0060835
794.7,-96.797,158.49,7.4896,0.31691,0.13146,0.034901,0.14119,-0.012403,0.0060835
794.8,-96.798,158.52,7.4931,0.31463,0.12691,0.034268,0.14119,-0.012403,0.0060835
794.9,-96.799,158.55,7.4965,0.31236,0.12251,0.033642,0.14119,-0.012403,0.0060835
795,-96.799,158.59,7.4998,0.31012,0.11825,0.033024,0.14119,-0.012403,0.0060835
795.1,-96.799,158.62,7.5031,0.30789,0.11413,0.032416,0.14119,-0.012403,0.0060835
795.2,-96.799,158.65,7.5063,0.30568,0.11015,0.031819,0.14119,-0.012403,0.0060835
795.3,-96.799,158.69,7.5094,0.30349,0.1063,0.031234,0.14119,-0.012403,0.0060835
795.4,-96.799,158.72,7.5125,0.30132,0.10257,0.030661,0.14119,-0.012403,0.0060835
795.5,-96.798,158.75,7.5156,0.29917,0.098965,0.030101,0.14119,-0.012403,0.0060835
795.6,-96.798,158.78,7.5185,0.29704,0.095478,0.029554,0.14119,-0.012403,0.0060835
795.7,-96.797,158.81,7.5215,0.29493,0.092106,0.029021,0.14119,-0.012403,0.0060835
795.8,-96.796,158.84,7.5243,0.29285,0.088844,0.028502,0.14119,-0.012403,0.0060835
795.9,-96.795,158.87,7.5272,0.29078,0.085688,0.027997,5.2974,-1.2975e-15,6.631e-16
796,-96.793,158.9,7.5299,0.30026,0.082679,0.027332,5.2974,-1.2975e-15,6.631e-16
796.1,-96.791,158.94,7.5326,0.30958,0.079755,0.026679,5.2974,-1.2975e-15,6.631e-16
796.2,-96.789,158.97,7.5353,0.31872,0.076913,0.026039,5.2974,-1.2975e-15,6.631e-16
796.3,-96.786,159,7.5378,0.32769,0.074151,0.025413,5.2974,-1.2975e-15,6.631e-16
796.4,-96.783,159.03,7.5404,0.3365,0.071468,0.024804,5.2974,-1.2975e-15,6.631e-16
796.5,-96.779,159.07,7.5428,0.34514,0.06886,0.024212,5.2974,-1.2975e-15,6.631e-16
796.6,-96.775,159.1,7.5452,0.35361,0.066327,0.023638,5.2974,-1.2975e-15,6.631e-16
796.7,-96.77,159.14,7.5475,0.36191,0.063864,0.023083,5.2974,-1.2975e-15,6.631e-16
796.8,-96.765,159.18,7.5498,0.37005,0.061472,0.022548,5.2974,-1.2975e-15,6.631e-16
796.9,-96.76,159.21,7.552,0.37802,0.059146,0.022033,5.2974,-1.2975e-15,6.631e-16
797,-96.754,159.25,7.5542,0.38582,0.056884,0.02154,5.2974,-1.2975e-15,6.631e-16
797.1,-96.748,159.29,7.5564,0.39347,0.054685,0.021068,5.2974,-1.2975e-15,6.631e-16
797.2,-96.741,159.33,7.5584,0.40095,0.052547,0.020619,5.2974,-1.2975e-15,6.631e-16
797.3,-96.734,159.37,7.5605,0.40827,0.050466,0.020193,5.2974,-1.2975e-15,6.631e-16
797.4,-96.727,159.41,7.5625,0.41543,0.04844,0.01979,5.2974,-1.2975e-15,6.631e-16
797.5,-96.72,159.45,7.5644,0.42243,0.046468,0.01941,5.2974,-1.2975e-15,6.631e-16
797.6,-96.712,159.5,7.5664,0.42928,0.044547,0.019056,5.2974,-1.2975e-15,6.631e-16
797.7,-96.704,159.54,7.5682,0.43598,0.042675,0.018726,5.2974,-1.2975e-15,6.631e-16
797.8,-96.696,159.58,7.5701,0.44253,0.040849,0.018422,5.2974,-1.2975e-15,6.631e-16
797.9,-96.687,159.63,7.5719,0.44892,0.039067,0.018145,5.2974,-1.2975e-15,6.631e-16
798,-96.678,159.67,7.5737,0.45517,0.037327,0.017894,5.2974,-1.2975e-15,6.631e-16
798.1,-96.669,159.72,7.5755,0.46127,0.035627,0.017671,5.2974,-1.2975e-15,6.631e-16
798.2,-96.66,159.76,7.5773,0.46723,0.033964,0.017477,5.2974,-1.2975e-15,6.631e-16
798.3,-96.65,159.81,7.579,0.47305,0.032336,0.017312,5.2974,-1.2975e-15,6.631e-16
798.4,-96.64,159.85,7.5807,0.47873,0.030741,0.017178,5.2974,-1.2975e-15,6.631e-16
798.5,-96.63,159.9,7.5824,0.48428,0.029175,0.017076,5.2974,-1.2975e-15,6.631e-16
798.6,-96.62,159.95,7.5841,0.48969,0.027637,0.017007,5.2974,-1.2975e-15,6.631e-16
798.7,-96.609,160,7.5858,0.49496,0.026125,0.016971,5.2974,-1.2975e-15,6.631e-16
798.8,-96.599,160.05,7.5875,0.50011,0.024635,0.016971,5.2974,-1.2975e-15,6.631e-16
798.9,-96.588,160.1,7.5892,0.50513,0.023165,0.017009,5.2974,-1.2975e-15,6.631e-16
799,-96.577,160.14,7.5909,0.51003,0.021712,0.017085,5.2974,-1.2975e-15,6.631e-16
799.1,-96.565,160.19,7.5927,0.5148,0.020274,0.017202,5.2974,-1.2975e-15,6.631e-16
799.2,-96.554,160.25,7.5944,0.51946,0.018848,0.017361,5.2974,-1.2975e-15,6.631e-16
799.3,-96.542,160.3,7.5961,0.52399,0.017431,0.017566,5.2974,-1.2975e-15,6.631e-16
799.4,-96.531,160.35,7.5979,0.52841,0.016019,0.017817,5.2974,-1.2975e-15,6.631e-16
799.5,-96.519,160.4,7.5997,0.53272,0.01461,0.018118,5.2974,-1.2975e-15,6.631e-16
799.6,-96.507,160.45,7.6015,0.53692,0.013201,0.018472,5.2974,-1.2975e-15,6.631e-16
799.7,-96.494,160.5,7.6034,0.54101,0.011789,0.018881,5.2974,-1.2975e-15,6.631e-16
799.8,-96.482,160.56,7.6053,0.54499,0.010369,0.019348,5.2974,-1.2975e-15,6.631e-16
799.9,-96.47,160.61,7.6073,0.54886,0.0089385,0.019877,5.2974,-1.2975e-15,6.631e-16
800,-96.457,160.66,7.6093,0.55264,0.0074936,0.020471,5.2974,-1.2975e-15,6.631e-16
800.1,-96.444,160.72,7.6114,0.55631,0.0060307,0.021134,5.2974,-1.2975e-15,6.631e-16
800.2,-96.431,160.77,7.6135,0.55989,0.0045456,0.02187,5.2974,-1.2975e-15,6.631e-16
800.3,-96.419,160.83,7.6157,0.56337,0.0030343,0.022683,5.2974,-1.2975e-15,6.631e-16
800.4,-96.405,160.88,7.6181,0.56675,0.0014926,0.023577,5.2974,-1.2975e-15,6.631e-16
800.5,-96.392,160.94,7.6205,0.57005,-8.3965e-05,0.024557,5.2974,-1.2975e-15,6.631e-16
800.6,-96.379,160.99,7.623,0.57325,-0.0017044,0.025623,5.2974,-1.2975e-15,6.631e-16
800.7,-96.366,161.05,7.6256,0.57636,-0.0033776,0.026773,5.2974,-1.2975e-15,6.631e-16
800.8,-96.352,161.1,7.6283,0.57939,-0.0051087,0.028011,5.2974,-1.2975e-15,6.631e-16
800.9,-96.339,161.16,7.6312,0.58233,-0.0069032,0.029338,5.2974,-1.2975e-15,6.631e-16
801,-96.325,161.22,7.6342,0.58519,-0.0087667,0.030758,5.2974,-1.2975e-15,6.631e-16
801.1,-96.312,161.27,7.6373,0.58797,-0.010705,0.032272,5.2974,-1.2975e-15,6.631e-16
801.2,-96.298,161.33,7.6407,0.59066,-0.012723,0.033882,5.2974,-1.2975e-15,6.631e-16
801.3,-96.284,161.39,7.6441,0.59327,-0.014827,0.035589,5.2974,-1.2975e-15,6.631e-16
801.4,-96.27,161.45,7.6478,0.59581,-0.017023,0.037393,5.2974,-1.2975e-15,6.631e-16
801.5,-96.256,161.51,7.6516,0.59826,-0.019316,0.039295,5.2974,-1.2975e-15,6.631e-16
801.6,-96.242,161.56,7.6556,0.60064,-0.021711,0.041295,5.2974,-1.2975e-15,6.631e-16
801.7,-96.228,161.62,7.6599,0.60295,-0.024215,0.04339,5.2974,-1.2975e-15,6.631e-16
801.8,-96.214,161.68,7.6643,0.60517,-0.026831,0.045578,5.2974,-1.2975e-15,6.631e-16
801.9,-96.2,161.74,7.669,0.60732,-0.029566,0.047857,5.2974,-1.2975e-15,6.631e-16
802,-96.186,161.8,7.6739,0.6094,-0.032423,0.050223,5.2974,-1.2975e-15,6.631e-16
802.1,-96.172,161.86,7.679,0.6114,-0.035406,0.052671,5.2974,-1.2975e-15,6.631e-16
802.2,-96.158,161.92,7.6844,0.61333,-0.03852,0.055195,5.2974,-1.2975e-15,6.631e-16
802.3,-96.144,161.98,7.6901,0.61518,-0.041767,0.057789,5.2974,-1.2975e-15,6.631e-16
802.4,-96.13,162.04,7.696,0.61696,-0.045149,0.060444,5.2974,-1.2975e-15,6.631e-16
802.5,-96.116,162.1,7.7022,0.61866,-0.048668,0.063153,5.2974,-1.2975e-15,6.631e-16
802.6,-96.101,162.16,7.7086,0.62028,-0.052326,0.065907,5.2974,-1.2975e-15,6.631e-16
802.7,-96.087,162.22,7.7154,0.62183,-0.056121,0.068695,5.2974,-1.2975e-15,6.631e-16
802.8,-96.073,162.28,7.7224,0.62331,-0.060055,0.071507,5.2974,-1.2975e-15,6.631e-16
802.9,-96.059,162.34,7.7297,0.6247,-0.064125,0.074332,5.2974,-1.2975e-15,6.631e-16
803,-96.045,162.4,7.7372,0.62602,-0.068328,0.077159,5.2974,-1.2975e-15,6.631e-16
803.1,-96.031,162.47,7.7451,0.62726,-0.072662,0.079976,5.2974,-1.2975e-15,6.631e-16
803.2,-96.017,162.53,7.7532,0.62842,-0.077123,0.082772,5.2974,-1.2975e-15,6.631e-16
803.3,-96.003,162.59,7.7616,0.6295,-0.081705,0.085535,5.2974,-1.2975e-15,6.631e-16
803.4,-95.989,162.65,7.7703,0.6305,-0.086403,0.088255,5.2974,-1.2975e-15,6.631e-16
803.5,-95.975,162.71,7.7793,0.63142,-0.091211,0.09092,5.2974,-1.2975e-15,6.631e-16
803.6,-95.961,162.78,7.7885,0.63225,-0.09612,0.09352,5.2974,-1.2975e-15,6.631e-16
803.7,-95.948,162.84,7.798,0.63301,-0.10112,0.096047,5.2974,-1.2975e-15,6.631e-16
803.8,-95.934,162.9,7.8077,0.63369,-0.10621,0.098489,5.2974,-1.2975e-15,6.631e-16
803.9,-95.921,162.96,7.8177,0.63428,-0.11138,0.10084,5.2974,-1.2975e-15,6.631e-16
804,-95.907,163.03,7.8279,0.63479,-0.11662,0.10309,5.2974,-1.2975e-15,6.631e-16
804.1,-95.894,163.09,7.8383,0.63523,-0.12191,0.10524,5.2974,-1.2975e-15,6.631e-16
804.2,-95.881,163.15,7.8489,0.63558,-0.12725,0.10728,5.2974,-1.2975e-15,6.631e-16
804.3,-95.868,163.22,7.8598,0.63586,-0.13263,0.10921,5.2974,-1.2975e-15,6.631e-16
804.4,-95.855,163.28,7.8708,0.63606,-0.13805,0.11101,5.2974,-1.2975e-15,6.631e-16
804.5,-95.842,163.34,7.8819,0.63618,-0.14348,0.1127,5.2974,-1.2975e-15,6.631e-16
804.6,-95.83,163.41,7.8933,0.63623,-0.14892,0.11426,5.2974,-1.2975e-15,6.631e-16
804.7,-95.818,163.47,7.9048,0.63621,-0.15437,0.1157,5.2974,-1.2975e-15,6.631e-16
804.8,-95.805,163.54,7.9164,0.63611,-0.15981,0.11702,5.2974,-1.2975e-15,6.631e-16
804.9,-95.794,163.6,7.9282,0.63595,-0.16523,0.11822,5.2974,-1.2975e-15,6.631e-16
805,-95.782,163.67,7.9401,0.63573,-0.17062,0.11929,5.2974,-1.2975e-15,6.631e-16
805.1,-95.771,163.73,7.9521,0.63544,-0.17599,0.12025,5.2974,-1.2975e-15,6.631e-16
805.2,-95.759,163.8,7.9641,0.63509,-0.18132,0.12108,5.2974,-1.2975e-15,6.631e-16
805.3,-95.748,163.86,7.9763,0.63469,-0.1866,0.1218,5.2974,-1.2975e-15,6.631e-16
805.4,-95.738,163.93,7.9885,0.63423,-0.19183,0.12241,5.2974,-1.2975e-15,6.631e-16
805.5,-95.727,163.99,8.0007,0.63372,-0.197,0.12291,5.2974,-1.2975e-15,6.631e-16
805.6,-95.717,164.06,8.0131,0.63316,-0.20211,0.12331,5.2974,-1.2975e-15,6.631e-16
805.7,-95.708,164.12,8.0254,0.63256,-0.20715,0.1236,5.2974,-1.2975e-15,6.631e-16
805.8,-95.698,164.19,8.0378,0.63192,-0.21212,0.12379,5.2974,-1.2975e-15,6.631e-16
805.9,-95.689,164.26,8.0502,0.63124,-0.21701,0.12389,5.2974,-1.2975e-15,6.631e-16
806,-95.68,164.32,8.0625,0.63053,-0.22182,0.1239,5.2974,-1.2975e-15,6.631e-16
806.1,-95.672,164.39,8.0749,0.62979,-0.22655,0.12382,5.2974,-1.2975e-15,6.631e-16
806.2,-95.664,164.45,8.0873,0.62901,-0.23119,0.12366,5.2974,-1.2975e-15,6.631e-16
806.3,-95.656,164.52,8.0997,0.62822,-0.23575,0.12343,5.2974,-1.2975e-15,6.631e-16
806.4,-95.648,164.59,8.112,0.6274,-0.24021,0.12312,5.2974,-1.2975e-15,6.631e-16
806.5,-95.641,164.66,8.1243,0.62656,-0.24459,0.12274,5.2974,-1.2975e-15,6.631e-16
806.6,-95.635,164.72,8.1365,0.62571,-0.24887,0.12229,5.2974,-1.2975e-15,6.631e-16
806.7,-95.628,164.79,8.1487,0.62485,-0.25307,0.12178,5.2974,-1.2975e-15,6.631e-16
806.8,-95.623,164.86,8.1609,0.62397,-0.25717,0.12121,5.2974,-1.2975e-15,6.631e-16
806.9,-95.617,164.92,8.173,0.6231,-0.26117,0.12058,5.2974,-1.2975e-15,6.631e-16
807,-95.612,164.99,8.185,0.62221,-0.26509,0.1199,5.2974,-1.2975e-15,6.631e-16
807.1,-95.607,165.06,8.197,0.62133,-0.26891,0.11918,5.2974,-1.2975e-15,6.631e-16
807.2,-95.603,165.13,8.2088,0.62045,-0.27263,0.11841,5.2974,-1.2975e-15,6.631e-16
807.3,-95.599,165.19,8.2206,0.61957,-0.27627,0.11759,5.2974,-1.2975e-15,6.631e-16
807.4,-95.596,165.26,8.2324,0.61869,-0.27982,0.11674,5.2974,-1.2975e-15,6.631e-16
807.5,-95.593,165.33,8.244,0.61783,-0.28327,0.11585,5.2974,-1.2975e-15,6.631e-16
807.6,-95.591,165.4,8.2555,0.61697,-0.28664,0.11493,5.2974,-1.2975e-15,6.631e-16
807.7,-95.589,165.47,8.267,0.61613,-0.28992,0.11397,5.2974,-1.2975e-15,6.631e-16
807.8,-95.587,165.53,8.2783,0.6153,-0.29312,0.11299,5.2974,-1.2975e-15,6.631e-16
807.9,-95.586,165.6,8.2896,0.61448,-0.29623,0.11198,5.2974,-1.2975e-15,6.631e-16
808,-95.585,165.67,8.3007,0.61369,-0.29925,0.11094,5.2974,-1.2975e-15,6.631e-16
808.1,-95.585,165.74,8.3118,0.61291,-0.3022,0.10989,5.2974,-1.2975e-15,6.631e-16
808.2,-95.585,165.81,8.3227,0.61215,-0.30507,0.10881,5.2974,-1.2975e-15,6.631e-16
808.3,-95.586,165.88,8.3335,0.61141,-0.30786,0.10772,5.2974,-1.2975e-15,6.631e-16
808.4,-95.587,165.94,8.3442,0.61069,-0.31057,0.10661,5.2974,-1.2975e-15,6.631e-16
808.5,-95.588,166.01,8.3548,0.61,-0.31321,0.10548,5.2974,-1.2975e-15,6.631e-16
808.6,-95.591,166.08,8.3653,0.60933,-0.31577,0.10434,5.2974,-1.2975e-15,6.631e-16
808.7,-95.593,166.15,8.3757,0.60868,-0.31827,0.10319,5.2974,-1.2975e-15,6.631e-16
808.8,-95.596,166.22,8.386,0.60806,-0.32069,0.10203,5.2974,-1.2975e-15,6.631e-16
808.9,-95.599,166.29,8.3961,0.60747,-0.32305,0.10086,5.2974,-1.2975e-15,6.631e-16
809,-95.603,166.36,8.4061,0.6069,-0.32535,0.099687,5.2974,-1.2975e-15,6.631e-16
809.1,-95.608,166.42,8.416,0.60636,-0.32758,0.098505,5.2974,-1.2975e-15,6.631e-16
809.2,-95.613,166.49,8.4258,0.60585,-0.32974,0.097318,5.2974,-1.2975e-15,6.631e-16
809.3,-95.618,166.56,8.4355,0.60536,-0.33185,0.096126,5.2974,-1.2975e-15,6.631e-16
809.4,-95.624,166.63,8.4451,0.6049,-0.3339,0.094931,3.3963,0.051891,-0.025453
809.5,-95.63,166.7,8.4545,0.60026,-0.33564,0.092957,3.3963,0.051891,-0.025453
809.6,-95.636,166.77,8.4637,0.59579,-0.33724,0.090879,3.3963,0.051891,-0.025453
809.7,-95.643,166.84,8.4726,0.59149,-0.3387,0.088711,3.3963,0.051891,-0.025453
809.8,-95.649,166.9,8.4814,0.58736,-0.34003,0.086466,3.3963,0.051891,-0.025453
809.9,-95.657,166.97,8.4899,0.58339,-0.34124,0.084156,3.3963,0.051891,-0.025453
810,-95.664,167.04,8.4982,0.57959,-0.34232,0.081791,3.3963,0.051891,-0.025453
810.1,-95.671,167.1,8.5063,0.57594,-0.34328,0.079381,3.3963,0.051891,-0.025453
810.2,-95.679,167.17,8.5141,0.57246,-0.34412,0.076934,3.3963,0.051891,-0.025453
810.3,-95.687,167.24,8.5217,0.56914,-0.34485,0.074456,3.3963,0.051891,-0.025453
810.4,-95.696,167.3,8.529,0.56598,-0.34547,0.071955,3.3963,0.051891,-0.025453
810.5,-95.704,167.37,8.5361,0.56296,-0.34598,0.069436,3.3963,0.051891,-0.025453
810.6,-95.713,167.43,8.5429,0.5601,-0.3464,0.066902,3.3963,0.051891,-0.025453
810.7,-95.722,167.5,8.5494,0.55738,-0.34672,0.064359,3.3963,0.051891,-0.025453
810.8,-95.731,167.56,8.5557,0.55481,-0.34694,0.061809,3.3963,0.051891,-0.025453
810.9,-95.74,167.63,8.5618,0.55237,-0.34708,0.059254,3.3963,0.051891,-0.025453
811,-95.75,167.69,8.5676,0.55008,-0.34713,0.056698,3.3963,0.051891,-0.025453
811.1,-95.76,167.76,8.5731,0.54792,-0.3471,0.054142,3.3963,0.051891,-0.025453
811.2,-95.77,167.82,8.5784,0.54589,-0.34699,0.051586,3.3963,0.051891,-0.025453
811.3,-95.78,167.88,8.5835,0.54398,-0.34681,0.049032,3.3963,0.051891,-0.025453
811.4,-95.791,167.95,8.5882,0.54221,-0.34655,0.046481,3.3963,0.051891,-0.025453
811.5,-95.802,168.01,8.5928,0.54055,-0.34622,0.043931,3.3963,0.051891,-0.025453
811.6,-95.812,168.08,8.597,0.53902,-0.34582,0.041383,3.3963,0.051891,-0.025453
811.7,-95.824,168.14,8.601,0.5376,-0.34536,0.038837,3.3963,0.051891,-0.025453
811.8,-95.835,168.2,8.6048,0.53629,-0.34483,0.03629,3.3963,0.051891,-0.025453
811.9,-95.846,168.26,8.6083,0.5351,-0.34424,0.033742,3.3963,0.051891,-0.025453
812,-95.858,168.33,8.6115,0.53401,-0.34358,0.031191,3.3963,0.051891,-0.025453
812.1,-95.87,168.39,8.6145,0.53302,-0.34287,0.028636,3.3963,0.051891,-0.025453
812.2,-95.882,168.45,8.6173,0.53214,-0.34211,0.026072,3.3963,0.051891,-0.025453
812.3,-95.894,168.51,8.6197,0.53136,-0.34128,0.023499,3.3963,0.051891,-0.025453
812.4,-95.906,168.57,8.622,0.53068,-0.3404,0.020911,3.3963,0.051891,-0.025453
812.5,-95.919,168.64,8.6239,0.53009,-0.33947,0.018307,3.3963,0.051891,-0.025453
812.6,-95.931,168.7,8.6256,0.52959,-0.33848,0.015681,3.3963,0.051891,-0.025453
812.7,-95.944,168.76,8.6271,0.52919,-0.33744,0.013029,3.3963,0.051891,-0.025453
812.8,-95.957,168.82,8.6282,0.52888,-0.33634,0.010345,3.3963,0.051891,-0.025453
812.9,-95.97,168.88,8.6291,0.52865,-0.33519,0.007624,3.3963,0.051891,-0.025453
813,-95.983,168.94,8.6297,0.52851,-0.33398,0.0048582,3.3963,0.051891,-0.025453
813.1,-95.996,169,8.6301,0.52846,-0.33273,0.00204,3.3963,0.051891,-0.025453
813.2,-96.009,169.07,8.6302,0.52849,-0.3314,-0.00083256,3.3963,0.051891,-0.025453
813.3,-96.023,169.13,8.6299,0.52861,-0.32967,-0.0036443,3.3963,0.051891,-0.025453
813.4,-96.036,169.19,8.6294,0.5288,-0.32747,-0.0063316,3.3963,0.051891,-0.025453
813.5,-96.05,169.25,8.6287,0.52906,-0.32479,-0.0088726,3.3963,0.051891,-0.025453
813.6,-96.064,169.31,8.6277,0.52938,-0.32168,-0.01125,3.3963,0.051891,-0.025453
813.7,-96.078,169.37,8.6264,0.52975,-0.31817,-0.01345,3.3963,0.051891,-0.025453
813.8,-96.092,169.43,8.625,0.53017,-0.31428,-0.015464,3.3963,0.051891,-0.025453
813.9,-96.107,169.49,8.6233,0.53063,-0.31007,-0.017286,3.3963,0.051891,-0.025453
814,-96.122,169.55,8.6215,0.53112,-0.30556,-0.018916,3.3963,0.051891,-0.025453
814.1,-96.137,169.61,8.6196,0.53163,-0.30078,-0.020355,3.3963,0.051891,-0.025453
814.2,-96.152,169.67,8.6175,0.53215,-0.29579,-0.021606,3.3963,0.051891,-0.025453
814.3,-96.168,169.72,8.6152,0.53268,-0.29062,-0.022677,3.3963,0.051891,-0.025453
814.4,-96.183,169.78,8.6129,0.53322,-0.28529,-0.023575,3.3963,0.051891,-0.025453
814.5,-96.2,169.84,8.6105,0.53375,-0.27985,-0.02431,3.3963,0.051891,-0.025453
814.6,-96.216,169.9,8.6081,0.53427,-0.27431,-0.024891,3.3963,0.051891,-0.025453
814.7,-96.233,169.96,8.6056,0.53477,-0.26872,-0.02533,3.3963,0.051891,-0.025453
814.8,-96.25,170.01,8.603,0.53527,-0.2631,-0.025638,3.3963,0.051891,-0.025453
814.9,-96.267,170.07,8.6004,0.53574,-0.25746,-0.025824,3.3963,0.051891,-0.025453
815,-96.285,170.13,8.5979,0.53619,-0.25183,-0.0259,3.3963,0.051891,-0.025453
815.1,-96.303,170.18,8.5953,0.53661,-0.24624,-0.025877,3.3963,0.051891,-0.025453
815.2,-96.321,170.24,8.5927,0.53702,-0.24068,-0.025763,3.3963,0.051891,-0.025453
815.3,-96.339,170.3,8.5901,0.53739,-0.23518,-0.025569,3.3963,0.051891,-0.025453
815.4,-96.358,170.35,8.5876,0.53774,-0.22976,-0.025302,3.3963,0.051891,-0.025453
815.5,-96.377,170.41,8.5851,0.53806,-0.22441,-0.024972,3.3963,0.051891,-0.025453
815.6,-96.397,170.46,8.5826,0.53835,-0.21916,-0.024585,3.3963,0.051891,-0.025453
815.7,-96.416,170.52,8.5801,0.53862,-0.214,-0.024149,3.3963,0.051891,-0.025453
815.8,-96.436,170.57,8.5777,0.53886,-0.20894,-0.023669,3.3963,0.051891,-0.025453
815.9,-96.456,170.62,8.5754,0.53908,-0.20399,-0.023151,3.3963,0.051891,-0.025453
816,-96.477,170.68,8.5731,0.53927,-0.19915,-0.022601,3.3963,0.051891,-0.025453
816.1,-96.497,170.73,8.5709,0.53943,-0.19443,-0.022023,3.3963,0.051891,-0.025453
816.2,-96.518,170.79,8.5687,0.53957,-0.18983,-0.02142,3.3963,0.051891,-0.025453
816.3,-96.539,170.84,8.5666,0.53969,-0.18534,-0.020798,3.3963,0.051891,-0.025453
816.4,-96.561,170.89,8.5646,0.53979,-0.18097,-0.020158,3.3963,0.051891,-0.025453
816.5,-96.582,170.94,8.5626,0.53987,-0.17672,-0.019504,3.3963,0.051891,-0.025453
816.6,-96.604,171,8.5607,0.53992,-0.1726,-0.018838,3.3963,0.051891,-0.025453
816.7,-96.626,171.05,8.5588,0.53996,-0.16859,-0.018162,3.3963,0.051891,-0.025453
816.8,-96.649,171.1,8.557,0.53998,-0.16469,-0.017479,3.3963,0.051891,-0.025453
816.9,-96.671,171.15,8.5553,0.53999,-0.16092,-0.016789,3.3963,0.051891,-0.025453
817,-96.694,171.2,8.5537,0.53998,-0.15726,-0.016095,3.3963,0.051891,-0.025453
817.1,-96.716,171.25,8.5521,0.53995,-0.15372,-0.015396,3.3963,0.051891,-0.025453
817.2,-96.74,171.31,8.5506,0.53991,-0.15029,-0.014695,3.3963,0.051891,-0.025453
817.3,-96.763,171.36,8.5492,0.53986,-0.14697,-0.013991,3.3963,0.051891,-0.025453
817.4,-96.786,171.41,8.5478,0.53979,-0.14376,-0.013285,3.3963,0.051891,-0.025453
817.5,-96.81,171.46,8.5465,0.53972,-0.14066,-0.012578,3.3963,0.051891,-0.025453
817.6,-96.833,171.51,8.5453,0.53963,-0.13767,-0.011869,3.3963,0.051891,-0.025453
817.7,-96.857,171.56,8.5441,0.53954,-0.13478,-0.01116,3.3963,0.051891,-0.025453
817.8,-96.881,171.61,8.543,0.53943,-0.132,-0.010448,3.3963,0.051891,-0.025453
817.9,-96.905,171.66,8.542,0.53932,-0.12931,-0.0097354,3.3963,0.051891,-0.025453
818,-96.93,171.71,8.5411,0.5392,-0.12673,-0.0090206,3.3963,0.051891,-0.025453
818.1,-96.954,171.76,8.5402,0.53907,-0.12424,-0.0083033,3.3963,0.051891,-0.025453
818.2,-96.979,171.81,8.5394,0.53894,-0.12186,-0.007583,3.3963,0.051891,-0.025453
818.3,-97.004,171.86,8.5387,0.5388,-0.11956,-0.006859,3.3963,0.051891,-0.025453
818.4,-97.028,171.91,8.5381,0.53865,-0.11736,-0.0061305,3.3963,0.051891,-0.025453
818.5,-97.054,171.96,8.5375,0.5385,-0.11526,-0.0053966,3.3963,0.051891,-0.025453
818.6,-97.079,172,8.537,0.53835,-0.11324,-0.0046563,3.3963,0.051891,-0.025453
818.7,-97.104,172.05,8.5366,0.53819,-0.11132,-0.0039084,3.3963,0.051891,-0.025453
818.8,-97.129,172.1,8.5362,0.53802,-0.10949,-0.0031519,3.3963,0.051891,-0.025453
818.9,-97.155,172.15,8.5359,0.53786,-0.10774,-0.0023852,3.3963,0.051891,-0.025453
819,-97.18,172.2,8.5357,0.53769,-0.10609,-0.0016069,3.3963,0.051891,-0.025453
819.1,-97.206,172.25,8.5356,0.53751,-0.10452,-0.0008155,2.5386,-6.2177e-16,3.0378e-16
819.2,-97.232,172.3,8.5356,0.53542,-0.10328,0.00071784,2.5386,-6.2177e-16,3.0378e-16
819.3,-97.257,172.34,8.5357,0.53338,-0.10214,0.0022994,2.5386,-6.2177e-16,3.0378e-16
819.4,-97.283,172.39,8.5361,0.53136,-0.10107,0.0039319,2.5386,-6.2177e-16,3.0378e-16
819.5,-97.309,172.44,8.5365,0.52939,-0.10009,0.0056137,2.5386,-6.2177e-16,3.0378e-16
819.6,-97.334,172.49,8.5372,0.52745,-0.099188,0.0073429,2.5386,-6.2177e-16,3.0378e-16
819.7,-97.36,172.53,8.538,0.52555,-0.098376,0.009117,2.5386,-6.2177e-16,3.0378e-16
819.8,-97.386,172.58,8.539,0.52368,-0.097651,0.010933,2.5386,-6.2177e-16,3.0378e-16
819.9,-97.411,172.63,8.5402,0.52184,-0.097016,0.012788,2.5386,-6.2177e-16,3.0378e-16
820,-97.437,172.67,8.5416,0.52003,-0.096472,0.014678,2.5386,-6.2177e-16,3.0378e-16
820.1,-97.462,172.72,8.5431,0.51825,-0.096018,0.016598,2.5386,-6.2177e-16,3.0378e-16
820.2,-97.488,172.77,8.5449,0.51651,-0.095657,0.018545,2.5386,-6.2177e-16,3.0378e-16
820.3,-97.513,172.81,8.5468,0.51479,-0.095387,0.020513,2.5386,-6.2177e-16,3.0378e-16
820.4,-97.539,172.86,8.549,0.51309,-0.095209,0.022497,2.5386,-6.2177e-16,3.0378e-16
820.5,-97.564,172.9,8.5513,0.51143,-0.095123,0.024492,2.5386,-6.2177e-16,3.0378e-16
820.6,-97.59,172.95,8.5539,0.50979,-0.095128,0.026492,2.5386,-6.2177e-16,3.0378e-16
820.7,-97.616,172.99,8.5566,0.50817,-0.095223,0.028492,2.5386,-6.2177e-16,3.0378e-16
820.8,-97.641,173.04,8.5596,0.50658,-0.095407,0.030484,2.5386,-6.2177e-16,3.0378e-16
820.9,-97.667,173.08,8.5627,0.50501,-0.095678,0.032465,2.5386,-6.2177e-16,3.0378e-16
821,-97.692,173.13,8.5661,0.50346,-0.096034,0.034426,2.5386,-6.2177e-16,3.0378e-16
821.1,-97.718,173.17,8.5696,0.50194,-0.096473,0.036364,2.5386,-6.2177e-16,3.0378e-16
821.2,-97.744,173.21,8.5734,0.50043,-0.096992,0.038272,2.5386,-6.2177e-16,3.0378e-16
821.3,-97.769,173.26,8.5773,0.49895,-0.097588,0.040145,2.5386,-6.2177e-16,3.0378e-16
821.4,-97.795,173.3,8.5814,0.49748,-0.098259,0.041978,2.5386,-6.2177e-16,3.0378e-16
821.5,-97.821,173.35,8.5857,0.49603,-0.099001,0.043766,2.5386,-6.2177e-16,3.0378e-16
821.6,-97.847,173.39,8.5901,0.4946,-0.09981,0.045505,2.5386,-6.2177e-16,3.0378e-16
821.7,-97.872,173.43,8.5948,0.49319,-0.10068,0.047191,2.5386,-6.2177e-16,3.0378e-16
821.8,-97.898,173.48,8.5996,0.4918,-0.10162,0.04882,2.5386,-6.2177e-16,3.0378e-16
821.9,-97.924,173.52,8.6045,0.49042,-0.1026,0.050389,2.5386,-6.2177e-16,3.0378e-16
822,-97.95,173.56,8.6096,0.48906,-0.10364,0.051896,2.5386,-6.2177e-16,3.0378e-16
822.1,-97.976,173.6,8.6149,0.48772,-0.10473,0.053338,2.5386,-6.2177e-16,3.0378e-16
822.2,-98.002,173.65,8.6203,0.48639,-0.10586,0.054713,2.5386,-6.2177e-16,3.0378e-16
822.3,-98.028,173.69,8.6258,0.48507,-0.10703,0.056021,2.5386,-6.2177e-16,3.0378e-16
822.4,-98.055,173.73,8.6315,0.48377,-0.10823,0.05726,2.5386,-6.2177e-16,3.0378e-16
822.5,-98.081,173.77,8.6373,0.48249,-0.10947,0.05843,2.5386,-6.2177e-16,3.0378e-16
822.6,-98.107,173.82,8.6432,0.48122,-0.11073,0.05953,2.5386,-6.2177e-16,3.0378e-16
822.7,-98.134,173.86,8.6492,0.47996,-0.11201,0.060562,2.5386,-6.2177e-16,3.0378e-16
822.8,-98.16,173.9,8.6553,0.47872,-0.11331,0.061526,2.5386,-6.2177e-16,3.0378e-16
822.9,-98.187,173.94,8.6615,0.47749,-0.11463,0.062421,2.5386,-6.2177e-16,3.0378e-16
823,-98.213,173.98,8.6678,0.47627,-0.11596,0.063251,2.5386,-6.2177e-16,3.0378e-16
823.1,-98.24,174.02,8.6741,0.47507,-0.11729,0.064015,2.5386,-6.2177e-16,3.0378e-16
823.2,-98.267,174.06,8.6806,0.47389,-0.11863,0.064716,2.5386,-6.2177e-16,3.0378e-16
823.3,-98.294,174.1,8.6871,0.47272,-0.11997,0.065355,2.5386,-6.2177e-16,3.0378e-16
823.4,-98.32,174.14,8.6937,0.47156,-0.12131,0.065934,2.5386,-6.2177e-16,3.0378e-16
823.5,-98.348,174.18,8.7003,0.47041,-0.12264,0.066455,2.5386,-6.2177e-16,3.0378e-16
823.6,-98.375,174.22,8.7069,0.46928,-0.12397,0.066921,2.5386,-6.2177e-16,3.0378e-16
823.7,-98.402,174.27,8.7137,0.46817,-0.12529,0.067332,2.5386,-6.2177e-16,3.0378e-16
823.8,-98.429,174.31,8.7204,0.46707,-0.12659,0.067693,2.5386,-6.2177e-16,3.0378e-16
823.9,-98.457,174.34,8.7272,0.46598,-0.12788,0.068004,2.5386,-6.2177e-16,3.0378e-16
824,-98.484,174.38,8.734,0.46491,-0.12916,0.068268,2.5386,-6.2177e-16,3.0378e-16
824.1,-98.512,174.42,8.7408,0.46385,-0.13042,0.068487,2.5386,-6.2177e-16,3.0378e-16
824.2,-98.54,174.46,8.7477,0.46281,-0.13165,0.068664,2.5386,-6.2177e-16,3.0378e-16
824.3,-98.568,174.5,8.7546,0.46178,-0.13287,0.068801,2.5386,-6.2177e-16,3.0378e-16
824.4,-98.596,174.54,8.7615,0.46077,-0.13407,0.068899,2.5386,-6.2177e-16,3.0378e-16
824.5,-98.624,174.58,8.7684,0.45977,-0.13524,0.068962,2.5386,-6.2177e-16,3.0378e-16
824.6,-98.652,174.62,8.7753,0.45879,-0.13639,0.06899,2.5386,-6.2177e-16,3.0378e-16
824.7,-98.68,174.66,8.7822,0.45782,-0.13751,0.068987,2.5386,-6.2177e-16,3.0378e-16
824.8,-98.709,174.7,8.7891,0.45687,-0.1386,0.068954,2.5386,-6.2177e-16,3.0378e-16
824.9,-98.737,174.73,8.7959,0.45593,-0.13968,0.068893,2.5386,-6.2177e-16,3.0378e-16
825,-98.766,174.77,8.8028,0.45501,-0.14072,0.068805,2.5386,-6.2177e-16,3.0378e-16
825.1,-98.795,174.81,8.8097,0.45411,-0.14173,0.068693,2.5386,-6.2177e-16,3.0378e-16
825.2,-98.824,174.85,8.8166,0.45322,-0.14272,0.068559,2.5386,-6.2177e-16,3.0378e-16
825.3,-98.853,174.89,8.8234,0.45234,-0.14368,0.068403,2.5386,-6.2177e-16,3.0378e-16
825.4,-98.882,174.92,8.8302,0.45149,-0.14461,0.068228,2.5386,-6.2177e-16,3.0378e-16
825.5,-98.912,174.96,8.8371,0.45065,-0.14552,0.068034,2.5386,-6.2177e-16,3.0378e-16
825.6,-98.941,175,8.8439,0.44982,-0.14639,0.067824,2.5386,-6.2177e-16,3.0378e-16
825.7,-98.971,175.03,8.8506,0.44901,-0.14724,0.067599,2.5386,-6.2177e-16,3.0378e-16
825.8,-99,175.07,8.8574,0.44822,-0.14805,0.06736,2.5386,-6.2177e-16,3.0378e-16
825.9,-99.03,175.11,8.8641,0.44744,-0.14884,0.067109,2.5386,-6.2177e-16,3.0378e-16
826,-99.06,175.14,8.8708,0.44668,-0.14961,0.066845,2.5386,-6.2177e-16,3.0378e-16
826.1,-99.091,175.18,8.8775,0.44593,-0.15034,0.066572,2.5386,-6.2177e-16,3.0378e-16
826.2,-99.121,175.22,8.8841,0.4452,-0.15105,0.066288,2.5386,-6.2177e-16,3.0378e-16
826.3,-99.151,175.25,8.8907,0.44449,-0.15173,0.065997,2.5386,-6.2177e-16,3.0378e-16
826.4,-99.182,175.29,8.8973,0.44379,-0.15238,0.065698,2.5386,-6.2177e-16,3.0378e-16
826.5,-99.213,175.32,8.9039,0.44311,-0.153,0.065393,2.5386,-6.2177e-16,3.0378e-16
826.6,-99.244,175.36,8.9104,0.44244,-0.1536,0.065082,2.5386,-6.2177e-16,3.0378e-16
826.7,-99.275,175.39,8.9169,0.44179,-0.15418,0.064766,2.5386,-6.2177e-16,3.0378e-16
826.8,-99.306,175.43,8.9233,0.44115,-0.15472,0.064446,2.5386,-6.2177e-16,3.0378e-16
826.9,-99.337,175.46,8.9298,0.44053,-0.15525,0.064123,2.5386,-6.2177e-16,3.0378e-16
827,-99.369,175.5,8.9362,0.43992,-0.15574,0.063797,2.5386,-6.2177e-16,3.0378e-16
827.1,-99.4,175.53,8.9425,0.43933,-0.15622,0.063469,2.5386,-6.2177e-16,3.0378e-16
827.2,-99.432,175.56,8.9489,0.43875,-0.15667,0.063139,2.5386,-6.2177e-16,3.0378e-16
827.3,-99.464,175.6,8.9552,0.43818,-0.1571,0.062809,2.5386,-6.2177e-16,3.0378e-16
827.4,-99.496,175.63,8.9614,0.43764,-0.1575,0.062478,2.5386,-6.2177e-16,3.0378e-16
827.5,-99.528,175.67,8.9676,0.4371,-0.15789,0.062147,2.5386,-6.2177e-16,3.0378e-16
827.6,-99.56,175.7,8.9738,0.43658,-0.15825,0.061817,2.5386,-6.2177e-16,3.0378e-16
827.7,-99.593,175.73,8.98,0.43607,-0.15859,0.061488,2.5386,-6.2177e-16,3.0378e-16
827.8,-99.626,175.77,8.9861,0.43558,-0.15891,0.06116,2.5386,-6.2177e-16,3.0378e-16
827.9,-99.658,175.8,8.9922,0.4351,-0.15921,0.060834,2.5386,-6.2177e-16,3.0378e-16
828,-99.691,175.83,8.9983,0.43463,-0.15949,0.06051,2.5386,-6.2177e-16,3.0378e-16
828.1,-99.724,175.86,9.0043,0.43417,-0.15975,0.060189,2.5386,-6.2177e-16,3.0378e-16
828.2,-99.757,175.9,9.0103,0.43373,-0.16,0.05987,2.5386,-6.2177e-16,3.0378e-16
828.3,-99.791,175.93,9.0163,0.4333,-0.16022,0.059555,2.5386,-6.2177e-16,3.0378e-16
828.4,-99.824,175.96,9.0223,0.43288,-0.16043,0.059242,2.5386,-6.2177e-16,3.0378e-16
828.5,-99.858,175.99,9.0282,0.43248,-0.16062,0.058934,2.5386,-6.2177e-16,3.0378e-16
828.6,-99.892,176.02,9.034,0.43209,-0.16079,0.058629,2.5386,-6.2177e-16,3.0378e-16
828.7,-99.925,176.05,9.0399,0.4317,-0.16095,0.058328,2.5386,-6.2177e-16,3.0378e-16
828.8,-99.96,176.08,9.0457,0.43133,-0.16109,0.058032,2.5386,-6.2177e-16,3.0378e-16
828.9,-99.994,176.12,9.0515,0.43098,-0.16122,0.05774,2.5386,-6.2177e-16,3.0378e-16
829,-100.03,176.15,9.0573,0.43063,-0.16133,0.057452,2.5386,-6.2177e-16,3.0378e-16
829.1,-100.06,176.18,9.063,0.43029,-0.16143,0.057169,2.5386,-6.2177e-16,3.0378e-16
829.2,-100.1,176.21,9.0687,0.42996,-0.16152,0.056891,2.5386,-6.2177e-16,3.0378e-16
829.3,-100.13,176.24,9.0744,0.42965,-0.16159,0.056618,2.5386,-6.2177e-16,3.0378e-16
829.4,-100.17,176.27,9.08,0.42934,-0.16165,0.056349,2.5386,-6.2177e-16,3.0378e-16
829.5,-100.2,176.3,9.0856,0.42904,-0.16169,0.056086,2.5386,-6.2177e-16,3.0378e-16
829.6,-100.24,176.33,9.0912,0.42876,-0.16173,0.055828,2.5386,-6.2177e-16,3.0378e-16
829.7,-100.27,176.35,9.0968,0.42848,-0.16175,0.055576,2.5386,-6.2177e-16,3.0378e-16
829.8,-100.31,176.38,9.1024,0.42821,-0.16176,0.055329,12.51,-1.1801,0.57883
829.9,-100.34,176.41,9.1087,0.45005,-0.16702,0.071244,12.51,-1.1801,0.57883
830,-100.38,176.44,9.1166,0.47116,-0.17301,0.086627,12.51,-1.1801,0.57883
830.1,-100.42,176.47,9.126,0.49152,-0.17979,0.1013,12.51,-1.1801,0.57883
830.2,-100.47,176.51,9.1368,0.51114,-0.18737,0.11513,12.51,-1.1801,0.57883
830.3,-100.51,176.54,9.149,0.53001,-0.19575,0.12803,12.51,-1.1801,0.57883
830.4,-100.56,176.57,9.1624,0.54811,-0.20493,0.13994,12.51,-1.1801,0.57883
830.5,-100.61,176.61,9.1769,0.56546,-0.21486,0.15083,12.51,-1.1801,0.57883
830.6,-100.66,176.64,9.1925,0.58205,-0.22551,0.16073,12.51,-1.1801,0.57883
830.7,-100.71,176.68,9.209,0.59789,-0.23682,0.16967,12.51,-1.1801,0.57883
830.8,-100.76,176.71,9.2264,0.61297,-0.24874,0.1777,12.51,-1.1801,0.57883
830.9,-100.82,176.75,9.2446,0.6273,-0.26121,0.18487,12.51,-1.1801,0.57883
831,-100.88,176.79,9.2634,0.64089,-0.27417,0.19124,12.51,-1.1801,0.57883
831.1,-100.94,176.83,9.2828,0.65375,-0.28757,0.19688,12.51,-1.1801,0.57883
831.2,-101,176.86,9.3027,0.66589,-0.30136,0.20184,12.51,-1.1801,0.57883
831.3,-101.06,176.9,9.3231,0.67732,-0.31547,0.20619,12.51,-1.1801,0.57883
831.4,-101.13,176.94,9.3439,0.68806,-0.32988,0.20995,12.51,-1.1801,0.57883
831.5,-101.19,176.98,9.3651,0.69813,-0.34452,0.21319,12.51,-1.1801,0.57883
831.6,-101.26,177.02,9.3866,0.70754,-0.35937,0.21593,12.51,-1.1801,0.57883
831.7,-101.33,177.06,9.4083,0.71631,-0.37438,0.2182,12.51,-1.1801,0.57883
831.8,-101.4,177.09,9.4302,0.72447,-0.38953,0.22004,12.51,-1.1801,0.57883
831.9,-101.48,177.13,9.4523,0.73204,-0.40479,0.22146,12.51,-1.1801,0.57883
832,-101.55,177.17,9.4745,0.73904,-0.42012,0.22248,12.51,-1.1801,0.57883
832.1,-101.63,177.21,9.4968,0.74549,-0.4355,0.22312,12.51,-1.1801,0.57883
832.2,-101.71,177.25,9.5191,0.75142,-0.45092,0.2234,12.51,-1.1801,0.57883
832.3,-101.79,177.29,9.5414,0.75687,-0.46636,0.22332,12.51,-1.1801,0.57883
832.4,-101.87,177.32,9.5637,0.76184,-0.4818,0.22289,12.51,-1.1801,0.57883
832.5,-101.95,177.36,9.586,0.76639,-0.49723,0.22213,12.51,-1.1801,0.57883
832.6,-102.04,177.4,9.6081,0.77052,-0.51264,0.22103,12.51,-1.1801,0.57883
832.7,-102.12,177.43,9.6302,0.77428,-0.52803,0.21961,12.51,-1.1801,0.57883
832.8,-102.21,177.47,9.6521,0.77768,-0.54339,0.21786,12.51,-1.1801,0.57883
832.9,-102.3,177.5,9.6737,0.78077,-0.55873,0.2158,12.51,-1.1801,0.57883
833,-102.39,177.54,9.6952,0.78356,-0.57404,0.21341,12.51,-1.1801,0.57883
833.1,-102.48,177.57,9.7164,0.7861,-0.58933,0.21071,12.51,-1.1801,0.57883
833.2,-102.57,177.61,9.7373,0.78841,-0.60461,0.20769,12.51,-1.1801,0.57883
833.3,-102.67,177.64,9.7579,0.79052,-0.61989,0.20435,12.51,-1.1801,0.57883
833.4,-102.76,177.67,9.7782,0.79247,-0.63518,0.20068,12.51,-1.1801,0.57883
833.5,-102.86,177.7,9.7981,0.79428,-0.6505,0.19668,12.51,-1.1801,0.57883
833.6,-102.96,177.73,9.8175,0.79599,-0.66587,0.19234,12.51,-1.1801,0.57883
833.7,-103.06,177.76,9.8365,0.79763,-0.68132,0.18763,12.51,-1.1801,0.57883
833.8,-103.16,177.8,9.855,0.79924,-0.69688,0.18256,12.51,-1.1801,0.57883
833.9,-103.26,177.82,9.873,0.80085,-0.71257,0.17708,12.51,-1.1801,0.57883
834,-103.36,177.85,9.8904,0.80249,-0.72843,0.17119,12.51,-1.1801,0.57883
834.1,-103.47,177.88,9.9072,0.80421,-0.74451,0.16484,12.51,-1.1801,0.57883
834.2,-103.58,177.91,9.9234,0.80605,-0.76086,0.15799,12.51,-1.1801,0.57883
834.3,-103.68,177.94,9.9388,0.80805,-0.77753,0.1506,12.51,-1.1801,0.57883
834.4,-103.79,177.97,9.9535,0.81026,-0.79459,0.14259,12.51,-1.1801,0.57883
834.5,-103.9,178,9.9673,0.81274,-0.81211,0.13389,12.51,-1.1801,0.57883
834.6,-104.02,178.02,9.9802,0.81556,-0.83018,0.1244,12.51,-1.1801,0.57883
834.7,-104.13,178.05,9.9922,0.81878,-0.84891,0.11398,12.51,-1.1801,0.57883
834.8,-104.25,178.08,10.003,0.82249,-0.86842,0.10248,12.51,-1.1801,0.57883
834.9,-104.36,178.11,10.013,0.82679,-0.88886,0.089679,12.51,-1.1801,0.57883
835,-104.48,178.13,10.021,0.83182,-0.9104,0.075289,12.51,-1.1801,0.57883
835.1,-104.6,178.16,10.028,0.83774,-0.93329,0.058927,12.51,-1.1801,0.57883
835.2,-104.73,178.19,10.033,0.84476,-0.95781,0.040055,12.51,-1.1801,0.57883
835.3,-104.85,178.22,10.036,0.85315,-0.98433,0.017909,12.51,-1.1801,0.57883
835.4,-104.98,178.26,10.036,0.86329,-1.0127,-0.0084148,12.51,-1.1801,0.57883
835.5,-105.11,178.29,10.034,0.87553,-1.0337,-0.035687,12.51,-1.1801,0.57883
835.6,-105.24,178.33,10.029,0.88978,-1.0436,-0.060583,12.51,-1.1801,0.57883
835.7,-105.37,178.36,10.022,0.90568,-1.0432,-0.081306,12.51,-1.1801,0.57883
835.8,-105.51,178.4,10.013,0.92269,-1.034,-0.096959,12.51,-1.1801,0.57883
835.9,-105.64,178.43,10.003,0.9402,-1.0183,-0.10746,12.51,-1.1801,0.57883
836,-105.78,178.46,9.9915,0.95767,-0.9982,-0.11327,5.761,-1.411e-15,6.8676e-16
836.1,-105.91,178.5,9.9793,0.96034,-0.96737,-0.12981,5.761,-1.411e-15,6.8676e-16
836.2,-106.04,178.53,9.9658,0.96369,-0.92993,-0.13989,5.761,-1.411e-15,6.8676e-16
836.3,-106.17,178.56,9.9515,0.96706,-0.88882,-0.14467,5.761,-1.411e-15,6.8676e-16
836.4,-106.3,178.58,9.937,0.96999,-0.8463,-0.14543,5.761,-1.411e-15,6.8676e-16
836.5,-106.42,178.61,9.9225,0.97222,-0.80402,-0.14328,5.761,-1.411e-15,6.8676e-16
836.6,-106.55,178.63,9.9084,0.97361,-0.76305,-0.13915,5.761,-1.411e-15,6.8676e-16
836.7,-106.67,178.65,9.8948,0.97414,-0.72405,-0.13372,5.761,-1.411e-15,6.8676e-16
836.8,-106.78,178.67,9.8817,0.97381,-0.68739,-0.12749,5.761,-1.411e-15,6.8676e-16
836.9,-106.9,178.69,9.8693,0.9727,-0.65322,-0.12081,5.761,-1.411e-15,6.8676e-16
837,-107.02,178.71,9.8575,0.97088,-0.62158,-0.11393,5.761,-1.411e-15,6.8676e-16
837.1,-107.13,178.72,9.8465,0.96843,-0.59243,-0.107,5.761,-1.411e-15,6.8676e-16
837.2,-107.24,178.74,9.8361,0.96542,-0.56566,-0.10013,5.761,-1.411e-15,6.8676e-16
837.3,-107.35,178.75,9.8265,0.96195,-0.54116,-0.093383,5.761,-1.411e-15,6.8676e-16
837.4,-107.46,178.76,9.8174,0.95809,-0.51881,-0.08679,5.761,-1.411e-15,6.8676e-16
837.5,-107.57,178.77,9.8091,0.95389,-0.49846,-0.080369,5.761,-1.411e-15,6.8676e-16
837.6,-107.68,178.78,9.8014,0.94941,-0.48001,-0.074121,5.761,-1.411e-15,6.8676e-16
837.7,-107.78,178.79,9.7943,0.94472,-0.46332,-0.06804,5.761,-1.411e-15,6.8676e-16
837.8,-107.89,178.8,9.7878,0.93984,-0.44831,-0.062112,5.761,-1.411e-15,6.8676e-16
837.9,-107.99,178.81,9.7818,0.93481,-0.43487,-0.05632,5.761,-1.411e-15,6.8676e-16
838,-108.09,178.82,9.7765,0.92968,-0.42292,-0.050646,5.761,-1.411e-15,6.8676e-16
838.1,-108.19,178.82,9.7717,0.92446,-0.41239,-0.045067,5.761,-1.411e-15,6.8676e-16
838.2,-108.29,178.83,9.7675,0.91917,-0.40322,-0.039562,5.761,-1.411e-15,6.8676e-16
838.3,-108.39,178.84,9.7638,0.91385,-0.39537,-0.034109,5.761,-1.411e-15,6.8676e-16
838.4,-108.49,178.84,9.7606,0.90849,-0.38878,-0.028686,5.761,-1.411e-15,6.8676e-16
838.5,-108.59,178.85,9.7581,0.90312,-0.38344,-0.02327,5.761,-1.411e-15,6.8676e-16
838.6,-108.69,178.86,9.756,0.89774,-0.37932,-0.017842,5.761,-1.411e-15,6.8676e-16
838.7,-108.78,178.86,9.7545,0.89236,-0.37642,-0.012382,5.761,-1.411e-15,6.8676e-16
838.8,-108.88,178.87,9.7535,0.88697,-0.37474,-0.0068722,5.761,-1.411e-15,6.8676e-16
838.9,-108.98,178.88,9.7531,0.88159,-0.37429,-0.0012976,5.761,-1.411e-15,6.8676e-16
839,-109.07,178.89,9.7533,0.8762,-0.37479,0.0044553,5.761,-1.411e-15,6.8676e-16
839.1,-109.17,178.89,9.754,0.8708,-0.37559,0.010611,5.761,-1.411e-15,6.8676e-16
839.2,-109.26,178.9,9.7554,0.86538,-0.37668,0.017147,5.761,-1.411e-15,6.8676e-16
839.3,-109.35,178.91,9.7575,0.85992,-0.37809,0.024013,5.761,-1.411e-15,6.8676e-16
839.4,-109.45,178.92,9.7602,0.85442,-0.37982,0.031147,5.761,-1.411e-15,6.8676e-16
839.5,-109.54,178.92,9.7637,0.84885,-0.38189,0.038468,5.761,-1.411e-15,6.8676e-16
839.6,-109.63,178.93,9.7679,0.84323,-0.3843,0.045886,5.761,-1.411e-15,6.8676e-16
839.7,-109.73,178.94,9.7729,0.83754,-0.38706,0.053299,5.761,-1.411e-15,6.8676e-16
839.8,-109.82,178.95,9.7786,0.83178,-0.39016,0.060604,5.761,-1.411e-15,6.8676e-16
839.9,-109.91,178.95,9.785,0.82596,-0.39358,0.067693,5.761,-1.411e-15,6.8676e-16
840,-110,178.96,9.7921,0.82008,-0.39731,0.074466,5.761,-1.411e-15,6.8676e-16
840.1,-110.09,178.97,9.7999,0.81416,-0.40133,0.08083,5.761,-1.411e-15,6.8676e-16
840.2,-110.18,178.98,9.8082,0.80819,-0.4056,0.086705,5.761,-1.411e-15,6.8676e-16
840.3,-110.27,178.98,9.8172,0.80219,-0.4101,0.092026,5.761,-1.411e-15,6.8676e-16
840.4,-110.36,178.99,9.8266,0.79619,-0.41479,0.096745,5.761,-1.411e-15,6.8676e-16
840.5,-110.45,179,9.8365,0.79018,-0.41963,0.10083,5.761,-1.411e-15,6.8676e-16
840.6,-110.54,179.01,9.8468,0.7842,-0.42458,0.10426,5.761,-1.411e-15,6.8676e-16
840.7,-110.63,179.01,9.8573,0.77826,-0.42961,0.10705,5.761,-1.411e-15,6.8676e-16
840.8,-110.72,179.02,9.8682,0.77237,-0.43469,0.10918,5.761,-1.411e-15,6.8676e-16
840.9,-110.8,179.02,9.8792,0.76656,-0.43978,0.1107,5.761,-1.411e-15,6.8676e-16
841,-110.89,179.03,9.8903,0.76083,-0.44486,0.11162,5.761,-1.411e-15,6.8676e-16
841.1,-110.98,179.04,9.9015,0.75522,-0.44991,0.11198,5.761,-1.411e-15,6.8676e-16
841.2,-111.07,179.04,9.9127,0.74973,-0.45489,0.11182,5.761,-1.411e-15,6.8676e-16
841.3,-111.16,179.05,9.9238,0.74438,-0.4598,0.11116,5.761,-1.411e-15,6.8676e-16
841.4,-111.24,179.05,9.9349,0.73919,-0.46462,0.11006,5.761,-1.411e-15,6.8676e-16
841.5,-111.33,179.05,9.9458,0.73416,-0.46933,0.10854,5.761,-1.411e-15,6.8676e-16
841.6,-111.42,179.06,9.9566,0.72931,-0.47394,0.10664,5.761,-1.411e-15,6.8676e-16
841.7,-111.5,179.06,9.9671,0.72465,-0.47844,0.1044,5.761,-1.411e-15,6.8676e-16
841.8,-111.59,179.07,9.9774,0.72019,-0.48282,0.10183,5.761,-1.411e-15,6.8676e-16
841.9,-111.68,179.07,9.9875,0.71594,-0.48709,0.098981,5.761,-1.411e-15,6.8676e-16
842,-111.76,179.07,9.9972,0.7119,-0.49124,0.095861,5.761,-1.411e-15,6.8676e-16
842.1,-111.85,179.07,10.007,0.70808,-0.49529,0.092494,5.761,-1.411e-15,6.8676e-16
842.2,-111.94,179.08,10.016,0.70449,-0.49923,0.088895,5.761,-1.411e-15,6.8676e-16
842.3,-112.02,179.08,10.024,0.70114,-0.50306,0.085079,5.761,-1.411e-15,6.8676e-16
842.4,-112.11,179.08,10.033,0.69802,-0.50681,0.081054,5.761,-1.411e-15,6.8676e-16
842.5,-112.19,179.08,10.041,0.69515,-0.51046,0.076828,5.761,-1.411e-15,6.8676e-16
842.6,-112.28,179.08,10.048,0.69253,-0.51404,0.072402,5.761,-1.411e-15,6.8676e-16
842.7,-112.37,179.08,10.055,0.69017,-0.51755,0.067776,5.761,-1.411e-15,6.8676e-16
842.8,-112.45,179.09,10.062,0.68806,-0.52099,0.062946,5.761,-1.411e-15,6.8676e-16
842.9,-112.54,179.09,10.068,0.68621,-0.52439,0.057903,5.761,-1.411e-15,6.8676e-16
843,-112.63,179.09,10.073,0.68463,-0.52774,0.052634,5.761,-1.411e-15,6.8676e-16
843.1,-112.71,179.09,10.078,0.68333,-0.53106,0.04712,5.761,-1.411e-15,6.8676e-16
843.2,-112.8,179.09,10.083,0.68231,-0.53435,0.041339,5.761,-1.411e-15,6.8676e-16
843.3,-112.89,179.09,10.086,0.68158,-0.53764,0.035259,5.761,-1.411e-15,6.8676e-16
843.4,-112.97,179.09,10.09,0.68115,-0.54093,0.028842,5.761,-1.411e-15,6.8676e-16
843.5,-113.06,179.09,10.092,0.68104,-0.54424,0.022039,5.761,-1.411e-15,6.8676e-16
843.6,-113.15,179.09,10.094,0.68125,-0.54757,0.014789,5.761,-1.411e-15,6.8676e-16
843.7,-113.23,179.09,10.095,0.68182,-0.55095,0.0070131,5.761,-1.411e-15,6.8676e-16
843.8,-113.32,179.09,10.095,0.68275,-0.55435,-0.0013758,5.761,-1.411e-15,6.8676e-16
843.9,-113.41,179.09,10.095,0.68407,-0.55636,-0.0098976,5.761,-1.411e-15,6.8676e-16
844,-113.5,179.09,10.093,0.68576,-0.55616,-0.018065,5.761,-1.411e-15,6.8676e-16
844.1,-113.59,179.1,10.091,0.68778,-0.55383,-0.025665,5.761,-1.411e-15,6.8676e-16
844.2,-113.68,179.1,10.088,0.69009,-0.54948,-0.032536,5.761,-1.411e-15,6.8676e-16
844.3,-113.76,179.1,10.085,0.69264,-0.54332,-0.038566,5.761,-1.411e-15,6.8676e-16
844.4,-113.85,179.1,10.081,0.69535,-0.53557,-0.043697,5.761,-1.411e-15,6.8676e-16
844.5,-113.94,179.1,10.076,0.69817,-0.52648,-0.047914,5.761,-1.411e-15,6.8676e-16
844.6,-114.03,179.1,10.071,0.70104,-0.51631,-0.051242,5.761,-1.411e-15,6.8676e-16
844.7,-114.11,179.1,10.066,0.70391,-0.50531,-0.053731,5.761,-1.411e-15,6.8676e-16
844.8,-114.2,179.09,10.06,0.70674,-0.4937,-0.055451,5.761,-1.411e-15,6.8676e-16
844.9,-114.29,179.09,10.055,0.70949,-0.48169,-0.056477,5.761,-1.411e-15,6.8676e-16
845,-114.37,179.09,10.049,0.71212,-0.46946,-0.056893,5.761,-1.411e-15,6.8676e-16
845.1,-114.46,179.08,10.043,0.71461,-0.45718,-0.056777,5.761,-1.411e-15,6.8676e-16
845.2,-114.54,179.08,10.038,0.71696,-0.44497,-0.056205,5.761,-1.411e-15,6.8676e-16
845.3,-114.62,179.07,10.032,0.71914,-0.43294,-0.055244,5.761,-1.411e-15,6.8676e-16
845.4,-114.71,179.07,10.027,0.72115,-0.42118,-0.053956,5.761,-1.411e-15,6.8676e-16
845.5,-114.79,179.06,10.021,0.723,-0.40976,-0.052395,5.761,-1.411e-15,6.8676e-16
845.6,-114.87,179.05,10.016,0.72467,-0.39873,-0.050605,5.761,-1.411e-15,6.8676e-16
845.7,-114.96,179.05,10.011,0.72618,-0.38814,-0.048625,5.761,-1.411e-15,6.8676e-16
845.8,-115.04,179.04,10.007,0.72752,-0.37802,-0.046488,5.761,-1.411e-15,6.8676e-16
845.9,-115.12,179.03,10.002,0.7287,-0.36839,-0.04422,5.761,-1.411e-15,6.8676e-16
846,-115.2,179.02,9.9977,0.72974,-0.35927,-0.041843,5.761,-1.411e-15,6.8676e-16
846.1,-115.28,179.01,9.9937,0.73063,-0.35067,-0.039371,5.761,-1.411e-15,6.8676e-16
846.2,-115.36,179,9.9898,0.73139,-0.3426,-0.03682,5.761,-1.411e-15,6.8676e-16
846.3,-115.44,178.99,9.9863,0.73202,-0.33507,-0.034197,5.761,-1.411e-15,6.8676e-16
846.4,-115.52,178.98,9.983,0.73253,-0.32807,-0.031509,1.4026,0.18181,-0.089176
846.5,-115.6,178.97,9.9799,0.72329,-0.3206,-0.03134,1.4026,0.18181,-0.089176
846.6,-115.68,178.96,9.9767,0.71431,-0.31318,-0.031225,1.4026,0.18181,-0.089176
846.7,-115.75,178.95,9.9736,0.70558,-0.30579,-0.031159,1.4026,0.18181,-0.089176
846.8,-115.83,178.94,9.9705,0.6971,-0.29844,-0.031139,1.4026,0.18181,-0.089176
846.9,-115.9,178.93,9.9674,0.68886,-0.2911,-0.031162,1.4026,0.18181,-0.089176
847,-115.98,178.92,9.9643,0.68084,-0.2838,-0.031223,1.4026,0.18181,-0.089176
847.1,-116.05,178.91,9.9611,0.67304,-0.27651,-0.031321,1.4026,0.18181,-0.089176
847.2,-116.12,178.89,9.958,0.66546,-0.26924,-0.031453,1.4026,0.18181,-0.089176
847.3,-116.19,178.88,9.9549,0.65808,-0.262,-0.031618,1.4026,0.18181,-0.089176
847.4,-116.26,178.87,9.9517,0.6509,-0.25478,-0.031814,1.4026,0.18181,-0.089176
847.5,-116.33,178.86,9.9485,0.64391,-0.24758,-0.03204,1.4026,0.18181,-0.089176
847.6,-116.4,178.85,9.9453,0.63711,-0.2404,-0.032296,1.4026,0.18181,-0.089176
847.7,-116.46,178.84,9.942,0.63049,-0.23324,-0.032582,1.4026,0.18181,-0.089176
847.8,-116.53,178.83,9.9388,0.62405,-0.22611,-0.032896,1.4026,0.18181,-0.089176
847.9,-116.6,178.82,9.9355,0.61777,-0.21901,-0.03324,1.4026,0.18181,-0.089176
848,-116.66,178.81,9.9321,0.61165,-0.21194,-0.033615,1.4026,0.18181,-0.089176
848.1,-116.72,178.8,9.9287,0.60569,-0.20489,-0.03402,1.4026,0.18181,-0.089176
848.2,-116.79,178.79,9.9253,0.59989,-0.19788,-0.034458,1.4026,0.18181,-0.089176
848.3,-116.85,178.77,9.9218,0.59423,-0.1909,-0.034929,1.4026,0.18181,-0.089176
848.4,-116.91,178.76,9.9183,0.58871,-0.18395,-0.035434,1.4026,0.18181,-0.089176
848.5,-116.97,178.75,9.9147,0.58333,-0.17704,-0.035975,1.4026,0.18181,-0.089176
848.6,-117.03,178.74,9.9111,0.57808,-0.17017,-0.036554,1.4026,0.18181,-0.089176
848.7,-117.09,178.73,9.9074,0.57296,-0.16334,-0.037172,1.4026,0.18181,-0.089176
848.8,-117.14,178.71,9.9037,0.56796,-0.15656,-0.037831,1.4026,0.18181,-0.089176
848.9,-117.2,178.7,9.8999,0.56308,-0.14981,-0.038532,1.4026,0.18181,-0.089176
849,-117.26,178.69,9.896,0.55832,-0.14311,-0.039277,1.4026,0.18181,-0.089176
849.1,-117.31,178.68,9.892,0.55367,-0.13645,-0.040069,1.4026,0.18181,-0.089176
849.2,-117.37,178.66,9.888,0.54913,-0.12985,-0.040908,1.4026,0.18181,-0.089176
849.3,-117.42,178.65,9.8838,0.54469,-0.12329,-0.041796,1.4026,0.18181,-0.089176
849.4,-117.48,178.64,9.8796,0.54036,-0.11678,-0.042734,1.4026,0.18181,-0.089176
849.5,-117.53,178.62,9.8753,0.53612,-0.11032,-0.043724,1.4026,0.18181,-0.089176
849.6,-117.58,178.61,9.8709,0.53198,-0.10392,-0.044767,1.4026,0.18181,-0.089176
849.7,-117.64,178.6,9.8663,0.52792,-0.097577,-0.045865,1.4026,0.18181,-0.089176
849.8,-117.69,178.58,9.8617,0.52396,-0.091288,-0.047017,1.4026,0.18181,-0.089176
849.9,-117.74,178.57,9.8569,0.52008,-0.085059,-0.048224,1.4026,0.18181,-0.089176
850,-117.79,178.56,9.852,0.51628,-0.078891,-0.049487,1.4026,0.18181,-0.089176
850.1,-117.84,178.54,9.847,0.51255,-0.072787,-0.050805,1.4026,0.18181,-0.089176
850.2,-117.89,178.53,9.8419,0.50891,-0.066748,-0.052179,1.4026,0.18181,-0.089176
850.3,-117.94,178.51,9.8366,0.50533,-0.060778,-0.053608,1.4026,0.18181,-0.089176
850.4,-117.99,178.5,9.8311,0.50182,-0.054878,-0.055091,1.4026,0.18181,-0.089176
850.5,-118.03,178.48,9.8256,0.49838,-0.049051,-0.056626,1.4026,0.18181,-0.089176
850.6,-118.08,178.47,9.8198,0.49501,-0.043301,-0.058213,1.4026,0.18181,-0.089176
850.7,-118.13,178.45,9.8139,0.49169,-0.03763,-0.059848,1.4026,0.18181,-0.089176
850.8,-118.18,178.44,9.8078,0.48843,-0.032041,-0.061531,1.4026,0.18181,-0.089176
850.9,-118.22,178.42,9.8016,0.48522,-0.026537,-0.063257,1.4026,0.18181,-0.089176
851,-118.27,178.41,9.7952,0.48207,-0.021122,-0.065023,1.4026,0.18181,-0.089176
851.1,-118.31,178.39,9.7886,0.47897,-0.015798,-0.066827,1.4026,0.18181,-0.089176
851.2,-118.36,178.38,9.7818,0.47591,-0.01057,-0.068665,1.4026,0.18181,-0.089176
851.3,-118.4,178.36,9.7749,0.4729,-0.0054396,-0.070531,1.4026,0.18181,-0.089176
851.4,-118.45,178.34,9.7677,0.46993,-0.00041157,-0.072422,1.4026,0.18181,-0.089176
851.5,-118.49,178.33,9.7604,0.467,0.0045431,-0.074299,1.4026,0.18181,-0.089176
851.6,-118.54,178.31,9.7529,0.46411,0.0094637,-0.076106,1.4026,0.18181,-0.089176
851.7,-118.58,178.3,9.7452,0.46125,0.014346,-0.077834,1.4026,0.18181,-0.089176
851.8,-118.62,178.28,9.7373,0.45843,0.019184,-0.079477,1.4026,0.18181,-0.089176
851.9,-118.67,178.26,9.7293,0.45563,0.023974,-0.081027,1.4026,0.18181,-0.089176
852,-118.71,178.25,9.7211,0.45287,0.028709,-0.08248,1.4026,0.18181,-0.089176
852.1,-118.75,178.23,9.7128,0.45013,0.033385,-0.083832,1.4026,0.18181,-0.089176
852.2,-118.79,178.22,9.7043,0.44742,0.037997,-0.085082,1.4026,0.18181,-0.089176
852.3,-118.83,178.2,9.6958,0.44473,0.04254,-0.086226,1.4026,0.18181,-0.089176
852.4,-118.88,178.18,9.6871,0.44207,0.047009,-0.087266,1.4026,0.18181,-0.089176
852.5,-118.92,178.17,9.6783,0.43943,0.051401,-0.088201,1.4026,0.18181,-0.089176
852.6,-118.96,178.15,9.6695,0.43681,0.05571,-0.089033,1.4026,0.18181,-0.089176
852.7,-119,178.14,9.6605,0.43421,0.059934,-0.089763,1.4026,0.18181,-0.089176
852.8,-119.04,178.12,9.6515,0.43164,0.064069,-0.090394,1.4026,0.18181,-0.089176
852.9,-119.08,178.1,9.6424,0.42908,0.068113,-0.090929,1.4026,0.18181,-0.089176
853,-119.12,178.09,9.6333,0.42655,0.072063,-0.091371,1.4026,0.18181,-0.089176
853.1,-119.16,178.07,9.6242,0.42404,0.075916,-0.091724,1.4026,0.18181,-0.089176
853.2,-119.2,178.06,9.615,0.42155,0.079672,-0.091991,1.4026,0.18181,-0.089176
853.3,-119.24,178.04,9.6058,0.41908,0.083329,-0.092176,1.4026,0.18181,-0.089176
853.4,-119.28,178.03,9.5966,0.41664,0.086885,-0.092284,1.4026,0.18181,-0.089176
853.5,-119.32,178.01,9.5873,0.41422,0.090341,-0.092319,1.4026,0.18181,-0.089176
853.6,-119.36,177.99,9.5781,0.41182,0.093696,-0.092285,1.4026,0.18181,-0.089176
853.7,-119.4,177.98,9.5689,0.40945,0.09695,-0.092187,1.4026,0.18181,-0.089176
853.8,-119.44,177.96,9.5597,0.4071,0.1001,-0.092027,1.4026,0.18181,-0.089176
853.9,-119.48,177.95,9.5505,0.40477,0.10316,-0.091812,1.4026,0.18181,-0.089176
854,-119.52,177.93,9.5413,0.40247,0.10611,-0.091543,1.4026,0.18181,-0.089176
854.1,-119.55,177.92,9.5322,0.4002,0.10896,-0.091226,1.4026,0.18181,-0.089176
854.2,-119.59,177.9,9.523,0.39796,0.11172,-0.090864,1.4026,0.18181,-0.089176
854.3,-119.63,177.89,9.514,0.39574,0.11438,-0.090461,1.4026,0.18181,-0.089176
854.4,-119.67,177.87,9.505,0.39355,0.11695,-0.090019,1.4026,0.18181,-0.089176
854.5,-119.71,177.86,9.496,0.39139,0.11942,-0.089543,1.4026,0.18181,-0.089176
854.6,-119.75,177.84,9.4871,0.38926,0.1218,-0.089036,1.4026,0.18181,-0.089176
854.7,-119.78,177.83,9.4782,0.38715,0.12409,-0.0885,1.4026,0.18181,-0.089176
854.8,-119.82,177.81,9.4694,0.38508,0.12629,-0.087938,1.4026,0.18181,-0.089176
854.9,-119.86,177.8,9.4606,0.38304,0.12841,-0.087352,1.4026,0.18181,-0.089176
855,-119.9,177.79,9.4519,0.38103,0.13044,-0.086747,1.4026,0.18181,-0.089176
855.1,-119.94,177.77,9.4432,0.37904,0.13239,-0.086123,1.4026,0.18181,-0.089176
855.2,-119.97,177.76,9.4347,0.37709,0.13426,-0.085483,1.4026,0.18181,-0.089176
855.3,-120.01,177.74,9.4261,0.37517,0.13606,-0.08483,1.4026,0.18181,-0.089176
855.4,-120.05,177.73,9.4177,0.37328,0.13777,-0.084164,1.4026,0.18181,-0.089176
855.5,-120.09,177.72,9.4093,0.37143,0.13942,-0.083489,1.4026,0.18181,-0.089176
855.6,-120.12,177.7,9.401,0.3696,0.14099,-0.082806,1.4026,0.18181,-0.089176
855.7,-120.16,177.69,9.3927,0.36781,0.14249,-0.082115,1.4026,0.18181,-0.089176
855.8,-120.2,177.68,9.3846,0.36604,0.14392,-0.08142,3.3437,-8.1897e-16,4.0699e-16
855.9,-120.23,177.67,9.3766,0.36866,0.14452,-0.07837,3.3437,-8.1897e-16,4.0699e-16
856,-120.27,177.65,9.3689,0.37125,0.14503,-0.075626,3.3437,-8.1897e-16,4.0699e-16
856.1,-120.31,177.64,9.3615,0.37382,0.14547,-0.073153,3.3437,-8.1897e-16,4.0699e-16
856.2,-120.35,177.63,9.3542,0.37637,0.14584,-0.070921,3.3437,-8.1897e-16,4.0699e-16
856.3,-120.39,177.62,9.3473,0.37888,0.14616,-0.068903,3.3437,-8.1897e-16,4.0699e-16
856.4,-120.43,177.6,9.3405,0.38137,0.14643,-0.067078,3.3437,-8.1897e-16,4.0699e-16
856.5,-120.47,177.59,9.3338,0.38382,0.14666,-0.065426,3.3437,-8.1897e-16,4.0699e-16
856.6,-120.51,177.58,9.3274,0.38625,0.14686,-0.063931,3.3437,-8.1897e-16,4.0699e-16
856.7,-120.55,177.57,9.321,0.38864,0.14702,-0.062579,3.3437,-8.1897e-16,4.0699e-16
856.8,-120.59,177.56,9.3149,0.39099,0.14715,-0.061358,3.3437,-8.1897e-16,4.0699e-16
856.9,-120.63,177.55,9.3088,0.39332,0.14726,-0.060255,3.3437,-8.1897e-16,4.0699e-16
857,-120.67,177.54,9.3028,0.3956,0.14735,-0.059262,3.3437,-8.1897e-16,4.0699e-16
857.1,-120.71,177.53,9.2969,0.39785,0.14743,-0.058371,3.3437,-8.1897e-16,4.0699e-16
857.2,-120.75,177.52,9.2911,0.40007,0.14749,-0.057572,3.3437,-8.1897e-16,4.0699e-16
857.3,-120.79,177.51,9.2854,0.40224,0.14754,-0.056859,3.3437,-8.1897e-16,4.0699e-16
857.4,-120.83,177.5,9.2797,0.40438,0.14759,-0.056226,3.3437,-8.1897e-16,4.0699e-16
857.5,-120.88,177.5,9.2742,0.40648,0.14762,-0.055668,3.3437,-8.1897e-16,4.0699e-16
857.6,-120.92,177.49,9.2686,0.40855,0.14766,-0.055178,3.3437,-8.1897e-16,4.0699e-16
857.7,-120.96,177.48,9.2631,0.41057,0.14769,-0.054753,3.3437,-8.1897e-16,4.0699e-16
857.8,-121,177.47,9.2577,0.41256,0.14772,-0.054387,3.3437,-8.1897e-16,4.0699e-16
857.9,-121.05,177.46,9.2522,0.41451,0.14776,-0.054078,3.3437,-8.1897e-16,4.0699e-16
858,-121.09,177.46,9.2468,0.41642,0.1478,-0.053821,3.3437,-8.1897e-16,4.0699e-16
858.1,-121.13,177.45,9.2415,0.4183,0.14784,-0.053613,3.3437,-8.1897e-16,4.0699e-16
858.2,-121.18,177.44,9.2361,0.42013,0.14789,-0.053451,3.3437,-8.1897e-16,4.0699e-16
858.3,-121.22,177.44,9.2308,0.42193,0.14794,-0.053331,3.3437,-8.1897e-16,4.0699e-16
858.4,-121.27,177.43,9.2254,0.42369,0.148,-0.053251,3.3437,-8.1897e-16,4.0699e-16
858.5,-121.31,177.42,9.2201,0.42542,0.14808,-0.053209,3.3437,-8.1897e-16,4.0699e-16
858.6,-121.36,177.42,9.2148,0.4271,0.14816,-0.053201,3.3437,-8.1897e-16,4.0699e-16
858.7,-121.4,177.41,9.2095,0.42875,0.14825,-0.053227,3.3437,-8.1897e-16,4.0699e-16
858.8,-121.45,177.41,9.2042,0.43036,0.14836,-0.053282,3.3437,-8.1897e-16,4.0699e-16
858.9,-121.49,177.4,9.1988,0.43194,0.14847,-0.053366,3.3437,-8.1897e-16,4.0699e-16
859,-121.54,177.4,9.1935,0.43348,0.1486,-0.053476,3.3437,-8.1897e-16,4.0699e-16
859.1,-121.58,177.39,9.1881,0.43498,0.14875,-0.05361,3.3437,-8.1897e-16,4.0699e-16
859.2,-121.63,177.39,9.1828,0.43645,0.14891,-0.053767,3.3437,-8.1897e-16,4.0699e-16
859.3,-121.68,177.39,9.1774,0.43788,0.14908,-0.053945,3.3437,-8.1897e-16,4.0699e-16
859.4,-121.72,177.38,9.172,0.43928,0.14926,-0.054142,3.3437,-8.1897e-16,4.0699e-16
859.5,-121.77,177.38,9.1665,0.44065,0.14947,-0.054357,3.3437,-8.1897e-16,4.0699e-16
859.6,-121.81,177.38,9.1611,0.44198,0.14968,-0.054587,3.3437,-8.1897e-16,4.0699e-16
859.7,-121.86,177.37,9.1556,0.44327,0.14992,-0.054833,3.3437,-8.1897e-16,4.0699e-16
859.8,-121.91,177.37,9.1501,0.44454,0.15017,-0.055091,3.3437,-8.1897e-16,4.0699e-16
859.9,-121.95,177.37,9.1446,0.44577,0.15043,-0.055362,3.3437,-8.1897e-16,4.0699e-16
860,-122,177.37,9.1391,0.44697,0.15071,-0.055643,3.3437,-8.1897e-16,4.0699e-16
860.1,-122.05,177.36,9.1335,0.44814,0.15101,-0.055934,3.3437,-8.1897e-16,4.0699e-16
860.2,-122.1,177.36,9.1279,0.44927,0.15132,-0.056233,3.3437,-8.1897e-16,4.0699e-16
860.3,-122.14,177.36,9.1222,0.45038,0.15165,-0.056539,3.3437,-8.1897e-16,4.0699e-16
860.4,-122.19,177.36,9.1166,0.45145,0.152,-0.056851,3.3437,-8.1897e-16,4.0699e-16
860.5,-122.24,177.36,9.1109,0.4525,0.15236,-0.057168,3.3437,-8.1897e-16,4.0699e-16
860.6,-122.29,177.36,9.1051,0.45351,0.15274,-0.057489,3.3437,-8.1897e-16,4.0699e-16
860.7,-122.33,177.36,9.0994,0.4545,0.15313,-0.057813,3.3437,-8.1897e-16,4.0699e-16
860.8,-122.38,177.36,9.0936,0.45546,0.15354,-0.058139,3.3437,-8.1897e-16,4.0699e-16
860.9,-122.43,177.36,9.0877,0.45639,0.15396,-0.058467,3.3437,-8.1897e-16,4.0699e-16
861,-122.48,177.36,9.0819,0.45729,0.1544,-0.058795,3.3437,-8.1897e-16,4.0699e-16
861.1,-122.53,177.36,9.076,0.45817,0.15485,-0.059122,3.3437,-8.1897e-16,4.0699e-16
861.2,-122.58,177.36,9.0701,0.45902,0.15532,-0.059449,3.3437,-8.1897e-16,4.0699e-16
861.3,-122.62,177.36,9.0641,0.45984,0.1558,-0.059773,3.3437,-8.1897e-16,4.0699e-16
861.4,-122.67,177.37,9.0581,0.46064,0.15629,-0.060095,3.3437,-8.1897e-16,4.0699e-16
861.5,-122.72,177.37,9.0521,0.46142,0.15679,-0.060415,3.3437,-8.1897e-16,4.0699e-16
861.6,-122.77,177.37,9.046,0.46217,0.15731,-0.06073,3.3437,-8.1897e-16,4.0699e-16
861.7,-122.82,177.37,9.0399,0.46289,0.15784,-0.061042,3.3437,-8.1897e-16,4.0699e-16
861.8,-122.87,177.38,9.0338,0.46359,0.15838,-0.061348,3.3437,-8.1897e-16,4.0699e-16
861.9,-122.92,177.38,9.0277,0.46427,0.15893,-0.06165,3.3437,-8.1897e-16,4.0699e-16
862,-122.97,177.38,9.0215,0.46493,0.1595,-0.061946,3.3437,-8.1897e-16,4.0699e-16
862.1,-123.01,177.39,9.0153,0.46556,0.16007,-0.062236,3.3437,-8.1897e-16,4.0699e-16
862.2,-123.06,177.39,9.009,0.46618,0.16065,-0.062519,3.3437,-8.1897e-16,4.0699e-16
862.3,-123.11,177.39,9.0028,0.46677,0.16124,-0.062796,3.3437,-8.1897e-16,4.0699e-16
862.4,-123.16,177.4,8.9965,0.46734,0.16184,-0.063066,3.3437,-8.1897e-16,4.0699e-16
862.5,-123.21,177.4,8.9902,0.46789,0.16245,-0.063328,3.3437,-8.1897e-16,4.0699e-16
862.6,-123.26,177.41,8.9838,0.46842,0.16306,-0.063583,3.3437,-8.1897e-16,4.0699e-16
862.7,-123.31,177.41,8.9774,0.46894,0.16368,-0.06383,3.3437,-8.1897e-16,4.0699e-16
862.8,-123.36,177.42,8.971,0.46943,0.16431,-0.064069,3.3437,-8.1897e-16,4.0699e-16
862.9,-123.41,177.43,8.9646,0.46991,0.16495,-0.0643,3.3437,-8.1897e-16,4.0699e-16
863,-123.46,177.43,8.9582,0.47037,0.16558,-0.064523,3.3437,-8.1897e-16,4.0699e-16
863.1,-123.51,177.44,8.9517,0.47081,0.16623,-0.064737,3.3437,-8.1897e-16,4.0699e-16
863.2,-123.56,177.45,8.9452,0.47123,0.16688,-0.064942,3.3437,-8.1897e-16,4.0699e-16
863.3,-123.61,177.45,8.9387,0.47164,0.16753,-0.06514,3.3437,-8.1897e-16,4.0699e-16
863.4,-123.66,177.46,8.9322,0.47204,0.16818,-0.065328,3.3437,-8.1897e-16,4.0699e-16
863.5,-123.71,177.47,8.9257,0.47241,0.16884,-0.065508,3.3437,-8.1897e-16,4.0699e-16
863.6,-123.76,177.48,8.9191,0.47278,0.1695,-0.065679,3.3437,-8.1897e-16,4.0699e-16
863.7,-123.8,177.48,8.9125,0.47312,0.17016,-0.065841,3.3437,-8.1897e-16,4.0699e-16
863.8,-123.85,177.49,8.9059,0.47346,0.17083,-0.065995,3.3437,-8.1897e-16,4.0699e-16
863.9,-123.9,177.5,8.8993,0.47378,0.17149,-0.066139,3.3437,-8.1897e-16,4.0699e-16
864,-123.95,177.51,8.8927,0.47408,0.17215,-0.066276,3.3437,-8.1897e-16,4.0699e-16
864.1,-124,177.52,8.8861,0.47438,0.17282,-0.066404,3.3437,-8.1897e-16,4.0699e-16
864.2,-124.05,177.53,8.8794,0.47466,0.17348,-0.066523,3.3437,-8.1897e-16,4.0699e-16
864.3,-124.1,177.54,8.8728,0.47493,0.17414,-0.066634,3.3437,-8.1897e-16,4.0699e-16
864.4,-124.15,177.55,8.8661,0.47519,0.17481,-0.066736,3.3437,-8.1897e-16,4.0699e-16
864.5,-124.2,177.56,8.8594,0.47543,0.17547,-0.066831,3.3437,-8.1897e-16,4.0699e-16
864.6,-124.25,177.57,8.8527,0.47567,0.17612,-0.066917,3.3437,-8.1897e-16,4.0699e-16
864.7,-124.3,177.58,8.846,0.47589,0.17678,-0.066996,3.3437,-8.1897e-16,4.0699e-16
864.8,-124.35,177.59,8.8393,0.47611,0.17743,-0.067066,3.3437,-8.1897e-16,4.0699e-16
864.9,-124.4,177.6,8.8326,0.47631,0.17808,-0.067129,3.3437,-8.1897e-16,4.0699e-16
865,-124.45,177.62,8.8259,0.47651,0.17873,-0.067185,3.3437,-8.1897e-16,4.0699e-16
865.1,-124.5,177.63,8.8192,0.4767,0.17937,-0.067233,3.3437,-8.1897e-16,4.0699e-16
865.2,-124.55,177.64,8.8125,0.47687,0.18001,-0.067274,3.3437,-8.1897e-16,4.0699e-16
865.3,-124.6,177.65,8.8057,0.47704,0.18064,-0.067308,3.3437,-8.1897e-16,4.0699e-16
865.4,-124.65,177.67,8.799,0.4772,0.18127,-0.067335,3.3437,-8.1897e-16,4.0699e-16
865.5,-124.7,177.68,8.7923,0.47736,0.1819,-0.067355,3.3437,-8.1897e-16,4.0699e-16
865.6,-124.74,177.69,8.7855,0.4775,0.18251,-0.067369,3.3437,-8.1897e-16,4.0699e-16
865.7,-124.79,177.71,8.7788,0.47764,0.18313,-0.067377,3.3437,-8.1897e-16,4.0699e-16
865.8,-124.84,177.72,8.7721,0.47777,0.18374,-0.067378,3.3437,-8.1897e-16,4.0699e-16
865.9,-124.89,177.74,8.7653,0.4779,0.18434,-0.067374,3.3437,-8.1897e-16,4.0699e-16
866,-124.94,177.75,8.7586,0.47802,0.18494,-0.067363,3.3437,-8.1897e-16,4.0699e-16
866.1,-124.99,177.77,8.7518,0.47813,0.18553,-0.067347,3.3437,-8.1897e-16,4.0699e-16
866.2,-125.04,177.78,8.7451,0.47824,0.18611,-0.067326,3.3437,-8.1897e-16,4.0699e-16
866.3,-125.09,177.8,8.7384,0.47834,0.18669,-0.067299,3.3437,-8.1897e-16,4.0699e-16
866.4,-125.14,177.81,8.7317,0.47843,0.18726,-0.067268,3.3437,-8.1897e-16,4.0699e-16
866.5,-125.19,177.83,8.7249,0.47852,0.18782,-0.067231,3.3437,-8.1897e-16,4.0699e-16
866.6,-125.23,177.85,8.7182,0.47861,0.18838,-0.06719,3.3437,-8.1897e-16,4.0699e-16
866.7,-125.28,177.86,8.7115,0.47869,0.18893,-0.067144,3.3437,-8.1897e-16,4.0699e-16
866.8,-125.33,177.88,8.7048,0.47877,0.18947,-0.067094,3.3437,-8.1897e-16,4.0699e-16
866.9,-125.38,177.9,8.6981,0.47884,0.19001,-0.06704,3.3437,-8.1897e-16,4.0699e-16
867,-125.43,177.92,8.6914,0.47891,0.19054,-0.066982,3.3437,-8.1897e-16,4.0699e-16
867.1,-125.48,177.93,8.6847,0.47897,0.19106,-0.06692,3.3437,-8.1897e-16,4.0699e-16
867.2,-125.52,177.95,8.678,0.47903,0.19157,-0.066855,3.3437,-8.1897e-16,4.0699e-16
867.3,-125.57,177.97,8.6713,0.47909,0.19208,-0.066786,3.3437,-8.1897e-16,4.0699e-16
867.4,-125.62,177.99,8.6646,0.47914,0.19258,-0.066714,3.3437,-8.1897e-16,4.0699e-16
867.5,-125.67,178.01,8.658,0.4792,0.19307,-0.066639,3.3437,-8.1897e-16,4.0699e-16
867.6,-125.72,178.03,8.6513,0.47924,0.19356,-0.066561,3.3437,-8.1897e-16,4.0699e-16
867.7,-125.76,178.05,8.6446,0.47929,0.19403,-0.06648,3.3437,-8.1897e-16,4.0699e-16
867.8,-125.81,178.07,8.638,0.47933,0.1945,-0.066396,3.3437,-8.1897e-16,4.0699e-16
867.9,-125.86,178.09,8.6314,0.47937,0.19496,-0.06631,3.3437,-8.1897e-16,4.0699e-16
868,-125.91,178.11,8.6247,0.47941,0.19541,-0.066222,3.3437,-8.1897e-16,4.0699e-16
868.1,-125.95,178.13,8.6181,0.47945,0.19586,-0.066131,3.3437,-8.1897e-16,4.0699e-16
868.2,-126,178.15,8.6115,0.47948,0.1963,-0.066039,3.3437,-8.1897e-16,4.0699e-16
868.3,-126.05,178.17,8.6049,0.47952,0.19673,-0.065944,3.3437,-8.1897e-16,4.0699e-16
868.4,-126.1,178.2,8.5983,0.47955,0.19715,-0.065848,3.3437,-8.1897e-16,4.0699e-16
868.5,-126.14,178.22,8.5917,0.47958,0.19756,-0.06575,3.3437,-8.1897e-16,4.0699e-16
868.6,-126.19,178.24,8.5852,0.47961,0.19797,-0.065651,0.23318,0.0026207,-0.0012855
868.7,-126.24,178.26,8.5786,0.47271,0.19835,-0.065496,0.23318,0.0026207,-0.0012855
868.8,-126.28,178.28,8.5721,0.46597,0.19866,-0.065169,0.23318,0.0026207,-0.0012855
868.9,-126.33,178.31,8.5656,0.45939,0.19889,-0.064683,0.23318,0.0026207,-0.0012855
869,-126.37,178.33,8.5592,0.45298,0.19904,-0.064054,0.23318,0.0026207,-0.0012855
869.1,-126.42,178.35,8.5528,0.44671,0.19912,-0.063295,0.23318,0.0026207,-0.0012855
869.2,-126.46,178.37,8.5465,0.4406,0.19911,-0.06242,0.23318,0.0026207,-0.0012855
869.3,-126.5,178.39,8.5403,0.43464,0.19903,-0.06144,0.23318,0.0026207,-0.0012855
869.4,-126.55,178.41,8.5342,0.42883,0.19886,-0.060368,0.23318,0.0026207,-0.0012855
869.5,-126.59,178.43,8.5282,0.42317,0.19861,-0.059214,0.23318,0.0026207,-0.0012855
869.6,-126.63,178.45,8.5224,0.41765,0.19829,-0.057989,0.23318,0.0026207,-0.0012855
869.7,-126.67,178.47,8.5166,0.41226,0.19789,-0.056703,0.23318,0.0026207,-0.0012855
869.8,-126.71,178.5,8.511,0.40702,0.19741,-0.055363,0.23318,0.0026207,-0.0012855
869.9,-126.75,178.52,8.5056,0.4019,0.19686,-0.053978,0.23318,0.0026207,-0.0012855
870,-126.79,178.54,8.5002,0.39692,0.19623,-0.052556,0.23318,0.0026207,-0.0012855
870.1,-126.83,178.55,8.4951,0.39207,0.19554,-0.051102,0.23318,0.0026207,-0.0012855
870.2,-126.87,178.57,8.49,0.38734,0.19478,-0.049623,0.23318,0.0026207,-0.0012855
870.3,-126.91,178.59,8.4851,0.38274,0.19396,-0.048124,0.23318,0.0026207,-0.0012855
870.4,-126.95,178.61,8.4804,0.37825,0.19308,-0.04661,0.23318,0.0026207,-0.0012855
870.5,-126.98,178.63,8.4758,0.37388,0.19214,-0.045087,0.23318,0.0026207,-0.0012855
870.6,-127.02,178.65,8.4714,0.36963,0.19114,-0.043556,0.23318,0.0026207,-0.0012855
870.7,-127.06,178.67,8.4671,0.36548,0.19009,-0.042023,0.23318,0.0026207,-0.0012855
870.8,-127.09,178.69,8.463,0.36145,0.18899,-0.040491,0.23318,0.0026207,-0.0012855
870.9,-127.13,178.71,8.459,0.35752,0.18784,-0.038961,0.23318,0.0026207,-0.0012855
871,-127.17,178.73,8.4552,0.35369,0.18664,-0.037438,0.23318,0.0026207,-0.0012855
871.1,-127.2,178.75,8.4515,0.34996,0.1854,-0.035922,0.23318,0.0026207,-0.0012855
871.2,-127.24,178.76,8.448,0.34633,0.18412,-0.034416,0.23318,0.0026207,-0.0012855
871.3,-127.27,178.78,8.4446,0.34279,0.1828,-0.032922,0.23318,0.0026207,-0.0012855
871.4,-127.3,178.8,8.4414,0.33934,0.18144,-0.031442,0.23318,0.0026207,-0.0012855
871.5,-127.34,178.82,8.4383,0.33598,0.18005,-0.029975,0.23318,0.0026207,-0.0012855
871.6,-127.37,178.84,8.4354,0.33271,0.17863,-0.028524,0.23318,0.0026207,-0.0012855
871.7,-127.4,178.85,8.4326,0.32952,0.17718,-0.02709,0.23318,0.0026207,-0.0012855
871.8,-127.44,178.87,8.43,0.32641,0.17569,-0.025673,0.23318,0.0026207,-0.0012855
871.9,-127.47,178.89,8.4275,0.32339,0.17419,-0.024274,0.23318,0.0026207,-0.0012855
872,-127.5,178.91,8.4251,0.32044,0.17265,-0.022894,0.23318,0.0026207,-0.0012855
872.1,-127.53,178.93,8.4229,0.31756,0.1711,-0.021533,0.23318,0.0026207,-0.0012855
872.2,-127.57,178.94,8.4208,0.31476,0.16952,-0.020191,0.23318,0.0026207,-0.0012855
872.3,-127.6,178.96,8.4189,0.31202,0.16792,-0.018869,0.23318,0.0026207,-0.0012855
872.4,-127.63,178.98,8.4171,0.30935,0.1663,-0.017567,0.23318,0.0026207,-0.0012855
872.5,-127.66,179,8.4154,0.30675,0.16467,-0.016285,0.23318,0.0026207,-0.0012855
872.6,-127.69,179.01,8.4138,0.30422,0.16302,-0.015023,0.23318,0.0026207,-0.0012855
872.7,-127.72,179.03,8.4124,0.30174,0.16136,-0.013781,0.23318,0.0026207,-0.0012855
872.8,-127.75,179.05,8.411,0.29933,0.15968,-0.012559,0.23318,0.0026207,-0.0012855
872.9,-127.78,179.06,8.4099,0.29697,0.15799,-0.011357,0.23318,0.0026207,-0.0012855
873,-127.8,179.08,8.4088,0.29467,0.15629,-0.010175,0.23318,0.0026207,-0.0012855
873.1,-127.83,179.1,8.4078,0.29243,0.15458,-0.0090119,0.23318,0.0026207,-0.0012855
873.2,-127.86,179.11,8.407,0.29024,0.15286,-0.0078685,0.23318,0.0026207,-0.0012855
873.3,-127.89,179.13,8.4062,0.28809,0.15114,-0.0067442,0.23318,0.0026207,-0.0012855
873.4,-127.92,179.15,8.4056,0.286,0.1494,-0.0056387,0.23318,0.0026207,-0.0012855
873.5,-127.95,179.16,8.4051,0.28396,0.14766,-0.0045518,0.23318,0.0026207,-0.0012855
873.6,-127.97,179.18,8.4047,0.28196,0.14592,-0.0034831,0.23318,0.0026207,-0.0012855
873.7,-128,179.2,8.4044,0.28001,0.14417,-0.0024323,0.23318,0.0026207,-0.0012855
873.8,-128.03,179.21,8.4042,0.27811,0.14241,-0.001399,0.23318,0.0026207,-0.0012855
873.9,-128.05,179.23,8.4041,0.27624,0.14066,-0.00038283,0.23318,0.0026207,-0.0012855
874,-128.08,179.24,8.4041,0.27442,0.13889,0.00061204,0.23318,0.0026207,-0.0012855
874.1,-128.11,179.26,8.4043,0.27264,0.13705,0.0015676,0.23318,0.0026207,-0.0012855
874.2,-128.13,179.28,8.4045,0.27089,0.13516,0.0024805,0.23318,0.0026207,-0.0012855
874.3,-128.16,179.29,8.4048,0.26918,0.13322,0.0033496,0.23318,0.0026207,-0.0012855
874.4,-128.18,179.31,8.4051,0.26751,0.13122,0.0041742,0.23318,0.0026207,-0.0012855
874.5,-128.21,179.32,8.4056,0.26587,0.12919,0.0049537,0.23318,0.0026207,-0.0012855
874.6,-128.23,179.34,8.4061,0.26426,0.12712,0.005688,0.23318,0.0026207,-0.0012855
874.7,-128.26,179.36,8.4067,0.26268,0.12501,0.0063775,0.23318,0.0026207,-0.0012855
874.8,-128.28,179.37,8.4074,0.26114,0.12288,0.0070224,0.23318,0.0026207,-0.0012855
874.9,-128.31,179.39,8.4081,0.25962,0.12072,0.0076237,0.23318,0.0026207,-0.0012855
875,-128.33,179.4,8.4089,0.25813,0.11855,0.0081821,0.23318,0.0026207,-0.0012855
875.1,-128.35,179.42,8.4098,0.25666,0.11637,0.0086987,0.23318,0.0026207,-0.0012855
875.2,-128.38,179.44,8.4107,0.25522,0.11418,0.0091748,0.23318,0.0026207,-0.0012855
875.3,-128.4,179.45,8.4116,0.2538,0.11198,0.0096117,0.23318,0.0026207,-0.0012855
875.4,-128.42,179.47,8.4126,0.25241,0.10979,0.010011,0.23318,0.0026207,-0.0012855
875.5,-128.44,179.48,8.4136,0.25103,0.10759,0.010374,0.23318,0.0026207,-0.0012855
875.6,-128.47,179.5,8.4146,0.24968,0.10541,0.010702,0.23318,0.0026207,-0.0012855
875.7,-128.49,179.51,8.4157,0.24835,0.10323,0.010998,0.23318,0.0026207,-0.0012855
875.8,-128.51,179.53,8.4168,0.24704,0.10107,0.011261,0.23318,0.0026207,-0.0012855
875.9,-128.53,179.54,8.418,0.24574,0.098921,0.011495,0.23318,0.0026207,-0.0012855
876,-128.55,179.56,8.4191,0.24446,0.096792,0.011701,0.23318,0.0026207,-0.0012855
876.1,-128.57,179.57,8.4203,0.24321,0.094682,0.01188,0.23318,0.0026207,-0.0012855
876.2,-128.6,179.59,8.4215,0.24196,0.092595,0.012034,0.23318,0.0026207,-0.0012855
876.3,-128.62,179.61,8.4227,0.24074,0.090531,0.012165,0.23318,0.0026207,-0.0012855
876.4,-128.64,179.62,8.424,0.23953,0.088493,0.012273,0.23318,0.0026207,-0.0012855
876.5,-128.66,179.64,8.4252,0.23833,0.086481,0.01236,0.23318,0.0026207,-0.0012855
876.6,-128.68,179.65,8.4264,0.23715,0.084497,0.012428,0.23318,0.0026207,-0.0012855
876.7,-128.7,179.67,8.4277,0.23598,0.082543,0.012478,0.23318,0.0026207,-0.0012855
876.8,-128.72,179.68,8.4289,0.23483,0.080618,0.012511,0.23318,0.0026207,-0.0012855
876.9,-128.74,179.7,8.4302,0.23369,0.078725,0.012529,0.23318,0.0026207,-0.0012855
877,-128.76,179.71,8.4314,0.23256,0.076862,0.012532,0.23318,0.0026207,-0.0012855
877.1,-128.77,179.73,8.4327,0.23145,0.075032,0.012522,0.23318,0.0026207,-0.0012855
877.2,-128.79,179.74,8.4339,0.23035,0.073234,0.012499,0.23318,0.0026207,-0.0012855
877.3,-128.81,179.76,8.4352,0.22926,0.071469,0.012465,0.23318,0.0026207,-0.0012855
877.4,-128.83,179.77,8.4364,0.22819,0.069737,0.01242,0.23318,0.0026207,-0.0012855
877.5,-128.85,179.79,8.4377,0.22712,0.068037,0.012365,0.23318,0.0026207,-0.0012855
877.6,-128.87,179.8,8.4389,0.22607,0.066371,0.012302,0.23318,0.0026207,-0.0012855
877.7,-128.88,179.82,8.4401,0.22503,0.064738,0.01223,2.2857,-5.5982e-16,2.7845e-16
877.8,-128.9,179.84,8.4413,0.2286,0.063125,0.012182,2.2857,-5.5982e-16,2.7845e-16
877.9,-128.92,179.85,8.4426,0.23211,0.06154,0.012115,2.2857,-5.5982e-16,2.7845e-16
878,-128.94,179.87,8.4438,0.23558,0.059984,0.012033,2.2857,-5.5982e-16,2.7845e-16
878.1,-128.96,179.88,8.445,0.239,0.058458,0.011936,2.2857,-5.5982e-16,2.7845e-16
878.2,-128.97,179.9,8.4461,0.24237,0.056961,0.011827,2.2857,-5.5982e-16,2.7845e-16
878.3,-128.99,179.92,8.4473,0.24569,0.055493,0.011706,2.2857,-5.5982e-16,2.7845e-16
878.4,-129.01,179.93,8.4485,0.24896,0.054055,0.011577,2.2857,-5.5982e-16,2.7845e-16
878.5,-129.03,179.95,8.4496,0.25219,0.052646,0.011439,2.2857,-5.5982e-16,2.7845e-16
878.6,-129.05,179.97,8.4508,0.25536,0.051267,0.011294,2.2857,-5.5982e-16,2.7845e-16
878.7,-129.07,179.99,8.4519,0.25849,0.049918,0.011142,2.2857,-5.5982e-16,2.7845e-16
878.8,-129.09,180.01,8.453,0.26157,0.048598,0.010986,2.2857,-5.5982e-16,2.7845e-16
878.9,-129.1,180.03,8.4541,0.2646,0.047306,0.010825,2.2857,-5.5982e-16,2.7845e-16
879,-129.12,180.05,8.4552,0.26759,0.046043,0.010661,2.2857,-5.5982e-16,2.7845e-16
879.1,-129.14,180.07,8.4562,0.27053,0.044809,0.010495,2.2857,-5.5982e-16,2.7845e-16
879.2,-129.16,180.09,8.4573,0.27342,0.043602,0.010326,2.2857,-5.5982e-16,2.7845e-16
879.3,-129.18,180.11,8.4583,0.27627,0.042423,0.010155,2.2857,-5.5982e-16,2.7845e-16
879.4,-129.2,180.13,8.4593,0.27907,0.041272,0.0099841,2.2857,-5.5982e-16,2.7845e-16
879.5,-129.22,180.15,8.4603,0.28183,0.040147,0.0098124,2.2857,-5.5982e-16,2.7845e-16
879.6,-129.24,180.17,8.4613,0.28454,0.039048,0.0096406,2.2857,-5.5982e-16,2.7845e-16
879.7,-129.26,180.19,8.4622,0.28721,0.037976,0.0094693,2.2857,-5.5982e-16,2.7845e-16
879.8,-129.28,180.21,8.4632,0.28984,0.036929,0.0092987,2.2857,-5.5982e-16,2.7845e-16
879.9,-129.3,180.23,8.4641,0.29242,0.035906,0.0091292,2.2857,-5.5982e-16,2.7845e-16
880,-129.32,180.25,8.465,0.29496,0.034909,0.008961,2.2857,-5.5982e-16,2.7845e-16
880.1,-129.34,180.28,8.4659,0.29745,0.033935,0.0087945,2.2857,-5.5982e-16,2.7845e-16
880.2,-129.36,180.3,8.4667,0.29991,0.032985,0.0086299,2.2857,-5.5982e-16,2.7845e-16
880.3,-129.38,180.32,8.4676,0.30232,0.032058,0.0084673,2.2857,-5.5982e-16,2.7845e-16
880.4,-129.4,180.34,8.4684,0.30469,0.031154,0.0083071,2.2857,-5.5982e-16,2.7845e-16
880.5,-129.42,180.37,8.4693,0.30702,0.030272,0.0081492,2.2857,-5.5982e-16,2.7845e-16
880.6,-129.44,180.39,8.4701,0.30931,0.029411,0.007994,2.2857,-5.5982e-16,2.7845e-16
880.7,-129.46,180.42,8.4709,0.31156,0.028571,0.0078416,2.2857,-5.5982e-16,2.7845e-16
880.8,-129.48,180.44,8.4716,0.31377,0.027753,0.0076919,2.2857,-5.5982e-16,2.7845e-16
880.9,-129.5,180.46,8.4724,0.31595,0.026954,0.0075453,2.2857,-5.5982e-16,2.7845e-16
881,-129.52,180.49,8.4731,0.31808,0.026175,0.0074017,2.2857,-5.5982e-16,2.7845e-16
881.1,-129.54,180.51,8.4739,0.32018,0.025415,0.0072613,2.2857,-5.5982e-16,2.7845e-16
881.2,-129.56,180.54,8.4746,0.32224,0.024674,0.007124,2.2857,-5.5982e-16,2.7845e-16
881.3,-129.58,180.56,8.4753,0.32426,0.023952,0.0069901,2.2857,-5.5982e-16,2.7845e-16
881.4,-129.6,180.59,8.476,0.32625,0.023247,0.0068595,2.2857,-5.5982e-16,2.7845e-16
881.5,-129.62,180.61,8.4767,0.3282,0.022559,0.0067323,2.2857,-5.5982e-16,2.7845e-16
881.6,-129.64,180.64,8.4773,0.33012,0.021889,0.0066085,2.2857,-5.5982e-16,2.7845e-16
881.7,-129.66,180.66,8.478,0.332,0.021235,0.0064882,2.2857,-5.5982e-16,2.7845e-16
881.8,-129.69,180.69,8.4786,0.33385,0.020597,0.0063714,2.2857,-5.5982e-16,2.7845e-16
881.9,-129.71,180.71,8.4793,0.33567,0.019975,0.0062582,2.2857,-5.5982e-16,2.7845e-16
882,-129.73,180.74,8.4799,0.33745,0.019368,0.0061485,2.2857,-5.5982e-16,2.7845e-16
882.1,-129.75,180.77,8.4805,0.3392,0.018776,0.0060424,2.2857,-5.5982e-16,2.7845e-16
882.2,-129.77,180.79,8.4811,0.34091,0.018198,0.0059399,2.2857,-5.5982e-16,2.7845e-16
882.3,-129.79,180.82,8.4817,0.3426,0.017635,0.005841,2.2857,-5.5982e-16,2.7845e-16
882.4,-129.81,180.85,8.4823,0.34425,0.017085,0.0057457,2.2857,-5.5982e-16,2.7845e-16
882.5,-129.84,180.87,8.4828,0.34588,0.016548,0.0056541,2.2857,-5.5982e-16,2.7845e-16
882.6,-129.86,180.9,8.4834,0.34747,0.016024,0.0055661,2.2857,-5.5982e-16,2.7845e-16
882.7,-129.88,180.93,8.4839,0.34903,0.015512,0.0054818,2.2857,-5.5982e-16,2.7845e-16
882.8,-129.9,180.96,8.4845,0.35057,0.015013,0.0054012,2.2857,-5.5982e-16,2.7845e-16
882.9,-129.92,180.98,8.485,0.35207,0.014526,0.0053243,2.2857,-5.5982e-16,2.7845e-16
883,-129.95,181.01,8.4856,0.35355,0.014049,0.005251,2.2857,-5.5982e-16,2.7845e-16
883.1,-129.97,181.04,8.4861,0.355,0.013584,0.0051815,2.2857,-5.5982e-16,2.7845e-16
883.2,-129.99,181.07,8.4866,0.35642,0.01313,0.0051157,2.2857,-5.5982e-16,2.7845e-16
883.3,-130.01,181.09,8.4871,0.35781,0.012686,0.0050537,2.2857,-5.5982e-16,2.7845e-16
883.4,-130.03,181.12,8.4876,0.35918,0.012252,0.0049954,2.2857,-5.5982e-16,2.7845e-16
883.5,-130.06,181.15,8.4881,0.36052,0.011827,0.0049409,2.2857,-5.5982e-16,2.7845e-16
883.6,-130.08,181.18,8.4886,0.36183,0.011412,0.0048902,2.2857,-5.5982e-16,2.7845e-16
883.7,-130.1,181.21,8.4891,0.36312,0.011006,0.0048433,2.2857,-5.5982e-16,2.7845e-16
883.8,-130.12,181.24,8.4896,0.36439,0.010609,0.0048003,2.2857,-5.5982e-16,2.7845e-16
883.9,-130.15,181.27,8.49,0.36563,0.01022,0.0047611,2.2857,-5.5982e-16,2.7845e-16
884,-130.17,181.29,8.4905,0.36685,0.0098388,0.0047258,2.2857,-5.5982e-16,2.7845e-16
884.1,-130.19,181.32,8.491,0.36804,0.0094657,0.0046944,2.2857,-5.5982e-16,2.7845e-16
884.2,-130.21,181.35,8.4915,0.36921,0.0091001,0.0046669,2.2857,-5.5982e-16,2.7845e-16
884.3,-130.24,181.38,8.4919,0.37036,0.0087417,0.0046435,2.2857,-5.5982e-16,2.7845e-16
884.4,-130.26,181.41,8.4924,0.37148,0.0083901,0.0046241,2.2857,-5.5982e-16,2.7845e-16
884.5,-130.28,181.44,8.4928,0.37259,0.0080451,0.0046087,2.2857,-5.5982e-16,2.7845e-16
884.6,-130.31,181.47,8.4933,0.37367,0.0077064,0.0045974,2.2857,-5.5982e-16,2.7845e-16
884.7,-130.33,181.5,8.4938,0.37473,0.0073737,0.0045904,2.2857,-5.5982e-16,2.7845e-16
884.8,-130.35,181.53,8.4942,0.37577,0.0070467,0.0045875,2.2857,-5.5982e-16,2.7845e-16
884.9,-130.37,181.56,8.4947,0.37678,0.0067252,0.0045889,2.2857,-5.5982e-16,2.7845e-16
885,-130.4,181.59,8.4951,0.37778,0.0064088,0.0045946,2.2857,-5.5982e-16,2.7845e-16
885.1,-130.42,181.62,8.4956,0.37876,0.0060974,0.0046047,2.2857,-5.5982e-16,2.7845e-16
885.2,-130.44,181.65,8.4961,0.37972,0.0057905,0.0046193,2.2857,-5.5982e-16,2.7845e-16
885.3,-130.47,181.68,8.4965,0.38066,0.005488,0.0046384,2.2857,-5.5982e-16,2.7845e-16
885.4,-130.49,181.71,8.497,0.38158,0.0051895,0.0046622,2.2857,-5.5982e-16,2.7845e-16
885.5,-130.51,181.74,8.4975,0.38248,0.0048948,0.0046906,2.2857,-5.5982e-16,2.7845e-16
885.6,-130.54,181.77,8.4979,0.38337,0.0046037,0.0047239,2.2857,-5.5982e-16,2.7845e-16
885.7,-130.56,181.8,8.4984,0.38424,0.0043158,0.004762,2.2857,-5.5982e-16,2.7845e-16
885.8,-130.58,181.83,8.4989,0.38509,0.0040309,0.0048051,2.2857,-5.5982e-16,2.7845e-16
885.9,-130.61,181.86,8.4994,0.38592,0.0037487,0.0048532,2.2857,-5.5982e-16,2.7845e-16
886,-130.63,181.89,8.4999,0.38673,0.0034689,0.0049066,2.2857,-5.5982e-16,2.7845e-16
886.1,-130.65,181.92,8.5003,0.38753,0.0031913,0.0049653,2.2857,-5.5982e-16,2.7845e-16
886.2,-130.68,181.95,8.5008,0.38832,0.0029156,0.0050293,2.2857,-5.5982e-16,2.7845e-16
886.3,-130.7,181.98,8.5014,0.38908,0.0026415,0.005099,2.2857,-5.5982e-16,2.7845e-16
886.4,-130.73,182.01,8.5019,0.38984,0.0023688,0.0051743,2.2857,-5.5982e-16,2.7845e-16
886.5,-130.75,182.05,8.5024,0.39057,0.0020972,0.0052554,2.2857,-5.5982e-16,2.7845e-16
886.6,-130.77,182.08,8.5029,0.39129,0.0018264,0.0053425,2.2857,-5.5982e-16,2.7845e-16
886.7,-130.8,182.11,8.5035,0.392,0.0015562,0.0054358,2.2857,-5.5982e-16,2.7845e-16
886.8,-130.82,182.14,8.504,0.39269,0.0012862,0.0055352,2.2857,-5.5982e-16,2.7845e-16
886.9,-130.84,182.17,8.5046,0.39337,0.0010162,0.0056411,2.2857,-5.5982e-16,2.7845e-16
887,-130.87,182.2,8.5051,0.39403,0.00074592,0.0057537,2.2857,-5.5982e-16,2.7845e-16
887.1,-130.89,182.23,8.5057,0.39469,0.00047506,0.0058729,2.2857,-5.5982e-16,2.7845e-16
887.2,-130.92,182.26,8.5063,0.39532,0.00020335,0.0059992,2.2857,-5.5982e-16,2.7845e-16
887.3,-130.94,182.3,8.5069,0.39595,-6.9512e-05,0.0061326,2.2857,-5.5982e-16,2.7845e-16
887.4,-130.96,182.33,8.5075,0.39656,-0.00034406,0.006273,2.2857,-5.5982e-16,2.7845e-16
887.5,-130.99,182.36,8.5082,0.39716,-0.00062068,0.0064205,2.2857,-5.5982e-16,2.7845e-16
887.6,-131.01,182.39,8.5088,0.39774,-0.00089968,0.0065753,2.2857,-5.5982e-16,2.7845e-16
887.7,-131.04,182.42,8.5095,0.39832,-0.0011814,0.0067376,2.2857,-5.5982e-16,2.7845e-16
887.8,-131.06,182.45,8.5102,0.39888,-0.001466,0.0069074,2.2857,-5.5982e-16,2.7845e-16
887.9,-131.08,182.48,8.5109,0.39943,-0.001754,0.0070849,2.2857,-5.5982e-16,2.7845e-16
888,-131.11,182.52,8.5116,0.39997,-0.0020455,0.0072704,2.2857,-5.5982e-16,2.7845e-16
888.1,-131.13,182.55,8.5123,0.4005,-0.0023409,0.007464,2.2857,-5.5982e-16,2.7845e-16
888.2,-131.16,182.58,8.5131,0.40101,-0.0026406,0.0076658,2.2857,-5.5982e-16,2.7845e-16
888.3,-131.18,182.61,8.5139,0.40152,-0.0029448,0.0078761,4.9198,-0.66056,0.32401
888.4,-131.21,182.64,8.5151,0.40788,-0.0061875,0.017338,4.9198,-0.66056,0.32401
888.5,-131.23,182.68,8.5173,0.41411,-0.0098315,0.026917,4.9198,-0.66056,0.32401
888.6,-131.26,182.71,8.5205,0.42019,-0.013891,0.036519,4.9198,-0.66056,0.32401
888.7,-131.28,182.74,8.5246,0.42613,-0.018376,0.046044,4.9198,-0.66056,0.32401
888.8,-131.31,182.78,8.5297,0.43191,-0.023286,0.055398,4.9198,-0.66056,0.32401
888.9,-131.33,182.82,8.5357,0.43753,-0.028616,0.064493,4.9198,-0.66056,0.32401
889,-131.36,182.85,8.5426,0.44299,-0.034352,0.07325,4.9198,-0.66056,0.32401
889.1,-131.38,182.89,8.5503,0.44827,-0.040477,0.081605,4.9198,-0.66056,0.32401
889.2,-131.41,182.93,8.5589,0.45337,-0.046966,0.089504,4.9198,-0.66056,0.32401
889.3,-131.43,182.96,8.5682,0.45829,-0.053789,0.096912,4.9198,-0.66056,0.32401
889.4,-131.46,183,8.5783,0.46302,-0.060914,0.1038,4.9198,-0.66056,0.32401
889.5,-131.49,183.04,8.589,0.46755,-0.068307,0.11017,4.9198,-0.66056,0.32401
889.6,-131.51,183.08,8.6003,0.47188,-0.075932,0.11601,4.9198,-0.66056,0.32401
889.7,-131.54,183.12,8.6121,0.47601,-0.083753,0.12133,4.9198,-0.66056,0.32401
889.8,-131.57,183.16,8.6245,0.47993,-0.091736,0.12616,4.9198,-0.66056,0.32401
889.9,-131.59,183.2,8.6374,0.48364,-0.099847,0.13051,4.9198,-0.66056,0.32401
890,-131.62,183.24,8.6506,0.48715,-0.10805,0.1344,4.9198,-0.66056,0.32401
890.1,-131.65,183.29,8.6642,0.49045,-0.11633,0.13787,4.9198,-0.66056,0.32401
890.2,-131.68,183.33,8.6782,0.49355,-0.12464,0.14095,4.9198,-0.66056,0.32401
890.3,-131.7,183.37,8.6924,0.49645,-0.13297,0.14366,4.9198,-0.66056,0.32401
890.4,-131.73,183.41,8.7069,0.49915,-0.14129,0.14603,4.9198,-0.66056,0.32401
890.5,-131.76,183.46,8.7216,0.50165,-0.14958,0.14809,4.9198,-0.66056,0.32401
890.6,-131.79,183.5,8.7365,0.50397,-0.15782,0.14986,4.9198,-0.66056,0.32401
890.7,-131.82,183.55,8.7516,0.50611,-0.16601,0.15137,4.9198,-0.66056,0.32401
890.8,-131.85,183.59,8.7668,0.50807,-0.17412,0.15264,4.9198,-0.66056,0.32401
890.9,-131.88,183.64,8.7821,0.50986,-0.18215,0.15368,4.9198,-0.66056,0.32401
891,-131.91,183.68,8.7975,0.51149,-0.19009,0.15452,4.9198,-0.66056,0.32401
891.1,-131.94,183.73,8.813,0.51296,-0.19792,0.15518,4.9198,-0.66056,0.32401
891.2,-131.97,183.77,8.8285,0.51428,-0.20564,0.15566,4.9198,-0.66056,0.32401
891.3,-132,183.82,8.8441,0.51545,-0.21324,0.15598,4.9198,-0.66056,0.32401
891.4,-132.03,183.86,8.8597,0.51649,-0.22072,0.15615,4.9198,-0.66056,0.32401
891.5,-132.06,183.91,8.8753,0.5174,-0.22808,0.15619,4.9198,-0.66056,0.32401
891.6,-132.1,183.96,8.891,0.51819,-0.23532,0.1561,4.9198,-0.66056,0.32401
891.7,-132.13,184,8.9066,0.51886,-0.24242,0.15589,4.9198,-0.66056,0.32401
891.8,-132.16,184.05,8.9221,0.51943,-0.2494,0.15557,4.9198,-0.66056,0.32401
891.9,-132.19,184.1,8.9377,0.51989,-0.25624,0.15515,4.9198,-0.66056,0.32401
892,-132.23,184.15,8.9532,0.52026,-0.26296,0.15464,4.9198,-0.66056,0.32401
892.1,-132.26,184.19,8.9686,0.52054,-0.26954,0.15404,4.9198,-0.66056,0.32401
892.2,-132.3,184.24,8.984,0.52073,-0.276,0.15336,4.9198,-0.66056,0.32401
892.3,-132.33,184.29,8.9993,0.52085,-0.28233,0.1526,4.9198,-0.66056,0.32401
892.4,-132.37,184.33,9.0145,0.52091,-0.28853,0.15177,4.9198,-0.66056,0.32401
892.5,-132.41,184.38,9.0296,0.52089,-0.2946,0.15087,4.9198,-0.66056,0.32401
892.6,-132.44,184.43,9.0446,0.52082,-0.30055,0.14991,4.9198,-0.66056,0.32401
892.7,-132.48,184.48,9.0596,0.5207,-0.30639,0.14889,4.9198,-0.66056,0.32401
892.8,-132.52,184.52,9.0744,0.52053,-0.3121,0.14782,4.9198,-0.66056,0.32401
892.9,-132.56,184.57,9.0892,0.52032,-0.3177,0.14669,4.9198,-0.66056,0.32401
893,-132.6,184.62,9.1038,0.52007,-0.32319,0.14551,4.9198,-0.66056,0.32401
893.1,-132.64,184.66,9.1183,0.51978,-0.32856,0.14429,4.9198,-0.66056,0.32401
893.2,-132.68,184.71,9.1326,0.51947,-0.33384,0.14302,4.9198,-0.66056,0.32401
893.3,-132.72,184.76,9.1469,0.51914,-0.339,0.14172,4.9198,-0.66056,0.32401
893.4,-132.76,184.8,9.161,0.51878,-0.34407,0.14037,4.9198,-0.66056,0.32401
893.5,-132.8,184.85,9.1749,0.51841,-0.34904,0.13899,4.9198,-0.66056,0.32401
893.6,-132.84,184.9,9.1888,0.51803,-0.35392,0.13757,4.9198,-0.66056,0.32401
893.7,-132.88,184.94,9.2024,0.51764,-0.3587,0.13612,4.9198,-0.66056,0.32401
893.8,-132.93,184.99,9.216,0.51724,-0.3634,0.13465,4.9198,-0.66056,0.32401
893.9,-132.97,185.04,9.2294,0.51685,-0.36802,0.13314,4.9198,-0.66056,0.32401
894,-133.01,185.08,9.2426,0.51645,-0.37256,0.1316,4.9198,-0.66056,0.32401
894.1,-133.06,185.13,9.2557,0.51606,-0.37702,0.13004,4.9198,-0.66056,0.32401
894.2,-133.1,185.17,9.2686,0.51567,-0.38141,0.12845,4.9198,-0.66056,0.32401
894.3,-133.15,185.22,9.2814,0.5153,-0.38573,0.12683,4.9198,-0.66056,0.32401
894.4,-133.19,185.27,9.294,0.51494,-0.38999,0.12519,4.9198,-0.66056,0.32401
894.5,-133.24,185.31,9.3064,0.51459,-0.39418,0.12353,4.9198,-0.66056,0.32401
894.6,-133.29,185.36,9.3187,0.51426,-0.39831,0.12185,4.9198,-0.66056,0.32401
894.7,-133.33,185.4,9.3308,0.51395,-0.40239,0.12014,4.9198,-0.66056,0.32401
894.8,-133.38,185.45,9.3427,0.51366,-0.40642,0.11841,4.9198,-0.66056,0.32401
894.9,-133.43,185.49,9.3545,0.51339,-0.4104,0.11665,4.9198,-0.66056,0.32401
895,-133.48,185.53,9.366,0.51315,-0.41434,0.11488,4.9198,-0.66056,0.32401
895.1,-133.53,185.58,9.3774,0.51294,-0.41823,0.11308,4.9198,-0.66056,0.32401
895.2,-133.58,185.62,9.3887,0.51276,-0.42209,0.11126,4.9198,-0.66056,0.32401
895.3,-133.63,185.67,9.3997,0.5126,-0.42592,0.10941,5.9369,-1.4541e-15,6.8855e-16
895.4,-133.68,185.71,9.4101,0.51491,-0.42691,0.098986,5.9369,-1.4541e-15,6.8855e-16
895.5,-133.73,185.75,9.4195,0.51751,-0.42777,0.089575,5.9369,-1.4541e-15,6.8855e-16
895.6,-133.78,185.8,9.428,0.52036,-0.42853,0.080993,5.9369,-1.4541e-15,6.8855e-16
895.7,-133.83,185.84,9.4357,0.52343,-0.42922,0.07309,5.9369,-1.4541e-15,6.8855e-16
895.8,-133.88,185.88,9.4427,0.52669,-0.42985,0.065748,5.9369,-1.4541e-15,6.8855e-16
895.9,-133.94,185.92,9.4489,0.53012,-0.43042,0.058869,5.9369,-1.4541e-15,6.8855e-16
896,-133.99,185.97,9.4545,0.53371,-0.43097,0.052374,5.9369,-1.4541e-15,6.8855e-16
896.1,-134.05,186.01,9.4594,0.53744,-0.43148,0.046192,5.9369,-1.4541e-15,6.8855e-16
896.2,-134.1,186.05,9.4637,0.54129,-0.43196,0.040265,5.9369,-1.4541e-15,6.8855e-16
896.3,-134.16,186.09,9.4675,0.54526,-0.43243,0.034539,5.9369,-1.4541e-15,6.8855e-16
896.4,-134.22,186.13,9.4706,0.54934,-0.43288,0.028967,5.9369,-1.4541e-15,6.8855e-16
896.5,-134.27,186.17,9.4733,0.55351,-0.43332,0.023505,5.9369,-1.4541e-15,6.8855e-16
896.6,-134.33,186.21,9.4753,0.55778,-0.43375,0.018108,5.9369,-1.4541e-15,6.8855e-16
896.7,-134.39,186.25,9.4769,0.56214,-0.43417,0.012735,5.9369,-1.4541e-15,6.8855e-16
896.8,-134.45,186.29,9.4779,0.56659,-0.43457,0.0073434,5.9369,-1.4541e-15,6.8855e-16
896.9,-134.51,186.33,9.4783,0.57113,-0.43497,0.0018877,5.9369,-1.4541e-15,6.8855e-16
897,-134.57,186.37,9.4783,0.57575,-0.43511,-0.0035871,5.9369,-1.4541e-15,6.8855e-16
897.1,-134.63,186.41,9.4776,0.58046,-0.43419,-0.0087603,5.9369,-1.4541e-15,6.8855e-16
897.2,-134.69,186.45,9.4765,0.58523,-0.43219,-0.01354,5.9369,-1.4541e-15,6.8855e-16
897.3,-134.75,186.49,9.4749,0.59004,-0.4292,-0.017873,5.9369,-1.4541e-15,6.8855e-16
897.4,-134.81,186.53,9.473,0.59487,-0.42529,-0.021725,5.9369,-1.4541e-15,6.8855e-16
897.5,-134.87,186.57,9.4706,0.59969,-0.42059,-0.025078,5.9369,-1.4541e-15,6.8855e-16
897.6,-134.93,186.61,9.468,0.60449,-0.41518,-0.027931,5.9369,-1.4541e-15,6.8855e-16
897.7,-134.99,186.65,9.465,0.60924,-0.40918,-0.03029,5.9369,-1.4541e-15,6.8855e-16
897.8,-135.06,186.69,9.4619,0.61391,-0.4027,-0.032177,5.9369,-1.4541e-15,6.8855e-16
897.9,-135.12,186.73,9.4586,0.6185,-0.39585,-0.033616,5.9369,-1.4541e-15,6.8855e-16
898,-135.18,186.76,9.4552,0.62298,-0.38871,-0.034638,5.9369,-1.4541e-15,6.8855e-16
898.1,-135.25,186.8,9.4517,0.62734,-0.38138,-0.035277,5.9369,-1.4541e-15,6.8855e-16
898.2,-135.31,186.84,9.4482,0.63157,-0.37395,-0.035566,5.9369,-1.4541e-15,6.8855e-16
898.3,-135.38,186.87,9.4446,0.63566,-0.36648,-0.035539,5.9369,-1.4541e-15,6.8855e-16
898.4,-135.44,186.91,9.4411,0.63961,-0.35904,-0.035228,5.9369,-1.4541e-15,6.8855e-16
898.5,-135.5,186.94,9.4376,0.64341,-0.35168,-0.034663,5.9369,-1.4541e-15,6.8855e-16
898.6,-135.57,186.98,9.4341,0.64705,-0.34446,-0.033871,5.9369,-1.4541e-15,6.8855e-16
898.7,-135.63,187.01,9.4308,0.65054,-0.33741,-0.032878,5.9369,-1.4541e-15,6.8855e-16
898.8,-135.7,187.04,9.4276,0.65388,-0.33057,-0.031705,5.9369,-1.4541e-15,6.8855e-16
898.9,-135.77,187.07,9.4245,0.65706,-0.32398,-0.030372,5.9369,-1.4541e-15,6.8855e-16
899,-135.83,187.11,9.4215,0.66009,-0.31765,-0.028894,5.9369,-1.4541e-15,6.8855e-16
899.1,-135.9,187.14,9.4187,0.66298,-0.31162,-0.027287,5.9369,-1.4541e-15,6.8855e-16
899.2,-135.96,187.17,9.416,0.66572,-0.30589,-0.02556,5.9369,-1.4541e-15,6.8855e-16
899.3,-136.03,187.2,9.4136,0.66831,-0.30049,-0.023724,5.9369,-1.4541e-15,6.8855e-16
899.4,-136.1,187.23,9.4113,0.67077,-0.29543,-0.021785,5.9369,-1.4541e-15,6.8855e-16
899.5,-136.16,187.26,9.4092,0.6731,-0.29073,-0.019748,5.9369,-1.4541e-15,6.8855e-16
899.6,-136.23,187.29,9.4074,0.6753,-0.2864,-0.017616,5.9369,-1.4541e-15,6.8855e-16
899.7,-136.3,187.32,9.4057,0.67736,-0.28244,-0.015392,5.9369,-1.4541e-15,6.8855e-16
899.8,-136.36,187.35,9.4043,0.67931,-0.27887,-0.013075,5.9369,-1.4541e-15,6.8855e-16
899.9,-136.43,187.38,9.4031,0.68113,-0.27571,-0.010664,5.9369,-1.4541e-15,6.8855e-16
900,-136.5,187.41,9.4022,0.68284,-0.27296,-0.0081558,5.9369,-1.4541e-15,6.8855e-16
900.1,-136.57,187.44,9.4015,0.68444,-0.27064,-0.0055465,5.9369,-1.4541e-15,6.8855e-16
900.2,-136.64,187.47,9.401,0.68592,-0.26876,-0.002831,5.9369,-1.4541e-15,6.8855e-16
900.3,-136.7,187.49,9.4009,0.68729,-0.26735,-2.7633e-06,5.9369,-1.4541e-15,6.8855e-16
900.4,-136.77,187.52,9.4011,0.68855,-0.26623,0.0030086,5.9369,-1.4541e-15,6.8855e-16
900.5,-136.84,187.55,9.4015,0.6897,-0.26524,0.0062704,5.9369,-1.4541e-15,6.8855e-16
900.6,-136.91,187.58,9.4023,0.69074,-0.26439,0.0097822,5.9369,-1.4541e-15,6.8855e-16
900.7,-136.98,187.61,9.4035,0.69167,-0.26369,0.01354,5.9369,-1.4541e-15,6.8855e-16
900.8,-137.04,187.64,9.405,0.69248,-0.26317,0.017535,5.9369,-1.4541e-15,6.8855e-16
900.9,-137.11,187.66,9.407,0.69317,-0.26283,0.021755,5.9369,-1.4541e-15,6.8855e-16
901,-137.18,187.69,9.4094,0.69375,-0.26269,0.026182,5.9369,-1.4541e-15,6.8855e-16
901.1,-137.25,187.72,9.4122,0.6942,-0.26276,0.030793,5.9369,-1.4541e-15,6.8855e-16
901.2,-137.32,187.74,9.4156,0.69454,-0.26305,0.035563,5.9369,-1.4541e-15,6.8855e-16
901.3,-137.39,187.77,9.4194,0.69476,-0.26357,0.040458,5.9369,-1.4541e-15,6.8855e-16
901.4,-137.46,187.8,9.4236,0.69485,-0.26434,0.045445,5.9369,-1.4541e-15,6.8855e-16
901.5,-137.53,187.82,9.4284,0.69483,-0.26535,0.050484,5.9369,-1.4541e-15,6.8855e-16
901.6,-137.6,187.85,9.4337,0.6947,-0.2666,0.055535,5.9369,-1.4541e-15,6.8855e-16
901.7,-137.67,187.88,9.4395,0.69445,-0.26811,0.060556,5.9369,-1.4541e-15,6.8855e-16
901.8,-137.74,187.9,9.4459,0.69408,-0.26987,0.065507,5.9369,-1.4541e-15,6.8855e-16
901.9,-137.81,187.93,9.4526,0.69361,-0.27186,0.070346,5.9369,-1.4541e-15,6.8855e-16
902,-137.88,187.95,9.4599,0.69303,-0.2741,0.075035,5.9369,-1.4541e-15,6.8855e-16
902.1,-137.95,187.98,9.4676,0.69235,-0.27655,0.07954,5.9369,-1.4541e-15,6.8855e-16
902.2,-138.02,188,9.4758,0.69158,-0.27922,0.08383,5.9369,-1.4541e-15,6.8855e-16
902.3,-138.09,188.03,9.4844,0.69071,-0.28209,0.087878,5.9369,-1.4541e-15,6.8855e-16
902.4,-138.16,188.05,9.4934,0.68976,-0.28514,0.091662,5.9369,-1.4541e-15,6.8855e-16
902.5,-138.23,188.07,9.5027,0.68872,-0.28836,0.095167,5.9369,-1.4541e-15,6.8855e-16
902.6,-138.3,188.1,9.5124,0.68761,-0.29172,0.098381,5.9369,-1.4541e-15,6.8855e-16
902.7,-138.37,188.12,9.5224,0.68643,-0.29522,0.1013,5.9369,-1.4541e-15,6.8855e-16
902.8,-138.44,188.14,9.5327,0.68519,-0.29882,0.10391,5.9369,-1.4541e-15,6.8855e-16
902.9,-138.52,188.16,9.5432,0.6839,-0.30251,0.10622,5.9369,-1.4541e-15,6.8855e-16
903,-138.59,188.19,9.5539,0.68255,-0.30628,0.10824,5.9369,-1.4541e-15,6.8855e-16
903.1,-138.66,188.21,9.5648,0.68116,-0.3101,0.10998,5.9369,-1.4541e-15,6.8855e-16
903.2,-138.73,188.23,9.5759,0.67974,-0.31396,0.11143,5.9369,-1.4541e-15,6.8855e-16
903.3,-138.8,188.25,9.5871,0.67829,-0.31785,0.11262,5.9369,-1.4541e-15,6.8855e-16
903.4,-138.88,188.27,9.5984,0.67682,-0.32175,0.11356,5.9369,-1.4541e-15,6.8855e-16
903.5,-138.95,188.29,9.6098,0.67533,-0.32565,0.11426,5.9369,-1.4541e-15,6.8855e-16
903.6,-139.02,188.31,9.6212,0.67383,-0.32953,0.11473,5.9369,-1.4541e-15,6.8855e-16
903.7,-139.09,188.33,9.6327,0.67232,-0.33339,0.11499,5.9369,-1.4541e-15,6.8855e-16
903.8,-139.17,188.35,9.6442,0.67082,-0.33722,0.11505,5.9369,-1.4541e-15,6.8855e-16
903.9,-139.24,188.36,9.6557,0.66932,-0.341,0.11494,5.9369,-1.4541e-15,6.8855e-16
904,-139.31,188.38,9.6672,0.66784,-0.34474,0.11465,5.9369,-1.4541e-15,6.8855e-16
904.1,-139.38,188.4,9.6787,0.66637,-0.34842,0.11421,5.9369,-1.4541e-15,6.8855e-16
904.2,-139.46,188.42,9.69,0.66493,-0.35205,0.11362,5.9369,-1.4541e-15,6.8855e-16
904.3,-139.53,188.43,9.7014,0.6635,-0.35561,0.1129,5.9369,-1.4541e-15,6.8855e-16
904.4,-139.6,188.45,9.7126,0.66211,-0.35911,0.11207,5.9369,-1.4541e-15,6.8855e-16
904.5,-139.68,188.46,9.7238,0.66075,-0.36253,0.11112,5.9369,-1.4541e-15,6.8855e-16
904.6,-139.75,188.48,9.7348,0.65943,-0.36589,0.11007,5.9369,-1.4541e-15,6.8855e-16
904.7,-139.83,188.49,9.7458,0.65815,-0.36917,0.10893,5.9369,-1.4541e-15,6.8855e-16
904.8,-139.9,188.51,9.7566,0.6569,-0.37239,0.1077,5.9369,-1.4541e-15,6.8855e-16
904.9,-139.98,188.52,9.7673,0.65571,-0.37553,0.1064,5.9369,-1.4541e-15,6.8855e-16
905,-140.05,188.53,9.7779,0.65456,-0.3786,0.10503,5.9369,-1.4541e-15,6.8855e-16
905.1,-140.12,188.55,9.7883,0.65346,-0.38159,0.1036,5.9369,-1.4541e-15,6.8855e-16
905.2,-140.2,188.56,9.7986,0.65241,-0.38452,0.10211,5.9369,-1.4541e-15,6.8855e-16
905.3,-140.27,188.57,9.8088,0.65141,-0.38737,0.10056,5.9369,-1.4541e-15,6.8855e-16
905.4,-140.35,188.58,9.8187,0.65046,-0.39016,0.098972,7.8288,0.92095,-0.45173
905.5,-140.42,188.59,9.8279,0.65399,-0.38886,0.085141,7.8288,0.92095,-0.45173
905.6,-140.5,188.6,9.8358,0.65786,-0.38714,0.072217,7.8288,0.92095,-0.45173
905.7,-140.58,188.61,9.8424,0.66204,-0.38504,0.059953,7.8288,0.92095,-0.45173
905.8,-140.65,188.62,9.8478,0.6665,-0.38259,0.048138,7.8288,0.92095,-0.45173
905.9,-140.73,188.63,9.852,0.67122,-0.37979,0.036583,7.8288,0.92095,-0.45173
906,-140.81,188.63,9.8551,0.67618,-0.37666,0.025106,7.8288,0.92095,-0.45173
906.1,-140.88,188.64,9.8571,0.68138,-0.37318,0.013525,7.8288,0.92095,-0.45173
906.2,-140.96,188.64,9.8578,0.6868,-0.36936,0.0016415,7.8288,0.92095,-0.45173
906.3,-141.04,188.65,9.8574,0.69246,-0.36438,-0.01044,7.8288,0.92095,-0.45173
906.4,-141.12,188.65,9.8557,0.69832,-0.35697,-0.022158,7.8288,0.92095,-0.45173
906.5,-141.2,188.65,9.853,0.70435,-0.3472,-0.033337,7.8288,0.92095,-0.45173
906.6,-141.27,188.65,9.8491,0.7105,-0.33523,-0.043864,7.8288,0.92095,-0.45173
906.7,-141.35,188.66,9.8442,0.71672,-0.32128,-0.053686,7.8288,0.92095,-0.45173
906.8,-141.43,188.66,9.8384,0.72296,-0.30556,-0.062802,7.8288,0.92095,-0.45173
906.9,-141.51,188.65,9.8317,0.72916,-0.28833,-0.07126,7.8288,0.92095,-0.45173
907,-141.59,188.65,9.8241,0.73527,-0.26981,-0.079144,7.8288,0.92095,-0.45173
907.1,-141.67,188.65,9.8159,0.74126,-0.25024,-0.086562,7.8288,0.92095,-0.45173
907.2,-141.74,188.64,9.8068,0.74708,-0.22981,-0.093635,7.8288,0.92095,-0.45173
907.3,-141.82,188.63,9.7971,0.75269,-0.20871,-0.10049,7.8288,0.92095,-0.45173
907.4,-141.9,188.62,9.7867,0.75809,-0.18711,-0.10726,7.8288,0.92095,-0.45173
907.5,-141.98,188.61,9.7757,0.76323,-0.16513,-0.11407,7.8288,0.92095,-0.45173
907.6,-142.05,188.6,9.7639,0.7681,-0.1429,-0.12102,7.8288,0.92095,-0.45173
907.7,-142.13,188.59,9.7515,0.77269,-0.12053,-0.12822,7.8288,0.92095,-0.45173
907.8,-142.21,188.58,9.7383,0.77697,-0.098112,-0.13575,7.8288,0.92095,-0.45173
907.9,-142.28,188.56,9.7243,0.78094,-0.075733,-0.14368,7.8288,0.92095,-0.45173
908,-142.36,188.54,9.7095,0.78458,-0.053478,-0.15204,7.8288,0.92095,-0.45173
908.1,-142.44,188.53,9.6939,0.78787,-0.031426,-0.16087,7.8288,0.92095,-0.45173
908.2,-142.52,188.51,9.6773,0.79081,-0.0096578,-0.17017,7.8288,0.92095,-0.45173
908.3,-142.59,188.49,9.6598,0.79336,0.011863,-0.17978,7.8288,0.92095,-0.45173
908.4,-142.67,188.47,9.6414,0.79552,0.033648,-0.18899,7.8288,0.92095,-0.45173
908.5,-142.75,188.45,9.6221,0.79726,0.055696,-0.1976,7.8288,0.92095,-0.45173
908.6,-142.82,188.43,9.6019,0.79855,0.077919,-0.20551,7.8288,0.92095,-0.45173
908.7,-142.9,188.41,9.581,0.79937,0.10022,-0.21266,7.8288,0.92095,-0.45173
908.8,-142.98,188.38,9.5594,0.79973,0.12252,-0.21901,7.8288,0.92095,-0.45173
908.9,-143.06,188.36,9.5372,0.79961,0.14472,-0.22454,7.8288,0.92095,-0.45173
909,-143.13,188.34,9.5145,0.79902,0.16673,-0.22925,7.8288,0.92095,-0.45173
909.1,-143.21,188.31,9.4914,0.79797,0.18847,-0.23315,7.8288,0.92095,-0.45173
909.2,-143.29,188.29,9.4679,0.79647,0.20989,-0.23627,7.8288,0.92095,-0.45173
909.3,-143.37,188.26,9.4442,0.79454,0.23092,-0.23864,7.8288,0.92095,-0.45173
909.4,-143.45,188.24,9.4202,0.79221,0.2515,-0.24031,7.8288,0.92095,-0.45173
909.5,-143.53,188.21,9.3961,0.78951,0.2716,-0.24132,7.8288,0.92095,-0.45173
909.6,-143.61,188.19,9.372,0.78646,0.29118,-0.24171,7.8288,0.92095,-0.45173
909.7,-143.69,188.16,9.3478,0.7831,0.31023,-0.24153,7.8288,0.92095,-0.45173
909.8,-143.77,188.14,9.3237,0.77946,0.32873,-0.24082,7.8288,0.92095,-0.45173
909.9,-143.85,188.11,9.2996,0.77557,0.34666,-0.23963,7.8288,0.92095,-0.45173
910,-143.93,188.09,9.2758,0.77148,0.36402,-0.23799,7.8288,0.92095,-0.45173
910.1,-144.01,188.07,9.2521,0.76721,0.38083,-0.23594,7.8288,0.92095,-0.45173
910.2,-144.1,188.04,9.2286,0.76281,0.39708,-0.23352,7.8288,0.92095,-0.45173
910.3,-144.18,188.02,9.2054,0.75829,0.41279,-0.23077,7.8288,0.92095,-0.45173
910.4,-144.26,187.99,9.1824,0.75369,0.42797,-0.2277,7.8288,0.92095,-0.45173
910.5,-144.35,187.97,9.1598,0.74905,0.44265,-0.22435,7.8288,0.92095,-0.45173
910.6,-144.43,187.95,9.1376,0.74439,0.45683,-0.22074,7.8288,0.92095,-0.45173
910.7,-144.51,187.92,9.1157,0.73974,0.47056,-0.2169,7.8288,0.92095,-0.45173
910.8,-144.6,187.9,9.0942,0.73512,0.48384,-0.21285,7.8288,0.92095,-0.45173
910.9,-144.68,187.88,9.0731,0.73056,0.49672,-0.20859,7.8288,0.92095,-0.45173
911,-144.77,187.86,9.0525,0.72608,0.5092,-0.20415,7.8288,0.92095,-0.45173
911.1,-144.86,187.84,9.0323,0.7217,0.52133,-0.19954,7.8288,0.92095,-0.45173
911.2,-144.94,187.82,9.0126,0.71744,0.53313,-0.19477,7.8288,0.92095,-0.45173
911.3,-145.03,187.8,8.9934,0.71332,0.54464,-0.18985,7.8288,0.92095,-0.45173
911.4,-145.12,187.78,8.9746,0.70936,0.55587,-0.18477,7.8288,0.92095,-0.45173
911.5,-145.21,187.76,8.9564,0.70557,0.56686,-0.17956,7.8288,0.92095,-0.45173
911.6,-145.3,187.74,8.9387,0.70197,0.57765,-0.17419,7.8288,0.92095,-0.45173
911.7,-145.38,187.72,8.9216,0.69857,0.58826,-0.16868,7.8288,0.92095,-0.45173
911.8,-145.47,187.71,8.905,0.69538,0.59872,-0.16302,7.8288,0.92095,-0.45173
911.9,-145.57,187.69,8.889,0.69242,0.60907,-0.15721,7.8288,0.92095,-0.45173
912,-145.66,187.67,8.8736,0.68971,0.61934,-0.15122,7.8288,0.92095,-0.45173
912.1,-145.75,187.66,8.8587,0.68725,0.62957,-0.14506,7.8288,0.92095,-0.45173
912.2,-145.84,187.64,8.8445,0.68507,0.63979,-0.13869,7.8288,0.92095,-0.45173
912.3,-145.93,187.62,8.831,0.68317,0.65003,-0.13211,7.8288,0.92095,-0.45173
912.4,-146.03,187.61,8.8181,0.68157,0.66034,-0.12528,7.8288,0.92095,-0.45173
912.5,-146.12,187.59,8.806,0.68029,0.67075,-0.11817,7.8288,0.92095,-0.45173
912.6,-146.21,187.58,8.7945,0.67935,0.68131,-0.11074,7.8288,0.92095,-0.45173
912.7,-146.31,187.56,8.7838,0.67877,0.69208,-0.10295,7.8288,0.92095,-0.45173
912.8,-146.41,187.55,8.7739,0.67858,0.70309,-0.094732,7.8288,0.92095,-0.45173
912.9,-146.5,187.53,8.7649,0.6788,0.71441,-0.08602,7.8288,0.92095,-0.45173
913,-146.6,187.52,8.7568,0.67948,0.7261,-0.076724,7.8288,0.92095,-0.45173
913.1,-146.7,187.5,8.7496,0.68066,0.73824,-0.066732,7.8288,0.92095,-0.45173
913.2,-146.8,187.49,8.7434,0.68239,0.75092,-0.055902,7.8288,0.92095,-0.45173
913.3,-146.9,187.47,8.7384,0.68474,0.76424,-0.044054,2.3922,-5.8593e-16,2.8547e-16
913.4,-147,187.46,8.7353,0.67616,0.77449,-0.017926,2.3922,-5.8593e-16,2.8547e-16
913.5,-147.1,187.44,8.7349,0.66966,0.78509,0.010402,2.3922,-5.8593e-16,2.8547e-16
913.6,-147.2,187.42,8.7374,0.66531,0.78837,0.037949,2.3922,-5.8593e-16,2.8547e-16
913.7,-147.31,187.4,8.7424,0.66289,0.78254,0.062225,2.3922,-5.8593e-16,2.8547e-16
913.8,-147.41,187.38,8.7497,0.66203,0.76874,0.082114,2.3922,-5.8593e-16,2.8547e-16
913.9,-147.51,187.36,8.7587,0.66229,0.74858,0.097277,2.3922,-5.8593e-16,2.8547e-16
914,-147.6,187.35,8.769,0.66321,0.72379,0.10796,2.3922,-5.8593e-16,2.8547e-16
914.1,-147.7,187.33,8.7801,0.66443,0.69599,0.11477,2.3922,-5.8593e-16,2.8547e-16
914.2,-147.79,187.32,8.7918,0.66565,0.66654,0.11841,2.3922,-5.8593e-16,2.8547e-16
914.3,-147.88,187.3,8.8037,0.66666,0.63647,0.1196,2.3922,-5.8593e-16,2.8547e-16
914.4,-147.97,187.29,8.8157,0.66735,0.60656,0.11894,2.3922,-5.8593e-16,2.8547e-16
914.5,-148.06,187.28,8.8275,0.66764,0.57734,0.11696,2.3922,-5.8593e-16,2.8547e-16
914.6,-148.15,187.27,8.839,0.66749,0.54916,0.11406,2.3922,-5.8593e-16,2.8547e-16
914.7,-148.24,187.26,8.8503,0.66691,0.52224,0.11053,2.3922,-5.8593e-16,2.8547e-16
914.8,-148.32,187.25,8.8611,0.66591,0.49668,0.10662,2.3922,-5.8593e-16,2.8547e-16
914.9,-148.4,187.25,8.8716,0.66452,0.47252,0.10249,2.3922,-5.8593e-16,2.8547e-16
915,-148.48,187.24,8.8816,0.66278,0.44976,0.098254,2.3922,-5.8593e-16,2.8547e-16
915.1,-148.56,187.24,8.8912,0.66073,0.42836,0.094007,2.3922,-5.8593e-16,2.8547e-16
915.2,-148.64,187.24,8.9004,0.65839,0.40828,0.089807,2.3922,-5.8593e-16,2.8547e-16
915.3,-148.72,187.24,8.9092,0.65582,0.38944,0.085695,2.3922,-5.8593e-16,2.8547e-16
915.4,-148.79,187.23,8.9176,0.65304,0.37178,0.081697,2.3922,-5.8593e-16,2.8547e-16
915.5,-148.87,187.23,8.9255,0.65008,0.35522,0.077831,2.3922,-5.8593e-16,2.8547e-16
915.6,-148.94,187.23,8.9331,0.64698,0.3397,0.074105,2.3922,-5.8593e-16,2.8547e-16
915.7,-149.01,187.23,8.9404,0.64375,0.32514,0.070524,2.3922,-5.8593e-16,2.8547e-16
915.8,-149.08,187.24,8.9472,0.64042,0.31149,0.067089,2.3922,-5.8593e-16,2.8547e-16
915.9,-149.15,187.24,8.9538,0.63701,0.29867,0.063796,2.3922,-5.8593e-16,2.8547e-16
916,-149.22,187.24,8.96,0.63354,0.28663,0.060642,2.3922,-5.8593e-16,2.8547e-16
916.1,-149.29,187.24,8.9659,0.63003,0.27532,0.057622,2.3922,-5.8593e-16,2.8547e-16
916.2,-149.36,187.25,8.9715,0.62649,0.26469,0.05473,2.3922,-5.8593e-16,2.8547e-16
916.3,-149.43,187.25,8.9769,0.62292,0.2547,0.051958,2.3922,-5.8593e-16,2.8547e-16
916.4,-149.5,187.26,8.9819,0.61936,0.24529,0.049301,2.3922,-5.8593e-16,2.8547e-16
916.5,-149.56,187.26,8.9867,0.61579,0.23644,0.046751,2.3922,-5.8593e-16,2.8547e-16
916.6,-149.63,187.26,8.9913,0.61223,0.2281,0.044303,2.3922,-5.8593e-16,2.8547e-16
916.7,-149.69,187.27,8.9956,0.60869,0.22024,0.041949,2.3922,-5.8593e-16,2.8547e-16
916.8,-149.76,187.28,8.9997,0.60518,0.21284,0.039683,2.3922,-5.8593e-16,2.8547e-16
916.9,-149.82,187.28,9.0035,0.60169,0.20586,0.037498,2.3922,-5.8593e-16,2.8547e-16
917,-149.88,187.29,9.0072,0.59824,0.19928,0.035389,2.3922,-5.8593e-16,2.8547e-16
917.1,-149.95,187.29,9.0106,0.59482,0.19308,0.033351,2.3922,-5.8593e-16,2.8547e-16
917.2,-150.01,187.3,9.0139,0.59144,0.18723,0.031377,2.3922,-5.8593e-16,2.8547e-16
917.3,-150.07,187.31,9.0169,0.58811,0.18172,0.029462,2.3922,-5.8593e-16,2.8547e-16
917.4,-150.13,187.31,9.0197,0.58482,0.17653,0.027601,2.3922,-5.8593e-16,2.8547e-16
917.5,-150.19,187.32,9.0224,0.58158,0.17163,0.025789,2.3922,-5.8593e-16,2.8547e-16
917.6,-150.25,187.33,9.0249,0.57839,0.16703,0.024022,2.3922,-5.8593e-16,2.8547e-16
917.7,-150.31,187.33,9.0272,0.57525,0.16269,0.022294,2.3922,-5.8593e-16,2.8547e-16
917.8,-150.37,187.34,9.0294,0.57216,0.15861,0.020602,2.3922,-5.8593e-16,2.8547e-16
917.9,-150.43,187.35,9.0313,0.56911,0.15478,0.018942,2.3922,-5.8593e-16,2.8547e-16
918,-150.49,187.36,9.0332,0.56613,0.15118,0.017308,2.3922,-5.8593e-16,2.8547e-16
918.1,-150.54,187.36,9.0348,0.56319,0.14781,0.015697,2.3922,-5.8593e-16,2.8547e-16
918.2,-150.6,187.37,9.0363,0.5603,0.14466,0.014105,2.3922,-5.8593e-16,2.8547e-16
918.3,-150.66,187.38,9.0376,0.55747,0.14172,0.012528,2.3922,-5.8593e-16,2.8547e-16
918.4,-150.72,187.39,9.0388,0.55469,0.13899,0.010963,2.3922,-5.8593e-16,2.8547e-16
918.5,-150.77,187.4,9.0398,0.55195,0.13644,0.0094047,2.3922,-5.8593e-16,2.8547e-16
918.6,-150.83,187.4,9.0407,0.54927,0.13409,0.00785,2.3922,-5.8593e-16,2.8547e-16
918.7,-150.88,187.41,9.0414,0.54664,0.13193,0.006295,2.3922,-5.8593e-16,2.8547e-16
918.8,-150.94,187.42,9.0419,0.54405,0.12994,0.0047359,2.3922,-5.8593e-16,2.8547e-16
918.9,-151,187.43,9.0423,0.54152,0.12814,0.0031686,2.3922,-5.8593e-16,2.8547e-16
919,-151.05,187.44,9.0426,0.53903,0.12651,0.0015893,2.3922,-5.8593e-16,2.8547e-16
919.1,-151.1,187.45,9.0427,0.53658,0.12505,-6.0859e-06,2.3922,-5.8593e-16,2.8547e-16
919.2,-151.16,187.45,9.0426,0.53419,0.12371,-0.0016375,2.3922,-5.8593e-16,2.8547e-16
919.3,-151.21,187.46,9.0423,0.53183,0.12245,-0.0033206,2.3922,-5.8593e-16,2.8547e-16
919.4,-151.27,187.47,9.0419,0.52951,0.12127,-0.0050533,2.3922,-5.8593e-16,2.8547e-16
919.5,-151.32,187.48,9.0413,0.52724,0.12017,-0.0068329,2.3922,-5.8593e-16,2.8547e-16
919.6,-151.37,187.49,9.0405,0.52501,0.11916,-0.0086562,2.3922,-5.8593e-16,2.8547e-16
919.7,-151.43,187.5,9.0396,0.52281,0.11823,-0.01052,2.3922,-5.8593e-16,2.8547e-16
919.8,-151.48,187.51,9.0384,0.52065,0.11738,-0.012419,2.3922,-5.8593e-16,2.8547e-16
919.9,-151.53,187.51,9.0371,0.51853,0.11662,-0.01435,2.3922,-5.8593e-16,2.8547e-16
920,-151.58,187.52,9.0356,0.51644,0.11595,-0.016308,2.3922,-5.8593e-16,2.8547e-16
920.1,-151.64,187.53,9.0338,0.51438,0.11537,-0.018287,2.3922,-5.8593e-16,2.8547e-16
920.2,-151.69,187.54,9.0319,0.51236,0.11488,-0.020282,2.3922,-5.8593e-16,2.8547e-16
920.3,-151.74,187.55,9.0298,0.51036,0.11447,-0.022287,2.3922,-5.8593e-16,2.8547e-16
920.4,-151.79,187.56,9.0274,0.5084,0.11415,-0.024295,2.3922,-5.8593e-16,2.8547e-16
920.5,-151.84,187.57,9.0249,0.50647,0.11392,-0.026301,2.3922,-5.8593e-16,2.8547e-16
920.6,-151.89,187.58,9.0222,0.50456,0.11377,-0.028298,2.3922,-5.8593e-16,2.8547e-16
920.7,-151.94,187.59,9.0193,0.50269,0.11371,-0.03028,2.3922,-5.8593e-16,2.8547e-16
920.8,-151.99,187.6,9.0161,0.50084,0.11373,-0.032241,2.3922,-5.8593e-16,2.8547e-16
920.9,-152.05,187.61,9.0128,0.49902,0.11383,-0.034175,2.3922,-5.8593e-16,2.8547e-16
921,-152.1,187.62,9.0093,0.49722,0.11401,-0.036076,2.3922,-5.8593e-16,2.8547e-16
921.1,-152.15,187.62,9.0056,0.49545,0.11427,-0.037938,2.3922,-5.8593e-16,2.8547e-16
921.2,-152.2,187.63,9.0017,0.49371,0.11459,-0.039756,2.3922,-5.8593e-16,2.8547e-16
921.3,-152.24,187.64,8.9976,0.49198,0.11499,-0.041525,2.3922,-5.8593e-16,2.8547e-16
921.4,-152.29,187.65,8.9934,0.49028,0.11545,-0.043241,2.3922,-5.8593e-16,2.8547e-16
921.5,-152.34,187.66,8.989,0.48861,0.11597,-0.0449,2.3922,-5.8593e-16,2.8547e-16
921.6,-152.39,187.67,8.9844,0.48696,0.11656,-0.046498,2.3922,-5.8593e-16,2.8547e-16
921.7,-152.44,187.68,8.9797,0.48533,0.11719,-0.048033,2.3922,-5.8593e-16,2.8547e-16
921.8,-152.49,187.7,8.9748,0.48372,0.11788,-0.049501,2.3922,-5.8593e-16,2.8547e-16
921.9,-152.54,187.71,8.9698,0.48213,0.11861,-0.050901,2.3922,-5.8593e-16,2.8547e-16
922,-152.59,187.72,8.9646,0.48057,0.11939,-0.052231,2.3922,-5.8593e-16,2.8547e-16
922.1,-152.64,187.73,8.9594,0.47902,0.1202,-0.05349,2.3922,-5.8593e-16,2.8547e-16
922.2,-152.68,187.74,8.954,0.4775,0.12105,-0.054678,2.3922,-5.8593e-16,2.8547e-16
922.3,-152.73,187.75,8.9484,0.476,0.12192,-0.055794,2.3922,-5.8593e-16,2.8547e-16
922.4,-152.78,187.76,8.9428,0.47452,0.12283,-0.056838,2.3922,-5.8593e-16,2.8547e-16
922.5,-152.83,187.77,8.9371,0.47305,0.12375,-0.057812,2.3922,-5.8593e-16,2.8547e-16
922.6,-152.87,187.78,8.9312,0.47161,0.12469,-0.058716,2.3922,-5.8593e-16,2.8547e-16
922.7,-152.92,187.79,8.9253,0.47019,0.12565,-0.05955,2.3922,-5.8593e-16,2.8547e-16
922.8,-152.97,187.81,8.9193,0.46879,0.12662,-0.060318,2.3922,-5.8593e-16,2.8547e-16
922.9,-153.02,187.82,8.9133,0.46741,0.1276,-0.061019,2.3922,-5.8593e-16,2.8547e-16
923,-153.06,187.83,8.9071,0.46605,0.12859,-0.061657,2.3922,-5.8593e-16,2.8547e-16
923.1,-153.11,187.84,8.9009,0.46471,0.12957,-0.062233,2.3922,-5.8593e-16,2.8547e-16
923.2,-153.16,187.85,8.8947,0.46338,0.13056,-0.062749,2.3922,-5.8593e-16,2.8547e-16
923.3,-153.2,187.87,8.8884,0.46208,0.13154,-0.063207,2.3922,-5.8593e-16,2.8547e-16
923.4,-153.25,187.88,8.882,0.4608,0.13252,-0.06361,2.3922,-5.8593e-16,2.8547e-16
923.5,-153.3,187.89,8.8757,0.45954,0.13348,-0.063961,2.3922,-5.8593e-16,2.8547e-16
923.6,-153.34,187.9,8.8693,0.4583,0.13444,-0.064261,2.3922,-5.8593e-16,2.8547e-16
923.7,-153.39,187.92,8.8628,0.45708,0.13539,-0.064513,2.3922,-5.8593e-16,2.8547e-16
923.8,-153.43,187.93,8.8563,0.45588,0.13632,-0.06472,2.3922,-5.8593e-16,2.8547e-16
923.9,-153.48,187.94,8.8499,0.4547,0.13724,-0.064883,2.3922,-5.8593e-16,2.8547e-16
924,-153.52,187.95,8.8434,0.45353,0.13814,-0.065006,2.3922,-5.8593e-16,2.8547e-16
924.1,-153.57,187.97,8.8369,0.45239,0.13902,-0.06509,2.3922,-5.8593e-16,2.8547e-16
924.2,-153.62,187.98,8.8304,0.45127,0.13989,-0.065138,2.3922,-5.8593e-16,2.8547e-16
924.3,-153.66,188,8.8238,0.45017,0.14073,-0.065152,2.3922,-5.8593e-16,2.8547e-16
924.4,-153.71,188.01,8.8173,0.44909,0.14155,-0.065134,2.3922,-5.8593e-16,2.8547e-16
924.5,-153.75,188.02,8.8108,0.44803,0.14235,-0.065086,2.3922,-5.8593e-16,2.8547e-16
924.6,-153.8,188.04,8.8043,0.44699,0.14313,-0.065011,2.3922,-5.8593e-16,2.8547e-16
924.7,-153.84,188.05,8.7978,0.44597,0.14389,-0.064909,2.3922,-5.8593e-16,2.8547e-16
924.8,-153.88,188.07,8.7913,0.44497,0.14462,-0.064784,2.3922,-5.8593e-16,2.8547e-16
924.9,-153.93,188.08,8.7849,0.44398,0.14533,-0.064637,2.3922,-5.8593e-16,2.8547e-16
925,-153.97,188.1,8.7784,0.44302,0.14601,-0.064469,2.3922,-5.8593e-16,2.8547e-16
925.1,-154.02,188.11,8.772,0.44208,0.14667,-0.064282,2.3922,-5.8593e-16,2.8547e-16
925.2,-154.06,188.13,8.7655,0.44116,0.1473,-0.064078,2.3922,-5.8593e-16,2.8547e-16
925.3,-154.11,188.14,8.7592,0.44025,0.14791,-0.063858,2.3922,-5.8593e-16,2.8547e-16
925.4,-154.15,188.16,8.7528,0.43937,0.1485,-0.063624,2.3922,-5.8593e-16,2.8547e-16
925.5,-154.19,188.17,8.7464,0.43851,0.14906,-0.063377,2.3922,-5.8593e-16,2.8547e-16
925.6,-154.24,188.19,8.7401,0.43766,0.1496,-0.063118,2.3922,-5.8593e-16,2.8547e-16
925.7,-154.28,188.21,8.7338,0.43683,0.15011,-0.062848,2.3922,-5.8593e-16,2.8547e-16
925.8,-154.32,188.22,8.7275,0.43602,0.1506,-0.062569,2.3922,-5.8593e-16,2.8547e-16
925.9,-154.37,188.24,8.7213,0.43523,0.15106,-0.062282,2.3922,-5.8593e-16,2.8547e-16
926,-154.41,188.26,8.7151,0.43446,0.1515,-0.061987,2.3922,-5.8593e-16,2.8547e-16
926.1,-154.45,188.27,8.7089,0.43371,0.15192,-0.061685,2.3922,-5.8593e-16,2.8547e-16
926.2,-154.49,188.29,8.7027,0.43297,0.15231,-0.061379,0.57665,-0.099488,0.048799
926.3,-154.54,188.31,8.6967,0.42822,0.15223,-0.059682,0.57665,-0.099488,0.048799
926.4,-154.58,188.32,8.6908,0.42359,0.15205,-0.057972,0.57665,-0.099488,0.048799
926.5,-154.62,188.34,8.6851,0.41908,0.15178,-0.056253,0.57665,-0.099488,0.048799
926.6,-154.66,188.36,8.6796,0.41469,0.15142,-0.054527,0.57665,-0.099488,0.048799
926.7,-154.7,188.38,8.6742,0.41042,0.15097,-0.052798,0.57665,-0.099488,0.048799
926.8,-154.74,188.39,8.669,0.40626,0.15044,-0.051068,0.57665,-0.099488,0.048799
926.9,-154.78,188.41,8.664,0.40221,0.14983,-0.049339,0.57665,-0.099488,0.048799
927,-154.82,188.43,8.6591,0.39827,0.14914,-0.047613,0.57665,-0.099488,0.048799
927.1,-154.86,188.44,8.6545,0.39443,0.14838,-0.045892,0.57665,-0.099488,0.048799
927.2,-154.9,188.46,8.6499,0.39069,0.14755,-0.044178,0.57665,-0.099488,0.048799
927.3,-154.93,188.48,8.6456,0.38706,0.14666,-0.042471,0.57665,-0.099488,0.048799
927.4,-154.97,188.49,8.6415,0.38352,0.1457,-0.040773,0.57665,-0.099488,0.048799
927.5,-155.01,188.51,8.6375,0.38007,0.14469,-0.039085,0.57665,-0.099488,0.048799
927.6,-155.05,188.53,8.6336,0.37672,0.14361,-0.037408,0.57665,-0.099488,0.048799
927.7,-155.08,188.54,8.63,0.37346,0.14249,-0.035741,0.57665,-0.099488,0.048799
927.8,-155.12,188.56,8.6265,0.37028,0.14131,-0.034086,0.57665,-0.099488,0.048799
927.9,-155.16,188.58,8.6232,0.36719,0.14008,-0.032443,0.57665,-0.099488,0.048799
928,-155.19,188.59,8.62,0.36418,0.13881,-0.030811,0.57665,-0.099488,0.048799
928.1,-155.23,188.61,8.617,0.36125,0.13749,-0.029192,0.57665,-0.099488,0.048799
928.2,-155.26,188.63,8.6142,0.3584,0.13613,-0.027584,0.57665,-0.099488,0.048799
928.3,-155.29,188.64,8.6115,0.35562,0.13473,-0.025988,0.57665,-0.099488,0.048799
928.4,-155.33,188.66,8.609,0.35292,0.13329,-0.024403,0.57665,-0.099488,0.048799
928.5,-155.36,188.68,8.6066,0.35029,0.13182,-0.022829,0.57665,-0.099488,0.048799
928.6,-155.4,188.69,8.6044,0.34773,0.13031,-0.021266,0.57665,-0.099488,0.048799
928.7,-155.43,188.71,8.6023,0.34523,0.12877,-0.019712,0.57665,-0.099488,0.048799
928.8,-155.46,188.73,8.6005,0.3428,0.1272,-0.018168,0.57665,-0.099488,0.048799
928.9,-155.49,188.74,8.5987,0.34044,0.1256,-0.016633,0.57665,-0.099488,0.048799
929,-155.53,188.76,8.5971,0.33814,0.12397,-0.015105,0.57665,-0.099488,0.048799
929.1,-155.56,188.78,8.5957,0.33589,0.12232,-0.013584,0.57665,-0.099488,0.048799
929.2,-155.59,188.79,8.5944,0.33371,0.12064,-0.012069,0.57665,-0.099488,0.048799
929.3,-155.62,188.81,8.5933,0.33158,0.11893,-0.01056,0.57665,-0.099488,0.048799
929.4,-155.65,188.82,8.5923,0.3295,0.11721,-0.0090536,0.57665,-0.099488,0.048799
929.5,-155.68,188.84,8.5915,0.32748,0.11546,-0.0075501,0.57665,-0.099488,0.048799
929.6,-155.71,188.86,8.5908,0.32551,0.11369,-0.0060479,0.57665,-0.099488,0.048799
929.7,-155.74,188.87,8.5903,0.3236,0.1119,-0.0045456,0.57665,-0.099488,0.048799
929.8,-155.77,188.89,8.5899,0.32173,0.11009,-0.0030417,0.57665,-0.099488,0.048799
929.9,-155.8,188.91,8.5896,0.3199,0.10827,-0.0015345,0.57665,-0.099488,0.048799
930,-155.83,188.92,8.5896,0.31813,0.10642,-2.2341e-05,0.57665,-0.099488,0.048799
930.1,-155.86,188.94,8.5896,0.3164,0.10452,0.0014828,0.57665,-0.099488,0.048799
930.2,-155.89,188.96,8.5899,0.31471,0.10254,0.0029644,0.57665,-0.099488,0.048799
930.3,-155.92,188.97,8.5902,0.31306,0.10047,0.0044191,0.57665,-0.099488,0.048799
930.4,-155.95,188.99,8.5907,0.31146,0.098322,0.0058441,0.57665,-0.099488,0.048799
930.5,-155.98,189.01,8.5914,0.30989,0.096103,0.0072369,0.57665,-0.099488,0.048799
930.6,-156,189.02,8.5922,0.30836,0.093818,0.0085954,0.57665,-0.099488,0.048799
930.7,-156.03,189.04,8.5931,0.30686,0.091473,0.0099182,0.57665,-0.099488,0.048799
930.8,-156.06,189.06,8.5942,0.3054,0.089073,0.011204,0.57665,-0.099488,0.048799
930.9,-156.09,189.07,8.5954,0.30397,0.086626,0.012452,0.57665,-0.099488,0.048799
931,-156.11,189.09,8.5967,0.30257,0.084136,0.013661,0.57665,-0.099488,0.048799
931.1,-156.14,189.1,8.5981,0.3012,0.081611,0.014832,0.57665,-0.099488,0.048799
931.2,-156.16,189.12,8.5996,0.29986,0.079054,0.015965,0.57665,-0.099488,0.048799
931.3,-156.19,189.14,8.6013,0.29855,0.076472,0.017059,0.57665,-0.099488,0.048799
931.4,-156.22,189.15,8.603,0.29726,0.073871,0.018117,0.57665,-0.099488,0.048799
931.5,-156.24,189.17,8.6049,0.29599,0.071255,0.019137,0.57665,-0.099488,0.048799
931.6,-156.27,189.19,8.6069,0.29475,0.068629,0.020122,0.57665,-0.099488,0.048799
931.7,-156.29,189.21,8.6089,0.29352,0.065998,0.021073,0.57665,-0.099488,0.048799
931.8,-156.32,189.22,8.6111,0.29232,0.063367,0.02199,0.57665,-0.099488,0.048799
931.9,-156.34,189.24,8.6133,0.29114,0.060739,0.022876,0.57665,-0.099488,0.048799
932,-156.37,189.26,8.6157,0.28998,0.058119,0.023731,0.57665,-0.099488,0.048799
932.1,-156.39,189.27,8.6181,0.28884,0.05551,0.024557,0.57665,-0.099488,0.048799
932.2,-156.41,189.29,8.6206,0.28771,0.052915,0.025355,0.57665,-0.099488,0.048799
932.3,-156.44,189.31,8.6231,0.2866,0.050338,0.026126,0.57665,-0.099488,0.048799
932.4,-156.46,189.32,8.6258,0.2855,0.047782,0.026873,0.57665,-0.099488,0.048799
932.5,-156.48,189.34,8.6285,0.28442,0.045249,0.027597,0.57665,-0.099488,0.048799
932.6,-156.51,189.36,8.6313,0.28335,0.042741,0.028298,0.57665,-0.099488,0.048799
932.7,-156.53,189.38,8.6342,0.2823,0.040262,0.028978,0.57665,-0.099488,0.048799
932.8,-156.55,189.39,8.6371,0.28126,0.037813,0.029638,0.57665,-0.099488,0.048799
932.9,-156.58,189.41,8.6401,0.28023,0.035395,0.030281,0.57665,-0.099488,0.048799
933,-156.6,189.43,8.6432,0.27921,0.033011,0.030906,0.57665,-0.099488,0.048799
933.1,-156.62,189.45,8.6463,0.27821,0.030662,0.031514,0.57665,-0.099488,0.048799
933.2,-156.64,189.46,8.6495,0.27722,0.028349,0.032108,0.57665,-0.099488,0.048799
933.3,-156.66,189.48,8.6527,0.27623,0.026073,0.032687,0.57665,-0.099488,0.048799
933.4,-156.68,189.5,8.656,0.27526,0.023836,0.033253,0.57665,-0.099488,0.048799
933.5,-156.71,189.51,8.6594,0.2743,0.021638,0.033806,0.57665,-0.099488,0.048799
933.6,-156.73,189.53,8.6628,0.27334,0.01948,0.034347,0.57665,-0.099488,0.048799
933.7,-156.75,189.55,8.6662,0.2724,0.017362,0.034878,0.57665,-0.099488,0.048799
933.8,-156.77,189.57,8.6697,0.27147,0.015285,0.035397,0.57665,-0.099488,0.048799
933.9,-156.79,189.58,8.6733,0.27054,0.013249,0.035907,0.57665,-0.099488,0.048799
934,-156.81,189.6,8.6769,0.26962,0.011255,0.036407,0.57665,-0.099488,0.048799
934.1,-156.83,189.62,8.6806,0.26871,0.0093024,0.036898,0.57665,-0.099488,0.048799
934.2,-156.85,189.64,8.6843,0.26781,0.0073919,0.03738,0.57665,-0.099488,0.048799
934.3,-156.87,189.65,8.6881,0.26692,0.0055233,0.037853,0.57665,-0.099488,0.048799
934.4,-156.89,189.67,8.6919,0.26604,0.0036967,0.038319,0.57665,-0.099488,0.048799
934.5,-156.91,189.69,8.6957,0.26516,0.0019118,0.038776,0.57665,-0.099488,0.048799
934.6,-156.93,189.71,8.6996,0.26429,0.00016853,0.039226,0.57665,-0.099488,0.048799
934.7,-156.95,189.72,8.7036,0.26342,-0.001539,0.039663,0.57665,-0.099488,0.048799
934.8,-156.97,189.74,8.7076,0.26257,-0.0032191,0.040076,0.57665,-0.099488,0.048799
934.9,-156.99,189.76,8.7116,0.26172,-0.0048715,0.040467,0.57665,-0.099488,0.048799
935,-157.01,189.78,8.7156,0.26088,-0.0064962,0.040836,0.57665,-0.099488,0.048799
935.1,-157.03,189.79,8.7197,0.26004,-0.0080929,0.041182,0.57665,-0.099488,0.048799
935.2,-157.05,189.81,8.7239,0.25921,-0.0096616,0.041505,0.57665,-0.099488,0.048799
935.3,-157.07,189.83,8.728,0.25839,-0.011202,0.041807,10.945,-2.6806e-15,1.3474e-15
935.4,-157.09,189.85,8.7322,0.28076,-0.012336,0.040841,10.945,-2.6806e-15,1.3474e-15
935.5,-157.11,189.87,8.7362,0.30278,-0.013513,0.040104,10.945,-2.6806e-15,1.3474e-15
935.6,-157.13,189.89,8.7402,0.32444,-0.014737,0.03958,10.945,-2.6806e-15,1.3474e-15
935.7,-157.16,189.91,8.7441,0.3457,-0.016011,0.039256,10.945,-2.6806e-15,1.3474e-15
935.8,-157.18,189.93,8.7481,0.36658,-0.017339,0.039125,10.945,-2.6806e-15,1.3474e-15
935.9,-157.21,189.96,8.752,0.38705,-0.018728,0.039178,10.945,-2.6806e-15,1.3474e-15
936,-157.24,189.99,8.7559,0.4071,-0.020183,0.039411,10.945,-2.6806e-15,1.3474e-15
936.1,-157.27,190.01,8.7599,0.42673,-0.021711,0.039823,10.945,-2.6806e-15,1.3474e-15
936.2,-157.31,190.04,8.7639,0.44592,-0.02332,0.040413,10.945,-2.6806e-15,1.3474e-15
936.3,-157.34,190.07,8.768,0.46469,-0.025018,0.041182,10.945,-2.6806e-15,1.3474e-15
936.4,-157.38,190.1,8.7721,0.48301,-0.026815,0.042133,10.945,-2.6806e-15,1.3474e-15
936.5,-157.41,190.13,8.7764,0.50089,-0.028722,0.043268,10.945,-2.6806e-15,1.3474e-15
936.6,-157.45,190.17,8.7808,0.51832,-0.030749,0.044593,10.945,-2.6806e-15,1.3474e-15
936.7,-157.49,190.2,8.7853,0.53532,-0.03291,0.046114,10.945,-2.6806e-15,1.3474e-15
936.8,-157.54,190.24,8.79,0.55186,-0.035216,0.047835,10.945,-2.6806e-15,1.3474e-15
936.9,-157.58,190.27,8.7949,0.56797,-0.037682,0.049764,10.945,-2.6806e-15,1.3474e-15
937,-157.62,190.31,8.8,0.58363,-0.040324,0.051906,10.945,-2.6806e-15,1.3474e-15
937.1,-157.67,190.35,8.8053,0.59885,-0.043158,0.054269,10.945,-2.6806e-15,1.3474e-15
937.2,-157.72,190.39,8.8108,0.61363,-0.0462,0.056859,10.945,-2.6806e-15,1.3474e-15
937.3,-157.76,190.43,8.8167,0.62797,-0.049469,0.059681,10.945,-2.6806e-15,1.3474e-15
937.4,-157.81,190.47,8.8228,0.64188,-0.052982,0.062738,10.945,-2.6806e-15,1.3474e-15
937.5,-157.86,190.51,8.8292,0.65537,-0.056759,0.066035,10.945,-2.6806e-15,1.3474e-15
937.6,-157.91,190.55,8.836,0.66842,-0.06082,0.069572,10.945,-2.6806e-15,1.3474e-15
937.7,-157.97,190.59,8.8431,0.68105,-0.065184,0.073348,10.945,-2.6806e-15,1.3474e-15
937.8,-158.02,190.63,8.8507,0.69326,-0.06987,0.07736,10.945,-2.6806e-15,1.3474e-15
937.9,-158.08,190.68,8.8586,0.70505,-0.074898,0.0816,10.945,-2.6806e-15,1.3474e-15
938,-158.13,190.72,8.867,0.71643,-0.080285,0.08606,10.945,-2.6806e-15,1.3474e-15
938.1,-158.19,190.77,8.8758,0.72739,-0.08605,0.090725,10.945,-2.6806e-15,1.3474e-15
938.2,-158.25,190.81,8.8851,0.73793,-0.092206,0.095579,10.945,-2.6806e-15,1.3474e-15
938.3,-158.31,190.86,8.895,0.74807,-0.098769,0.1006,10.945,-2.6806e-15,1.3474e-15
938.4,-158.37,190.91,8.9053,0.75779,-0.10575,0.10577,10.945,-2.6806e-15,1.3474e-15
938.5,-158.43,190.95,8.9161,0.7671,-0.11315,0.11105,10.945,-2.6806e-15,1.3474e-15
938.6,-158.49,191,8.9275,0.776,-0.12099,0.11642,10.945,-2.6806e-15,1.3474e-15
938.7,-158.55,191.05,8.9394,0.78449,-0.12926,0.12184,10.945,-2.6806e-15,1.3474e-15
938.8,-158.62,191.1,8.9519,0.79256,-0.13795,0.12728,10.945,-2.6806e-15,1.3474e-15
938.9,-158.68,191.15,8.9648,0.80023,-0.14707,0.13269,10.945,-2.6806e-15,1.3474e-15
939,-158.75,191.19,8.9784,0.80748,-0.15661,0.13806,10.945,-2.6806e-15,1.3474e-15
939.1,-158.81,191.24,8.9925,0.81432,-0.16654,0.14332,10.945,-2.6806e-15,1.3474e-15
939.2,-158.88,191.29,9.007,0.82075,-0.17686,0.14846,10.945,-2.6806e-15,1.3474e-15
939.3,-158.95,191.34,9.0221,0.82676,-0.18754,0.15344,10.945,-2.6806e-15,1.3474e-15
939.4,-159.02,191.39,9.0377,0.83237,-0.19855,0.15822,10.945,-2.6806e-15,1.3474e-15
939.5,-159.09,191.44,9.0538,0.83757,-0.20988,0.16277,10.945,-2.6806e-15,1.3474e-15
939.6,-159.16,191.49,9.0703,0.84236,-0.22148,0.16708,10.945,-2.6806e-15,1.3474e-15
939.7,-159.23,191.54,9.0872,0.84676,-0.23333,0.1711,10.945,-2.6806e-15,1.3474e-15
939.8,-159.3,191.59,9.1045,0.85077,-0.2454,0.17484,10.945,-2.6806e-15,1.3474e-15
939.9,-159.38,191.64,9.1221,0.85439,-0.25765,0.17826,10.945,-2.6806e-15,1.3474e-15
940,-159.45,191.69,9.1401,0.85764,-0.27006,0.18137,10.945,-2.6806e-15,1.3474e-15
940.1,-159.53,191.74,9.1584,0.86052,-0.28257,0.18414,10.945,-2.6806e-15,1.3474e-15
940.2,-159.6,191.79,9.1769,0.86305,-0.29518,0.18657,10.945,-2.6806e-15,1.3474e-15
940.3,-159.68,191.84,9.1957,0.86524,-0.30783,0.18867,10.945,-2.6806e-15,1.3474e-15
940.4,-159.76,191.89,9.2147,0.8671,-0.32051,0.19042,10.945,-2.6806e-15,1.3474e-15
940.5,-159.84,191.94,9.2338,0.86864,-0.33318,0.19184,10.945,-2.6806e-15,1.3474e-15
940.6,-159.91,191.99,9.253,0.8699,-0.34582,0.19293,10.945,-2.6806e-15,1.3474e-15
940.7,-159.99,192.04,9.2724,0.87087,-0.35841,0.19368,10.945,-2.6806e-15,1.3474e-15
940.8,-160.08,192.09,9.2918,0.87158,-0.37092,0.19412,10.945,-2.6806e-15,1.3474e-15
940.9,-160.16,192.13,9.3112,0.87204,-0.38333,0.19424,10.945,-2.6806e-15,1.3474e-15
941,-160.24,192.18,9.3306,0.87229,-0.39562,0.19406,10.945,-2.6806e-15,1.3474e-15
941.1,-160.32,192.23,9.35,0.87232,-0.40779,0.19358,10.945,-2.6806e-15,1.3474e-15
941.2,-160.41,192.28,9.3693,0.87217,-0.41982,0.19282,10.945,-2.6806e-15,1.3474e-15
941.3,-160.49,192.32,9.3885,0.87186,-0.4317,0.19178,10.945,-2.6806e-15,1.3474e-15
941.4,-160.58,192.37,9.4076,0.87139,-0.44341,0.19048,10.945,-2.6806e-15,1.3474e-15
941.5,-160.67,192.41,9.4266,0.8708,-0.45496,0.18892,10.945,-2.6806e-15,1.3474e-15
941.6,-160.75,192.46,9.4454,0.8701,-0.46635,0.18712,10.945,-2.6806e-15,1.3474e-15
941.7,-160.84,192.5,9.464,0.86931,-0.47756,0.18508,10.945,-2.6806e-15,1.3474e-15
941.8,-160.93,192.55,9.4824,0.86845,-0.4886,0.18281,10.945,-2.6806e-15,1.3474e-15
941.9,-161.02,192.59,9.5006,0.86753,-0.49948,0.18032,10.945,-2.6806e-15,1.3474e-15
942,-161.11,192.64,9.5185,0.86658,-0.51019,0.17762,10.945,-2.6806e-15,1.3474e-15
942.1,-161.2,192.68,9.5361,0.86562,-0.52074,0.17471,10.945,-2.6806e-15,1.3474e-15
942.2,-161.3,192.72,9.5534,0.86465,-0.53113,0.1716,10.945,-2.6806e-15,1.3474e-15
942.3,-161.39,192.76,9.5704,0.86369,-0.54138,0.16829,10.945,-2.6806e-15,1.3474e-15
942.4,-161.48,192.8,9.5871,0.86277,-0.55149,0.16479,10.945,-2.6806e-15,1.3474e-15
942.5,-161.58,192.84,9.6034,0.8619,-0.56148,0.16109,10.945,-2.6806e-15,1.3474e-15
942.6,-161.67,192.88,9.6193,0.86109,-0.57135,0.1572,10.945,-2.6806e-15,1.3474e-15
942.7,-161.77,192.92,9.6348,0.86036,-0.58111,0.15311,10.945,-2.6806e-15,1.3474e-15
942.8,-161.86,192.96,9.6499,0.85972,-0.59078,0.14883,10.945,-2.6806e-15,1.3474e-15
942.9,-161.96,193,9.6646,0.85919,-0.60037,0.14434,10.945,-2.6806e-15,1.3474e-15
943,-162.06,193.03,9.6788,0.85879,-0.60991,0.13964,10.945,-2.6806e-15,1.3474e-15
943.1,-162.16,193.07,9.6925,0.85853,-0.6194,0.13472,10.945,-2.6806e-15,1.3474e-15
943.2,-162.26,193.11,9.7057,0.85842,-0.62886,0.12957,10.945,-2.6806e-15,1.3474e-15
943.3,-162.36,193.15,9.7184,0.85849,-0.63831,0.12417,10.945,-2.6806e-15,1.3474e-15
943.4,-162.46,193.18,9.7305,0.85875,-0.64777,0.1185,10.945,-2.6806e-15,1.3474e-15
943.5,-162.56,193.22,9.7421,0.85921,-0.65726,0.11254,10.945,-2.6806e-15,1.3474e-15
943.6,-162.66,193.25,9.753,0.85991,-0.66681,0.10625,10.945,-2.6806e-15,1.3474e-15
943.7,-162.77,193.29,9.7633,0.86085,-0.67645,0.099603,10.945,-2.6806e-15,1.3474e-15
943.8,-162.87,193.32,9.7729,0.86207,-0.68619,0.092548,10.945,-2.6806e-15,1.3474e-15
943.9,-162.98,193.36,9.7818,0.86359,-0.69607,0.085031,10.945,-2.6806e-15,1.3474e-15
944,-163.08,193.39,9.7899,0.86545,-0.70613,0.076982,10.945,-2.6806e-15,1.3474e-15
944.1,-163.19,193.43,9.7972,0.86768,-0.71639,0.068315,10.945,-2.6806e-15,1.3474e-15
944.2,-163.3,193.46,9.8036,0.87032,-0.72691,0.058921,10.945,-2.6806e-15,1.3474e-15
944.3,-163.4,193.5,9.8089,0.87343,-0.73774,0.048662,10.945,-2.6806e-15,1.3474e-15
944.4,-163.51,193.54,9.8133,0.87708,-0.74893,0.037358,10.945,-2.6806e-15,1.3474e-15
944.5,-163.62,193.57,9.8164,0.88133,-0.76056,0.024771,10.945,-2.6806e-15,1.3474e-15
944.6,-163.73,193.61,9.8182,0.8863,-0.7727,0.010586,10.945,-2.6806e-15,1.3474e-15
944.7,-163.85,193.65,9.8184,0.89211,-0.78513,-0.0055092,10.945,-2.6806e-15,1.3474e-15
944.8,-163.96,193.68,9.817,0.89885,-0.79335,-0.021951,10.945,-2.6806e-15,1.3474e-15
944.9,-164.07,193.72,9.8141,0.90649,-0.79584,-0.037444,10.945,-2.6806e-15,1.3474e-15
945,-164.19,193.76,9.8096,0.9149,-0.79279,-0.05126,10.945,-2.6806e-15,1.3474e-15
945.1,-164.3,193.8,9.8039,0.92388,-0.78475,-0.062911,10.945,-2.6806e-15,1.3474e-15
945.2,-164.42,193.84,9.7971,0.93323,-0.77249,-0.072167,10.945,-2.6806e-15,1.3474e-15
945.3,-164.53,193.88,9.7895,0.94272,-0.75688,-0.079016,10.945,-2.6806e-15,1.3474e-15
945.4,-164.65,193.91,9.7814,0.95214,-0.73883,-0.083605,10.945,-2.6806e-15,1.3474e-15
945.5,-164.76,193.95,9.7729,0.96133,-0.71917,-0.08618,10.945,-2.6806e-15,1.3474e-15
945.6,-164.88,193.98,9.7642,0.97016,-0.69861,-0.087023,10.945,-2.6806e-15,1.3474e-15
945.7,-164.99,194.02,9.7555,0.97852,-0.67777,-0.086424,10.945,-2.6806e-15,1.3474e-15
945.8,-165.11,194.05,9.747,0.98635,-0.65713,-0.084645,10.945,-2.6806e-15,1.3474e-15
945.9,-165.22,194.08,9.7386,0.99362,-0.63708,-0.081921,10.945,-2.6806e-15,1.3474e-15
946,-165.33,194.11,9.7306,1.0003,-0.61791,-0.078443,10.945,-2.6806e-15,1.3474e-15
946.1,-165.45,194.14,9.723,1.0064,-0.59984,-0.074368,10.945,-2.6806e-15,1.3474e-15
946.2,-165.56,194.16,9.7157,1.012,-0.58303,-0.069818,10.945,-2.6806e-15,1.3474e-15
946.3,-165.67,194.19,9.709,1.017,-0.56761,-0.064887,10.945,-2.6806e-15,1.3474e-15
946.4,-165.79,194.22,9.7028,1.0215,-0.55365,-0.059643,10.945,-2.6806e-15,1.3474e-15
946.5,-165.9,194.24,9.6971,1.0254,-0.54123,-0.054132,10.945,-2.6806e-15,1.3474e-15
946.6,-166.02,194.27,9.692,1.029,-0.53041,-0.048386,10.945,-2.6806e-15,1.3474e-15
946.7,-166.13,194.29,9.6874,1.032,-0.52124,-0.042422,10.945,-2.6806e-15,1.3474e-15
946.8,-166.24,194.31,9.6835,1.0347,-0.51377,-0.036246,10.945,-2.6806e-15,1.3474e-15
946.9,-166.35,194.34,9.6802,1.0369,-0.50805,-0.029857,10.945,-2.6806e-15,1.3474e-15
947,-166.47,194.36,9.6775,1.0388,-0.50416,-0.02325,10.945,-2.6806e-15,1.3474e-15
947.1,-166.58,194.38,9.6755,1.0402,-0.50216,-0.016414,7.4863,0.81218,-0.39838
947.2,-166.69,194.4,9.6737,1.034,-0.49708,-0.020807,7.4863,0.81218,-0.39838
947.3,-166.81,194.43,9.6714,1.0281,-0.49061,-0.025326,7.4863,0.81218,-0.39838
947.4,-166.92,194.45,9.6686,1.0226,-0.48272,-0.0299,7.4863,0.81218,-0.39838
947.5,-167.03,194.47,9.6654,1.0175,-0.47342,-0.034467,7.4863,0.81218,-0.39838
947.6,-167.14,194.49,9.6617,1.0128,-0.46272,-0.038977,7.4863,0.81218,-0.39838
947.7,-167.25,194.51,9.6576,1.0083,-0.4507,-0.043391,7.4863,0.81218,-0.39838
947.8,-167.35,194.53,9.653,1.0041,-0.4374,-0.047687,7.4863,0.81218,-0.39838
947.9,-167.46,194.55,9.6481,1.0002,-0.42292,-0.051858,7.4863,0.81218,-0.39838
948,-167.57,194.57,9.6427,0.99657,-0.40733,-0.055913,7.4863,0.81218,-0.39838
948.1,-167.67,194.59,9.6369,0.99309,-0.39073,-0.059874,7.4863,0.81218,-0.39838
948.2,-167.78,194.61,9.6307,0.98979,-0.3732,-0.063777,7.4863,0.81218,-0.39838
948.3,-167.88,194.62,9.6241,0.98664,-0.35484,-0.067669,7.4863,0.81218,-0.39838
948.4,-167.99,194.64,9.6172,0.98361,-0.33571,-0.071607,7.4863,0.81218,-0.39838
948.5,-168.09,194.65,9.6098,0.9807,-0.31588,-0.075654,7.4863,0.81218,-0.39838
948.6,-168.19,194.66,9.602,0.97787,-0.29541,-0.079881,7.4863,0.81218,-0.39838
948.7,-168.29,194.67,9.5938,0.97512,-0.27436,-0.084364,7.4863,0.81218,-0.39838
948.8,-168.39,194.68,9.5851,0.97243,-0.25277,-0.089183,7.4863,0.81218,-0.39838
948.9,-168.49,194.69,9.576,0.96978,-0.23067,-0.094417,7.4863,0.81218,-0.39838
949,-168.59,194.7,9.5662,0.96716,-0.20811,-0.10015,7.4863,0.81218,-0.39838
949.1,-168.69,194.71,9.5559,0.96456,-0.18511,-0.10645,7.4863,0.81218,-0.39838
949.2,-168.79,194.71,9.5449,0.96195,-0.16171,-0.11341,7.4863,0.81218,-0.39838
949.3,-168.88,194.72,9.5332,0.95933,-0.13795,-0.12107,7.4863,0.81218,-0.39838
949.4,-168.98,194.72,9.5207,0.95665,-0.11388,-0.12951,7.4863,0.81218,-0.39838
949.5,-169.08,194.72,9.5073,0.95391,-0.089551,-0.13875,7.4863,0.81218,-0.39838
949.6,-169.17,194.72,9.4929,0.95108,-0.065039,-0.14882,7.4863,0.81218,-0.39838
949.7,-169.27,194.72,9.4775,0.94811,-0.040431,-0.1597,7.4863,0.81218,-0.39838
949.8,-169.36,194.72,9.4609,0.94498,-0.015832,-0.17137,7.4863,0.81218,-0.39838
949.9,-169.46,194.72,9.4432,0.94165,0.0086934,-0.18368,7.4863,0.81218,-0.39838
950,-169.55,194.71,9.4242,0.93807,0.033694,-0.19576,7.4863,0.81218,-0.39838
950.1,-169.64,194.71,9.4041,0.93421,0.05924,-0.20716,7.4863,0.81218,-0.39838
950.2,-169.74,194.71,9.3828,0.92999,0.085187,-0.21765,7.4863,0.81218,-0.39838
950.3,-169.83,194.7,9.3606,0.9254,0.11137,-0.22708,7.4863,0.81218,-0.39838
950.4,-169.92,194.7,9.3374,0.92041,0.13764,-0.23533,7.4863,0.81218,-0.39838
950.5,-170.02,194.69,9.3135,0.91499,0.16381,-0.24236,7.4863,0.81218,-0.39838
950.6,-170.11,194.68,9.289,0.90915,0.18975,-0.24814,7.4863,0.81218,-0.39838
950.7,-170.2,194.68,9.264,0.9029,0.21531,-0.2527,7.4863,0.81218,-0.39838
950.8,-170.29,194.67,9.2385,0.89624,0.24037,-0.25609,7.4863,0.81218,-0.39838
950.9,-170.39,194.66,9.2128,0.88922,0.26483,-0.25838,7.4863,0.81218,-0.39838
951,-170.48,194.66,9.1869,0.88186,0.2886,-0.25963,7.4863,0.81218,-0.39838
951.1,-170.57,194.65,9.1609,0.8742,0.31164,-0.25994,7.4863,0.81218,-0.39838
951.2,-170.66,194.64,9.1349,0.8663,0.33389,-0.25939,7.4863,0.81218,-0.39838
951.3,-170.76,194.63,9.109,0.85819,0.35532,-0.25805,7.4863,0.81218,-0.39838
951.4,-170.85,194.63,9.0833,0.84992,0.37592,-0.25602,7.4863,0.81218,-0.39838
951.5,-170.94,194.62,9.0578,0.84154,0.39569,-0.25335,7.4863,0.81218,-0.39838
951.6,-171.04,194.61,9.0327,0.8331,0.41464,-0.25013,7.4863,0.81218,-0.39838
951.7,-171.13,194.61,9.0078,0.82464,0.43279,-0.24642,7.4863,0.81218,-0.39838
951.8,-171.22,194.6,8.9834,0.81621,0.45016,-0.24226,7.4863,0.81218,-0.39838
951.9,-171.31,194.6,8.9594,0.80785,0.46678,-0.23772,7.4863,0.81218,-0.39838
952,-171.41,194.59,8.9359,0.79959,0.48269,-0.23283,7.4863,0.81218,-0.39838
952.1,-171.5,194.58,8.9128,0.79147,0.49792,-0.22763,7.4863,0.81218,-0.39838
952.2,-171.59,194.58,8.8903,0.78352,0.51253,-0.22217,7.4863,0.81218,-0.39838
952.3,-171.69,194.58,8.8684,0.77578,0.52655,-0.21646,7.4863,0.81218,-0.39838
952.4,-171.78,194.57,8.8471,0.76827,0.54002,-0.21054,7.4863,0.81218,-0.39838
952.5,-171.88,194.57,8.8263,0.76101,0.55299,-0.20441,7.4863,0.81218,-0.39838
952.6,-171.97,194.57,8.8062,0.75403,0.56552,-0.19811,7.4863,0.81218,-0.39838
952.7,-172.06,194.57,8.7867,0.74735,0.57763,-0.19164,7.4863,0.81218,-0.39838
952.8,-172.16,194.56,8.7679,0.74098,0.58939,-0.185,7.4863,0.81218,-0.39838
952.9,-172.25,194.56,8.7497,0.73495,0.60084,-0.1782,7.4863,0.81218,-0.39838
953,-172.35,194.56,8.7322,0.72926,0.61202,-0.17124,7.4863,0.81218,-0.39838
953.1,-172.44,194.56,8.7155,0.72394,0.62298,-0.16411,7.4863,0.81218,-0.39838
953.2,-172.54,194.56,8.6994,0.71899,0.63377,-0.1568,7.4863,0.81218,-0.39838
953.3,-172.64,194.56,8.6841,0.71444,0.64444,-0.14931,7.4863,0.81218,-0.39838
953.4,-172.73,194.56,8.6696,0.71029,0.65503,-0.1416,7.4863,0.81218,-0.39838
953.5,-172.83,194.56,8.6558,0.70656,0.66559,-0.13365,7.4863,0.81218,-0.39838
953.6,-172.93,194.57,8.6428,0.70327,0.67618,-0.12543,7.4863,0.81218,-0.39838
953.7,-173.02,194.57,8.6307,0.70044,0.68686,-0.11691,7.4863,0.81218,-0.39838
953.8,-173.12,194.57,8.6195,0.69809,0.69766,-0.10802,7.4863,0.81218,-0.39838
953.9,-173.22,194.57,8.6091,0.69625,0.70867,-0.098697,7.4863,0.81218,-0.39838
954,-173.32,194.57,8.5997,0.69493,0.71995,-0.088873,7.4863,0.81218,-0.39838
954.1,-173.42,194.58,8.5914,0.69419,0.73157,-0.078445,7.4863,0.81218,-0.39838
954.2,-173.52,194.58,8.5841,0.69406,0.74361,-0.067286,7.4863,0.81218,-0.39838
954.3,-173.62,194.58,8.578,0.69461,0.75618,-0.055239,7.4863,0.81218,-0.39838
954.4,-173.73,194.58,8.5731,0.69589,0.76939,-0.042095,7.4863,0.81218,-0.39838
954.5,-173.83,194.58,8.5696,0.69801,0.78337,-0.027581,7.4863,0.81218,-0.39838
954.6,-173.94,194.58,8.5676,0.70107,0.79831,-0.011327,7.4863,0.81218,-0.39838
954.7,-174.04,194.58,8.5674,0.70523,0.81389,0.0069873,7.4863,0.81218,-0.39838
954.8,-174.15,194.58,8.569,0.7106,0.82485,0.025403,7.4863,0.81218,-0.39838
954.9,-174.26,194.58,8.5724,0.71712,0.82967,0.042389,7.4863,0.81218,-0.39838
955,-174.37,194.58,8.5774,0.72461,0.82871,0.057108,7.4863,0.81218,-0.39838
955.1,-174.48,194.58,8.5837,0.73283,0.82268,0.069072,7.4863,0.81218,-0.39838
955.2,-174.59,194.58,8.5911,0.74152,0.81254,0.078126,7.4863,0.81218,-0.39838
955.3,-174.7,194.58,8.5993,0.75041,0.79931,0.084377,7.4863,0.81218,-0.39838
955.4,-174.81,194.58,8.6079,0.75927,0.78398,0.088097,7.4863,0.81218,-0.39838
955.5,-174.92,194.59,8.6168,0.76791,0.76744,0.089638,7.4863,0.81218,-0.39838
955.6,-175.03,194.59,8.6258,0.77619,0.75044,0.089373,7.4863,0.81218,-0.39838
955.7,-175.14,194.59,8.6347,0.784,0.73357,0.087656,7.4863,0.81218,-0.39838
955.8,-175.24,194.6,8.6433,0.79128,0.7173,0.084798,7.4863,0.81218,-0.39838
955.9,-175.35,194.6,8.6516,0.79799,0.70197,0.081064,7.4863,0.81218,-0.39838
956,-175.46,194.61,8.6595,0.80412,0.68785,0.076673,4.0433,-9.9033e-16,4.8271e-16
956.1,-175.56,194.61,8.6674,0.80236,0.66994,0.082327,4.0433,-9.9033e-16,4.8271e-16
956.2,-175.66,194.62,8.6759,0.80081,0.65031,0.086203,4.0433,-9.9033e-16,4.8271e-16
956.3,-175.77,194.63,8.6846,0.79933,0.62957,0.088518,4.0433,-9.9033e-16,4.8271e-16
956.4,-175.87,194.64,8.6935,0.79784,0.60824,0.089508,4.0433,-9.9033e-16,4.8271e-16
956.5,-175.97,194.64,8.7025,0.79624,0.58676,0.089407,4.0433,-9.9033e-16,4.8271e-16
956.6,-176.06,194.65,8.7114,0.79451,0.56546,0.088432,4.0433,-9.9033e-16,4.8271e-16
956.7,-176.16,194.66,8.7202,0.79259,0.54459,0.086769,4.0433,-9.9033e-16,4.8271e-16
956.8,-176.26,194.67,8.7287,0.79049,0.52433,0.084579,4.0433,-9.9033e-16,4.8271e-16
956.9,-176.35,194.68,8.7371,0.7882,0.50482,0.081993,4.0433,-9.9033e-16,4.8271e-16
957,-176.44,194.7,8.7451,0.78571,0.48614,0.079119,4.0433,-9.9033e-16,4.8271e-16
957.1,-176.53,194.71,8.7529,0.78305,0.46834,0.07604,4.0433,-9.9033e-16,4.8271e-16
957.2,-176.62,194.72,8.7603,0.78023,0.45145,0.072825,4.0433,-9.9033e-16,4.8271e-16
957.3,-176.71,194.73,8.7674,0.77725,0.43546,0.069525,4.0433,-9.9033e-16,4.8271e-16
957.4,-176.8,194.75,8.7742,0.77415,0.42038,0.066178,4.0433,-9.9033e-16,4.8271e-16
957.5,-176.89,194.76,8.7807,0.77093,0.40619,0.062815,4.0433,-9.9033e-16,4.8271e-16
957.6,-176.97,194.77,8.7868,0.76762,0.39286,0.059457,4.0433,-9.9033e-16,4.8271e-16
957.7,-177.06,194.79,8.7926,0.76422,0.38036,0.056118,4.0433,-9.9033e-16,4.8271e-16
957.8,-177.14,194.8,8.798,0.76076,0.36867,0.05281,4.0433,-9.9033e-16,4.8271e-16
957.9,-177.22,194.82,8.8031,0.75725,0.35775,0.049538,4.0433,-9.9033e-16,4.8271e-16
958,-177.3,194.83,8.8079,0.75369,0.34758,0.046305,4.0433,-9.9033e-16,4.8271e-16
958.1,-177.38,194.85,8.8124,0.75011,0.33813,0.043114,4.0433,-9.9033e-16,4.8271e-16
958.2,-177.47,194.86,8.8165,0.74651,0.32936,0.039961,4.0433,-9.9033e-16,4.8271e-16
958.3,-177.55,194.88,8.8204,0.7429,0.32125,0.036846,4.0433,-9.9033e-16,4.8271e-16
958.4,-177.62,194.89,8.8239,0.73929,0.31378,0.033765,4.0433,-9.9033e-16,4.8271e-16
958.5,-177.7,194.91,8.8271,0.73568,0.30693,0.030712,4.0433,-9.9033e-16,4.8271e-16
958.6,-177.78,194.93,8.8301,0.73209,0.30066,0.027684,4.0433,-9.9033e-16,4.8271e-16
958.7,-177.86,194.94,8.8327,0.72851,0.29497,0.024673,4.0433,-9.9033e-16,4.8271e-16
958.8,-177.93,194.96,8.835,0.72495,0.28984,0.021675,4.0433,-9.9033e-16,4.8271e-16
958.9,-178.01,194.98,8.837,0.72141,0.28525,0.018682,4.0433,-9.9033e-16,4.8271e-16
959,-178.09,194.99,8.8387,0.7179,0.2812,0.015689,4.0433,-9.9033e-16,4.8271e-16
959.1,-178.16,195.01,8.8401,0.71442,0.27767,0.012688,4.0433,-9.9033e-16,4.8271e-16
959.2,-178.24,195.02,8.8413,0.71096,0.27466,0.0096729,4.0433,-9.9033e-16,4.8271e-16
959.3,-178.31,195.04,8.8421,0.70754,0.27216,0.0066368,4.0433,-9.9033e-16,4.8271e-16
959.4,-178.38,195.06,8.8426,0.70414,0.27018,0.0035731,4.0433,-9.9033e-16,4.8271e-16
959.5,-178.46,195.07,8.8428,0.70078,0.2687,0.00047524,4.0433,-9.9033e-16,4.8271e-16
959.6,-178.53,195.09,8.8427,0.69744,0.26759,-0.0027119,4.0433,-9.9033e-16,4.8271e-16
959.7,-178.6,195.1,8.8422,0.69413,0.26662,-0.006073,4.0433,-9.9033e-16,4.8271e-16
959.8,-178.68,195.12,8.8415,0.69084,0.26577,-0.0096016,4.0433,-9.9033e-16,4.8271e-16
959.9,-178.75,195.14,8.8403,0.68756,0.26507,-0.013286,4.0433,-9.9033e-16,4.8271e-16
960,-178.82,195.15,8.8388,0.6843,0.26451,-0.017111,4.0433,-9.9033e-16,4.8271e-16
960.1,-178.89,195.17,8.8369,0.68104,0.2641,-0.021058,4.0433,-9.9033e-16,4.8271e-16
960.2,-178.96,195.18,8.8346,0.67779,0.26386,-0.025105,4.0433,-9.9033e-16,4.8271e-16
960.3,-179.03,195.2,8.8319,0.67455,0.26378,-0.029227,4.0433,-9.9033e-16,4.8271e-16
960.4,-179.1,195.22,8.8287,0.67131,0.26386,-0.033397,4.0433,-9.9033e-16,4.8271e-16
960.5,-179.17,195.23,8.8252,0.66807,0.26412,-0.037585,4.0433,-9.9033e-16,4.8271e-16
960.6,-179.24,195.25,8.8212,0.66483,0.26454,-0.04176,4.0433,-9.9033e-16,4.8271e-16
960.7,-179.31,195.26,8.8168,0.66159,0.26512,-0.04589,4.0433,-9.9033e-16,4.8271e-16
960.8,-179.38,195.28,8.812,0.65835,0.26587,-0.049946,4.0433,-9.9033e-16,4.8271e-16
960.9,-179.45,195.3,8.8069,0.65512,0.26678,-0.053896,4.0433,-9.9033e-16,4.8271e-16
961,-179.52,195.31,8.8013,0.65188,0.26783,-0.057713,4.0433,-9.9033e-16,4.8271e-16
961.1,-179.59,195.33,8.7953,0.64865,0.26903,-0.061371,4.0433,-9.9033e-16,4.8271e-16
961.2,-179.66,195.34,8.789,0.64543,0.27036,-0.064846,4.0433,-9.9033e-16,4.8271e-16
961.3,-179.72,195.36,8.7824,0.64222,0.27181,-0.068119,4.0433,-9.9033e-16,4.8271e-16
961.4,-179.79,195.38,8.7754,0.63902,0.27337,-0.071174,4.0433,-9.9033e-16,4.8271e-16
961.5,-179.86,195.39,8.7681,0.63583,0.27502,-0.073999,4.0433,-9.9033e-16,4.8271e-16
961.6,-179.93,195.41,8.7606,0.63267,0.27676,-0.076585,4.0433,-9.9033e-16,4.8271e-16
961.7,-179.99,195.43,8.7528,0.62952,0.27857,-0.078927,4.0433,-9.9033e-16,4.8271e-16
961.8,-180.06,195.45,8.7448,0.6264,0.28045,-0.081023,4.0433,-9.9033e-16,4.8271e-16
961.9,-180.13,195.46,8.7366,0.62331,0.28236,-0.082874,4.0433,-9.9033e-16,4.8271e-16
962,-180.19,195.48,8.7283,0.62026,0.28431,-0.084483,4.0433,-9.9033e-16,4.8271e-16
962.1,-180.26,195.5,8.7197,0.61724,0.28628,-0.085857,4.0433,-9.9033e-16,4.8271e-16
962.2,-180.32,195.52,8.7111,0.61426,0.28827,-0.087004,4.0433,-9.9033e-16,4.8271e-16
962.3,-180.39,195.54,8.7023,0.61132,0.29025,-0.087933,4.0433,-9.9033e-16,4.8271e-16
962.4,-180.45,195.56,8.6935,0.60843,0.29223,-0.088654,4.0433,-9.9033e-16,4.8271e-16
962.5,-180.52,195.58,8.6846,0.6056,0.29418,-0.089179,4.0433,-9.9033e-16,4.8271e-16
962.6,-180.58,195.59,8.6757,0.60281,0.29612,-0.089519,4.0433,-9.9033e-16,4.8271e-16
962.7,-180.65,195.61,8.6667,0.60008,0.29802,-0.089686,4.0433,-9.9033e-16,4.8271e-16
962.8,-180.71,195.63,8.6577,0.59741,0.29988,-0.089693,4.0433,-9.9033e-16,4.8271e-16
962.9,-180.77,195.65,8.6488,0.5948,0.3017,-0.089551,4.0433,-9.9033e-16,4.8271e-16
963,-180.84,195.67,8.6398,0.59225,0.30347,-0.089273,4.0433,-9.9033e-16,4.8271e-16
963.1,-180.9,195.69,8.6309,0.58976,0.30519,-0.08887,4.0433,-9.9033e-16,4.8271e-16
963.2,-180.96,195.72,8.6221,0.58735,0.30686,-0.088352,4.0433,-9.9033e-16,4.8271e-16
963.3,-181.03,195.74,8.6133,0.58499,0.30846,-0.087729,4.0433,-9.9033e-16,4.8271e-16
963.4,-181.09,195.76,8.6045,0.58271,0.31001,-0.087013,4.0433,-9.9033e-16,4.8271e-16
963.5,-181.15,195.78,8.5959,0.5805,0.3115,-0.086212,4.0433,-9.9033e-16,4.8271e-16
963.6,-181.21,195.8,8.5873,0.57835,0.31292,-0.085335,4.0433,-9.9033e-16,4.8271e-16
963.7,-181.28,195.82,8.5788,0.57628,0.31429,-0.08439,4.0433,-9.9033e-16,4.8271e-16
963.8,-181.34,195.85,8.5704,0.57428,0.31559,-0.083384,4.0433,-9.9033e-16,4.8271e-16
963.9,-181.4,195.87,8.5621,0.57235,0.31682,-0.082325,4.0433,-9.9033e-16,4.8271e-16
964,-181.46,195.89,8.554,0.57049,0.318,-0.081219,4.0433,-9.9033e-16,4.8271e-16
964.1,-181.52,195.91,8.5459,0.5687,0.31911,-0.080072,4.0433,-9.9033e-16,4.8271e-16
964.2,-181.58,195.94,8.5379,0.56698,0.32016,-0.07889,4.0433,-9.9033e-16,4.8271e-16
964.3,-181.64,195.96,8.5301,0.56533,0.32115,-0.077678,4.0433,-9.9033e-16,4.8271e-16
964.4,-181.7,195.99,8.5224,0.56375,0.32208,-0.07644,4.0433,-9.9033e-16,4.8271e-16
964.5,-181.76,196.01,8.5148,0.56224,0.32296,-0.07518,4.0433,-9.9033e-16,4.8271e-16
964.6,-181.82,196.04,8.5074,0.5608,0.32377,-0.073904,4.0433,-9.9033e-16,4.8271e-16
964.7,-181.88,196.06,8.5,0.55942,0.32453,-0.072613,4.0433,-9.9033e-16,4.8271e-16
964.8,-181.94,196.09,8.4928,0.55812,0.32523,-0.071312,4.0433,-9.9033e-16,4.8271e-16
964.9,-182,196.11,8.4858,0.55687,0.32589,-0.070004,4.0433,-9.9033e-16,4.8271e-16
965,-182.06,196.14,8.4788,0.5557,0.32648,-0.06869,4.0433,-9.9033e-16,4.8271e-16
965.1,-182.12,196.16,8.472,0.55458,0.32703,-0.067374,4.0433,-9.9033e-16,4.8271e-16
965.2,-182.18,196.19,8.4654,0.55353,0.32753,-0.066058,4.0433,-9.9033e-16,4.8271e-16
965.3,-182.24,196.22,8.4588,0.55253,0.32798,-0.064743,4.0433,-9.9033e-16,4.8271e-16
965.4,-182.29,196.24,8.4524,0.5516,0.32839,-0.063432,4.0433,-9.9033e-16,4.8271e-16
965.5,-182.35,196.27,8.4461,0.55073,0.32875,-0.062127,4.0433,-9.9033e-16,4.8271e-16
965.6,-182.41,196.3,8.44,0.54991,0.32907,-0.060828,4.0433,-9.9033e-16,4.8271e-16
965.7,-182.47,196.33,8.434,0.54915,0.32934,-0.059538,4.0433,-9.9033e-16,4.8271e-16
965.8,-182.53,196.35,8.4281,0.54844,0.32957,-0.058257,4.0433,-9.9033e-16,4.8271e-16
965.9,-182.58,196.38,8.4223,0.54778,0.32976,-0.056987,4.0433,-9.9033e-16,4.8271e-16
966,-182.64,196.41,8.4167,0.54718,0.32992,-0.055728,4.0433,-9.9033e-16,4.8271e-16
966.1,-182.7,196.44,8.4112,0.54662,0.33003,-0.054482,4.0433,-9.9033e-16,4.8271e-16
966.2,-182.75,196.47,8.4058,0.54611,0.33011,-0.053249,4.0433,-9.9033e-16,4.8271e-16
966.3,-182.81,196.5,8.4005,0.54565,0.33016,-0.05203,4.0433,-9.9033e-16,4.8271e-16
966.4,-182.87,196.53,8.3954,0.54524,0.33017,-0.050826,4.0433,-9.9033e-16,4.8271e-16
966.5,-182.92,196.56,8.3904,0.54487,0.33015,-0.049638,4.0433,-9.9033e-16,4.8271e-16
966.6,-182.98,196.59,8.3855,0.54454,0.33009,-0.048465,0.71963,-0.074184,0.036387
966.7,-183.04,196.62,8.3807,0.53688,0.32965,-0.046177,0.71963,-0.074184,0.036387
966.8,-183.09,196.65,8.3762,0.52948,0.3291,-0.04371,0.71963,-0.074184,0.036387
966.9,-183.15,196.68,8.372,0.52235,0.32843,-0.041077,0.71963,-0.074184,0.036387
967,-183.2,196.7,8.368,0.51547,0.32766,-0.038293,0.71963,-0.074184,0.036387
967.1,-183.25,196.73,8.3643,0.50884,0.32677,-0.035368,0.71963,-0.074184,0.036387
967.2,-183.31,196.76,8.3609,0.50246,0.32578,-0.032311,0.71963,-0.074184,0.036387
967.3,-183.36,196.79,8.3579,0.49633,0.32469,-0.029131,0.71963,-0.074184,0.036387
967.4,-183.41,196.82,8.3551,0.49044,0.32351,-0.025833,0.71963,-0.074184,0.036387
967.5,-183.46,196.84,8.3527,0.48479,0.32223,-0.022421,0.71963,-0.074184,0.036387
967.6,-183.51,196.87,8.3506,0.47937,0.32087,-0.018896,0.71963,-0.074184,0.036387
967.7,-183.56,196.9,8.3489,0.47418,0.31943,-0.015259,0.71963,-0.074184,0.036387
967.8,-183.61,196.92,8.3476,0.46921,0.3179,-0.011507,0.71963,-0.074184,0.036387
967.9,-183.66,196.95,8.3466,0.46447,0.3163,-0.0076365,0.71963,-0.074184,0.036387
968,-183.71,196.98,8.3461,0.45995,0.31463,-0.00364,0.71963,-0.074184,0.036387
968.1,-183.76,197,8.3459,0.45564,0.31288,0.00049023,0.71963,-0.074184,0.036387
968.2,-183.81,197.03,8.3462,0.45155,0.3107,0.0046192,0.71963,-0.074184,0.036387
968.3,-183.86,197.05,8.3468,0.44765,0.30786,0.0086177,0.71963,-0.074184,0.036387
968.4,-183.91,197.08,8.3479,0.44395,0.30438,0.01244,0.71963,-0.074184,0.036387
968.5,-183.96,197.1,8.3493,0.44043,0.30032,0.016049,0.71963,-0.074184,0.036387
968.6,-184,197.13,8.3511,0.43707,0.29571,0.019416,0.71963,-0.074184,0.036387
968.7,-184.05,197.15,8.3532,0.43387,0.29061,0.022522,0.71963,-0.074184,0.036387
968.8,-184.1,197.17,8.3556,0.4308,0.28508,0.025354,0.71963,-0.074184,0.036387
968.9,-184.14,197.2,8.3583,0.42785,0.27916,0.027909,0.71963,-0.074184,0.036387
969,-184.19,197.22,8.3612,0.42502,0.27292,0.030188,0.71963,-0.074184,0.036387
969.1,-184.23,197.25,8.3643,0.42228,0.26642,0.032199,0.71963,-0.074184,0.036387
969.2,-184.27,197.27,8.3676,0.41962,0.2597,0.033953,0.71963,-0.074184,0.036387
969.3,-184.32,197.29,8.3711,0.41705,0.25281,0.035464,0.71963,-0.074184,0.036387
969.4,-184.36,197.32,8.3747,0.41453,0.2458,0.03675,0.71963,-0.074184,0.036387
969.5,-184.4,197.34,8.3784,0.41207,0.23872,0.037829,0.71963,-0.074184,0.036387
969.6,-184.44,197.37,8.3822,0.40967,0.23159,0.038718,0.71963,-0.074184,0.036387
969.7,-184.48,197.39,8.3861,0.4073,0.22445,0.039436,0.71963,-0.074184,0.036387
969.8,-184.52,197.41,8.3901,0.40498,0.21733,0.040002,0.71963,-0.074184,0.036387
969.9,-184.56,197.44,8.3941,0.40268,0.21025,0.040432,0.71963,-0.074184,0.036387
970,-184.6,197.46,8.3982,0.40042,0.20324,0.040744,0.71963,-0.074184,0.036387
970.1,-184.64,197.48,8.4023,0.39818,0.19631,0.040953,0.71963,-0.074184,0.036387
970.2,-184.67,197.51,8.4064,0.39597,0.18948,0.041073,0.71963,-0.074184,0.036387
970.3,-184.71,197.53,8.4105,0.39378,0.18277,0.041117,0.71963,-0.074184,0.036387
970.4,-184.75,197.56,8.4146,0.39161,0.17617,0.041097,0.71963,-0.074184,0.036387
970.5,-184.78,197.58,8.4187,0.38945,0.1697,0.041024,0.71963,-0.074184,0.036387
970.6,-184.82,197.6,8.4228,0.38732,0.16336,0.040907,0.71963,-0.074184,0.036387
970.7,-184.85,197.63,8.4269,0.38521,0.15716,0.040756,0.71963,-0.074184,0.036387
970.8,-184.89,197.65,8.431,0.38311,0.1511,0.040578,0.71963,-0.074184,0.036387
970.9,-184.92,197.67,8.435,0.38103,0.14518,0.040379,0.71963,-0.074184,0.036387
971,-184.95,197.7,8.439,0.37897,0.13941,0.040166,0.71963,-0.074184,0.036387
971.1,-184.98,197.72,8.443,0.37693,0.13378,0.039944,0.71963,-0.074184,0.036387
971.2,-185.02,197.75,8.447,0.3749,0.12829,0.039718,0.71963,-0.074184,0.036387
971.3,-185.05,197.77,8.451,0.3729,0.12295,0.039492,0.71963,-0.074184,0.036387
971.4,-185.08,197.79,8.4549,0.37091,0.11774,0.039269,0.71963,-0.074184,0.036387
971.5,-185.11,197.82,8.4588,0.36894,0.11267,0.039053,0.71963,-0.074184,0.036387
971.6,-185.14,197.84,8.4627,0.36698,0.10774,0.038846,0.71963,-0.074184,0.036387
971.7,-185.17,197.87,8.4666,0.36505,0.10294,0.03865,0.71963,-0.074184,0.036387
971.8,-185.2,197.89,8.4705,0.36314,0.098263,0.038467,0.71963,-0.074184,0.036387
971.9,-185.23,197.91,8.4743,0.36124,0.093716,0.038299,0.71963,-0.074184,0.036387
972,-185.26,197.94,8.4781,0.35937,0.089293,0.038147,0.71963,-0.074184,0.036387
972.1,-185.28,197.96,8.4819,0.35751,0.084989,0.038012,0.71963,-0.074184,0.036387
972.2,-185.31,197.99,8.4857,0.35567,0.080802,0.037895,0.71963,-0.074184,0.036387
972.3,-185.34,198.01,8.4895,0.35386,0.076729,0.037797,0.71963,-0.074184,0.036387
972.4,-185.37,198.03,8.4933,0.35206,0.072766,0.037719,0.71963,-0.074184,0.036387
972.5,-185.39,198.06,8.4971,0.35029,0.068911,0.03766,0.71963,-0.074184,0.036387
972.6,-185.42,198.08,8.5008,0.34853,0.06516,0.037621,0.71963,-0.074184,0.036387
972.7,-185.44,198.1,8.5046,0.34679,0.061511,0.037602,0.71963,-0.074184,0.036387
972.8,-185.47,198.13,8.5083,0.34508,0.057961,0.037603,0.71963,-0.074184,0.036387
972.9,-185.5,198.15,8.5121,0.34338,0.054506,0.037624,0.71963,-0.074184,0.036387
973,-185.52,198.18,8.5159,0.34171,0.051144,0.037665,0.71963,-0.074184,0.036387
973.1,-185.55,198.2,8.5196,0.34005,0.047873,0.037725,0.71963,-0.074184,0.036387
973.2,-185.57,198.22,8.5234,0.33841,0.044689,0.037804,0.71963,-0.074184,0.036387
973.3,-185.59,198.25,8.5272,0.3368,0.041591,0.037902,0.71963,-0.074184,0.036387
973.4,-185.62,198.27,8.531,0.3352,0.038575,0.038019,0.71963,-0.074184,0.036387
973.5,-185.64,198.3,8.5348,0.33362,0.03564,0.038153,0.71963,-0.074184,0.036387
973.6,-185.67,198.32,8.5386,0.33206,0.032784,0.038305,0.71963,-0.074184,0.036387
973.7,-185.69,198.34,8.5425,0.33052,0.030004,0.038473,1.4654,-3.5893e-16,1.66e-16
973.8,-185.71,198.37,8.5463,0.33066,0.027625,0.037653,1.4654,-3.5893e-16,1.66e-16
973.9,-185.74,198.39,8.55,0.33079,0.025352,0.036892,1.4654,-3.5893e-16,1.66e-16
974,-185.76,198.41,8.5537,0.33091,0.02318,0.036188,1.4654,-3.5893e-16,1.66e-16
974.1,-185.78,198.44,8.5572,0.33102,0.021101,0.035536,1.4654,-3.5893e-16,1.66e-16
974.2,-185.81,198.46,8.5608,0.33111,0.019111,0.034932,1.4654,-3.5893e-16,1.66e-16
974.3,-185.83,198.49,8.5642,0.3312,0.017203,0.034375,1.4654,-3.5893e-16,1.66e-16
974.4,-185.85,198.51,8.5676,0.33128,0.015373,0.03386,1.4654,-3.5893e-16,1.66e-16
974.5,-185.87,198.53,8.571,0.33135,0.013616,0.033386,1.4654,-3.5893e-16,1.66e-16
974.6,-185.9,198.56,8.5743,0.33142,0.011929,0.03295,1.4654,-3.5893e-16,1.66e-16
974.7,-185.92,198.58,8.5776,0.33147,0.010307,0.03255,1.4654,-3.5893e-16,1.66e-16
974.8,-185.94,198.61,8.5808,0.33153,0.0087461,0.032184,1.4654,-3.5893e-16,1.66e-16
974.9,-185.96,198.63,8.584,0.33157,0.0072437,0.03185,1.4654,-3.5893e-16,1.66e-16
975,-185.99,198.65,8.5872,0.33161,0.0057964,0.031547,1.4654,-3.5893e-16,1.66e-16
975.1,-186.01,198.68,8.5903,0.33165,0.0044013,0.031273,1.4654,-3.5893e-16,1.66e-16
975.2,-186.03,198.7,8.5935,0.33168,0.0030555,0.031026,1.4654,-3.5893e-16,1.66e-16
975.3,-186.06,198.73,8.5965,0.33171,0.0017564,0.030805,1.4654,-3.5893e-16,1.66e-16
975.4,-186.08,198.75,8.5996,0.33173,0.00050171,0.030609,1.4654,-3.5893e-16,1.66e-16
975.5,-186.1,198.78,8.6027,0.33175,-0.00071229,0.030436,1.4654,-3.5893e-16,1.66e-16
975.6,-186.12,198.8,8.6057,0.33176,-0.0018932,0.030278,1.4654,-3.5893e-16,1.66e-16
975.7,-186.15,198.82,8.6087,0.33177,-0.003043,0.030133,1.4654,-3.5893e-16,1.66e-16
975.8,-186.17,198.85,8.6117,0.33178,-0.004163,0.030001,1.4654,-3.5893e-16,1.66e-16
975.9,-186.19,198.87,8.6147,0.33179,-0.0052546,0.02988,1.4654,-3.5893e-16,1.66e-16
976,-186.21,198.9,8.6177,0.33179,-0.0063189,0.029771,1.4654,-3.5893e-16,1.66e-16
976.1,-186.24,198.92,8.6207,0.33179,-0.007357,0.029672,1.4654,-3.5893e-16,1.66e-16
976.2,-186.26,198.95,8.6236,0.33179,-0.0083699,0.029582,1.4654,-3.5893e-16,1.66e-16
976.3,-186.28,198.97,8.6266,0.33178,-0.0093587,0.029502,1.4654,-3.5893e-16,1.66e-16
976.4,-186.3,199,8.6295,0.33177,-0.010324,0.029431,1.4654,-3.5893e-16,1.66e-16
976.5,-186.33,199.02,8.6325,0.33176,-0.011267,0.029367,1.4654,-3.5893e-16,1.66e-16
976.6,-186.35,199.04,8.6354,0.33175,-0.012189,0.029311,1.4654,-3.5893e-16,1.66e-16
976.7,-186.37,199.07,8.6383,0.33173,-0.01309,0.029262,1.4654,-3.5893e-16,1.66e-16
976.8,-186.39,199.09,8.6413,0.33172,-0.013971,0.029219,1.4654,-3.5893e-16,1.66e-16
976.9,-186.42,199.12,8.6442,0.3317,-0.014833,0.029182,1.4654,-3.5893e-16,1.66e-16
977,-186.44,199.14,8.6471,0.33168,-0.015676,0.029151,1.4654,-3.5893e-16,1.66e-16
977.1,-186.46,199.17,8.65,0.33165,-0.016501,0.029126,1.4654,-3.5893e-16,1.66e-16
977.2,-186.48,199.19,8.6529,0.33163,-0.017309,0.029105,1.4654,-3.5893e-16,1.66e-16
977.3,-186.51,199.21,8.6558,0.3316,-0.018101,0.029089,1.4654,-3.5893e-16,1.66e-16
977.4,-186.53,199.24,8.6587,0.33158,-0.018876,0.029077,1.4654,-3.5893e-16,1.66e-16
977.5,-186.55,199.26,8.6617,0.33155,-0.019635,0.029069,1.4654,-3.5893e-16,1.66e-16
977.6,-186.57,199.29,8.6646,0.33152,-0.020379,0.029065,1.4654,-3.5893e-16,1.66e-16
977.7,-186.6,199.31,8.6675,0.33149,-0.021109,0.029064,1.4654,-3.5893e-16,1.66e-16
977.8,-186.62,199.34,8.6704,0.33145,-0.021824,0.029066,1.4654,-3.5893e-16,1.66e-16
977.9,-186.64,199.36,8.6733,0.33142,-0.022525,0.029072,1.4654,-3.5893e-16,1.66e-16
978,-186.66,199.39,8.6762,0.33139,-0.023213,0.02908,1.4654,-3.5893e-16,1.66e-16
978.1,-186.69,199.41,8.6791,0.33135,-0.023888,0.02909,1.4654,-3.5893e-16,1.66e-16
978.2,-186.71,199.43,8.682,0.33131,-0.02455,0.029103,1.4654,-3.5893e-16,1.66e-16
978.3,-186.73,199.46,8.6849,0.33127,-0.0252,0.029117,1.4654,-3.5893e-16,1.66e-16
978.4,-186.76,199.48,8.6878,0.33123,-0.025838,0.029134,1.4654,-3.5893e-16,1.66e-16
978.5,-186.78,199.51,8.6907,0.33119,-0.026464,0.029152,1.4654,-3.5893e-16,1.66e-16
978.6,-186.8,199.53,8.6937,0.33115,-0.027079,0.029172,1.4654,-3.5893e-16,1.66e-16
978.7,-186.82,199.55,8.6966,0.33111,-0.027683,0.029193,1.4654,-3.5893e-16,1.66e-16
978.8,-186.85,199.58,8.6995,0.33107,-0.028276,0.029215,1.4654,-3.5893e-16,1.66e-16
978.9,-186.87,199.6,8.7024,0.33102,-0.028858,0.029239,1.4654,-3.5893e-16,1.66e-16
979,-186.89,199.63,8.7053,0.33098,-0.029431,0.029263,1.4654,-3.5893e-16,1.66e-16
979.1,-186.92,199.65,8.7083,0.33093,-0.029993,0.029288,1.4654,-3.5893e-16,1.66e-16
979.2,-186.94,199.67,8.7112,0.33089,-0.030546,0.029314,1.4654,-3.5893e-16,1.66e-16
979.3,-186.96,199.7,8.7141,0.33084,-0.031088,0.029341,1.4654,-3.5893e-16,1.66e-16
979.4,-186.98,199.72,8.7171,0.33079,-0.031622,0.029368,1.4654,-3.5893e-16,1.66e-16
979.5,-187.01,199.75,8.72,0.33075,-0.032146,0.029395,1.4654,-3.5893e-16,1.66e-16
979.6,-187.03,199.77,8.723,0.3307,-0.032662,0.029422,1.4654,-3.5893e-16,1.66e-16
979.7,-187.05,199.79,8.7259,0.33065,-0.033169,0.02945,1.4654,-3.5893e-16,1.66e-16
979.8,-187.08,199.82,8.7288,0.3306,-0.033667,0.029478,1.4654,-3.5893e-16,1.66e-16
979.9,-187.1,199.84,8.7318,0.33055,-0.034157,0.029506,1.4654,-3.5893e-16,1.66e-16
980,-187.12,199.87,8.7347,0.3305,-0.034638,0.029534,1.4654,-3.5893e-16,1.66e-16
980.1,-187.15,199.89,8.7377,0.33045,-0.035112,0.029562,1.4654,-3.5893e-16,1.66e-16
980.2,-187.17,199.91,8.7407,0.3304,-0.035577,0.02959,1.4654,-3.5893e-16,1.66e-16
980.3,-187.19,199.94,8.7436,0.33035,-0.036035,0.029617,1.4654,-3.5893e-16,1.66e-16
980.4,-187.22,199.96,8.7466,0.33029,-0.036486,0.029644,1.4654,-3.5893e-16,1.66e-16
980.5,-187.24,199.98,8.7495,0.33024,-0.036928,0.029671,1.4654,-3.5893e-16,1.66e-16
980.6,-187.26,200.01,8.7525,0.33019,-0.037364,0.029698,1.4654,-3.5893e-16,1.66e-16
980.7,-187.29,200.03,8.7555,0.33014,-0.037792,0.029724,1.4654,-3.5893e-16,1.66e-16
980.8,-187.31,200.05,8.7585,0.33008,-0.038213,0.029749,1.4654,-3.5893e-16,1.66e-16
980.9,-187.33,200.08,8.7614,0.33003,-0.038627,0.029774,1.4654,-3.5893e-16,1.66e-16
981,-187.36,200.1,8.7644,0.32998,-0.039035,0.029799,1.4654,-3.5893e-16,1.66e-16
981.1,-187.38,200.12,8.7674,0.32992,-0.039435,0.029823,1.4654,-3.5893e-16,1.66e-16
981.2,-187.41,200.15,8.7704,0.32987,-0.039829,0.029847,1.4654,-3.5893e-16,1.66e-16
981.3,-187.43,200.17,8.7734,0.32982,-0.040217,0.029869,1.4654,-3.5893e-16,1.66e-16
981.4,-187.45,200.19,8.7764,0.32976,-0.040598,0.029892,1.4654,-3.5893e-16,1.66e-16
981.5,-187.48,200.22,8.7793,0.32971,-0.040973,0.029913,1.4654,-3.5893e-16,1.66e-16
981.6,-187.5,200.24,8.7823,0.32965,-0.041341,0.029934,1.4654,-3.5893e-16,1.66e-16
981.7,-187.52,200.26,8.7853,0.3296,-0.041703,0.029954,1.4654,-3.5893e-16,1.66e-16
981.8,-187.55,200.29,8.7883,0.32955,-0.04206,0.029974,1.4654,-3.5893e-16,1.66e-16
981.9,-187.57,200.31,8.7913,0.32949,-0.04241,0.029992,1.4654,-3.5893e-16,1.66e-16
982,-187.6,200.33,8.7943,0.32944,-0.042755,0.03001,1.4654,-3.5893e-16,1.66e-16
982.1,-187.62,200.35,8.7973,0.32938,-0.043094,0.030028,1.4654,-3.5893e-16,1.66e-16
982.2,-187.65,200.38,8.8003,0.32933,-0.043427,0.030044,1.4654,-3.5893e-16,1.66e-16
982.3,-187.67,200.4,8.8033,0.32927,-0.043755,0.03006,1.4654,-3.5893e-16,1.66e-16
982.4,-187.69,200.42,8.8063,0.32922,-0.044077,0.030075,1.4654,-3.5893e-16,1.66e-16
982.5,-187.72,200.45,8.8093,0.32917,-0.044393,0.030089,1.4654,-3.5893e-16,1.66e-16
982.6,-187.74,200.47,8.8124,0.32911,-0.044704,0.030103,1.4654,-3.5893e-16,1.66e-16
982.7,-187.77,200.49,8.8154,0.32906,-0.04501,0.030115,1.4654,-3.5893e-16,1.66e-16
982.8,-187.79,200.51,8.8184,0.329,-0.045311,0.030127,1.4654,-3.5893e-16,1.66e-16
982.9,-187.82,200.54,8.8214,0.32895,-0.045607,0.030138,1.4654,-3.5893e-16,1.66e-16
983,-187.84,200.56,8.8244,0.3289,-0.045897,0.030149,1.4654,-3.5893e-16,1.66e-16
983.1,-187.86,200.58,8.8274,0.32884,-0.046183,0.030159,1.4654,-3.5893e-16,1.66e-16
983.2,-187.89,200.6,8.8304,0.32879,-0.046463,0.030167,1.4654,-3.5893e-16,1.66e-16
983.3,-187.91,200.62,8.8335,0.32874,-0.046739,0.030176,1.4654,-3.5893e-16,1.66e-16
983.4,-187.94,200.65,8.8365,0.32868,-0.04701,0.030183,1.4654,-3.5893e-16,1.66e-16
983.5,-187.96,200.67,8.8395,0.32863,-0.047276,0.03019,1.4654,-3.5893e-16,1.66e-16
983.6,-187.99,200.69,8.8425,0.32858,-0.047538,0.030196,1.4654,-3.5893e-16,1.66e-16
983.7,-188.01,200.71,8.8455,0.32852,-0.047794,0.030201,1.4654,-3.5893e-16,1.66e-16
983.8,-188.04,200.74,8.8486,0.32847,-0.048047,0.030205,1.4654,-3.5893e-16,1.66e-16
983.9,-188.06,200.76,8.8516,0.32842,-0.048294,0.030209,1.4654,-3.5893e-16,1.66e-16
984,-188.09,200.78,8.8546,0.32837,-0.048538,0.030212,1.4654,-3.5893e-16,1.66e-16
984.1,-188.11,200.8,8.8576,0.32832,-0.048777,0.030215,1.4654,-3.5893e-16,1.66e-16
984.2,-188.14,200.82,8.8606,0.32827,-0.049012,0.030217,1.4654,-3.5893e-16,1.66e-16
984.3,-188.16,200.84,8.8637,0.32822,-0.049242,0.030218,1.4654,-3.5893e-16,1.66e-16
984.4,-188.19,200.87,8.8667,0.32817,-0.049468,0.030218,1.4654,-3.5893e-16,1.66e-16
984.5,-188.21,200.89,8.8697,0.32812,-0.04969,0.030218,1.4654,-3.5893e-16,1.66e-16
984.6,-188.24,200.91,8.8727,0.32807,-0.049908,0.030218,1.4654,-3.5893e-16,1.66e-16
984.7,-188.26,200.93,8.8757,0.32802,-0.050122,0.030216,1.4654,-3.5893e-16,1.66e-16
984.8,-188.29,200.95,8.8788,0.32797,-0.050332,0.030214,1.4654,-3.5893e-16,1.66e-16
984.9,-188.32,200.97,8.8818,0.32792,-0.050538,0.030212,1.4654,-3.5893e-16,1.66e-16
985,-188.34,200.99,8.8848,0.32787,-0.05074,0.030209,1.4654,-3.5893e-16,1.66e-16
985.1,-188.37,201.02,8.8878,0.32782,-0.050939,0.030205,1.4654,-3.5893e-16,1.66e-16
985.2,-188.39,201.04,8.8909,0.32777,-0.051133,0.030201,1.4654,-3.5893e-16,1.66e-16
985.3,-188.42,201.06,8.8939,0.32772,-0.051324,0.030196,1.4654,-3.5893e-16,1.66e-16
985.4,-188.44,201.08,8.8969,0.32768,-0.051511,0.030191,1.4654,-3.5893e-16,1.66e-16
985.5,-188.47,201.1,8.8999,0.32763,-0.051695,0.030185,1.4654,-3.5893e-16,1.66e-16
985.6,-188.49,201.12,8.9029,0.32758,-0.051875,0.030179,1.4007,-0.008532,0.004185
985.7,-188.52,201.14,8.906,0.32739,-0.052088,0.030289,1.4007,-0.008532,0.004185
985.8,-188.55,201.16,8.909,0.3272,-0.052301,0.030393,1.4007,-0.008532,0.004185
985.9,-188.57,201.18,8.912,0.32702,-0.052513,0.030492,1.4007,-0.008532,0.004185
986,-188.6,201.2,8.9151,0.32683,-0.052723,0.030587,1.4007,-0.008532,0.004185
986.1,-188.62,201.22,8.9181,0.32665,-0.052933,0.030677,1.4007,-0.008532,0.004185
986.2,-188.65,201.24,8.9212,0.32647,-0.053141,0.030762,1.4007,-0.008532,0.004185
986.3,-188.68,201.26,8.9243,0.3263,-0.053348,0.030844,1.4007,-0.008532,0.004185
986.4,-188.7,201.28,8.9274,0.32612,-0.053554,0.03092,1.4007,-0.008532,0.004185
986.5,-188.73,201.3,8.9305,0.32595,-0.053757,0.030993,1.4007,-0.008532,0.004185
986.6,-188.75,201.32,8.9336,0.32578,-0.053959,0.031062,1.4007,-0.008532,0.004185
986.7,-188.78,201.34,8.9367,0.32561,-0.05416,0.031126,1.4007,-0.008532,0.004185
986.8,-188.81,201.36,8.9398,0.32544,-0.054358,0.031187,1.4007,-0.008532,0.004185
986.9,-188.83,201.38,8.9429,0.32528,-0.054554,0.031244,1.4007,-0.008532,0.004185
987,-188.86,201.4,8.9461,0.32512,-0.054748,0.031298,1.4007,-0.008532,0.004185
987.1,-188.89,201.42,8.9492,0.32496,-0.05494,0.031348,1.4007,-0.008532,0.004185
987.2,-188.91,201.44,8.9523,0.3248,-0.055129,0.031395,1.4007,-0.008532,0.004185
987.3,-188.94,201.46,8.9555,0.32464,-0.055316,0.031438,1.4007,-0.008532,0.004185
987.4,-188.97,201.48,8.9586,0.32449,-0.055501,0.031479,1.4007,-0.008532,0.004185
987.5,-188.99,201.5,8.9618,0.32434,-0.055683,0.031516,1.4007,-0.008532,0.004185
987.6,-189.02,201.52,8.9649,0.32419,-0.055863,0.03155,1.4007,-0.008532,0.004185
987.7,-189.04,201.54,8.9681,0.32404,-0.056041,0.031582,1.4007,-0.008532,0.004185
987.8,-189.07,201.56,8.9712,0.3239,-0.056215,0.031611,1.4007,-0.008532,0.004185
987.9,-189.1,201.58,8.9744,0.32375,-0.056387,0.031637,1.4007,-0.008532,0.004185
988,-189.12,201.6,8.9776,0.32361,-0.056557,0.03166,1.4007,-0.008532,0.004185
988.1,-189.15,201.62,8.9807,0.32347,-0.056723,0.031681,1.4007,-0.008532,0.004185
988.2,-189.18,201.64,8.9839,0.32333,-0.056887,0.0317,1.4007,-0.008532,0.004185
988.3,-189.21,201.66,8.9871,0.3232,-0.057048,0.031716,1.4007,-0.008532,0.004185
988.4,-189.23,201.68,8.9902,0.32306,-0.057206,0.031731,1.4007,-0.008532,0.004185
988.5,-189.26,201.69,8.9934,0.32293,-0.057362,0.031743,1.4007,-0.008532,0.004185
988.6,-189.29,201.71,8.9966,0.3228,-0.057515,0.031753,1.4007,-0.008532,0.004185
988.7,-189.31,201.73,8.9998,0.32267,-0.057665,0.031761,1.4007,-0.008532,0.004185
988.8,-189.34,201.75,9.0029,0.32254,-0.057812,0.031767,1.4007,-0.008532,0.004185
988.9,-189.37,201.77,9.0061,0.32242,-0.057956,0.031771,1.4007,-0.008532,0.004185
989,-189.39,201.79,9.0093,0.32229,-0.058097,0.031774,1.4007,-0.008532,0.004185
989.1,-189.42,201.8,9.0125,0.32217,-0.058236,0.031775,1.4007,-0.008532,0.004185
989.2,-189.45,201.82,9.0157,0.32205,-0.058371,0.031774,1.4007,-0.008532,0.004185
989.3,-189.48,201.84,9.0188,0.32193,-0.058504,0.031772,1.4007,-0.008532,0.004185
989.4,-189.5,201.86,9.022,0.32182,-0.058634,0.031768,1.4007,-0.008532,0.004185
989.5,-189.53,201.88,9.0252,0.3217,-0.058762,0.031763,1.4007,-0.008532,0.004185
989.6,-189.56,201.9,9.0284,0.32159,-0.058886,0.031757,1.4007,-0.008532,0.004185
989.7,-189.59,201.91,9.0315,0.32148,-0.059008,0.031749,1.4007,-0.008532,0.004185
989.8,-189.61,201.93,9.0347,0.32137,-0.059126,0.03174,1.4007,-0.008532,0.004185
989.9,-189.64,201.95,9.0379,0.32126,-0.059242,0.03173,1.4007,-0.008532,0.004185
990,-189.67,201.97,9.0411,0.32115,-0.059356,0.031719,1.4007,-0.008532,0.004185
990.1,-189.7,201.98,9.0442,0.32105,-0.059466,0.031707,1.4007,-0.008532,0.004185
990.2,-189.72,202,9.0474,0.32094,-0.059574,0.031694,1.4007,-0.008532,0.004185
990.3,-189.75,202.02,9.0506,0.32084,-0.059679,0.031679,1.4007,-0.008532,0.004185
990.4,-189.78,202.04,9.0537,0.32074,-0.059782,0.031664,1.4007,-0.008532,0.004185
990.5,-189.81,202.05,9.0569,0.32064,-0.059881,0.031648,1.4007,-0.008532,0.004185
990.6,-189.83,202.07,9.0601,0.32054,-0.059979,0.031632,1.4007,-0.008532,0.004185
990.7,-189.86,202.09,9.0632,0.32045,-0.060073,0.031614,1.4007,-0.008532,0.004185
990.8,-189.89,202.1,9.0664,0.32035,-0.060165,0.031596,1.4007,-0.008532,0.004185
990.9,-189.92,202.12,9.0695,0.32026,-0.060255,0.031577,1.4007,-0.008532,0.004185
991,-189.95,202.14,9.0727,0.32017,-0.060342,0.031558,1.4007,-0.008532,0.004185
991.1,-189.97,202.15,9.0759,0.32008,-0.060426,0.031538,1.4007,-0.008532,0.004185
991.2,-190,202.17,9.079,0.31999,-0.060508,0.031517,1.4007,-0.008532,0.004185
991.3,-190.03,202.19,9.0822,0.3199,-0.060588,0.031496,1.4007,-0.008532,0.004185
991.4,-190.06,202.2,9.0853,0.31982,-0.060665,0.031475,1.4007,-0.008532,0.004185
991.5,-190.09,202.22,9.0885,0.31973,-0.06074,0.031453,1.4007,-0.008532,0.004185
991.6,-190.11,202.24,9.0916,0.31965,-0.060813,0.03143,1.4007,-0.008532,0.004185
991.7,-190.14,202.25,9.0947,0.31957,-0.060883,0.031407,1.4007,-0.008532,0.004185
991.8,-190.17,202.27,9.0979,0.31949,-0.060951,0.031384,5.9096,-1.4474e-15,6.7801e-16
991.9,-190.2,202.28,9.101,0.32948,-0.061,0.031295,5.9096,-1.4474e-15,6.7801e-16
992,-190.23,202.3,9.1041,0.3393,-0.061085,0.031307,5.9096,-1.4474e-15,6.7801e-16
992.1,-190.26,202.32,9.1073,0.34893,-0.061208,0.031415,5.9096,-1.4474e-15,6.7801e-16
992.2,-190.29,202.33,9.1104,0.35839,-0.061372,0.031616,5.9096,-1.4474e-15,6.7801e-16
992.3,-190.32,202.35,9.1136,0.36767,-0.061578,0.031906,5.9096,-1.4474e-15,6.7801e-16
992.4,-190.36,202.37,9.1168,0.37676,-0.06183,0.032283,5.9096,-1.4474e-15,6.7801e-16
992.5,-190.39,202.39,9.1201,0.38568,-0.06213,0.032744,5.9096,-1.4474e-15,6.7801e-16
992.6,-190.43,202.4,9.1234,0.39441,-0.06248,0.033287,5.9096,-1.4474e-15,6.7801e-16
992.7,-190.46,202.42,9.1267,0.40296,-0.062884,0.033911,5.9096,-1.4474e-15,6.7801e-16
992.8,-190.5,202.44,9.1301,0.41133,-0.063344,0.034613,5.9096,-1.4474e-15,6.7801e-16
992.9,-190.54,202.46,9.1336,0.41951,-0.063864,0.035393,5.9096,-1.4474e-15,6.7801e-16
993,-190.58,202.48,9.1372,0.42752,-0.064445,0.036249,5.9096,-1.4474e-15,6.7801e-16
993.1,-190.62,202.49,9.1409,0.43535,-0.065092,0.03718,5.9096,-1.4474e-15,6.7801e-16
993.2,-190.66,202.51,9.1447,0.443,-0.065808,0.038186,5.9096,-1.4474e-15,6.7801e-16
993.3,-190.7,202.53,9.1485,0.45047,-0.066595,0.039265,5.9096,-1.4474e-15,6.7801e-16
993.4,-190.74,202.55,9.1525,0.45776,-0.067457,0.040416,5.9096,-1.4474e-15,6.7801e-16
993.5,-190.78,202.57,9.1566,0.46488,-0.068397,0.041639,5.9096,-1.4474e-15,6.7801e-16
993.6,-190.83,202.59,9.1609,0.47183,-0.069419,0.042931,5.9096,-1.4474e-15,6.7801e-16
993.7,-190.87,202.61,9.1652,0.4786,-0.070525,0.044293,5.9096,-1.4474e-15,6.7801e-16
993.8,-190.92,202.63,9.1697,0.4852,-0.071719,0.045722,5.9096,-1.4474e-15,6.7801e-16
993.9,-190.96,202.64,9.1744,0.49163,-0.073004,0.047217,5.9096,-1.4474e-15,6.7801e-16
994,-191.01,202.66,9.1792,0.4979,-0.074384,0.048776,5.9096,-1.4474e-15,6.7801e-16
994.1,-191.05,202.68,9.1841,0.50399,-0.07586,0.050397,5.9096,-1.4474e-15,6.7801e-16
994.2,-191.1,202.7,9.1892,0.50993,-0.077436,0.052079,5.9096,-1.4474e-15,6.7801e-16
994.3,-191.15,202.72,9.1945,0.51569,-0.079115,0.053817,5.9096,-1.4474e-15,6.7801e-16
994.4,-191.2,202.74,9.2,0.5213,-0.0809,0.055611,5.9096,-1.4474e-15,6.7801e-16
994.5,-191.25,202.76,9.2057,0.52675,-0.082791,0.057455,5.9096,-1.4474e-15,6.7801e-16
994.6,-191.3,202.78,9.2115,0.53204,-0.084792,0.059348,5.9096,-1.4474e-15,6.7801e-16
994.7,-191.35,202.8,9.2175,0.53717,-0.086905,0.061285,5.9096,-1.4474e-15,6.7801e-16
994.8,-191.4,202.82,9.2238,0.54215,-0.089131,0.063262,5.9096,-1.4474e-15,6.7801e-16
994.9,-191.45,202.84,9.2302,0.54697,-0.091471,0.065275,5.9096,-1.4474e-15,6.7801e-16
995,-191.5,202.86,9.2368,0.55164,-0.093926,0.067319,5.9096,-1.4474e-15,6.7801e-16
995.1,-191.56,202.88,9.2436,0.55616,-0.096497,0.06939,5.9096,-1.4474e-15,6.7801e-16
995.2,-191.61,202.9,9.2507,0.56054,-0.099183,0.071481,5.9096,-1.4474e-15,6.7801e-16
995.3,-191.66,202.92,9.2579,0.56476,-0.10199,0.073588,5.9096,-1.4474e-15,6.7801e-16
995.4,-191.72,202.94,9.2654,0.56884,-0.1049,0.075705,5.9096,-1.4474e-15,6.7801e-16
995.5,-191.77,202.96,9.2731,0.57277,-0.10793,0.077826,5.9096,-1.4474e-15,6.7801e-16
995.6,-191.83,202.98,9.281,0.57657,-0.11108,0.079945,5.9096,-1.4474e-15,6.7801e-16
995.7,-191.88,202.99,9.2891,0.58022,-0.11433,0.082057,5.9096,-1.4474e-15,6.7801e-16
995.8,-191.94,203.01,9.2974,0.58373,-0.11769,0.084156,5.9096,-1.4474e-15,6.7801e-16
995.9,-192,203.03,9.3059,0.5871,-0.12116,0.086235,5.9096,-1.4474e-15,6.7801e-16
996,-192.05,203.05,9.3146,0.59034,-0.12473,0.088289,5.9096,-1.4474e-15,6.7801e-16
996.1,-192.11,203.07,9.3236,0.59344,-0.1284,0.090313,5.9096,-1.4474e-15,6.7801e-16
996.2,-192.17,203.09,9.3327,0.59641,-0.13216,0.0923,5.9096,-1.4474e-15,6.7801e-16
996.3,-192.23,203.11,9.342,0.59925,-0.13601,0.094246,5.9096,-1.4474e-15,6.7801e-16
996.4,-192.28,203.13,9.3515,0.60196,-0.13995,0.096145,5.9096,-1.4474e-15,6.7801e-16
996.5,-192.34,203.14,9.3612,0.60454,-0.14397,0.097993,5.9096,-1.4474e-15,6.7801e-16
996.6,-192.4,203.16,9.3711,0.60699,-0.14806,0.099785,5.9096,-1.4474e-15,6.7801e-16
996.7,-192.46,203.18,9.3812,0.60933,-0.15223,0.10152,5.9096,-1.4474e-15,6.7801e-16
996.8,-192.52,203.2,9.3914,0.61154,-0.15645,0.10319,5.9096,-1.4474e-15,6.7801e-16
996.9,-192.58,203.22,9.4018,0.61363,-0.16074,0.10479,5.9096,-1.4474e-15,6.7801e-16
997,-192.65,203.23,9.4124,0.6156,-0.16508,0.10632,5.9096,-1.4474e-15,6.7801e-16
997.1,-192.71,203.25,9.4231,0.61747,-0.16946,0.10778,5.9096,-1.4474e-15,6.7801e-16
997.2,-192.77,203.27,9.4339,0.61921,-0.17389,0.10916,5.9096,-1.4474e-15,6.7801e-16
997.3,-192.83,203.28,9.4449,0.62085,-0.17835,0.11047,5.9096,-1.4474e-15,6.7801e-16
997.4,-192.89,203.3,9.456,0.62239,-0.18284,0.1117,5.9096,-1.4474e-15,6.7801e-16
997.5,-192.96,203.32,9.4673,0.62382,-0.18735,0.11284,5.9096,-1.4474e-15,6.7801e-16
997.6,-193.02,203.33,9.4786,0.62515,-0.19188,0.11391,5.9096,-1.4474e-15,6.7801e-16
997.7,-193.08,203.35,9.49,0.62638,-0.19641,0.1149,5.9096,-1.4474e-15,6.7801e-16
997.8,-193.15,203.36,9.5016,0.62752,-0.20096,0.1158,5.9096,-1.4474e-15,6.7801e-16
997.9,-193.21,203.38,9.5132,0.62856,-0.2055,0.11663,5.9096,-1.4474e-15,6.7801e-16
998,-193.28,203.39,9.5249,0.62952,-0.21004,0.11737,5.9096,-1.4474e-15,6.7801e-16
998.1,-193.34,203.41,9.5367,0.63039,-0.21457,0.11803,5.9096,-1.4474e-15,6.7801e-16
998.2,-193.41,203.42,9.5485,0.63118,-0.21908,0.11862,5.9096,-1.4474e-15,6.7801e-16
998.3,-193.47,203.44,9.5604,0.63189,-0.22357,0.11912,5.9096,-1.4474e-15,6.7801e-16
998.4,-193.54,203.45,9.5723,0.63253,-0.22804,0.11955,5.9096,-1.4474e-15,6.7801e-16
998.5,-193.6,203.46,9.5843,0.6331,-0.23248,0.1199,5.9096,-1.4474e-15,6.7801e-16
998.6,-193.67,203.48,9.5963,0.63359,-0.23689,0.12018,5.9096,-1.4474e-15,6.7801e-16
998.7,-193.74,203.49,9.6083,0.63403,-0.24126,0.12039,5.9096,-1.4474e-15,6.7801e-16
998.8,-193.8,203.5,9.6204,0.6344,-0.24559,0.12052,5.9096,-1.4474e-15,6.7801e-16
998.9,-193.87,203.51,9.6324,0.63471,-0.24988,0.12059,5.9096,-1.4474e-15,6.7801e-16
999,-193.94,203.52,9.6445,0.63497,-0.25412,0.12059,5.9096,-1.4474e-15,6.7801e-16
999.1,-194.01,203.53,9.6566,0.63518,-0.25832,0.12052,5.9096,-1.4474e-15,6.7801e-16
999.2,-194.07,203.54,9.6686,0.63533,-0.26247,0.12039,5.9096,-1.4474e-15,6.7801e-16
999.3,-194.14,203.55,9.6806,0.63545,-0.26656,0.1202,5.9096,-1.4474e-15,6.7801e-16
999.4,-194.21,203.56,9.6926,0.63552,-0.2706,0.11996,5.9096,-1.4474e-15,6.7801e-16
999.5,-194.28,203.57,9.7046,0.63556,-0.27459,0.11965,5.9096,-1.4474e-15,6.7801e-16
999.6,-194.35,203.58,9.7166,0.63555,-0.27851,0.11929,5.9096,-1.4474e-15,6.7801e-16
999.7,-194.42,203.59,9.7285,0.63552,-0.28238,0.11888,5.9096,-1.4474e-15,6.7801e-16
999.8,-194.49,203.6,9.7403,0.63546,-0.28619,0.11842,5.9096,-1.4474e-15,6.7801e-16
999.9,-194.56,203.6,9.7522,0.63537,-0.28994,0.11791,5.9096,-1.4474e-15,6.7801e-16
1000,-194.63,203.61,9.7639,0.63526,-0.29363,0.11736,5.9096,-1.4474e-15,6.7801e-16
1000.1,-194.7,203.62,9.7756,0.63512,-0.29726,0.11676,5.9096,-1.4474e-15,6.7801e-16
1000.2,-194.76,203.62,9.7873,0.63497,-0.30083,0.11612,5.9096,-1.4474e-15,6.7801e-16
1000.3,-194.84,203.63,9.7989,0.6348,-0.30433,0.11544,5.9096,-1.4474e-15,6.7801e-16
1000.4,-194.91,203.63,9.8104,0.63462,-0.30777,0.11472,5.9096,-1.4474e-15,6.7801e-16
1000.5,-194.98,203.64,9.8218,0.63443,-0.31116,0.11397,5.9096,-1.4474e-15,6.7801e-16
1000.6,-195.05,203.64,9.8332,0.63423,-0.31448,0.11318,5.9096,-1.4474e-15,6.7801e-16
1000.7,-195.12,203.64,9.8444,0.63402,-0.31773,0.11236,5.9096,-1.4474e-15,6.7801e-16
1000.8,-195.19,203.65,9.8556,0.63381,-0.32093,0.11151,5.9096,-1.4474e-15,6.7801e-16
1000.9,-195.26,203.65,9.8667,0.63359,-0.32407,0.11062,5.9096,-1.4474e-15,6.7801e-16
1001,-195.33,203.65,9.8777,0.63338,-0.32715,0.10971,5.9096,-1.4474e-15,6.7801e-16
1001.1,-195.4,203.65,9.8887,0.63317,-0.33017,0.10878,5.9096,-1.4474e-15,6.7801e-16
1001.2,-195.47,203.65,9.8995,0.63295,-0.33313,0.10782,5.9096,-1.4474e-15,6.7801e-16
1001.3,-195.54,203.65,9.9102,0.63275,-0.33603,0.10683,5.9096,-1.4474e-15,6.7801e-16
1001.4,-195.62,203.65,9.9209,0.63255,-0.33888,0.10583,5.9096,-1.4474e-15,6.7801e-16
1001.5,-195.69,203.65,9.9314,0.63235,-0.34167,0.1048,5.9096,-1.4474e-15,6.7801e-16
1001.6,-195.76,203.65,9.9418,0.63217,-0.34441,0.10375,5.9096,-1.4474e-15,6.7801e-16
1001.7,-195.83,203.65,9.9522,0.632,-0.3471,0.10269,5.9096,-1.4474e-15,6.7801e-16
1001.8,-195.9,203.65,9.9624,0.63183,-0.34973,0.10161,5.9096,-1.4474e-15,6.7801e-16
1001.9,-195.98,203.65,9.9725,0.63168,-0.35231,0.10051,5.9096,-1.4474e-15,6.7801e-16
1002,-196.05,203.64,9.9825,0.63155,-0.35484,0.099391,5.9096,-1.4474e-15,6.7801e-16
1002.1,-196.12,203.64,9.9923,0.63143,-0.35733,0.098261,5.9096,-1.4474e-15,6.7801e-16
1002.2,-196.19,203.64,10.002,0.63132,-0.35976,0.097117,5.9096,-1.4474e-15,6.7801e-16
1002.3,-196.27,203.63,10.012,0.63123,-0.36215,0.09596,5.9096,-1.4474e-15,6.7801e-16
1002.4,-196.34,203.63,10.021,0.63116,-0.36449,0.094791,5.9096,-1.4474e-15,6.7801e-16
1002.5,-196.41,203.62,10.031,0.63111,-0.36679,0.09361,5.9096,-1.4474e-15,6.7801e-16
1002.6,-196.48,203.61,10.04,0.63107,-0.36904,0.092417,5.9096,-1.4474e-15,6.7801e-16
1002.7,-196.56,203.61,10.049,0.63105,-0.37126,0.091214,5.9096,-1.4474e-15,6.7801e-16
1002.8,-196.63,203.6,10.058,0.63106,-0.37343,0.090001,5.9096,-1.4474e-15,6.7801e-16
1002.9,-196.7,203.59,10.067,0.63108,-0.37556,0.088778,5.9096,-1.4474e-15,6.7801e-16
1003,-196.78,203.59,10.076,0.63113,-0.37765,0.087546,5.9096,-1.4474e-15,6.7801e-16
1003.1,-196.85,203.58,10.085,0.6312,-0.37971,0.086304,5.9096,-1.4474e-15,6.7801e-16
1003.2,-196.92,203.57,10.093,0.63129,-0.38173,0.085054,5.9096,-1.4474e-15,6.7801e-16
1003.3,-197,203.56,10.102,0.6314,-0.38371,0.083795,5.9096,-1.4474e-15,6.7801e-16
1003.4,-197.07,203.55,10.11,0.63153,-0.38567,0.082527,5.9096,-1.4474e-15,6.7801e-16
1003.5,-197.14,203.54,10.118,0.63169,-0.38758,0.081251,5.9096,-1.4474e-15,6.7801e-16
1003.6,-197.22,203.53,10.126,0.63187,-0.38947,0.079967,6.1128,0.29277,-0.1436
1003.7,-197.29,203.52,10.134,0.63259,-0.39005,0.074743,6.1128,0.29277,-0.1436
1003.8,-197.36,203.5,10.141,0.63346,-0.39048,0.069741,6.1128,0.29277,-0.1436
1003.9,-197.44,203.49,10.148,0.63446,-0.39078,0.064931,6.1128,0.29277,-0.1436
1004,-197.51,203.48,10.154,0.63559,-0.39095,0.060285,6.1128,0.29277,-0.1436
1004.1,-197.58,203.47,10.16,0.63684,-0.39101,0.055779,6.1128,0.29277,-0.1436
1004.2,-197.66,203.45,10.165,0.6382,-0.39096,0.051391,6.1128,0.29277,-0.1436
1004.3,-197.73,203.44,10.17,0.63966,-0.3908,0.0471,6.1128,0.29277,-0.1436
1004.4,-197.8,203.42,10.175,0.64122,-0.39054,0.042887,6.1128,0.29277,-0.1436
1004.5,-197.88,203.41,10.179,0.64288,-0.39018,0.038734,6.1128,0.29277,-0.1436
1004.6,-197.95,203.39,10.183,0.64464,-0.38972,0.034621,6.1128,0.29277,-0.1436
1004.7,-198.02,203.38,10.186,0.64648,-0.38916,0.030533,6.1128,0.29277,-0.1436
1004.8,-198.1,203.36,10.189,0.6484,-0.38851,0.026449,6.1128,0.29277,-0.1436
1004.9,-198.17,203.34,10.191,0.65041,-0.38776,0.022352,6.1128,0.29277,-0.1436
1005,-198.25,203.32,10.193,0.6525,-0.38691,0.018221,6.1128,0.29277,-0.1436
1005.1,-198.32,203.31,10.195,0.65467,-0.38597,0.014035,6.1128,0.29277,-0.1436
1005.2,-198.39,203.29,10.196,0.65692,-0.38492,0.0097689,6.1128,0.29277,-0.1436
1005.3,-198.47,203.27,10.197,0.65925,-0.38377,0.0053976,6.1128,0.29277,-0.1436
1005.4,-198.54,203.25,10.197,0.66166,-0.38251,0.00089054,6.1128,0.29277,-0.1436
1005.5,-198.62,203.23,10.197,0.66415,-0.38086,-0.0036834,6.1128,0.29277,-0.1436
1005.6,-198.69,203.21,10.196,0.66672,-0.37829,-0.0081036,6.1128,0.29277,-0.1436
1005.7,-198.76,203.19,10.195,0.66936,-0.37481,-0.012317,6.1128,0.29277,-0.1436
1005.8,-198.84,203.17,10.194,0.67205,-0.37047,-0.016286,6.1128,0.29277,-0.1436
1005.9,-198.91,203.15,10.192,0.67478,-0.36531,-0.019981,6.1128,0.29277,-0.1436
1006,-198.99,203.13,10.19,0.67753,-0.35941,-0.023384,6.1128,0.29277,-0.1436
1006.1,-199.06,203.11,10.187,0.6803,-0.35282,-0.026486,6.1128,0.29277,-0.1436
1006.2,-199.13,203.09,10.185,0.68306,-0.34563,-0.029288,6.1128,0.29277,-0.1436
1006.3,-199.21,203.07,10.182,0.68579,-0.33789,-0.031795,6.1128,0.29277,-0.1436
1006.4,-199.28,203.05,10.178,0.6885,-0.3297,-0.034022,6.1128,0.29277,-0.1436
1006.5,-199.35,203.02,10.175,0.69116,-0.32111,-0.035987,6.1128,0.29277,-0.1436
1006.6,-199.42,203,10.171,0.69377,-0.31218,-0.037712,6.1128,0.29277,-0.1436
1006.7,-199.5,202.97,10.167,0.69632,-0.30298,-0.039222,6.1128,0.29277,-0.1436
1006.8,-199.57,202.95,10.163,0.69879,-0.29356,-0.040543,6.1128,0.29277,-0.1436
1006.9,-199.64,202.92,10.159,0.70119,-0.28397,-0.041703,6.1128,0.29277,-0.1436
1007,-199.71,202.9,10.155,0.70351,-0.27424,-0.04273,6.1128,0.29277,-0.1436
1007.1,-199.78,202.87,10.151,0.70575,-0.26442,-0.04365,6.1128,0.29277,-0.1436
1007.2,-199.85,202.84,10.146,0.7079,-0.25453,-0.044492,6.1128,0.29277,-0.1436
1007.3,-199.92,202.81,10.142,0.70996,-0.2446,-0.04528,6.1128,0.29277,-0.1436
1007.4,-199.99,202.79,10.137,0.71195,-0.23465,-0.046042,6.1128,0.29277,-0.1436
1007.5,-200.06,202.76,10.132,0.71384,-0.22469,-0.046801,6.1128,0.29277,-0.1436
1007.6,-200.13,202.73,10.128,0.71566,-0.21473,-0.047581,6.1128,0.29277,-0.1436
1007.7,-200.2,202.7,10.123,0.71739,-0.20478,-0.048406,6.1128,0.29277,-0.1436
1007.8,-200.26,202.67,10.118,0.71904,-0.19484,-0.049298,6.1128,0.29277,-0.1436
1007.9,-200.33,202.64,10.113,0.72062,-0.18492,-0.05028,6.1128,0.29277,-0.1436
1008,-200.4,202.6,10.108,0.72212,-0.17501,-0.051373,6.1128,0.29277,-0.1436
1008.1,-200.47,202.57,10.103,0.72355,-0.16511,-0.052598,6.1128,0.29277,-0.1436
1008.2,-200.53,202.54,10.097,0.72492,-0.15521,-0.053977,6.1128,0.29277,-0.1436
1008.3,-200.6,202.51,10.092,0.72621,-0.1453,-0.05553,6.1128,0.29277,-0.1436
1008.4,-200.66,202.47,10.086,0.72744,-0.13538,-0.057277,6.1128,0.29277,-0.1436
1008.5,-200.73,202.44,10.081,0.7286,-0.12543,-0.05924,6.1128,0.29277,-0.1436
1008.6,-200.79,202.4,10.074,0.7297,-0.11546,-0.061438,6.1128,0.29277,-0.1436
1008.7,-200.86,202.37,10.068,0.73075,-0.10544,-0.06389,6.1128,0.29277,-0.1436
1008.8,-200.92,202.33,10.062,0.73172,-0.095365,-0.066616,6.1128,0.29277,-0.1436
1008.9,-200.99,202.3,10.055,0.73264,-0.085232,-0.069634,6.1128,0.29277,-0.1436
1009,-201.05,202.26,10.048,0.7335,-0.075029,-0.072959,6.1128,0.29277,-0.1436
1009.1,-201.12,202.22,10.04,0.73429,-0.064751,-0.076607,6.1128,0.29277,-0.1436
1009.2,-201.18,202.18,10.032,0.73502,-0.054394,-0.080591,6.1128,0.29277,-0.1436
1009.3,-201.24,202.15,10.024,0.73567,-0.043954,-0.08492,6.1128,0.29277,-0.1436
1009.4,-201.31,202.11,10.015,0.73625,-0.033432,-0.0896,6.1128,0.29277,-0.1436
1009.5,-201.37,202.07,10.006,0.73676,-0.022832,-0.094635,6.1128,0.29277,-0.1436
1009.6,-201.43,202.03,9.9965,0.73718,-0.012161,-0.10002,6.1128,0.29277,-0.1436
1009.7,-201.49,201.99,9.9862,0.73751,-0.0014291,-0.10575,6.1128,0.29277,-0.1436
1009.8,-201.56,201.95,9.9753,0.73775,0.0094403,-0.11172,6.1128,0.29277,-0.1436
1009.9,-201.62,201.91,9.9639,0.73787,0.020586,-0.1177,6.1128,0.29277,-0.1436
1010,-201.68,201.87,9.9518,0.73789,0.031997,-0.12363,6.1128,0.29277,-0.1436
1010.1,-201.74,201.83,9.9391,0.73777,0.043655,-0.12945,6.1128,0.29277,-0.1436
1010.2,-201.81,201.79,9.9259,0.73752,0.055535,-0.1351,6.1128,0.29277,-0.1436
1010.3,-201.87,201.75,9.9121,0.73712,0.067608,-0.14052,6.1128,0.29277,-0.1436
1010.4,-201.93,201.71,9.8978,0.73657,0.079841,-0.14568,6.1128,0.29277,-0.1436
1010.5,-201.99,201.67,9.883,0.73586,0.092197,-0.15052,6.1128,0.29277,-0.1436
1010.6,-202.05,201.63,9.8677,0.73499,0.10464,-0.15501,6.1128,0.29277,-0.1436
1010.7,-202.12,201.59,9.852,0.73394,0.11713,-0.15915,6.1128,0.29277,-0.1436
1010.8,-202.18,201.55,9.8359,0.73273,0.12963,-0.16289,6.1128,0.29277,-0.1436
1010.9,-202.24,201.51,9.8194,0.73135,0.14211,-0.16625,6.1128,0.29277,-0.1436
1011,-202.3,201.47,9.8027,0.7298,0.15451,-0.1692,6.1128,0.29277,-0.1436
1011.1,-202.36,201.43,9.7856,0.72809,0.16683,-0.17176,6.1128,0.29277,-0.1436
1011.2,-202.43,201.38,9.7683,0.72622,0.17901,-0.17394,6.1128,0.29277,-0.1436
1011.3,-202.49,201.34,9.7508,0.7242,0.19103,-0.17573,6.1128,0.29277,-0.1436
1011.4,-202.55,201.3,9.7332,0.72204,0.20287,-0.17716,6.1128,0.29277,-0.1436
1011.5,-202.61,201.26,9.7154,0.71975,0.21451,-0.17824,6.1128,0.29277,-0.1436
1011.6,-202.68,201.22,9.6976,0.71733,0.22591,-0.17898,6.1128,0.29277,-0.1436
1011.7,-202.74,201.18,9.6796,0.7148,0.23708,-0.17941,6.1128,0.29277,-0.1436
1011.8,-202.8,201.14,9.6617,0.71217,0.248,-0.17955,6.1128,0.29277,-0.1436
1011.9,-202.87,201.1,9.6437,0.70945,0.25864,-0.1794,6.1128,0.29277,-0.1436
1012,-202.93,201.06,9.6258,0.70665,0.26902,-0.179,6.1128,0.29277,-0.1436
1012.1,-202.99,201.02,9.6079,0.70379,0.27911,-0.17835,6.1128,0.29277,-0.1436
1012.2,-203.06,200.98,9.5901,0.70088,0.28892,-0.17748,6.1128,0.29277,-0.1436
1012.3,-203.12,200.94,9.5725,0.69792,0.29845,-0.17641,6.1128,0.29277,-0.1436
1012.4,-203.19,200.9,9.5549,0.69494,0.30769,-0.17514,6.1128,0.29277,-0.1436
1012.5,-203.25,200.86,9.5374,0.69194,0.31666,-0.1737,10.176,-2.4925e-15,1.2453e-15
1012.6,-203.32,200.82,9.5203,0.698,0.32412,-0.16859,10.176,-2.4925e-15,1.2453e-15
1012.7,-203.39,200.78,9.5037,0.70389,0.33133,-0.16432,10.176,-2.4925e-15,1.2453e-15
1012.8,-203.45,200.74,9.4874,0.7096,0.33834,-0.16072,10.176,-2.4925e-15,1.2453e-15
1012.9,-203.52,200.7,9.4715,0.71512,0.3452,-0.15768,10.176,-2.4925e-15,1.2453e-15
1013,-203.59,200.66,9.4559,0.72046,0.35195,-0.15511,10.176,-2.4925e-15,1.2453e-15
1013.1,-203.66,200.63,9.4405,0.7256,0.3586,-0.15293,10.176,-2.4925e-15,1.2453e-15
1013.2,-203.74,200.59,9.4253,0.73056,0.36519,-0.15106,10.176,-2.4925e-15,1.2453e-15
1013.3,-203.81,200.55,9.4103,0.73532,0.37173,-0.14945,10.176,-2.4925e-15,1.2453e-15
1013.4,-203.89,200.52,9.3954,0.7399,0.37825,-0.14806,10.176,-2.4925e-15,1.2453e-15
1013.5,-203.96,200.48,9.3806,0.74429,0.38474,-0.14685,10.176,-2.4925e-15,1.2453e-15
1013.6,-204.04,200.45,9.366,0.74849,0.39122,-0.14578,10.176,-2.4925e-15,1.2453e-15
1013.7,-204.11,200.41,9.3515,0.75251,0.3977,-0.14481,10.176,-2.4925e-15,1.2453e-15
1013.8,-204.19,200.38,9.3371,0.75635,0.40418,-0.14393,10.176,-2.4925e-15,1.2453e-15
1013.9,-204.27,200.35,9.3227,0.76001,0.41068,-0.14311,10.176,-2.4925e-15,1.2453e-15
1014,-204.35,200.31,9.3084,0.76351,0.41719,-0.14232,10.176,-2.4925e-15,1.2453e-15
1014.1,-204.43,200.28,9.2942,0.76683,0.42371,-0.14155,10.176,-2.4925e-15,1.2453e-15
1014.2,-204.52,200.25,9.2801,0.77,0.43025,-0.14079,10.176,-2.4925e-15,1.2453e-15
1014.3,-204.6,200.22,9.2661,0.77301,0.43681,-0.14001,10.176,-2.4925e-15,1.2453e-15
1014.4,-204.68,200.19,9.2521,0.77587,0.44339,-0.1392,10.176,-2.4925e-15,1.2453e-15
1014.5,-204.77,200.16,9.2382,0.7786,0.44999,-0.13836,10.176,-2.4925e-15,1.2453e-15
1014.6,-204.85,200.13,9.2244,0.78118,0.45661,-0.13746,10.176,-2.4925e-15,1.2453e-15
1014.7,-204.94,200.1,9.2107,0.78364,0.46325,-0.1365,10.176,-2.4925e-15,1.2453e-15
1014.8,-205.03,200.07,9.1971,0.78597,0.4699,-0.13547,10.176,-2.4925e-15,1.2453e-15
1014.9,-205.11,200.04,9.1837,0.78819,0.47658,-0.13437,10.176,-2.4925e-15,1.2453e-15
1015,-205.2,200.02,9.1703,0.79031,0.48327,-0.13318,10.176,-2.4925e-15,1.2453e-15
1015.1,-205.29,199.99,9.157,0.79233,0.48998,-0.1319,10.176,-2.4925e-15,1.2453e-15
1015.2,-205.38,199.96,9.1439,0.79426,0.49671,-0.13051,10.176,-2.4925e-15,1.2453e-15
1015.3,-205.47,199.94,9.1309,0.79611,0.50345,-0.12903,10.176,-2.4925e-15,1.2453e-15
1015.4,-205.56,199.91,9.1181,0.79789,0.51021,-0.12743,10.176,-2.4925e-15,1.2453e-15
1015.5,-205.65,199.89,9.1054,0.7996,0.51698,-0.12571,10.176,-2.4925e-15,1.2453e-15
1015.6,-205.75,199.87,9.093,0.80126,0.52378,-0.12388,10.176,-2.4925e-15,1.2453e-15
1015.7,-205.84,199.84,9.0807,0.80287,0.53059,-0.12191,10.176,-2.4925e-15,1.2453e-15
1015.8,-205.93,199.82,9.0686,0.80445,0.53743,-0.11981,10.176,-2.4925e-15,1.2453e-15
1015.9,-206.03,199.8,9.0567,0.806,0.54429,-0.11758,10.176,-2.4925e-15,1.2453e-15
1016,-206.12,199.78,9.0451,0.80753,0.55117,-0.11519,10.176,-2.4925e-15,1.2453e-15
1016.1,-206.22,199.76,9.0337,0.80906,0.55808,-0.11266,10.176,-2.4925e-15,1.2453e-15
1016.2,-206.31,199.73,9.0225,0.81059,0.56502,-0.10996,10.176,-2.4925e-15,1.2453e-15
1016.3,-206.41,199.71,9.0117,0.81213,0.57201,-0.1071,10.176,-2.4925e-15,1.2453e-15
1016.4,-206.51,199.7,9.0011,0.8137,0.57903,-0.10405,10.176,-2.4925e-15,1.2453e-15
1016.5,-206.61,199.68,8.9909,0.81531,0.58609,-0.10082,10.176,-2.4925e-15,1.2453e-15
1016.6,-206.71,199.66,8.981,0.81696,0.59322,-0.097381,10.176,-2.4925e-15,1.2453e-15
1016.7,-206.81,199.64,8.9714,0.81868,0.6004,-0.093726,10.176,-2.4925e-15,1.2453e-15
1016.8,-206.91,199.62,8.9622,0.82047,0.60764,-0.089837,10.176,-2.4925e-15,1.2453e-15
1016.9,-207.01,199.6,8.9535,0.82235,0.61497,-0.085694,10.176,-2.4925e-15,1.2453e-15
1017,-207.11,199.59,8.9451,0.82434,0.62238,-0.081273,10.176,-2.4925e-15,1.2453e-15
1017.1,-207.21,199.57,8.9372,0.82645,0.62989,-0.076547,10.176,-2.4925e-15,1.2453e-15
1017.2,-207.31,199.55,8.9298,0.8287,0.63752,-0.071483,10.176,-2.4925e-15,1.2453e-15
1017.3,-207.42,199.54,8.9229,0.83111,0.64527,-0.066041,10.176,-2.4925e-15,1.2453e-15
1017.4,-207.52,199.52,8.9166,0.83372,0.65316,-0.060173,10.176,-2.4925e-15,1.2453e-15
1017.5,-207.63,199.5,8.9109,0.83653,0.66121,-0.053821,10.176,-2.4925e-15,1.2453e-15
1017.6,-207.73,199.49,8.9059,0.83959,0.66944,-0.046913,10.176,-2.4925e-15,1.2453e-15
1017.7,-207.84,199.47,8.9016,0.84292,0.67788,-0.039361,10.176,-2.4925e-15,1.2453e-15
1017.8,-207.95,199.45,8.898,0.84659,0.68656,-0.031052,10.176,-2.4925e-15,1.2453e-15
1017.9,-208.05,199.44,8.8954,0.85062,0.6955,-0.021842,10.176,-2.4925e-15,1.2453e-15
1018,-208.16,199.42,8.8937,0.85509,0.70476,-0.011546,10.176,-2.4925e-15,1.2453e-15
1018.1,-208.27,199.4,8.8931,0.86007,0.71438,8.169e-05,10.176,-2.4925e-15,1.2453e-15
1018.2,-208.38,199.38,8.8937,0.86564,0.72224,0.012466,10.176,-2.4925e-15,1.2453e-15
1018.3,-208.49,199.36,8.8956,0.87181,0.72614,0.024481,10.176,-2.4925e-15,1.2453e-15
1018.4,-208.61,199.35,8.8986,0.87851,0.72609,0.035636,10.176,-2.4925e-15,1.2453e-15
1018.5,-208.72,199.33,8.9027,0.88566,0.72231,0.045544,10.176,-2.4925e-15,1.2453e-15
1018.6,-208.83,199.31,8.9077,0.89313,0.71517,0.05395,10.176,-2.4925e-15,1.2453e-15
1018.7,-208.95,199.29,8.9134,0.90078,0.70518,0.060731,10.176,-2.4925e-15,1.2453e-15
1018.8,-209.06,199.27,8.9198,0.90849,0.69288,0.065878,10.176,-2.4925e-15,1.2453e-15
1018.9,-209.17,199.26,8.9265,0.91612,0.67884,0.069466,10.176,-2.4925e-15,1.2453e-15
1019,-209.28,199.24,8.9336,0.92357,0.66359,0.071628,10.176,-2.4925e-15,1.2453e-15
1019.1,-209.4,199.23,8.9408,0.93076,0.64761,0.072526,10.176,-2.4925e-15,1.2453e-15
1019.2,-209.51,199.21,8.9481,0.93762,0.63132,0.07233,10.176,-2.4925e-15,1.2453e-15
1019.3,-209.62,199.2,8.9553,0.94409,0.61506,0.071204,10.176,-2.4925e-15,1.2453e-15
1019.4,-209.73,199.19,8.9623,0.95015,0.59914,0.069301,10.176,-2.4925e-15,1.2453e-15
1019.5,-209.85,199.18,8.9691,0.95578,0.58378,0.06675,10.176,-2.4925e-15,1.2453e-15
1019.6,-209.96,199.17,8.9756,0.96099,0.56916,0.063664,10.176,-2.4925e-15,1.2453e-15
1019.7,-210.07,199.16,8.9818,0.96575,0.55544,0.060136,10.176,-2.4925e-15,1.2453e-15
1019.8,-210.18,199.15,8.9876,0.9701,0.54273,0.056237,10.176,-2.4925e-15,1.2453e-15
1019.9,-210.29,199.14,8.993,0.97404,0.53112,0.052027,10.176,-2.4925e-15,1.2453e-15
1020,-210.4,199.14,8.998,0.97757,0.52068,0.047548,10.176,-2.4925e-15,1.2453e-15
1020.1,-210.51,199.13,9.0025,0.98073,0.51149,0.042831,10.176,-2.4925e-15,1.2453e-15
1020.2,-210.62,199.12,9.0066,0.98353,0.50358,0.037899,10.176,-2.4925e-15,1.2453e-15
1020.3,-210.73,199.12,9.0101,0.98598,0.49703,0.032765,10.176,-2.4925e-15,1.2453e-15
1020.4,-210.84,199.11,9.0131,0.98809,0.49187,0.027436,10.176,-2.4925e-15,1.2453e-15
1020.5,-210.95,199.11,9.0156,0.98988,0.48818,0.021916,10.176,-2.4925e-15,1.2453e-15
1020.6,-211.06,199.1,9.0175,0.99135,0.486,0.016207,10.176,-2.4925e-15,1.2453e-15
1020.7,-211.17,199.1,9.0188,0.99253,0.4854,0.010308,10.176,-2.4925e-15,1.2453e-15
1020.8,-211.28,199.09,9.0196,0.99341,0.48647,0.0042216,10.176,-2.4925e-15,1.2453e-15
1020.9,-211.39,199.08,9.0197,0.99399,0.48922,-0.0020716,10.176,-2.4925e-15,1.2453e-15
1021,-211.5,199.08,9.0191,0.99427,0.49267,-0.0089304,10.176,-2.4925e-15,1.2453e-15
1021.1,-211.61,199.07,9.0179,0.99423,0.49654,-0.016458,10.176,-2.4925e-15,1.2453e-15
1021.2,-211.73,199.07,9.0158,0.99385,0.50086,-0.024615,10.176,-2.4925e-15,1.2453e-15
1021.3,-211.84,199.06,9.0129,0.99311,0.50567,-0.033332,10.176,-2.4925e-15,1.2453e-15
1021.4,-211.95,199.05,9.0091,0.99199,0.51101,-0.042509,10.176,-2.4925e-15,1.2453e-15
1021.5,-212.06,199.05,9.0044,0.99048,0.51691,-0.052012,10.176,-2.4925e-15,1.2453e-15
1021.6,-212.17,199.04,8.9987,0.98857,0.52338,-0.061681,10.176,-2.4925e-15,1.2453e-15
1021.7,-212.28,199.03,8.9921,0.98626,0.53044,-0.071334,10.176,-2.4925e-15,1.2453e-15
1021.8,-212.4,199.03,8.9845,0.98356,0.53807,-0.08078,10.176,-2.4925e-15,1.2453e-15
1021.9,-212.51,199.02,8.9759,0.98048,0.54626,-0.089823,10.176,-2.4925e-15,1.2453e-15
1022,-212.62,199.01,8.9665,0.97704,0.55499,-0.098278,10.176,-2.4925e-15,1.2453e-15
1022.1,-212.73,199.01,8.9563,0.97326,0.56421,-0.10598,10.176,-2.4925e-15,1.2453e-15
1022.2,-212.84,199,8.9454,0.9692,0.57389,-0.11279,10.176,-2.4925e-15,1.2453e-15
1022.3,-212.96,198.99,8.9338,0.96487,0.58395,-0.11861,10.176,-2.4925e-15,1.2453e-15
1022.4,-213.07,198.99,8.9217,0.96034,0.59435,-0.12335,10.176,-2.4925e-15,1.2453e-15
1022.5,-213.18,198.98,8.9091,0.95565,0.60504,-0.12697,10.176,-2.4925e-15,1.2453e-15
1022.6,-213.3,198.98,8.8963,0.95085,0.61595,-0.12947,10.176,-2.4925e-15,1.2453e-15
1022.7,-213.41,198.97,8.8833,0.94599,0.62703,-0.13083,10.176,-2.4925e-15,1.2453e-15
1022.8,-213.52,198.97,8.8702,0.94114,0.63826,-0.1311,10.176,-2.4925e-15,1.2453e-15
1022.9,-213.64,198.96,8.8571,0.93634,0.64958,-0.13029,10.176,-2.4925e-15,1.2453e-15
1023,-213.75,198.96,8.8442,0.93165,0.66098,-0.12846,10.176,-2.4925e-15,1.2453e-15
1023.1,-213.86,198.95,8.8314,0.92712,0.67243,-0.12564,10.176,-2.4925e-15,1.2453e-15
1023.2,-213.98,198.95,8.8191,0.92281,0.68394,-0.12187,10.176,-2.4925e-15,1.2453e-15
1023.3,-214.09,198.95,8.8071,0.91878,0.6955,-0.11718,10.176,-2.4925e-15,1.2453e-15
1023.4,-214.21,198.94,8.7957,0.91506,0.70712,-0.11158,10.176,-2.4925e-15,1.2453e-15
1023.5,-214.32,198.94,8.7848,0.91172,0.71883,-0.10508,10.176,-2.4925e-15,1.2453e-15
1023.6,-214.44,198.94,8.7747,0.90881,0.73066,-0.097664,10.176,-2.4925e-15,1.2453e-15
1023.7,-214.56,198.93,8.7653,0.90639,0.74264,-0.089297,10.176,-2.4925e-15,1.2453e-15
1023.8,-214.68,198.93,8.7568,0.90451,0.75482,-0.079915,10.176,-2.4925e-15,1.2453e-15
1023.9,-214.79,198.93,8.7494,0.90326,0.76726,-0.069417,10.176,-2.4925e-15,1.2453e-15
1024,-214.91,198.92,8.743,0.9027,0.78004,-0.05766,10.176,-2.4925e-15,1.2453e-15
1024.1,-215.03,198.92,8.7379,0.90293,0.79324,-0.044438,10.176,-2.4925e-15,1.2453e-15
1024.2,-215.15,198.92,8.7342,0.90407,0.80697,-0.029458,10.176,-2.4925e-15,1.2453e-15
1024.3,-215.27,198.91,8.7321,0.90625,0.82138,-0.012308,10.176,-2.4925e-15,1.2453e-15
1024.4,-215.4,198.9,8.7318,0.90967,0.8361,0.0074101,10.176,-2.4925e-15,1.2453e-15
1024.5,-215.52,198.9,8.7336,0.91445,0.84519,0.027556,10.176,-2.4925e-15,1.2453e-15
1024.6,-215.65,198.89,8.7373,0.92053,0.84683,0.046358,10.176,-2.4925e-15,1.2453e-15
1024.7,-215.77,198.88,8.7427,0.92771,0.84139,0.062798,0.33089,0.0083269,-0.0040843
1024.8,-215.89,198.88,8.7497,0.91393,0.82972,0.076649,0.33089,0.0083269,-0.0040843
1024.9,-216.02,198.87,8.758,0.90146,0.81272,0.088096,0.33089,0.0083269,-0.0040843
1025,-216.14,198.86,8.7673,0.89002,0.79144,0.096935,0.33089,0.0083269,-0.0040843
1025.1,-216.25,198.85,8.7773,0.87931,0.767,0.10324,0.33089,0.0083269,-0.0040843
1025.2,-216.37,198.84,8.7878,0.86909,0.74044,0.10724,0.33089,0.0083269,-0.0040843
1025.3,-216.48,198.84,8.7987,0.85916,0.71267,0.10929,0.33089,0.0083269,-0.0040843
1025.4,-216.59,198.83,8.8096,0.84937,0.68445,0.10973,0.33089,0.0083269,-0.0040843
1025.5,-216.7,198.82,8.8206,0.83963,0.65634,0.10891,0.33089,0.0083269,-0.0040843
1025.6,-216.81,198.82,8.8314,0.82987,0.62877,0.10713,0.33089,0.0083269,-0.0040843
1025.7,-216.91,198.81,8.842,0.82006,0.60203,0.10463,0.33089,0.0083269,-0.0040843
1025.8,-217.01,198.81,8.8523,0.81017,0.57632,0.10163,0.33089,0.0083269,-0.0040843
1025.9,-217.11,198.8,8.8623,0.80022,0.55176,0.098296,0.33089,0.0083269,-0.0040843
1026,-217.2,198.8,8.872,0.79022,0.52841,0.094743,0.33089,0.0083269,-0.0040843
1026.1,-217.3,198.8,8.8813,0.78017,0.50628,0.091073,0.33089,0.0083269,-0.0040843
1026.2,-217.39,198.79,8.8902,0.77011,0.48537,0.08736,0.33089,0.0083269,-0.0040843
1026.3,-217.48,198.79,8.8987,0.76005,0.46564,0.083657,0.33089,0.0083269,-0.0040843
1026.4,-217.57,198.79,8.9069,0.75001,0.44705,0.080005,0.33089,0.0083269,-0.0040843
1026.5,-217.65,198.79,8.9147,0.74001,0.42955,0.076429,0.33089,0.0083269,-0.0040843
1026.6,-217.74,198.79,8.9222,0.73007,0.41308,0.072951,0.33089,0.0083269,-0.0040843
1026.7,-217.82,198.79,8.9293,0.72021,0.39758,0.069583,0.33089,0.0083269,-0.0040843
1026.8,-217.9,198.78,8.9361,0.71044,0.38299,0.066332,0.33089,0.0083269,-0.0040843
1026.9,-217.98,198.78,8.9426,0.70077,0.36926,0.063203,0.33089,0.0083269,-0.0040843
1027,-218.06,198.78,8.9488,0.69122,0.35633,0.060197,0.33089,0.0083269,-0.0040843
1027.1,-218.14,198.78,8.9546,0.6818,0.34415,0.057313,0.33089,0.0083269,-0.0040843
1027.2,-218.21,198.78,8.9602,0.67251,0.33267,0.05455,0.33089,0.0083269,-0.0040843
1027.3,-218.29,198.78,8.9655,0.66335,0.32184,0.051904,0.33089,0.0083269,-0.0040843
1027.4,-218.36,198.79,8.9706,0.65434,0.31162,0.049372,0.33089,0.0083269,-0.0040843
1027.5,-218.43,198.79,8.9754,0.64548,0.30197,0.04695,0.33089,0.0083269,-0.0040843
1027.6,-218.5,198.79,8.98,0.63677,0.29285,0.044633,0.33089,0.0083269,-0.0040843
1027.7,-218.57,198.79,8.9844,0.62822,0.28423,0.042417,0.33089,0.0083269,-0.0040843
1027.8,-218.64,198.79,8.9885,0.61982,0.27606,0.040297,0.33089,0.0083269,-0.0040843
1027.9,-218.71,198.79,8.9924,0.61158,0.26833,0.03827,0.33089,0.0083269,-0.0040843
1028,-218.78,198.79,8.9961,0.60349,0.26101,0.036331,0.33089,0.0083269,-0.0040843
1028.1,-218.84,198.79,8.9997,0.59555,0.25406,0.034475,0.33089,0.0083269,-0.0040843
1028.2,-218.9,198.79,9.003,0.58778,0.24746,0.032699,0.33089,0.0083269,-0.0040843
1028.3,-218.97,198.8,9.0062,0.58015,0.2412,0.030999,0.33089,0.0083269,-0.0040843
1028.4,-219.03,198.8,9.0092,0.57268,0.23525,0.029372,0.33089,0.0083269,-0.0040843
1028.5,-219.09,198.8,9.0121,0.56536,0.22959,0.027813,0.33089,0.0083269,-0.0040843
1028.6,-219.15,198.8,9.0148,0.55819,0.2242,0.026319,0.33089,0.0083269,-0.0040843
1028.7,-219.21,198.8,9.0174,0.55116,0.21906,0.024889,0.33089,0.0083269,-0.0040843
1028.8,-219.27,198.8,9.0198,0.54428,0.21417,0.023517,0.33089,0.0083269,-0.0040843
1028.9,-219.33,198.81,9.0221,0.53753,0.2095,0.022203,0.33089,0.0083269,-0.0040843
1029,-219.39,198.81,9.0242,0.53093,0.20505,0.020943,0.33089,0.0083269,-0.0040843
1029.1,-219.44,198.81,9.0263,0.52447,0.20079,0.019734,0.33089,0.0083269,-0.0040843
1029.2,-219.5,198.81,9.0282,0.51813,0.19672,0.018576,0.33089,0.0083269,-0.0040843
1029.3,-219.55,198.81,9.03,0.51193,0.19283,0.017465,0.33089,0.0083269,-0.0040843
1029.4,-219.61,198.82,9.0317,0.50586,0.18911,0.016399,0.33089,0.0083269,-0.0040843
1029.5,-219.66,198.82,9.0333,0.49991,0.18554,0.015377,0.33089,0.0083269,-0.0040843
1029.6,-219.71,198.82,9.0348,0.49409,0.18212,0.014396,0.33089,0.0083269,-0.0040843
1029.7,-219.77,198.82,9.0361,0.48838,0.17884,0.013456,0.33089,0.0083269,-0.0040843
1029.8,-219.82,198.82,9.0374,0.4828,0.17569,0.012554,0.33089,0.0083269,-0.0040843
1029.9,-219.87,198.83,9.0387,0.47732,0.17267,0.011689,0.33089,0.0083269,-0.0040843
1030,-219.92,198.83,9.0398,0.47197,0.16976,0.01086,0.33089,0.0083269,-0.0040843
1030.1,-219.97,198.83,9.0408,0.46672,0.16696,0.010066,0.33089,0.0083269,-0.0040843
1030.2,-220.02,198.83,9.0418,0.46157,0.16427,0.0093038,0.33089,0.0083269,-0.0040843
1030.3,-220.07,198.83,9.0427,0.45654,0.16168,0.008574,0.33089,0.0083269,-0.0040843
1030.4,-220.12,198.84,9.0435,0.4516,0.15918,0.007875,0.33089,0.0083269,-0.0040843
1030.5,-220.16,198.84,9.0443,0.44677,0.15676,0.0072057,0.33089,0.0083269,-0.0040843
1030.6,-220.21,198.84,9.045,0.44203,0.15443,0.0065651,0.33089,0.0083269,-0.0040843
1030.7,-220.26,198.84,9.0456,0.43739,0.15218,0.0059523,0.33089,0.0083269,-0.0040843
1030.8,-220.3,198.84,9.0461,0.43284,0.15,0.0053663,0.33089,0.0083269,-0.0040843
1030.9,-220.35,198.85,9.0467,0.42838,0.14789,0.0048062,0.33089,0.0083269,-0.0040843
1031,-220.39,198.85,9.0471,0.42401,0.14585,0.0042713,0.33089,0.0083269,-0.0040843
1031.1,-220.44,198.85,9.0475,0.41972,0.14387,0.0037608,0.33089,0.0083269,-0.0040843
1031.2,-220.48,198.85,9.0479,0.41553,0.14195,0.0032737,0.33089,0.0083269,-0.0040843
1031.3,-220.53,198.85,9.0482,0.41141,0.14008,0.0028095,0.33089,0.0083269,-0.0040843
1031.4,-220.57,198.86,9.0484,0.40737,0.13827,0.0023674,0.33089,0.0083269,-0.0040843
1031.5,-220.61,198.86,9.0486,0.40342,0.1365,0.0019468,0.33089,0.0083269,-0.0040843
1031.6,-220.65,198.86,9.0488,0.39953,0.13479,0.0015469,0.33089,0.0083269,-0.0040843
1031.7,-220.7,198.86,9.049,0.39573,0.13311,0.0011671,0.33089,0.0083269,-0.0040843
1031.8,-220.74,198.86,9.0491,0.392,0.13148,0.00080679,0.33089,0.0083269,-0.0040843
1031.9,-220.78,198.87,9.0491,0.38833,0.12989,0.00046537,0.33089,0.0083269,-0.0040843
1032,-220.82,198.87,9.0491,0.38474,0.12833,0.00014225,0.33089,0.0083269,-0.0040843
1032.1,-220.86,198.87,9.0491,0.38122,0.12681,-0.00016409,0.33089,0.0083269,-0.0040843
1032.2,-220.9,198.87,9.0491,0.37776,0.1253,-0.00045883,0.33089,0.0083269,-0.0040843
1032.3,-220.94,198.88,9.0491,0.37437,0.12381,-0.00074276,0.33089,0.0083269,-0.0040843
1032.4,-220.98,198.88,9.049,0.37104,0.12234,-0.001016,0.33089,0.0083269,-0.0040843
1032.5,-221.02,198.88,9.0488,0.36778,0.12088,-0.0012788,0.33089,0.0083269,-0.0040843
1032.6,-221.06,198.88,9.0487,0.36457,0.11943,-0.0015311,0.33089,0.0083269,-0.0040843
1032.7,-221.09,198.88,9.0485,0.36143,0.118,-0.0017733,0.33089,0.0083269,-0.0040843
1032.8,-221.13,198.89,9.0484,0.35834,0.11659,-0.0020054,0.33089,0.0083269,-0.0040843
1032.9,-221.17,198.89,9.0481,0.3553,0.11518,-0.0022276,0.33089,0.0083269,-0.0040843
1033,-221.21,198.89,9.0479,0.35233,0.1138,-0.0024402,0.33089,0.0083269,-0.0040843
1033.1,-221.24,198.89,9.0477,0.3494,0.11242,-0.0026432,0.33089,0.0083269,-0.0040843
1033.2,-221.28,198.9,9.0474,0.34653,0.11106,-0.002837,0.33089,0.0083269,-0.0040843
1033.3,-221.32,198.9,9.0471,0.34371,0.10972,-0.0030216,11.873,-2.908e-15,1.3992e-15
1033.4,-221.35,198.9,9.0468,0.3667,0.10836,-0.003191,11.873,-2.908e-15,1.3992e-15
1033.5,-221.39,198.91,9.0464,0.38925,0.10706,-0.0035664,11.873,-2.908e-15,1.3992e-15
1033.6,-221.43,198.91,9.0461,0.41135,0.10582,-0.0041454,11.873,-2.908e-15,1.3992e-15
1033.7,-221.48,198.92,9.0456,0.43297,0.10463,-0.0049275,11.873,-2.908e-15,1.3992e-15
1033.8,-221.52,198.92,9.0451,0.45411,0.10352,-0.0059143,11.873,-2.908e-15,1.3992e-15
1033.9,-221.57,198.93,9.0444,0.47476,0.10249,-0.0071094,11.873,-2.908e-15,1.3992e-15
1034,-221.62,198.94,9.0436,0.49492,0.10156,-0.0085182,11.873,-2.908e-15,1.3992e-15
1034.1,-221.67,198.95,9.0427,0.51458,0.10073,-0.010148,11.873,-2.908e-15,1.3992e-15
1034.2,-221.72,198.96,9.0416,0.53374,0.10003,-0.012006,11.873,-2.908e-15,1.3992e-15
1034.3,-221.77,198.97,9.0403,0.5524,0.099477,-0.014104,11.873,-2.908e-15,1.3992e-15
1034.4,-221.83,198.98,9.0388,0.57055,0.09908,-0.016452,11.873,-2.908e-15,1.3992e-15
1034.5,-221.89,198.99,9.037,0.5882,0.098863,-0.019061,11.873,-2.908e-15,1.3992e-15
1034.6,-221.95,199.01,9.035,0.60535,0.098848,-0.021946,11.873,-2.908e-15,1.3992e-15
1034.7,-222.01,199.02,9.0326,0.622,0.099061,-0.025117,11.873,-2.908e-15,1.3992e-15
1034.8,-222.07,199.04,9.0299,0.63816,0.099527,-0.028588,11.873,-2.908e-15,1.3992e-15
1034.9,-222.13,199.05,9.0269,0.65382,0.10027,-0.032371,11.873,-2.908e-15,1.3992e-15
1035,-222.2,199.07,9.0234,0.66899,0.10133,-0.036476,11.873,-2.908e-15,1.3992e-15
1035.1,-222.26,199.09,9.0196,0.68367,0.10272,-0.040912,11.873,-2.908e-15,1.3992e-15
1035.2,-222.33,199.1,9.0152,0.69788,0.10449,-0.045685,11.873,-2.908e-15,1.3992e-15
1035.3,-222.4,199.12,9.0104,0.71161,0.10666,-0.050796,11.873,-2.908e-15,1.3992e-15
1035.4,-222.47,199.14,9.0051,0.72486,0.10927,-0.056243,11.873,-2.908e-15,1.3992e-15
1035.5,-222.54,199.16,8.9992,0.73764,0.11235,-0.062019,11.873,-2.908e-15,1.3992e-15
1035.6,-222.61,199.18,8.9927,0.74996,0.11593,-0.068109,11.873,-2.908e-15,1.3992e-15
1035.7,-222.69,199.2,8.9855,0.76181,0.12005,-0.074495,11.873,-2.908e-15,1.3992e-15
1035.8,-222.76,199.23,8.9777,0.7732,0.12472,-0.08115,11.873,-2.908e-15,1.3992e-15
1035.9,-222.84,199.25,8.9693,0.78412,0.12999,-0.088039,11.873,-2.908e-15,1.3992e-15
1036,-222.91,199.27,8.9601,0.79459,0.13586,-0.095122,11.873,-2.908e-15,1.3992e-15
1036.1,-222.99,199.3,8.9503,0.80459,0.14235,-0.10235,11.873,-2.908e-15,1.3992e-15
1036.2,-223.07,199.32,8.9397,0.81413,0.14949,-0.10968,11.873,-2.908e-15,1.3992e-15
1036.3,-223.15,199.35,8.9283,0.8232,0.15726,-0.11705,11.873,-2.908e-15,1.3992e-15
1036.4,-223.23,199.37,8.9162,0.83181,0.16566,-0.1244,11.873,-2.908e-15,1.3992e-15
1036.5,-223.31,199.4,8.9034,0.83995,0.1747,-0.13167,11.873,-2.908e-15,1.3992e-15
1036.6,-223.39,199.42,8.8899,0.84762,0.18434,-0.13881,11.873,-2.908e-15,1.3992e-15
1036.7,-223.47,199.45,8.8757,0.85482,0.19458,-0.14575,11.873,-2.908e-15,1.3992e-15
1036.8,-223.56,199.48,8.8608,0.86155,0.20537,-0.15245,11.873,-2.908e-15,1.3992e-15
1036.9,-223.64,199.51,8.8452,0.8678,0.21669,-0.15885,11.873,-2.908e-15,1.3992e-15
1037,-223.73,199.54,8.829,0.87359,0.22849,-0.16492,11.873,-2.908e-15,1.3992e-15
1037.1,-223.81,199.57,8.8122,0.87891,0.24073,-0.17061,11.873,-2.908e-15,1.3992e-15
1037.2,-223.9,199.6,8.7949,0.88376,0.25337,-0.1759,11.873,-2.908e-15,1.3992e-15
1037.3,-223.99,199.63,8.7771,0.88816,0.26635,-0.18075,11.873,-2.908e-15,1.3992e-15
1037.4,-224.07,199.67,8.7588,0.89211,0.27962,-0.18517,11.873,-2.908e-15,1.3992e-15
1037.5,-224.16,199.7,8.7401,0.89562,0.29315,-0.18912,11.873,-2.908e-15,1.3992e-15
1037.6,-224.25,199.73,8.721,0.89871,0.30687,-0.19262,11.873,-2.908e-15,1.3992e-15
1037.7,-224.34,199.77,8.7015,0.90138,0.32074,-0.19565,11.873,-2.908e-15,1.3992e-15
1037.8,-224.43,199.8,8.6818,0.90365,0.33471,-0.19822,11.873,-2.908e-15,1.3992e-15
1037.9,-224.52,199.84,8.6619,0.90555,0.34875,-0.20033,11.873,-2.908e-15,1.3992e-15
1038,-224.6,199.88,8.6418,0.90708,0.36281,-0.20199,11.873,-2.908e-15,1.3992e-15
1038.1,-224.69,199.92,8.6215,0.90827,0.37685,-0.20322,11.873,-2.908e-15,1.3992e-15
1038.2,-224.79,199.96,8.6012,0.90915,0.39085,-0.20402,11.873,-2.908e-15,1.3992e-15
1038.3,-224.88,200,8.5807,0.90972,0.40478,-0.20442,11.873,-2.908e-15,1.3992e-15
1038.4,-224.97,200.04,8.5603,0.91003,0.4186,-0.20442,11.873,-2.908e-15,1.3992e-15
1038.5,-225.06,200.08,8.5399,0.91008,0.4323,-0.20404,11.873,-2.908e-15,1.3992e-15
1038.6,-225.15,200.13,8.5195,0.90991,0.44587,-0.20329,11.873,-2.908e-15,1.3992e-15
1038.7,-225.24,200.17,8.4992,0.90953,0.45927,-0.20219,11.873,-2.908e-15,1.3992e-15
1038.8,-225.33,200.22,8.4791,0.90898,0.47251,-0.20076,11.873,-2.908e-15,1.3992e-15
1038.9,-225.42,200.26,8.4591,0.90828,0.48558,-0.199,11.873,-2.908e-15,1.3992e-15
1039,-225.51,200.31,8.4393,0.90744,0.49847,-0.19694,11.873,-2.908e-15,1.3992e-15
1039.1,-225.61,200.36,8.4197,0.90651,0.51117,-0.19458,11.873,-2.908e-15,1.3992e-15
1039.2,-225.7,200.41,8.4004,0.90549,0.5237,-0.19193,11.873,-2.908e-15,1.3992e-15
1039.3,-225.79,200.46,8.3813,0.90442,0.53604,-0.18901,11.873,-2.908e-15,1.3992e-15
1039.4,-225.88,200.51,8.3626,0.90331,0.54821,-0.18582,11.873,-2.908e-15,1.3992e-15
1039.5,-225.97,200.56,8.3442,0.9022,0.56021,-0.18237,11.873,-2.908e-15,1.3992e-15
1039.6,-226.07,200.62,8.3261,0.90109,0.57206,-0.17866,11.873,-2.908e-15,1.3992e-15
1039.7,-226.16,200.67,8.3085,0.90001,0.58376,-0.1747,11.873,-2.908e-15,1.3992e-15
1039.8,-226.25,200.73,8.2912,0.89899,0.59532,-0.1705,11.873,-2.908e-15,1.3992e-15
1039.9,-226.34,200.78,8.2744,0.89804,0.60676,-0.16604,11.873,-2.908e-15,1.3992e-15
1040,-226.43,200.84,8.258,0.89719,0.6181,-0.16132,11.873,-2.908e-15,1.3992e-15
1040.1,-226.53,200.9,8.2421,0.89645,0.62936,-0.15635,11.873,-2.908e-15,1.3992e-15
1040.2,-226.62,200.96,8.2267,0.89585,0.64055,-0.15111,11.873,-2.908e-15,1.3992e-15
1040.3,-226.71,201.02,8.2119,0.89541,0.65169,-0.14559,11.873,-2.908e-15,1.3992e-15
1040.4,-226.8,201.08,8.1976,0.89515,0.66282,-0.13978,11.873,-2.908e-15,1.3992e-15
1040.5,-226.9,201.14,8.1839,0.89509,0.67394,-0.13364,11.873,-2.908e-15,1.3992e-15
1040.6,-226.99,201.21,8.1709,0.89525,0.6851,-0.12716,11.873,-2.908e-15,1.3992e-15
1040.7,-227.08,201.27,8.1585,0.89567,0.69632,-0.12031,11.873,-2.908e-15,1.3992e-15
1040.8,-227.17,201.34,8.1469,0.89637,0.70764,-0.11303,11.873,-2.908e-15,1.3992e-15
1040.9,-227.27,201.4,8.1359,0.89738,0.71908,-0.10528,11.873,-2.908e-15,1.3992e-15
1041,-227.36,201.47,8.1258,0.89873,0.7307,-0.097,11.873,-2.908e-15,1.3992e-15
1041.1,-227.46,201.54,8.1166,0.90047,0.74253,-0.088099,11.873,-2.908e-15,1.3992e-15
1041.2,-227.55,201.6,8.1082,0.90264,0.75463,-0.078479,11.873,-2.908e-15,1.3992e-15
1041.3,-227.65,201.67,8.1009,0.9053,0.76705,-0.068009,11.873,-2.908e-15,1.3992e-15
1041.4,-227.75,201.74,8.0947,0.90852,0.77986,-0.056519,11.873,-2.908e-15,1.3992e-15
1041.5,-227.84,201.81,8.0896,0.91237,0.79314,-0.043789,11.873,-2.908e-15,1.3992e-15
1041.6,-227.94,201.88,8.0859,0.91696,0.807,-0.029521,11.873,-2.908e-15,1.3992e-15
1041.7,-228.04,201.95,8.0838,0.92241,0.82154,-0.013311,11.873,-2.908e-15,1.3992e-15
1041.8,-228.15,202.03,8.0834,0.92891,0.83664,0.0053045,11.873,-2.908e-15,1.3992e-15
1041.9,-228.25,202.1,8.0849,0.93659,0.84689,0.024523,11.873,-2.908e-15,1.3992e-15
1042,-228.35,202.17,8.0882,0.9454,0.85007,0.04257,11.873,-2.908e-15,1.3992e-15
1042.1,-228.46,202.24,8.0933,0.95519,0.84643,0.05848,11.873,-2.908e-15,1.3992e-15
1042.2,-228.56,202.31,8.0998,0.96568,0.83673,0.071636,11.873,-2.908e-15,1.3992e-15
1042.3,-228.67,202.39,8.1075,0.9766,0.822,0.081785,11.873,-2.908e-15,1.3992e-15
1042.4,-228.77,202.46,8.1161,0.98764,0.80342,0.088973,11.873,-2.908e-15,1.3992e-15
1042.5,-228.87,202.54,8.1252,0.99856,0.78215,0.09345,11.873,-2.908e-15,1.3992e-15
1042.6,-228.97,202.61,8.1347,1.0091,0.75924,0.09557,11.873,-2.908e-15,1.3992e-15
1042.7,-229.07,202.69,8.1443,1.0192,0.73557,0.095724,11.873,-2.908e-15,1.3992e-15
1042.8,-229.17,202.77,8.1538,1.0287,0.71186,0.094282,11.873,-2.908e-15,1.3992e-15
1042.9,-229.27,202.84,8.1631,1.0375,0.68867,0.091574,11.873,-2.908e-15,1.3992e-15
1043,-229.37,202.92,8.1721,1.0456,0.66641,0.087876,11.873,-2.908e-15,1.3992e-15
1043.1,-229.46,203,8.1807,1.053,0.6454,0.083409,11.873,-2.908e-15,1.3992e-15
1043.2,-229.56,203.08,8.1887,1.0597,0.62587,0.078347,11.873,-2.908e-15,1.3992e-15
1043.3,-229.65,203.16,8.1963,1.0657,0.60796,0.072818,11.873,-2.908e-15,1.3992e-15
1043.4,-229.74,203.24,8.2033,1.0711,0.59181,0.066916,11.873,-2.908e-15,1.3992e-15
1043.5,-229.84,203.32,8.2097,1.0759,0.57748,0.060704,11.873,-2.908e-15,1.3992e-15
1043.6,-229.93,203.4,8.2154,1.0801,0.56506,0.054225,11.873,-2.908e-15,1.3992e-15
1043.7,-230.02,203.48,8.2205,1.0838,0.55461,0.0475,11.873,-2.908e-15,1.3992e-15
1043.8,-230.11,203.56,8.2249,1.0869,0.54618,0.040537,11.873,-2.908e-15,1.3992e-15
1043.9,-230.2,203.65,8.2286,1.0896,0.53984,0.033335,11.873,-2.908e-15,1.3992e-15
1044,-230.29,203.73,8.2316,1.0918,0.53568,0.025884,11.873,-2.908e-15,1.3992e-15
1044.1,-230.38,203.81,8.2338,1.0936,0.53379,0.018171,11.873,-2.908e-15,1.3992e-15
1044.2,-230.47,203.89,8.2352,1.0949,0.53427,0.010186,11.873,-2.908e-15,1.3992e-15
1044.3,-230.56,203.97,8.2358,1.0958,0.53728,0.001921,11.873,-2.908e-15,1.3992e-15
1044.4,-230.65,204.05,8.2356,1.0963,0.54231,-0.0068454,11.873,-2.908e-15,1.3992e-15
1044.5,-230.74,204.14,8.2344,1.0963,0.54802,-0.016608,11.873,-2.908e-15,1.3992e-15
1044.6,-230.83,204.22,8.2322,1.0958,0.55441,-0.027331,11.873,-2.908e-15,1.3992e-15
1044.7,-230.93,204.3,8.2289,1.0948,0.56155,-0.038896,11.873,-2.908e-15,1.3992e-15
1044.8,-231.02,204.38,8.2244,1.0932,0.56949,-0.051126,11.873,-2.908e-15,1.3992e-15
1044.9,-231.11,204.46,8.2187,1.091,0.57827,-0.063777,11.873,-2.908e-15,1.3992e-15
1045,-231.2,204.54,8.2117,1.0882,0.58793,-0.076556,11.873,-2.908e-15,1.3992e-15
1045.1,-231.3,204.62,8.2034,1.0849,0.59846,-0.089136,11.873,-2.908e-15,1.3992e-15
1045.2,-231.39,204.71,8.1938,1.0809,0.60984,-0.10118,11.873,-2.908e-15,1.3992e-15
1045.3,-231.48,204.79,8.1832,1.0764,0.62203,-0.11235,11.873,-2.908e-15,1.3992e-15
1045.4,-231.58,204.87,8.1714,1.0714,0.63497,-0.12237,11.873,-2.908e-15,1.3992e-15
1045.5,-231.67,204.95,8.1587,1.0659,0.64858,-0.131,11.873,-2.908e-15,1.3992e-15
1045.6,-231.77,205.03,8.1453,1.0601,0.66276,-0.13806,11.873,-2.908e-15,1.3992e-15
1045.7,-231.86,205.12,8.1312,1.0539,0.67743,-0.14344,11.873,-2.908e-15,1.3992e-15
1045.8,-231.95,205.2,8.1166,1.0475,0.69249,-0.14708,11.873,-2.908e-15,1.3992e-15
1045.9,-232.05,205.28,8.1018,1.0411,0.70787,-0.14899,11.873,-2.908e-15,1.3992e-15
1046,-232.14,205.37,8.0869,1.0345,0.72348,-0.14919,11.873,-2.908e-15,1.3992e-15
1046.1,-232.24,205.45,8.072,1.0281,0.73929,-0.14773,11.873,-2.908e-15,1.3992e-15
1046.2,-232.33,205.53,8.0574,1.0218,0.75525,-0.14468,11.873,-2.908e-15,1.3992e-15
1046.3,-232.43,205.62,8.0432,1.0158,0.77136,-0.14009,11.873,-2.908e-15,1.3992e-15
1046.4,-232.52,205.71,8.0294,1.0101,0.78762,-0.13401,11.873,-2.908e-15,1.3992e-15
1046.5,-232.62,205.79,8.0164,1.0049,0.80406,-0.12646,11.873,-2.908e-15,1.3992e-15
1046.6,-232.71,205.88,8.0042,1.0003,0.82072,-0.11744,11.873,-2.908e-15,1.3992e-15
1046.7,-232.81,205.96,7.993,0.99633,0.83768,-0.10689,11.873,-2.908e-15,1.3992e-15
1046.8,-232.91,206.05,7.9829,0.99317,0.85502,-0.094721,11.873,-2.908e-15,1.3992e-15
1046.9,-233,206.14,7.9741,0.99092,0.87286,-0.080754,11.873,-2.908e-15,1.3992e-15
1047,-233.1,206.23,7.9668,0.98974,0.89135,-0.064721,11.873,-2.908e-15,1.3992e-15
1047.1,-233.2,206.32,7.9612,0.98981,0.91069,-0.046218,11.873,-2.908e-15,1.3992e-15
1047.2,-233.31,206.4,7.9576,0.99138,0.93112,-0.024634,11.873,-2.908e-15,1.3992e-15
1047.3,-233.41,206.49,7.9564,0.99475,0.95295,0.00095074,11.873,-2.908e-15,1.3992e-15
1047.4,-233.52,206.58,7.9579,1.0003,0.96963,0.028804,11.873,-2.908e-15,1.3992e-15
1047.5,-233.62,206.67,7.9621,1.0079,0.97479,0.055024,11.873,-2.908e-15,1.3992e-15
1047.6,-233.73,206.76,7.9688,1.0174,0.96887,0.077649,11.873,-2.908e-15,1.3992e-15
1047.7,-233.84,206.85,7.9775,1.0282,0.95335,0.095546,11.873,-2.908e-15,1.3992e-15
1047.8,-233.94,206.94,7.9877,1.0398,0.93032,0.10842,11.873,-2.908e-15,1.3992e-15
1047.9,-234.05,207.03,7.999,1.0516,0.90199,0.11659,11.873,-2.908e-15,1.3992e-15
1048,-234.15,207.13,8.0109,1.0631,0.87041,0.12072,11.873,-2.908e-15,1.3992e-15
1048.1,-234.26,207.22,8.0231,1.0741,0.83731,0.12159,8.9922,0.27603,-0.13539
1048.2,-234.36,207.31,8.035,1.0778,0.8059,0.11658,8.9922,0.27603,-0.13539
1048.3,-234.45,207.4,8.0463,1.0807,0.77649,0.1105,8.9922,0.27603,-0.13539
1048.4,-234.55,207.49,8.0571,1.0827,0.7494,0.10369,8.9922,0.27603,-0.13539
1048.5,-234.64,207.58,8.0671,1.0839,0.72481,0.0964,8.9922,0.27603,-0.13539
1048.6,-234.74,207.67,8.0763,1.0844,0.70284,0.088806,8.9922,0.27603,-0.13539
1048.7,-234.83,207.76,8.0848,1.0842,0.6835,0.081031,8.9922,0.27603,-0.13539
1048.8,-234.92,207.85,8.0925,1.0835,0.6668,0.073162,8.9922,0.27603,-0.13539
1048.9,-235.01,207.94,8.0994,1.0822,0.65272,0.065259,8.9922,0.27603,-0.13539
1049,-235.1,208.03,8.1056,1.0804,0.64122,0.057362,8.9922,0.27603,-0.13539
1049.1,-235.19,208.12,8.1109,1.0782,0.63228,0.049505,8.9922,0.27603,-0.13539
1049.2,-235.28,208.21,8.1155,1.0755,0.62587,0.041715,8.9922,0.27603,-0.13539
1049.3,-235.36,208.29,8.1193,1.0726,0.62197,0.034023,8.9922,0.27603,-0.13539
1049.4,-235.45,208.38,8.1223,1.0693,0.62056,0.026467,8.9922,0.27603,-0.13539
1049.5,-235.54,208.47,8.1246,1.0657,0.62163,0.019095,8.9922,0.27603,-0.13539
1049.6,-235.63,208.55,8.1261,1.0619,0.62516,0.011974,8.9922,0.27603,-0.13539
1049.7,-235.72,208.64,8.127,1.0578,0.63114,0.0051904,8.9922,0.27603,-0.13539
1049.8,-235.81,208.72,8.1272,1.0535,0.6395,-0.0011537,8.9922,0.27603,-0.13539
1049.9,-235.9,208.81,8.1267,1.049,0.64898,-0.007354,8.9922,0.27603,-0.13539
1050,-235.99,208.89,8.1257,1.0443,0.65897,-0.013499,8.9922,0.27603,-0.13539
1050.1,-236.08,208.97,8.1241,1.0394,0.66949,-0.019448,8.9922,0.27603,-0.13539
1050.2,-236.17,209.05,8.1218,1.0344,0.68051,-0.025043,8.9922,0.27603,-0.13539
1050.3,-236.27,209.14,8.1191,1.0292,0.69205,-0.030117,8.9922,0.27603,-0.13539
1050.4,-236.36,209.22,8.1158,1.0239,0.7041,-0.034497,8.9922,0.27603,-0.13539
1050.5,-236.46,209.3,8.1122,1.0184,0.71664,-0.038011,8.9922,0.27603,-0.13539
1050.6,-236.55,209.38,8.1083,1.013,0.72966,-0.040487,8.9922,0.27603,-0.13539
1050.7,-236.65,209.46,8.1041,1.0076,0.74317,-0.04176,8.9922,0.27603,-0.13539
1050.8,-236.75,209.54,8.1,1.0023,0.75716,-0.041667,8.9922,0.27603,-0.13539
1050.9,-236.84,209.61,8.0959,0.99714,0.77164,-0.040045,8.9922,0.27603,-0.13539
1051,-236.94,209.69,8.092,0.99232,0.78664,-0.036723,8.9922,0.27603,-0.13539
1051.1,-237.04,209.77,8.0886,0.98791,0.80218,-0.031508,8.9922,0.27603,-0.13539
1051.2,-237.15,209.85,8.0858,0.98405,0.81832,-0.024169,8.9922,0.27603,-0.13539
1051.3,-237.25,209.92,8.0838,0.9809,0.83517,-0.014405,8.9922,0.27603,-0.13539
1051.4,-237.35,210,8.083,0.97865,0.85283,-0.0018088,8.9922,0.27603,-0.13539
1051.5,-237.46,210.08,8.0835,0.97752,0.86909,0.013215,8.9922,0.27603,-0.13539
1051.6,-237.57,210.15,8.0856,0.97762,0.8798,0.028793,8.9922,0.27603,-0.13539
1051.7,-237.67,210.23,8.0893,0.97892,0.88451,0.043903,8.9922,0.27603,-0.13539
1051.8,-237.78,210.3,8.0944,0.98132,0.88325,0.057662,8.9922,0.27603,-0.13539
1051.9,-237.89,210.37,8.1008,0.98461,0.8765,0.069425,8.9922,0.27603,-0.13539
1052,-238,210.45,8.1082,0.98855,0.86505,0.078825,8.9922,0.27603,-0.13539
1052.1,-238.11,210.52,8.1164,0.9929,0.84984,0.08576,8.9922,0.27603,-0.13539
1052.2,-238.22,210.6,8.1253,0.99739,0.83189,0.090325,8.9922,0.27603,-0.13539
1052.3,-238.32,210.67,8.1344,1.0018,0.81214,0.092748,8.9922,0.27603,-0.13539
1052.4,-238.43,210.74,8.1437,1.0061,0.79143,0.093319,8.9922,0.27603,-0.13539
1052.5,-238.53,210.82,8.153,1.01,0.77047,0.092344,8.9922,0.27603,-0.13539
1052.6,-238.64,210.89,8.1622,1.0134,0.74983,0.090115,8.9922,0.27603,-0.13539
1052.7,-238.74,210.97,8.171,1.0164,0.72995,0.086888,8.9922,0.27603,-0.13539
1052.8,-238.84,211.04,8.1795,1.0189,0.71116,0.082884,8.9922,0.27603,-0.13539
1052.9,-238.94,211.11,8.1876,1.021,0.69372,0.078284,8.9922,0.27603,-0.13539
1053,-239.04,211.19,8.1952,1.0225,0.67779,0.073233,8.9922,0.27603,-0.13539
1053.1,-239.13,211.26,8.2022,1.0235,0.6635,0.067848,8.9922,0.27603,-0.13539
1053.2,-239.23,211.33,8.2087,1.0242,0.65094,0.062222,8.9922,0.27603,-0.13539
1053.3,-239.33,211.41,8.2147,1.0244,0.64017,0.056426,8.9922,0.27603,-0.13539
1053.4,-239.42,211.48,8.22,1.0242,0.63122,0.050521,8.9922,0.27603,-0.13539
1053.5,-239.52,211.55,8.2248,1.0236,0.62411,0.044557,8.9922,0.27603,-0.13539
1053.6,-239.61,211.63,8.2289,1.0227,0.61887,0.038579,8.9922,0.27603,-0.13539
1053.7,-239.71,211.7,8.2325,1.0215,0.61551,0.032632,8.9922,0.27603,-0.13539
1053.8,-239.8,211.77,8.2354,1.02,0.61402,0.026761,8.9922,0.27603,-0.13539
1053.9,-239.9,211.84,8.2378,1.0183,0.61441,0.021017,8.9922,0.27603,-0.13539
1054,-239.99,211.91,8.2397,1.0163,0.61667,0.015459,8.9922,0.27603,-0.13539
1054.1,-240.09,211.98,8.2409,1.0141,0.62078,0.010158,8.9922,0.27603,-0.13539
1054.2,-240.18,212.05,8.2417,1.0117,0.6267,0.0051963,8.9922,0.27603,-0.13539
1054.3,-240.28,212.12,8.242,1.0091,0.63439,0.00067273,8.9922,0.27603,-0.13539
1054.4,-240.38,212.19,8.2418,1.0064,0.64334,-0.0034586,8.9922,0.27603,-0.13539
1054.5,-240.48,212.26,8.2413,1.0035,0.65271,-0.0073731,8.9922,0.27603,-0.13539
1054.6,-240.58,212.33,8.2404,1.0005,0.66251,-0.01097,8.9922,0.27603,-0.13539
1054.7,-240.67,212.4,8.2391,0.99746,0.67273,-0.014133,8.9922,0.27603,-0.13539
1054.8,-240.77,212.46,8.2376,0.99431,0.68338,-0.016739,8.9922,0.27603,-0.13539
1054.9,-240.88,212.53,8.2358,0.99113,0.69446,-0.018658,8.9922,0.27603,-0.13539
1055,-240.98,212.6,8.2339,0.98795,0.70597,-0.019757,8.9922,0.27603,-0.13539
1055.1,-241.08,212.66,8.2319,0.98483,0.71791,-0.019893,8.9922,0.27603,-0.13539
1055.2,-241.18,212.73,8.2299,0.98182,0.7303,-0.018918,8.9922,0.27603,-0.13539
1055.3,-241.29,212.79,8.2281,0.979,0.74315,-0.016668,8.9922,0.27603,-0.13539
1055.4,-241.39,212.85,8.2266,0.97646,0.75648,-0.012962,8.9922,0.27603,-0.13539
1055.5,-241.5,212.92,8.2256,0.97428,0.77034,-0.0075849,8.9922,0.27603,-0.13539
1055.6,-241.61,212.98,8.2252,0.97261,0.78477,-0.00027269,8.9922,0.27603,-0.13539
1055.7,-241.72,213.04,8.2256,0.97155,0.79827,0.0086762,8.9922,0.27603,-0.13539
1055.8,-241.83,213.1,8.227,0.97119,0.80875,0.018383,8.9922,0.27603,-0.13539
1055.9,-241.94,213.16,8.2293,0.97157,0.81578,0.028359,8.9922,0.27603,-0.13539
1056,-242.05,213.22,8.2326,0.97265,0.81917,0.038105,8.9922,0.27603,-0.13539
1056.1,-242.16,213.28,8.2369,0.97438,0.81891,0.047171,8.9922,0.27603,-0.13539
1056.2,-242.27,213.34,8.242,0.97667,0.81521,0.055197,8.9922,0.27603,-0.13539
1056.3,-242.39,213.4,8.2479,0.97938,0.80844,0.061936,8.9922,0.27603,-0.13539
1056.4,-242.5,213.46,8.2544,0.98238,0.79908,0.06726,0.50304,-1.2321e-16,6.2138e-17
1056.5,-242.61,213.52,8.2615,0.9669,0.78573,0.075094,0.50304,-1.2321e-16,6.2138e-17
1056.6,-242.72,213.58,8.2693,0.95236,0.76932,0.081614,0.50304,-1.2321e-16,6.2138e-17
1056.7,-242.83,213.63,8.2778,0.93861,0.75042,0.086722,0.50304,-1.2321e-16,6.2138e-17
1056.8,-242.93,213.69,8.2866,0.92549,0.72963,0.090433,0.50304,-1.2321e-16,6.2138e-17
1056.9,-243.04,213.74,8.2958,0.91285,0.70754,0.092841,0.50304,-1.2321e-16,6.2138e-17
1057,-243.14,213.79,8.3052,0.90058,0.68465,0.094088,0.50304,-1.2321e-16,6.2138e-17
1057.1,-243.24,213.84,8.3146,0.8886,0.66141,0.094339,0.50304,-1.2321e-16,6.2138e-17
1057.2,-243.34,213.89,8.324,0.87681,0.63817,0.093764,0.50304,-1.2321e-16,6.2138e-17
1057.3,-243.43,213.94,8.3333,0.86519,0.61523,0.092521,0.50304,-1.2321e-16,6.2138e-17
1057.4,-243.53,213.99,8.3425,0.85369,0.5928,0.090753,0.50304,-1.2321e-16,6.2138e-17
1057.5,-243.62,214.04,8.3515,0.8423,0.57102,0.088585,0.50304,-1.2321e-16,6.2138e-17
1057.6,-243.71,214.08,8.3602,0.831,0.55002,0.086122,0.50304,-1.2321e-16,6.2138e-17
1057.7,-243.79,214.13,8.3687,0.81979,0.52986,0.08345,0.50304,-1.2321e-16,6.2138e-17
1057.8,-243.88,214.17,8.3769,0.80868,0.51057,0.08064,0.50304,-1.2321e-16,6.2138e-17
1057.9,-243.96,214.22,8.3848,0.79766,0.49217,0.077749,0.50304,-1.2321e-16,6.2138e-17
1058,-244.05,214.26,8.3924,0.78675,0.47465,0.074822,0.50304,-1.2321e-16,6.2138e-17
1058.1,-244.13,214.3,8.3998,0.77595,0.45801,0.071892,0.50304,-1.2321e-16,6.2138e-17
1058.2,-244.2,214.35,8.4068,0.76528,0.44221,0.068987,0.50304,-1.2321e-16,6.2138e-17
1058.3,-244.28,214.39,8.4136,0.75473,0.42723,0.066127,0.50304,-1.2321e-16,6.2138e-17
1058.4,-244.36,214.43,8.42,0.74433,0.41303,0.063326,0.50304,-1.2321e-16,6.2138e-17
1058.5,-244.43,214.47,8.4262,0.73407,0.39958,0.060597,0.50304,-1.2321e-16,6.2138e-17
1058.6,-244.5,214.51,8.4322,0.72396,0.38683,0.057945,0.50304,-1.2321e-16,6.2138e-17
1058.7,-244.58,214.55,8.4378,0.71401,0.37475,0.055377,0.50304,-1.2321e-16,6.2138e-17
1058.8,-244.65,214.59,8.4432,0.70422,0.3633,0.052895,0.50304,-1.2321e-16,6.2138e-17
1058.9,-244.71,214.62,8.4484,0.6946,0.35245,0.050501,0.50304,-1.2321e-16,6.2138e-17
1059,-244.78,214.66,8.4533,0.68514,0.34216,0.048195,0.50304,-1.2321e-16,6.2138e-17
1059.1,-244.85,214.7,8.458,0.67586,0.3324,0.045976,0.50304,-1.2321e-16,6.2138e-17
1059.2,-244.91,214.73,8.4625,0.66674,0.32313,0.043843,0.50304,-1.2321e-16,6.2138e-17
1059.3,-244.98,214.77,8.4668,0.6578,0.31434,0.041794,0.50304,-1.2321e-16,6.2138e-17
1059.4,-245.04,214.81,8.4709,0.64903,0.30597,0.039828,0.50304,-1.2321e-16,6.2138e-17
1059.5,-245.1,214.84,8.4748,0.64043,0.29802,0.037941,0.50304,-1.2321e-16,6.2138e-17
1059.6,-245.16,214.88,8.4785,0.632,0.29046,0.036131,0.50304,-1.2321e-16,6.2138e-17
1059.7,-245.22,214.91,8.482,0.62374,0.28326,0.034396,0.50304,-1.2321e-16,6.2138e-17
1059.8,-245.28,214.94,8.4854,0.61565,0.2764,0.032733,0.50304,-1.2321e-16,6.2138e-17
1059.9,-245.34,214.98,8.4886,0.60773,0.26986,0.031139,0.50304,-1.2321e-16,6.2138e-17
1060,-245.4,215.01,8.4916,0.59997,0.26362,0.029612,0.50304,-1.2321e-16,6.2138e-17
1060.1,-245.45,215.04,8.4945,0.59237,0.25766,0.028149,0.50304,-1.2321e-16,6.2138e-17
1060.2,-245.51,215.07,8.4972,0.58494,0.25197,0.026748,0.50304,-1.2321e-16,6.2138e-17
1060.3,-245.56,215.11,8.4998,0.57766,0.24653,0.025406,0.50304,-1.2321e-16,6.2138e-17
1060.4,-245.62,215.14,8.5023,0.57053,0.24132,0.024121,0.50304,-1.2321e-16,6.2138e-17
1060.5,-245.67,215.17,8.5047,0.56355,0.23633,0.022891,0.50304,-1.2321e-16,6.2138e-17
1060.6,-245.72,215.2,8.5069,0.55673,0.23155,0.021712,0.50304,-1.2321e-16,6.2138e-17
1060.7,-245.78,215.23,8.509,0.55005,0.22697,0.020585,0.50304,-1.2321e-16,6.2138e-17
1060.8,-245.83,215.26,8.511,0.54351,0.22256,0.019506,0.50304,-1.2321e-16,6.2138e-17
1060.9,-245.88,215.29,8.5129,0.53711,0.21834,0.018473,0.50304,-1.2321e-16,6.2138e-17
1061,-245.93,215.32,8.5147,0.53085,0.21427,0.017485,0.50304,-1.2321e-16,6.2138e-17
1061.1,-245.98,215.34,8.5164,0.52472,0.21036,0.01654,0.50304,-1.2321e-16,6.2138e-17
1061.2,-246.03,215.37,8.518,0.51872,0.20659,0.015637,0.50304,-1.2321e-16,6.2138e-17
1061.3,-246.07,215.4,8.5195,0.51286,0.20296,0.014773,0.50304,-1.2321e-16,6.2138e-17
1061.4,-246.12,215.43,8.521,0.50711,0.19946,0.013947,0.50304,-1.2321e-16,6.2138e-17
1061.5,-246.17,215.45,8.5223,0.50149,0.19608,0.013159,0.50304,-1.2321e-16,6.2138e-17
1061.6,-246.21,215.48,8.5236,0.49599,0.19281,0.012405,0.50304,-1.2321e-16,6.2138e-17
1061.7,-246.26,215.51,8.5248,0.4906,0.18965,0.011686,0.50304,-1.2321e-16,6.2138e-17
1061.8,-246.3,215.54,8.5259,0.48533,0.1866,0.011,0.50304,-1.2321e-16,6.2138e-17
1061.9,-246.35,215.56,8.527,0.48017,0.18363,0.010345,0.50304,-1.2321e-16,6.2138e-17
1062,-246.39,215.59,8.528,0.47512,0.18076,0.0097209,0.50304,-1.2321e-16,6.2138e-17
1062.1,-246.44,215.61,8.529,0.47017,0.17798,0.0091259,0.50304,-1.2321e-16,6.2138e-17
1062.2,-246.48,215.64,8.5298,0.46533,0.17527,0.0085592,0.50304,-1.2321e-16,6.2138e-17
1062.3,-246.52,215.66,8.5307,0.46059,0.17265,0.0080196,0.50304,-1.2321e-16,6.2138e-17
1062.4,-246.56,215.69,8.5314,0.45595,0.17009,0.0075063,0.50304,-1.2321e-16,6.2138e-17
1062.5,-246.61,215.71,8.5322,0.4514,0.1676,0.0070182,0.50304,-1.2321e-16,6.2138e-17
1062.6,-246.65,215.74,8.5329,0.44695,0.16518,0.0065543,0.50304,-1.2321e-16,6.2138e-17
1062.7,-246.69,215.76,8.5335,0.44259,0.16281,0.0061138,0.50304,-1.2321e-16,6.2138e-17
1062.8,-246.73,215.79,8.5341,0.43832,0.1605,0.0056958,0.50304,-1.2321e-16,6.2138e-17
1062.9,-246.77,215.81,8.5346,0.43413,0.15825,0.0052995,0.50304,-1.2321e-16,6.2138e-17
1063,-246.81,215.83,8.5351,0.43003,0.15605,0.004924,0.50304,-1.2321e-16,6.2138e-17
1063.1,-246.85,215.86,8.5356,0.42602,0.1539,0.0045685,0.50304,-1.2321e-16,6.2138e-17
1063.2,-246.88,215.88,8.5361,0.42208,0.15179,0.0042322,0.50304,-1.2321e-16,6.2138e-17
1063.3,-246.92,215.9,8.5365,0.41823,0.14973,0.0039144,0.50304,-1.2321e-16,6.2138e-17
1063.4,-246.96,215.93,8.5368,0.41445,0.14771,0.0036144,0.50304,-1.2321e-16,6.2138e-17
1063.5,-247,215.95,8.5372,0.41074,0.14572,0.0033315,0.50304,-1.2321e-16,6.2138e-17
1063.6,-247.04,215.97,8.5375,0.40711,0.14378,0.0030649,0.50304,-1.2321e-16,6.2138e-17
1063.7,-247.07,215.99,8.5378,0.40356,0.14187,0.002814,0.50304,-1.2321e-16,6.2138e-17
1063.8,-247.11,216.02,8.5381,0.40007,0.13999,0.0025781,0.50304,-1.2321e-16,6.2138e-17
1063.9,-247.14,216.04,8.5383,0.39665,0.13814,0.0023567,0.50304,-1.2321e-16,6.2138e-17
1064,-247.18,216.06,8.5385,0.3933,0.13633,0.002149,0.50304,-1.2321e-16,6.2138e-17
1064.1,-247.22,216.08,8.5387,0.39001,0.13454,0.0019545,0.50304,-1.2321e-16,6.2138e-17
1064.2,-247.25,216.1,8.5389,0.38679,0.13278,0.0017726,0.50304,-1.2321e-16,6.2138e-17
1064.3,-247.28,216.13,8.5391,0.38363,0.13104,0.0016027,0.50304,-1.2321e-16,6.2138e-17
1064.4,-247.32,216.15,8.5392,0.38053,0.12933,0.0014443,0.50304,-1.2321e-16,6.2138e-17
1064.5,-247.35,216.17,8.5394,0.37749,0.12765,0.0012969,0.50304,-1.2321e-16,6.2138e-17
1064.6,-247.39,216.19,8.5395,0.37451,0.12599,0.0011598,0.50304,-1.2321e-16,6.2138e-17
1064.7,-247.42,216.21,8.5396,0.37158,0.12434,0.0010328,0.50304,-1.2321e-16,6.2138e-17
1064.8,-247.45,216.23,8.5397,0.36871,0.12272,0.00091509,0.50304,-1.2321e-16,6.2138e-17
1064.9,-247.49,216.25,8.5398,0.3659,0.12112,0.0008064,0.50304,-1.2321e-16,6.2138e-17
1065,-247.52,216.27,8.5399,0.36314,0.11954,0.00070621,0.50304,-1.2321e-16,6.2138e-17
1065.1,-247.55,216.29,8.5399,0.36043,0.11798,0.00061408,0.50304,-1.2321e-16,6.2138e-17
1065.2,-247.58,216.31,8.54,0.35776,0.11644,0.00052959,0.50304,-1.2321e-16,6.2138e-17
1065.3,-247.61,216.33,8.54,0.35515,0.11491,0.00045231,0.50304,-1.2321e-16,6.2138e-17
1065.4,-247.64,216.35,8.5401,0.35259,0.1134,0.00038186,0.50304,-1.2321e-16,6.2138e-17
1065.5,-247.68,216.37,8.5401,0.35007,0.1119,0.00031784,0.50304,-1.2321e-16,6.2138e-17
1065.6,-247.71,216.39,8.5402,0.3476,0.11043,0.00025988,0.50304,-1.2321e-16,6.2138e-17
1065.7,-247.74,216.41,8.5402,0.34518,0.10896,0.00020763,0.50304,-1.2321e-16,6.2138e-17
1065.8,-247.77,216.43,8.5402,0.3428,0.10751,0.00016075,0.50304,-1.2321e-16,6.2138e-17
1065.9,-247.8,216.45,8.5402,0.34046,0.10608,0.00011889,0.50304,-1.2321e-16,6.2138e-17
1066,-247.83,216.47,8.5402,0.33817,0.10466,8.1755e-05,0.50304,-1.2321e-16,6.2138e-17
1066.1,-247.86,216.49,8.5402,0.33591,0.10326,4.903e-05,0.50304,-1.2321e-16,6.2138e-17
1066.2,-247.89,216.51,8.5402,0.3337,0.10187,2.0429e-05,0.50304,-1.2321e-16,6.2138e-17
1066.3,-247.91,216.53,8.5402,0.33152,0.10049,-4.3356e-06,0.50304,-1.2321e-16,6.2138e-17
1066.4,-247.94,216.55,8.5402,0.32939,0.099125,-2.5769e-05,0.50304,-1.2321e-16,6.2138e-17
1066.5,-247.97,216.57,8.5402,0.32729,0.097772,-4.4206e-05,0.50304,-1.2321e-16,6.2138e-17
1066.6,-248,216.59,8.5402,0.32523,0.096432,-5.9836e-05,0.50304,-1.2321e-16,6.2138e-17
1066.7,-248.03,216.61,8.5402,0.3232,0.095104,-7.2842e-05,0.50304,-1.2321e-16,6.2138e-17
1066.8,-248.05,216.63,8.5402,0.32121,0.093789,-8.3399e-05,0.50304,-1.2321e-16,6.2138e-17
1066.9,-248.08,216.64,8.5402,0.31925,0.092486,-9.1674e-05,0.50304,-1.2321e-16,6.2138e-17
1067,-248.11,216.66,8.5402,0.31733,0.091195,-9.7827e-05,0.50304,-1.2321e-16,6.2138e-17
1067.1,-248.14,216.68,8.5402,0.31544,0.089917,-0.00010201,0.50304,-1.2321e-16,6.2138e-17
1067.2,-248.16,216.7,8.5402,0.31358,0.088651,-0.00010437,0.50304,-1.2321e-16,6.2138e-17
1067.3,-248.19,216.72,8.5402,0.31176,0.087398,-0.00010505,0.50304,-1.2321e-16,6.2138e-17
1067.4,-248.22,216.74,8.5401,0.30996,0.086157,-0.00010417,0.50304,-1.2321e-16,6.2138e-17
1067.5,-248.24,216.76,8.5401,0.3082,0.084928,-0.00010186,0.50304,-1.2321e-16,6.2138e-17
1067.6,-248.27,216.78,8.5401,0.30646,0.083712,-9.8242e-05,0.50304,-1.2321e-16,6.2138e-17
1067.7,-248.29,216.79,8.5401,0.30476,0.082509,-9.3427e-05,0.50304,-1.2321e-16,6.2138e-17
1067.8,-248.32,216.81,8.5401,0.30308,0.081317,-8.7522e-05,0.50304,-1.2321e-16,6.2138e-17
1067.9,-248.35,216.83,8.5401,0.30143,0.080138,-8.0626e-05,0.50304,-1.2321e-16,6.2138e-17
1068,-248.37,216.85,8.5401,0.29981,0.078972,-7.2835e-05,0.50304,-1.2321e-16,6.2138e-17
1068.1,-248.4,216.87,8.5401,0.29821,0.077818,-6.4239e-05,0.50304,-1.2321e-16,6.2138e-17
1068.2,-248.42,216.88,8.5401,0.29664,0.076676,-5.4922e-05,0.50304,-1.2321e-16,6.2138e-17
1068.3,-248.45,216.9,8.5401,0.2951,0.075547,-4.4962e-05,0.50304,-1.2321e-16,6.2138e-17
1068.4,-248.47,216.92,8.5401,0.29358,0.074429,-3.4435e-05,0.50304,-1.2321e-16,6.2138e-17
1068.5,-248.49,216.94,8.5401,0.29209,0.073325,-2.3411e-05,0.50304,-1.2321e-16,6.2138e-17
1068.6,-248.52,216.96,8.5401,0.29062,0.072232,-1.1955e-05,0.50304,-1.2321e-16,6.2138e-17
1068.7,-248.54,216.97,8.5401,0.28917,0.071152,-1.2717e-07,0.50304,-1.2321e-16,6.2138e-17
1068.8,-248.57,216.99,8.5401,0.28775,0.070084,1.1945e-05,0.50304,-1.2321e-16,6.2138e-17
1068.9,-248.59,217.01,8.5401,0.28635,0.069027,2.4135e-05,0.50304,-1.2321e-16,6.2138e-17
1069,-248.61,217.03,8.5401,0.28497,0.067983,3.6395e-05,0.50304,-1.2321e-16,6.2138e-17
1069.1,-248.64,217.05,8.5401,0.28361,0.06695,4.8678e-05,0.50304,-1.2321e-16,6.2138e-17
1069.2,-248.66,217.06,8.5401,0.28228,0.065929,6.0943e-05,0.50304,-1.2321e-16,6.2138e-17
1069.3,-248.68,217.08,8.5401,0.28096,0.064919,7.3154e-05,0.50304,-1.2321e-16,6.2138e-17
1069.4,-248.7,217.1,8.5401,0.27967,0.063921,8.5276e-05,0.50304,-1.2321e-16,6.2138e-17
1069.5,-248.73,217.12,8.5401,0.2784,0.062935,9.728e-05,0.50304,-1.2321e-16,6.2138e-17
1069.6,-248.75,217.13,8.5401,0.27714,0.061961,0.00010914,0.50304,-1.2321e-16,6.2138e-17
1069.7,-248.77,217.15,8.5401,0.27591,0.060998,0.00012083,0.50304,-1.2321e-16,6.2138e-17
1069.8,-248.79,217.17,8.5401,0.27469,0.060046,0.00013232,0.50304,-1.2321e-16,6.2138e-17
1069.9,-248.82,217.19,8.5402,0.2735,0.059107,0.00014361,0.50304,-1.2321e-16,6.2138e-17
1070,-248.84,217.2,8.5402,0.27232,0.058178,0.00015467,0.50304,-1.2321e-16,6.2138e-17
1070.1,-248.86,217.22,8.5402,0.27116,0.057261,0.00016549,0.50304,-1.2321e-16,6.2138e-17
1070.2,-248.88,217.24,8.5402,0.27001,0.056356,0.00017606,0.50304,-1.2321e-16,6.2138e-17
1070.3,-248.9,217.26,8.5402,0.26889,0.055462,0.00018637,0.50304,-1.2321e-16,6.2138e-17
1070.4,-248.92,217.27,8.5402,0.26778,0.054579,0.00019641,0.50304,-1.2321e-16,6.2138e-17
1070.5,-248.94,217.29,8.5403,0.26669,0.053707,0.00020617,0.50304,-1.2321e-16,6.2138e-17
1070.6,-248.97,217.31,8.5403,0.26561,0.052847,0.00021566,0.50304,-1.2321e-16,6.2138e-17
1070.7,-248.99,217.32,8.5403,0.26455,0.051997,0.00022485,0.50304,-1.2321e-16,6.2138e-17
1070.8,-249.01,217.34,8.5403,0.26351,0.051159,0.00023376,0.50304,-1.2321e-16,6.2138e-17
1070.9,-249.03,217.36,8.5403,0.26248,0.050332,0.00024239,6.5435,0.74268,-0.36428
1071,-249.05,217.38,8.5399,0.27495,0.052711,-0.010049,6.5435,0.74268,-0.36428
1071.1,-249.07,217.39,8.5383,0.28719,0.055337,-0.020289,6.5435,0.74268,-0.36428
1071.2,-249.09,217.41,8.5358,0.29918,0.058241,-0.030387,6.5435,0.74268,-0.36428
1071.3,-249.12,217.43,8.5323,0.31091,0.061446,-0.040253,6.5435,0.74268,-0.36428
1071.4,-249.14,217.45,8.5278,0.3224,0.064972,-0.04981,6.5435,0.74268,-0.36428
1071.5,-249.17,217.48,8.5223,0.33362,0.068829,-0.058991,6.5435,0.74268,-0.36428
1071.6,-249.19,217.5,8.516,0.34458,0.073022,-0.067742,6.5435,0.74268,-0.36428
1071.7,-249.22,217.52,8.5088,0.35527,0.07755,-0.076024,6.5435,0.74268,-0.36428
1071.8,-249.25,217.55,8.5008,0.36569,0.082408,-0.08381,6.5435,0.74268,-0.36428
1071.9,-249.28,217.57,8.492,0.37582,0.087582,-0.091087,6.5435,0.74268,-0.36428
1072,-249.31,217.6,8.4826,0.38567,0.093059,-0.097855,6.5435,0.74268,-0.36428
1072.1,-249.34,217.62,8.4725,0.39524,0.098821,-0.10412,6.5435,0.74268,-0.36428
1072.2,-249.37,217.65,8.4618,0.40452,0.10485,-0.1099,6.5435,0.74268,-0.36428
1072.3,-249.4,217.68,8.4505,0.41351,0.11112,-0.11521,6.5435,0.74268,-0.36428
1072.4,-249.44,217.7,8.4388,0.4222,0.11761,-0.12009,6.5435,0.74268,-0.36428
1072.5,-249.47,217.73,8.4265,0.43061,0.1243,-0.12455,6.5435,0.74268,-0.36428
1072.6,-249.5,217.76,8.4139,0.43872,0.13117,-0.12862,6.5435,0.74268,-0.36428
1072.7,-249.54,217.79,8.4008,0.44653,0.1382,-0.13234,6.5435,0.74268,-0.36428
1072.8,-249.57,217.82,8.3874,0.45406,0.14537,-0.13573,6.5435,0.74268,-0.36428
1072.9,-249.61,217.86,8.3737,0.4613,0.15265,-0.13881,6.5435,0.74268,-0.36428
1073,-249.65,217.89,8.3596,0.46825,0.16004,-0.14162,6.5435,0.74268,-0.36428
1073.1,-249.68,217.92,8.3454,0.47492,0.16752,-0.14416,6.5435,0.74268,-0.36428
1073.2,-249.72,217.96,8.3308,0.48131,0.17506,-0.14647,6.5435,0.74268,-0.36428
1073.3,-249.76,217.99,8.3161,0.48742,0.18266,-0.14855,6.5435,0.74268,-0.36428
1073.4,-249.8,218.03,8.3011,0.49326,0.19031,-0.15044,6.5435,0.74268,-0.36428
1073.5,-249.83,218.07,8.286,0.49884,0.19799,-0.15213,6.5435,0.74268,-0.36428
1073.6,-249.87,218.1,8.2707,0.50415,0.20569,-0.15364,6.5435,0.74268,-0.36428
1073.7,-249.91,218.14,8.2553,0.50921,0.2134,-0.15499,6.5435,0.74268,-0.36428
1073.8,-249.95,218.18,8.2397,0.51402,0.22111,-0.15618,6.5435,0.74268,-0.36428
1073.9,-249.99,218.22,8.224,0.51859,0.22882,-0.15723,6.5435,0.74268,-0.36428
1074,-250.03,218.26,8.2083,0.52292,0.23651,-0.15813,6.5435,0.74268,-0.36428
1074.1,-250.07,218.3,8.1924,0.52702,0.24419,-0.1589,6.5435,0.74268,-0.36428
1074.2,-250.11,218.34,8.1765,0.5309,0.25183,-0.15955,6.5435,0.74268,-0.36428
1074.3,-250.15,218.39,8.1605,0.53456,0.25944,-0.16007,6.5435,0.74268,-0.36428
1074.4,-250.2,218.43,8.1445,0.53802,0.26701,-0.16047,6.5435,0.74268,-0.36428
1074.5,-250.24,218.47,8.1284,0.54127,0.27453,-0.16076,6.5435,0.74268,-0.36428
1074.6,-250.28,218.52,8.1123,0.54433,0.28201,-0.16094,6.5435,0.74268,-0.36428
1074.7,-250.32,218.56,8.0962,0.5472,0.28944,-0.16101,6.5435,0.74268,-0.36428
1074.8,-250.36,218.61,8.0801,0.54989,0.29681,-0.16098,6.5435,0.74268,-0.36428
1074.9,-250.4,218.66,8.064,0.55241,0.30412,-0.16085,6.5435,0.74268,-0.36428
1075,-250.44,218.71,8.048,0.55477,0.31137,-0.16063,6.5435,0.74268,-0.36428
1075.1,-250.48,218.76,8.0319,0.55697,0.31856,-0.16031,6.5435,0.74268,-0.36428
1075.2,-250.53,218.8,8.0159,0.55902,0.32568,-0.15989,6.5435,0.74268,-0.36428
1075.3,-250.57,218.86,7.9999,0.56092,0.33273,-0.15939,6.5435,0.74268,-0.36428
1075.4,-250.61,218.91,7.984,0.5627,0.33971,-0.1588,6.5435,0.74268,-0.36428
1075.5,-250.65,218.96,7.9682,0.56435,0.34663,-0.15813,6.5435,0.74268,-0.36428
1075.6,-250.69,219.01,7.9524,0.56587,0.35348,-0.15737,6.5435,0.74268,-0.36428
1075.7,-250.73,219.06,7.9367,0.56729,0.36025,-0.15653,6.5435,0.74268,-0.36428
1075.8,-250.77,219.12,7.9211,0.5686,0.36696,-0.15562,6.5435,0.74268,-0.36428
1075.9,-250.81,219.17,7.9056,0.56981,0.3736,-0.15463,6.5435,0.74268,-0.36428
1076,-250.85,219.23,7.8902,0.57093,0.38017,-0.15356,6.5435,0.74268,-0.36428
1076.1,-250.89,219.28,7.8749,0.57197,0.38668,-0.15242,6.5435,0.74268,-0.36428
1076.2,-250.93,219.34,7.8597,0.57293,0.39311,-0.1512,6.5435,0.74268,-0.36428
1076.3,-250.97,219.4,7.8446,0.57382,0.39949,-0.14992,1.5663,-3.8363e-16,1.9487e-16
1076.4,-251.01,219.46,7.8302,0.56376,0.40245,-0.13878,1.5663,-3.8363e-16,1.9487e-16
1076.5,-251.05,219.51,7.8169,0.55428,0.40489,-0.12846,1.5663,-3.8363e-16,1.9487e-16
1076.6,-251.09,219.57,7.8045,0.54535,0.40688,-0.11881,1.5663,-3.8363e-16,1.9487e-16
1076.7,-251.12,219.63,7.7931,0.53694,0.40848,-0.10971,1.5663,-3.8363e-16,1.9487e-16
1076.8,-251.16,219.68,7.7825,0.52903,0.40975,-0.10107,1.5663,-3.8363e-16,1.9487e-16
1076.9,-251.2,219.74,7.7729,0.5216,0.41074,-0.092806,1.5663,-3.8363e-16,1.9487e-16
1077,-251.23,219.79,7.764,0.51462,0.41148,-0.084855,1.5663,-3.8363e-16,1.9487e-16
1077.1,-251.27,219.85,7.7559,0.50809,0.41201,-0.077164,1.5663,-3.8363e-16,1.9487e-16
1077.2,-251.31,219.9,7.7485,0.50197,0.41236,-0.069685,1.5663,-3.8363e-16,1.9487e-16
1077.3,-251.34,219.96,7.7419,0.49625,0.41255,-0.062374,1.5663,-3.8363e-16,1.9487e-16
1077.4,-251.38,220.01,7.7361,0.49093,0.4126,-0.055192,1.5663,-3.8363e-16,1.9487e-16
1077.5,-251.41,220.06,7.7309,0.48598,0.41254,-0.048103,1.5663,-3.8363e-16,1.9487e-16
1077.6,-251.45,220.12,7.7264,0.4814,0.41239,-0.041069,1.5663,-3.8363e-16,1.9487e-16
1077.7,-251.48,220.17,7.7227,0.47718,0.41216,-0.034054,1.5663,-3.8363e-16,1.9487e-16
1077.8,-251.52,220.22,7.7196,0.47331,0.41187,-0.027021,1.5663,-3.8363e-16,1.9487e-16
1077.9,-251.55,220.27,7.7173,0.46978,0.41153,-0.019929,1.5663,-3.8363e-16,1.9487e-16
1078,-251.59,220.33,7.7156,0.46659,0.41115,-0.012735,1.5663,-3.8363e-16,1.9487e-16
1078.1,-251.62,220.38,7.7147,0.46374,0.41076,-0.0053894,1.5663,-3.8363e-16,1.9487e-16
1078.2,-251.65,220.43,7.7146,0.46121,0.41031,0.0021416,1.5663,-3.8363e-16,1.9487e-16
1078.3,-251.69,220.48,7.7152,0.45902,0.40877,0.0094825,1.5663,-3.8363e-16,1.9487e-16
1078.4,-251.72,220.53,7.7164,0.45713,0.40584,0.016374,1.5663,-3.8363e-16,1.9487e-16
1078.5,-251.76,220.58,7.7184,0.45552,0.4016,0.022706,1.5663,-3.8363e-16,1.9487e-16
1078.6,-251.79,220.63,7.721,0.45414,0.39618,0.028406,1.5663,-3.8363e-16,1.9487e-16
1078.7,-251.82,220.68,7.7241,0.45298,0.38971,0.033432,1.5663,-3.8363e-16,1.9487e-16
1078.8,-251.85,220.73,7.7276,0.45198,0.38235,0.037771,1.5663,-3.8363e-16,1.9487e-16
1078.9,-251.89,220.78,7.7316,0.45112,0.37425,0.041437,1.5663,-3.8363e-16,1.9487e-16
1079,-251.92,220.83,7.7359,0.45036,0.36555,0.044461,1.5663,-3.8363e-16,1.9487e-16
1079.1,-251.95,220.88,7.7405,0.44968,0.35639,0.046887,1.5663,-3.8363e-16,1.9487e-16
1079.2,-251.98,220.93,7.7453,0.44904,0.34691,0.048767,1.5663,-3.8363e-16,1.9487e-16
1079.3,-252.01,220.98,7.7502,0.44842,0.33721,0.050158,1.5663,-3.8363e-16,1.9487e-16
1079.4,-252.04,221.02,7.7553,0.44781,0.32739,0.051115,1.5663,-3.8363e-16,1.9487e-16
1079.5,-252.06,221.07,7.7604,0.44719,0.31753,0.051695,1.5663,-3.8363e-16,1.9487e-16
1079.6,-252.09,221.12,7.7656,0.44656,0.30771,0.05195,1.5663,-3.8363e-16,1.9487e-16
1079.7,-252.12,221.17,7.7708,0.44589,0.29798,0.051926,1.5663,-3.8363e-16,1.9487e-16
1079.8,-252.14,221.21,7.776,0.4452,0.28839,0.051669,1.5663,-3.8363e-16,1.9487e-16
1079.9,-252.17,221.26,7.7811,0.44446,0.27898,0.051215,1.5663,-3.8363e-16,1.9487e-16
1080,-252.19,221.31,7.7862,0.44369,0.26978,0.050601,1.5663,-3.8363e-16,1.9487e-16
1080.1,-252.22,221.35,7.7912,0.44288,0.2608,0.049854,1.5663,-3.8363e-16,1.9487e-16
1080.2,-252.24,221.4,7.7962,0.44202,0.25207,0.049001,1.5663,-3.8363e-16,1.9487e-16
1080.3,-252.26,221.44,7.801,0.44113,0.24359,0.048065,1.5663,-3.8363e-16,1.9487e-16
1080.4,-252.28,221.49,7.8058,0.4402,0.23537,0.047064,1.5663,-3.8363e-16,1.9487e-16
1080.5,-252.3,221.53,7.8105,0.43924,0.22742,0.046014,1.5663,-3.8363e-16,1.9487e-16
1080.6,-252.32,221.58,7.815,0.43824,0.21974,0.044928,1.5663,-3.8363e-16,1.9487e-16
1080.7,-252.34,221.62,7.8194,0.43721,0.21231,0.043819,1.5663,-3.8363e-16,1.9487e-16
1080.8,-252.36,221.67,7.8238,0.43616,0.20515,0.042695,1.5663,-3.8363e-16,1.9487e-16
1080.9,-252.38,221.71,7.828,0.43508,0.19825,0.041565,1.5663,-3.8363e-16,1.9487e-16
1081,-252.4,221.75,7.8321,0.43398,0.19159,0.040435,1.5663,-3.8363e-16,1.9487e-16
1081.1,-252.42,221.8,7.8361,0.43286,0.18518,0.039311,1.5663,-3.8363e-16,1.9487e-16
1081.2,-252.44,221.84,7.8399,0.43172,0.179,0.038197,1.5663,-3.8363e-16,1.9487e-16
1081.3,-252.45,221.89,7.8437,0.43057,0.17306,0.037097,1.5663,-3.8363e-16,1.9487e-16
1081.4,-252.47,221.93,7.8474,0.42941,0.16733,0.036013,1.5663,-3.8363e-16,1.9487e-16
1081.5,-252.49,221.97,7.8509,0.42824,0.16182,0.034948,1.5663,-3.8363e-16,1.9487e-16
1081.6,-252.5,222.01,7.8543,0.42706,0.15652,0.033904,1.5663,-3.8363e-16,1.9487e-16
1081.7,-252.52,222.06,7.8577,0.42588,0.15141,0.032881,1.5663,-3.8363e-16,1.9487e-16
1081.8,-252.53,222.1,7.8609,0.42469,0.1465,0.031882,1.5663,-3.8363e-16,1.9487e-16
1081.9,-252.55,222.14,7.8641,0.4235,0.14176,0.030906,1.5663,-3.8363e-16,1.9487e-16
1082,-252.56,222.18,7.8671,0.42231,0.13721,0.029955,1.5663,-3.8363e-16,1.9487e-16
1082.1,-252.58,222.23,7.8701,0.42113,0.13283,0.029027,1.5663,-3.8363e-16,1.9487e-16
1082.2,-252.59,222.27,7.8729,0.41995,0.1286,0.028124,1.5663,-3.8363e-16,1.9487e-16
1082.3,-252.6,222.31,7.8757,0.41877,0.12454,0.027246,1.5663,-3.8363e-16,1.9487e-16
1082.4,-252.62,222.35,7.8784,0.4176,0.12062,0.026391,1.5663,-3.8363e-16,1.9487e-16
1082.5,-252.63,222.39,7.881,0.41643,0.11685,0.02556,1.5663,-3.8363e-16,1.9487e-16
1082.6,-252.64,222.43,7.8835,0.41527,0.11322,0.024753,1.5663,-3.8363e-16,1.9487e-16
1082.7,-252.66,222.47,7.8859,0.41412,0.10972,0.023968,1.5663,-3.8363e-16,1.9487e-16
1082.8,-252.67,222.52,7.8883,0.41298,0.10634,0.023206,1.5663,-3.8363e-16,1.9487e-16
1082.9,-252.68,222.56,7.8906,0.41185,0.10309,0.022466,1.5663,-3.8363e-16,1.9487e-16
1083,-252.69,222.6,7.8928,0.41073,0.099956,0.021748,1.5663,-3.8363e-16,1.9487e-16
1083.1,-252.7,222.64,7.8949,0.40962,0.096933,0.02105,1.5663,-3.8363e-16,1.9487e-16
1083.2,-252.71,222.68,7.897,0.40852,0.094017,0.020373,1.5663,-3.8363e-16,1.9487e-16
1083.3,-252.72,222.72,7.899,0.40744,0.091206,0.019716,1.5663,-3.8363e-16,1.9487e-16
1083.4,-252.74,222.76,7.9009,0.40636,0.088493,0.019077,1.5663,-3.8363e-16,1.9487e-16
1083.5,-252.75,222.8,7.9028,0.4053,0.085876,0.018457,1.5663,-3.8363e-16,1.9487e-16
1083.6,-252.76,222.84,7.9046,0.40426,0.08335,0.017856,1.5663,-3.8363e-16,1.9487e-16
1083.7,-252.77,222.88,7.9064,0.40322,0.080913,0.017271,1.5663,-3.8363e-16,1.9487e-16
1083.8,-252.78,222.92,7.9081,0.4022,0.07856,0.016704,1.5663,-3.8363e-16,1.9487e-16
1083.9,-252.79,222.96,7.9097,0.40119,0.076288,0.016152,1.5663,-3.8363e-16,1.9487e-16
1084,-252.8,223,7.9113,0.4002,0.074094,0.015617,1.5663,-3.8363e-16,1.9487e-16
1084.1,-252.81,223.04,7.9128,0.39922,0.071976,0.015096,1.5663,-3.8363e-16,1.9487e-16
1084.2,-252.82,223.08,7.9143,0.39826,0.06993,0.014591,1.5663,-3.8363e-16,1.9487e-16
1084.3,-252.83,223.12,7.9158,0.3973,0.067954,0.014099,1.5663,-3.8363e-16,1.9487e-16
1084.4,-252.83,223.15,7.9171,0.39637,0.066045,0.013621,1.5663,-3.8363e-16,1.9487e-16
1084.5,-252.84,223.19,7.9185,0.39544,0.0642,0.013156,1.5663,-3.8363e-16,1.9487e-16
1084.6,-252.85,223.23,7.9198,0.39453,0.062417,0.012704,1.5663,-3.8363e-16,1.9487e-16
1084.7,-252.86,223.27,7.921,0.39364,0.060695,0.012264,1.5663,-3.8363e-16,1.9487e-16
1084.8,-252.87,223.31,7.9222,0.39276,0.05903,0.011836,1.5663,-3.8363e-16,1.9487e-16
1084.9,-252.88,223.35,7.9234,0.39189,0.05742,0.011419,1.5663,-3.8363e-16,1.9487e-16
1085,-252.89,223.39,7.9245,0.39104,0.055865,0.011012,1.5663,-3.8363e-16,1.9487e-16
1085.1,-252.9,223.43,7.9256,0.3902,0.054361,0.010617,1.5663,-3.8363e-16,1.9487e-16
1085.2,-252.9,223.47,7.9266,0.38937,0.052907,0.010231,1.5663,-3.8363e-16,1.9487e-16
1085.3,-252.91,223.5,7.9276,0.38856,0.051501,0.0098546,1.5663,-3.8363e-16,1.9487e-16
1085.4,-252.92,223.54,7.9286,0.38776,0.050142,0.0094877,1.5663,-3.8363e-16,1.9487e-16
1085.5,-252.93,223.58,7.9295,0.38697,0.048827,0.0091296,1.5663,-3.8363e-16,1.9487e-16
1085.6,-252.93,223.62,7.9304,0.3862,0.047556,0.0087801,1.5663,-3.8363e-16,1.9487e-16
1085.7,-252.94,223.66,7.9313,0.38544,0.046327,0.0084388,1.5663,-3.8363e-16,1.9487e-16
1085.8,-252.95,223.69,7.9321,0.38469,0.045139,0.0081052,1.5663,-3.8363e-16,1.9487e-16
1085.9,-252.96,223.73,7.9329,0.38396,0.04399,0.0077791,1.5663,-3.8363e-16,1.9487e-16
1086,-252.96,223.77,7.9337,0.38324,0.042878,0.0074602,1.5663,-3.8363e-16,1.9487e-16
1086.1,-252.97,223.81,7.9344,0.38253,0.041804,0.0071481,1.5663,-3.8363e-16,1.9487e-16
1086.2,-252.98,223.85,7.9351,0.38183,0.040765,0.0068426,1.5663,-3.8363e-16,1.9487e-16
1086.3,-252.99,223.88,7.9358,0.38114,0.03976,0.0065433,1.5663,-3.8363e-16,1.9487e-16
1086.4,-252.99,223.92,7.9364,0.38047,0.038788,0.0062499,1.5663,-3.8363e-16,1.9487e-16
1086.5,-253,223.96,7.937,0.37981,0.037849,0.0059622,1.5663,-3.8363e-16,1.9487e-16
1086.6,-253.01,224,7.9376,0.37916,0.036941,0.0056799,1.5663,-3.8363e-16,1.9487e-16
1086.7,-253.01,224.03,7.9382,0.37852,0.036064,0.0054027,1.5663,-3.8363e-16,1.9487e-16
1086.8,-253.02,224.07,7.9387,0.3779,0.035215,0.0051304,1.5663,-3.8363e-16,1.9487e-16
1086.9,-253.03,224.11,7.9392,0.37728,0.034396,0.0048626,1.5663,-3.8363e-16,1.9487e-16
1087,-253.03,224.15,7.9397,0.37667,0.033604,0.0045992,1.5663,-3.8363e-16,1.9487e-16
1087.1,-253.04,224.18,7.9401,0.37608,0.032839,0.0043399,1.5663,-3.8363e-16,1.9487e-16
1087.2,-253.05,224.22,7.9405,0.3755,0.0321,0.0040844,1.5663,-3.8363e-16,1.9487e-16
1087.3,-253.05,224.26,7.9409,0.37492,0.031386,0.0038326,1.5663,-3.8363e-16,1.9487e-16
1087.4,-253.06,224.29,7.9413,0.37436,0.030697,0.0035841,1.5663,-3.8363e-16,1.9487e-16
1087.5,-253.07,224.33,7.9416,0.37381,0.030032,0.0033387,1.5663,-3.8363e-16,1.9487e-16
1087.6,-253.07,224.37,7.942,0.37327,0.02939,0.0030963,1.5663,-3.8363e-16,1.9487e-16
1087.7,-253.08,224.41,7.9423,0.37273,0.028771,0.0028566,1.5663,-3.8363e-16,1.9487e-16
1087.8,-253.08,224.44,7.9425,0.37221,0.028174,0.0026193,1.5663,-3.8363e-16,1.9487e-16
1087.9,-253.09,224.48,7.9428,0.3717,0.027599,0.0023843,1.5663,-3.8363e-16,1.9487e-16
1088,-253.1,224.52,7.943,0.37119,0.027045,0.0021513,1.5663,-3.8363e-16,1.9487e-16
1088.1,-253.1,224.55,7.9432,0.3707,0.026511,0.0019202,1.5663,-3.8363e-16,1.9487e-16
1088.2,-253.11,224.59,7.9434,0.37021,0.025997,0.0016907,1.5663,-3.8363e-16,1.9487e-16
1088.3,-253.11,224.63,7.9435,0.36973,0.025503,0.0014626,1.5663,-3.8363e-16,1.9487e-16
1088.4,-253.12,224.66,7.9437,0.36926,0.025027,0.0012357,1.5663,-3.8363e-16,1.9487e-16
1088.5,-253.13,224.7,7.9438,0.3688,0.024571,0.0010098,1.5663,-3.8363e-16,1.9487e-16
1088.6,-253.13,224.74,7.9439,0.36835,0.024132,0.00078471,1.5663,-3.8363e-16,1.9487e-16
1088.7,-253.14,224.77,7.944,0.36791,0.023712,0.00056018,1.5663,-3.8363e-16,1.9487e-16
1088.8,-253.14,224.81,7.944,0.36747,0.023308,0.00033604,1.5663,-3.8363e-16,1.9487e-16
1088.9,-253.15,224.84,7.944,0.36704,0.022922,0.00011207,1.5663,-3.8363e-16,1.9487e-16
1089,-253.15,224.88,7.944,0.36662,0.022552,-0.00011203,1.5663,-3.8363e-16,1.9487e-16
1089.1,-253.16,224.92,7.944,0.36621,0.022197,-0.00033702,1.5663,-3.8363e-16,1.9487e-16
1089.2,-253.17,224.95,7.944,0.36581,0.021856,-0.00056305,1.5663,-3.8363e-16,1.9487e-16
1089.3,-253.17,224.99,7.9439,0.36541,0.021528,-0.00079017,1.5663,-3.8363e-16,1.9487e-16
1089.4,-253.18,225.03,7.9438,0.36502,0.021214,-0.0010184,1.5663,-3.8363e-16,1.9487e-16
1089.5,-253.18,225.06,7.9437,0.36463,0.020913,-0.0012479,1.5663,-3.8363e-16,1.9487e-16
1089.6,-253.19,225.1,7.9435,0.36426,0.020626,-0.0014785,1.5663,-3.8363e-16,1.9487e-16
1089.7,-253.19,225.13,7.9434,0.36389,0.020352,-0.0017104,1.5663,-3.8363e-16,1.9487e-16
1089.8,-253.2,225.17,7.9432,0.36353,0.020091,-0.0019436,1.5663,-3.8363e-16,1.9487e-16
1089.9,-253.2,225.21,7.943,0.36317,0.019843,-0.0021782,12.538,0.77752,-0.38137
1090,-253.21,225.24,7.9422,0.38729,0.023035,-0.013311,12.538,0.77752,-0.38137
1090.1,-253.21,225.28,7.9403,0.41091,0.026684,-0.024641,12.538,0.77752,-0.38137
1090.2,-253.22,225.32,7.9373,0.43399,0.030859,-0.036107,12.538,0.77752,-0.38137
1090.3,-253.23,225.37,7.9331,0.45654,0.03562,-0.047639,12.538,0.77752,-0.38137
1090.4,-253.23,225.41,7.9278,0.47853,0.041021,-0.059163,12.538,0.77752,-0.38137
1090.5,-253.24,225.46,7.9213,0.49994,0.047105,-0.070606,12.538,0.77752,-0.38137
1090.6,-253.25,225.51,7.9136,0.52076,0.053906,-0.081895,12.538,0.77752,-0.38137
1090.7,-253.26,225.57,7.9049,0.54098,0.061449,-0.092963,12.538,0.77752,-0.38137
1090.8,-253.27,225.62,7.8951,0.56057,0.069745,-0.10375,12.538,0.77752,-0.38137
1090.9,-253.28,225.68,7.8842,0.57953,0.078797,-0.1142,12.538,0.77752,-0.38137
1091,-253.29,225.74,7.8722,0.59784,0.088598,-0.12427,12.538,0.77752,-0.38137
1091.1,-253.3,225.8,7.8593,0.61548,0.099132,-0.13392,12.538,0.77752,-0.38137
1091.2,-253.31,225.86,7.8455,0.63245,0.11037,-0.14313,12.538,0.77752,-0.38137
1091.3,-253.32,225.92,7.8307,0.64873,0.12229,-0.15187,12.538,0.77752,-0.38137
1091.4,-253.33,225.99,7.8151,0.66431,0.13485,-0.16013,12.538,0.77752,-0.38137
1091.5,-253.34,226.06,7.7987,0.67918,0.14802,-0.16791,12.538,0.77752,-0.38137
1091.6,-253.35,226.13,7.7815,0.69334,0.16173,-0.1752,12.538,0.77752,-0.38137
1091.7,-253.36,226.2,7.7637,0.70679,0.17596,-0.182,12.538,0.77752,-0.38137
1091.8,-253.37,226.27,7.7452,0.71952,0.19065,-0.18832,12.538,0.77752,-0.38137
1091.9,-253.39,226.35,7.726,0.73154,0.20576,-0.19416,12.538,0.77752,-0.38137
1092,-253.4,226.42,7.7063,0.74284,0.22123,-0.19952,12.538,0.77752,-0.38137
1092.1,-253.41,226.5,7.6861,0.75344,0.23702,-0.20442,12.538,0.77752,-0.38137
1092.2,-253.42,226.58,7.6655,0.76335,0.25309,-0.20886,12.538,0.77752,-0.38137
1092.3,-253.43,226.66,7.6444,0.77256,0.26938,-0.21285,12.538,0.77752,-0.38137
1092.4,-253.44,226.74,7.6229,0.78111,0.28586,-0.21639,12.538,0.77752,-0.38137
1092.5,-253.45,226.82,7.6011,0.789,0.30248,-0.21949,12.538,0.77752,-0.38137
1092.6,-253.46,226.91,7.579,0.79625,0.3192,-0.22216,12.538,0.77752,-0.38137
1092.7,-253.47,226.99,7.5567,0.80288,0.33599,-0.22441,12.538,0.77752,-0.38137
1092.8,-253.47,227.08,7.5342,0.80892,0.35282,-0.22625,12.538,0.77752,-0.38137
1092.9,-253.48,227.17,7.5115,0.81438,0.36965,-0.22768,12.538,0.77752,-0.38137
1093,-253.49,227.26,7.4886,0.81929,0.38646,-0.2287,12.538,0.77752,-0.38137
1093.1,-253.5,227.35,7.4657,0.82369,0.40321,-0.22934,12.538,0.77752,-0.38137
1093.2,-253.5,227.44,7.4428,0.82759,0.41989,-0.22959,12.538,0.77752,-0.38137
1093.3,-253.51,227.54,7.4198,0.83102,0.43649,-0.22946,12.538,0.77752,-0.38137
1093.4,-253.51,227.63,7.3969,0.83402,0.45297,-0.22897,12.538,0.77752,-0.38137
1093.5,-253.51,227.73,7.3741,0.83661,0.46933,-0.22811,12.538,0.77752,-0.38137
1093.6,-253.52,227.82,7.3513,0.83883,0.48556,-0.22691,12.538,0.77752,-0.38137
1093.7,-253.52,227.92,7.3287,0.84071,0.50165,-0.22536,12.538,0.77752,-0.38137
1093.8,-253.52,228.02,7.3062,0.84228,0.5176,-0.22347,12.538,0.77752,-0.38137
1093.9,-253.52,228.12,7.284,0.84357,0.53341,-0.22125,12.538,0.77752,-0.38137
1094,-253.52,228.22,7.262,0.84461,0.54908,-0.21871,12.538,0.77752,-0.38137
1094.1,-253.52,228.32,7.2403,0.84543,0.56461,-0.21584,12.538,0.77752,-0.38137
1094.2,-253.51,228.42,7.2188,0.84608,0.58001,-0.21266,12.538,0.77752,-0.38137
1094.3,-253.51,228.52,7.1978,0.84657,0.5953,-0.20916,12.538,0.77752,-0.38137
1094.4,-253.5,228.63,7.177,0.84694,0.61049,-0.20535,12.538,0.77752,-0.38137
1094.5,-253.5,228.73,7.1567,0.84722,0.62558,-0.20122,12.538,0.77752,-0.38137
1094.6,-253.49,228.84,7.1368,0.84744,0.64061,-0.19677,12.538,0.77752,-0.38137
1094.7,-253.48,228.94,7.1173,0.84764,0.6556,-0.192,12.538,0.77752,-0.38137
1094.8,-253.47,229.05,7.0984,0.84785,0.67057,-0.18689,12.538,0.77752,-0.38137
1094.9,-253.46,229.16,7.08,0.84809,0.68554,-0.18143,12.538,0.77752,-0.38137
1095,-253.45,229.27,7.0621,0.8484,0.70056,-0.1756,12.538,0.77752,-0.38137
1095.1,-253.44,229.38,7.0449,0.84883,0.71566,-0.16939,12.538,0.77752,-0.38137
1095.2,-253.43,229.49,7.0283,0.84939,0.73088,-0.16275,12.538,0.77752,-0.38137
1095.3,-253.42,229.6,7.0123,0.85013,0.74627,-0.15566,12.538,0.77752,-0.38137
1095.4,-253.4,229.71,6.9971,0.85109,0.76187,-0.14806,12.538,0.77752,-0.38137
1095.5,-253.39,229.83,6.9827,0.85232,0.77775,-0.13991,12.538,0.77752,-0.38137
1095.6,-253.37,229.94,6.9692,0.85386,0.79398,-0.13112,12.538,0.77752,-0.38137
1095.7,-253.36,230.06,6.9565,0.85577,0.81063,-0.12161,12.538,0.77752,-0.38137
1095.8,-253.34,230.18,6.9449,0.85812,0.82779,-0.11126,12.538,0.77752,-0.38137
1095.9,-253.32,230.29,6.9343,0.86098,0.84557,-0.099918,4.6092,-1.1289e-15,5.4255e-16
1096,-253.31,230.41,6.9255,0.84729,0.86067,-0.076296,4.6092,-1.1289e-15,5.4255e-16
1096.1,-253.29,230.53,6.9191,0.83578,0.87641,-0.050406,4.6092,-1.1289e-15,5.4255e-16
1096.2,-253.28,230.65,6.9155,0.82666,0.89319,-0.021485,4.6092,-1.1289e-15,5.4255e-16
1096.3,-253.26,230.78,6.915,0.8202,0.91069,0.011317,4.6092,-1.1289e-15,5.4255e-16
1096.4,-253.25,230.9,6.9178,0.81662,0.91852,0.044058,4.6092,-1.1289e-15,5.4255e-16
1096.5,-253.24,231.02,6.9237,0.81568,0.91369,0.072983,4.6092,-1.1289e-15,5.4255e-16
1096.6,-253.23,231.14,6.9322,0.81683,0.89773,0.096323,4.6092,-1.1289e-15,5.4255e-16
1096.7,-253.22,231.26,6.9427,0.81939,0.87299,0.11352,4.6092,-1.1289e-15,5.4255e-16
1096.8,-253.21,231.38,6.9547,0.82272,0.84207,0.12495,4.6092,-1.1289e-15,5.4255e-16
1096.9,-253.19,231.5,6.9676,0.82625,0.80736,0.13149,4.6092,-1.1289e-15,5.4255e-16
1097,-253.18,231.61,6.9809,0.82959,0.77078,0.13415,4.6092,-1.1289e-15,5.4255e-16
1097.1,-253.17,231.72,6.9943,0.83246,0.7338,0.13393,4.6092,-1.1289e-15,5.4255e-16
1097.2,-253.15,231.83,7.0076,0.83473,0.69742,0.13164,4.6092,-1.1289e-15,5.4255e-16
1097.3,-253.13,231.94,7.0206,0.83631,0.6623,0.12794,4.6092,-1.1289e-15,5.4255e-16
1097.4,-253.12,232.04,7.0331,0.8372,0.62885,0.1233,4.6092,-1.1289e-15,5.4255e-16
1097.5,-253.1,232.14,7.0452,0.83743,0.59728,0.11808,4.6092,-1.1289e-15,5.4255e-16
1097.6,-253.08,232.24,7.0567,0.83704,0.56768,0.11255,4.6092,-1.1289e-15,5.4255e-16
1097.7,-253.06,232.34,7.0677,0.83609,0.54005,0.10688,4.6092,-1.1289e-15,5.4255e-16
1097.8,-253.03,232.44,7.0781,0.83464,0.51435,0.10119,4.6092,-1.1289e-15,5.4255e-16
1097.9,-253.01,232.53,7.088,0.83275,0.4905,0.095558,4.6092,-1.1289e-15,5.4255e-16
1098,-252.99,232.63,7.0972,0.83048,0.4684,0.09004,4.6092,-1.1289e-15,5.4255e-16
1098.1,-252.97,232.72,7.106,0.82789,0.44795,0.084666,4.6092,-1.1289e-15,5.4255e-16
1098.2,-252.94,232.81,7.1142,0.82502,0.42906,0.079451,4.6092,-1.1289e-15,5.4255e-16
1098.3,-252.92,232.9,7.1219,0.82192,0.41161,0.074402,4.6092,-1.1289e-15,5.4255e-16
1098.4,-252.89,232.98,7.1291,0.81862,0.39552,0.069517,4.6092,-1.1289e-15,5.4255e-16
1098.5,-252.87,233.07,7.1358,0.81517,0.38069,0.06479,4.6092,-1.1289e-15,5.4255e-16
1098.6,-252.84,233.16,7.142,0.81158,0.36705,0.060212,4.6092,-1.1289e-15,5.4255e-16
1098.7,-252.82,233.24,7.1478,0.8079,0.35451,0.05577,4.6092,-1.1289e-15,5.4255e-16
1098.8,-252.79,233.33,7.1532,0.80414,0.34302,0.051451,4.6092,-1.1289e-15,5.4255e-16
1098.9,-252.77,233.41,7.1581,0.80031,0.33251,0.04724,4.6092,-1.1289e-15,5.4255e-16
1099,-252.74,233.49,7.1626,0.79645,0.32292,0.043124,4.6092,-1.1289e-15,5.4255e-16
1099.1,-252.72,233.57,7.1667,0.79255,0.31421,0.039086,4.6092,-1.1289e-15,5.4255e-16
1099.2,-252.69,233.65,7.1704,0.78865,0.30635,0.035111,4.6092,-1.1289e-15,5.4255e-16
1099.3,-252.66,233.73,7.1738,0.78473,0.29928,0.031184,4.6092,-1.1289e-15,5.4255e-16
1099.4,-252.64,233.81,7.1767,0.78082,0.29299,0.027287,4.6092,-1.1289e-15,5.4255e-16
1099.5,-252.61,233.89,7.1792,0.77692,0.28745,0.023406,4.6092,-1.1289e-15,5.4255e-16
1099.6,-252.59,233.97,7.1814,0.77303,0.28263,0.019525,4.6092,-1.1289e-15,5.4255e-16
1099.7,-252.56,234.05,7.1831,0.76917,0.27853,0.015627,4.6092,-1.1289e-15,5.4255e-16
1099.8,-252.53,234.13,7.1845,0.76532,0.27513,0.011695,4.6092,-1.1289e-15,5.4255e-16
1099.9,-252.51,234.2,7.1855,0.7615,0.27244,0.0077142,4.6092,-1.1289e-15,5.4255e-16
1100,-252.48,234.28,7.186,0.7577,0.27044,0.0036668,4.6092,-1.1289e-15,5.4255e-16
1100.1,-252.46,234.36,7.1862,0.75392,0.26914,-0.00046523,4.6092,-1.1289e-15,5.4255e-16
1100.2,-252.43,234.43,7.1859,0.75016,0.26825,-0.0048046,4.6092,-1.1289e-15,5.4255e-16
1100.3,-252.41,234.51,7.1852,0.74642,0.26755,-0.0094177,4.6092,-1.1289e-15,5.4255e-16
1100.4,-252.38,234.58,7.184,0.74268,0.26706,-0.014288,4.6092,-1.1289e-15,5.4255e-16
1100.5,-252.36,234.66,7.1824,0.73895,0.2668,-0.019393,4.6092,-1.1289e-15,5.4255e-16
1100.6,-252.33,234.73,7.1802,0.73521,0.26679,-0.024701,4.6092,-1.1289e-15,5.4255e-16
1100.7,-252.31,234.8,7.1774,0.73147,0.26702,-0.030175,4.6092,-1.1289e-15,5.4255e-16
1100.8,-252.28,234.88,7.1741,0.72771,0.26751,-0.035771,4.6092,-1.1289e-15,5.4255e-16
1100.9,-252.26,234.95,7.1703,0.72394,0.26827,-0.041439,4.6092,-1.1289e-15,5.4255e-16
1101,-252.23,235.02,7.1658,0.72016,0.26929,-0.047126,4.6092,-1.1289e-15,5.4255e-16
1101.1,-252.21,235.1,7.1608,0.71635,0.27057,-0.052777,4.6092,-1.1289e-15,5.4255e-16
1101.2,-252.18,235.17,7.1553,0.71254,0.27211,-0.058335,4.6092,-1.1289e-15,5.4255e-16
1101.3,-252.16,235.24,7.1492,0.7087,0.2739,-0.063746,4.6092,-1.1289e-15,5.4255e-16
1101.4,-252.13,235.31,7.1425,0.70485,0.27593,-0.068959,4.6092,-1.1289e-15,5.4255e-16
1101.5,-252.11,235.38,7.1354,0.70099,0.27818,-0.073927,4.6092,-1.1289e-15,5.4255e-16
1101.6,-252.08,235.46,7.1278,0.69712,0.28064,-0.078608,4.6092,-1.1289e-15,5.4255e-16
1101.7,-252.05,235.53,7.1197,0.69325,0.28328,-0.082969,4.6092,-1.1289e-15,5.4255e-16
1101.8,-252.03,235.6,7.1112,0.68937,0.28609,-0.086984,4.6092,-1.1289e-15,5.4255e-16
1101.9,-252,235.67,7.1023,0.6855,0.28903,-0.090634,4.6092,-1.1289e-15,5.4255e-16
1102,-251.98,235.74,7.0931,0.68164,0.2921,-0.093907,4.6092,-1.1289e-15,5.4255e-16
1102.1,-251.95,235.8,7.0835,0.6778,0.29526,-0.096799,4.6092,-1.1289e-15,5.4255e-16
1102.2,-251.93,235.87,7.0737,0.67398,0.2985,-0.09931,4.6092,-1.1289e-15,5.4255e-16
1102.3,-251.9,235.94,7.0637,0.67019,0.30178,-0.10145,4.6092,-1.1289e-15,5.4255e-16
1102.4,-251.87,236.01,7.0534,0.66643,0.3051,-0.10322,4.6092,-1.1289e-15,5.4255e-16
1102.5,-251.85,236.08,7.043,0.66271,0.30842,-0.10465,4.6092,-1.1289e-15,5.4255e-16
1102.6,-251.82,236.15,7.0325,0.65904,0.31174,-0.10575,4.6092,-1.1289e-15,5.4255e-16
1102.7,-251.79,236.21,7.0219,0.65543,0.31504,-0.10654,4.6092,-1.1289e-15,5.4255e-16
1102.8,-251.76,236.28,7.0112,0.65187,0.3183,-0.10704,4.6092,-1.1289e-15,5.4255e-16
1102.9,-251.74,236.35,7.0005,0.64837,0.32151,-0.10726,4.6092,-1.1289e-15,5.4255e-16
1103,-251.71,236.42,6.9898,0.64495,0.32465,-0.10724,4.6092,-1.1289e-15,5.4255e-16
1103.1,-251.68,236.48,6.9791,0.64159,0.32774,-0.10699,4.6092,-1.1289e-15,5.4255e-16
1103.2,-251.65,236.55,6.9684,0.63832,0.33074,-0.10653,4.6092,-1.1289e-15,5.4255e-16
1103.3,-251.62,236.61,6.9578,0.63512,0.33366,-0.10588,4.6092,-1.1289e-15,5.4255e-16
1103.4,-251.6,236.68,6.9472,0.63201,0.33649,-0.10506,4.6092,-1.1289e-15,5.4255e-16
1103.5,-251.57,236.75,6.9368,0.62899,0.33924,-0.10409,4.6092,-1.1289e-15,5.4255e-16
1103.6,-251.54,236.81,6.9264,0.62605,0.34189,-0.10298,4.6092,-1.1289e-15,5.4255e-16
1103.7,-251.51,236.87,6.9162,0.62321,0.34444,-0.10174,4.6092,-1.1289e-15,5.4255e-16
1103.8,-251.48,236.94,6.9061,0.62046,0.3469,-0.1004,4.6092,-1.1289e-15,5.4255e-16
1103.9,-251.45,237,6.8961,0.61781,0.34926,-0.098958,4.6092,-1.1289e-15,5.4255e-16
1104,-251.42,237.07,6.8863,0.61526,0.35152,-0.097431,4.6092,-1.1289e-15,5.4255e-16
1104.1,-251.39,237.13,6.8766,0.6128,0.35369,-0.09583,4.6092,-1.1289e-15,5.4255e-16
1104.2,-251.35,237.19,6.8671,0.61044,0.35576,-0.094162,4.6092,-1.1289e-15,5.4255e-16
1104.3,-251.32,237.26,6.8578,0.60818,0.35774,-0.092438,4.6092,-1.1289e-15,5.4255e-16
1104.4,-251.29,237.32,6.8486,0.60602,0.35963,-0.090664,4.6092,-1.1289e-15,5.4255e-16
1104.5,-251.26,237.38,6.8396,0.60395,0.36144,-0.088847,4.6092,-1.1289e-15,5.4255e-16
1104.6,-251.23,237.45,6.8308,0.60199,0.36315,-0.086994,4.6092,-1.1289e-15,5.4255e-16
1104.7,-251.19,237.51,6.8222,0.60012,0.36478,-0.08511,4.6092,-1.1289e-15,5.4255e-16
1104.8,-251.16,237.57,6.8138,0.59835,0.36633,-0.083201,4.6092,-1.1289e-15,5.4255e-16
1104.9,-251.13,237.63,6.8056,0.59667,0.36781,-0.081269,4.6092,-1.1289e-15,5.4255e-16
1105,-251.09,237.69,6.7976,0.59509,0.3692,-0.07932,4.6092,-1.1289e-15,5.4255e-16
1105.1,-251.06,237.75,6.7897,0.59361,0.37052,-0.077357,4.6092,-1.1289e-15,5.4255e-16
1105.2,-251.03,237.82,6.7821,0.59221,0.37177,-0.075383,4.6092,-1.1289e-15,5.4255e-16
1105.3,-250.99,237.88,6.7747,0.59091,0.37296,-0.073399,4.6092,-1.1289e-15,5.4255e-16
1105.4,-250.96,237.94,6.7674,0.5897,0.37407,-0.071409,4.6092,-1.1289e-15,5.4255e-16
1105.5,-250.92,238,6.7604,0.58857,0.37513,-0.069415,4.6092,-1.1289e-15,5.4255e-16
1105.6,-250.89,238.06,6.7535,0.58754,0.37612,-0.067417,4.6092,-1.1289e-15,5.4255e-16
1105.7,-250.85,238.12,6.7469,0.58659,0.37705,-0.065418,4.6092,-1.1289e-15,5.4255e-16
1105.8,-250.82,238.18,6.7405,0.58572,0.37793,-0.063418,4.6092,-1.1289e-15,5.4255e-16
1105.9,-250.78,238.24,6.7342,0.58494,0.37875,-0.061418,4.6092,-1.1289e-15,5.4255e-16
1106,-250.74,238.3,6.7282,0.58423,0.37952,-0.059419,4.6092,-1.1289e-15,5.4255e-16
1106.1,-250.71,238.36,6.7223,0.58361,0.38023,-0.057421,4.6092,-1.1289e-15,5.4255e-16
1106.2,-250.67,238.42,6.7167,0.58306,0.3809,-0.055425,4.6092,-1.1289e-15,5.4255e-16
1106.3,-250.63,238.47,6.7112,0.58259,0.38152,-0.053429,4.6092,-1.1289e-15,5.4255e-16
1106.4,-250.6,238.53,6.706,0.5822,0.3821,-0.051435,4.6092,-1.1289e-15,5.4255e-16
1106.5,-250.56,238.59,6.701,0.58187,0.38263,-0.049442,4.6092,-1.1289e-15,5.4255e-16
1106.6,-250.52,238.65,6.6961,0.58162,0.38312,-0.047448,4.6092,-1.1289e-15,5.4255e-16
1106.7,-250.48,238.71,6.6915,0.58144,0.38357,-0.045455,4.6092,-1.1289e-15,5.4255e-16
1106.8,-250.44,238.77,6.687,0.58133,0.38397,-0.04346,4.6092,-1.1289e-15,5.4255e-16
1106.9,-250.41,238.83,6.6828,0.58128,0.38434,-0.041462,4.6092,-1.1289e-15,5.4255e-16
1107,-250.37,238.88,6.6787,0.5813,0.38467,-0.039462,4.6092,-1.1289e-15,5.4255e-16
1107.1,-250.33,238.94,6.6749,0.58138,0.38497,-0.037456,4.6092,-1.1289e-15,5.4255e-16
1107.2,-250.29,239,6.6712,0.58153,0.38522,-0.035444,4.6092,-1.1289e-15,5.4255e-16
1107.3,-250.25,239.06,6.6678,0.58174,0.38544,-0.033424,4.6092,-1.1289e-15,5.4255e-16
1107.4,-250.21,239.11,6.6646,0.58201,0.38563,-0.031394,4.6092,-1.1289e-15,5.4255e-16
1107.5,-250.17,239.17,6.6615,0.58234,0.38578,-0.029351,4.6092,-1.1289e-15,5.4255e-16
1107.6,-250.13,239.23,6.6587,0.58273,0.3859,-0.027294,4.6092,-1.1289e-15,5.4255e-16
1107.7,-250.09,239.29,6.6561,0.58318,0.38598,-0.02522,4.6092,-1.1289e-15,5.4255e-16
1107.8,-250.05,239.34,6.6536,0.58368,0.38604,-0.023125,4.6092,-1.1289e-15,5.4255e-16
1107.9,-250.01,239.4,6.6514,0.58424,0.38605,-0.021007,4.6092,-1.1289e-15,5.4255e-16
1108,-249.97,239.46,6.6494,0.58486,0.38604,-0.018862,4.6092,-1.1289e-15,5.4255e-16
1108.1,-249.93,239.51,6.6477,0.58553,0.38599,-0.016685,4.6092,-1.1289e-15,5.4255e-16
1108.2,-249.89,239.57,6.6461,0.58626,0.3859,-0.014473,4.6092,-1.1289e-15,5.4255e-16
1108.3,-249.85,239.63,6.6448,0.58704,0.38578,-0.01222,4.6092,-1.1289e-15,5.4255e-16
1108.4,-249.8,239.68,6.6437,0.58788,0.38563,-0.0099201,4.6092,-1.1289e-15,5.4255e-16
1108.5,-249.76,239.74,6.6428,0.58877,0.38544,-0.0075675,4.6092,-1.1289e-15,5.4255e-16
1108.6,-249.72,239.8,6.6422,0.58972,0.38522,-0.0051548,4.6092,-1.1289e-15,5.4255e-16
1108.7,-249.68,239.86,6.6418,0.59073,0.38496,-0.0026738,4.6092,-1.1289e-15,5.4255e-16
1108.8,-249.64,239.91,6.6416,0.5918,0.38466,-0.00011542,4.6092,-1.1289e-15,5.4255e-16
1108.9,-249.6,239.97,6.6417,0.59292,0.38411,0.0024493,4.6092,-1.1289e-15,5.4255e-16
1109,-249.55,240.03,6.6421,0.5941,0.38305,0.0049099,4.6092,-1.1289e-15,5.4255e-16
1109.1,-249.51,240.08,6.6427,0.59532,0.38151,0.0072411,4.6092,-1.1289e-15,5.4255e-16
1109.2,-249.47,240.14,6.6435,0.59659,0.37951,0.0094216,4.6092,-1.1289e-15,5.4255e-16
1109.3,-249.43,240.2,6.6446,0.59789,0.37707,0.011434,4.6092,-1.1289e-15,5.4255e-16
1109.4,-249.38,240.25,6.6458,0.59921,0.37423,0.013265,4.6092,-1.1289e-15,5.4255e-16
1109.5,-249.34,240.31,6.6472,0.60055,0.37103,0.014905,4.6092,-1.1289e-15,5.4255e-16
1109.6,-249.3,240.36,6.6488,0.60191,0.36751,0.016348,1.3597,-0.18078,0.08867
1109.7,-249.26,240.42,6.6506,0.59608,0.3627,0.020127,1.3597,-0.18078,0.08867
1109.8,-249.21,240.47,6.6528,0.59052,0.35714,0.023733,1.3597,-0.18078,0.08867
1109.9,-249.17,240.53,6.6554,0.58521,0.3509,0.027129,1.3597,-0.18078,0.08867
1110,-249.13,240.58,6.6582,0.58014,0.34402,0.030286,1.3597,-0.18078,0.08867
1110.1,-249.09,240.64,6.6614,0.57527,0.33657,0.033186,1.3597,-0.18078,0.08867
1110.2,-249.05,240.69,6.6649,0.5706,0.32864,0.03582,1.3597,-0.18078,0.08867
1110.3,-249.01,240.74,6.6686,0.56609,0.32028,0.038188,1.3597,-0.18078,0.08867
1110.4,-248.97,240.79,6.6725,0.56175,0.31157,0.040293,1.3597,-0.18078,0.08867
1110.5,-248.93,240.84,6.6766,0.55754,0.30257,0.042148,1.3597,-0.18078,0.08867
1110.6,-248.89,240.89,6.6809,0.55346,0.29334,0.043767,1.3597,-0.18078,0.08867
1110.7,-248.85,240.94,6.6854,0.54948,0.28395,0.045168,1.3597,-0.18078,0.08867
1110.8,-248.81,240.98,6.6899,0.54561,0.27445,0.046371,1.3597,-0.18078,0.08867
1110.9,-248.77,241.03,6.6946,0.54182,0.26489,0.047397,1.3597,-0.18078,0.08867
1111,-248.73,241.07,6.6994,0.53812,0.2553,0.048266,1.3597,-0.18078,0.08867
1111.1,-248.69,241.12,6.7043,0.53449,0.24572,0.048999,1.3597,-0.18078,0.08867
1111.2,-248.65,241.16,6.7092,0.53092,0.23619,0.049617,1.3597,-0.18078,0.08867
1111.3,-248.61,241.21,6.7142,0.52742,0.22672,0.050138,1.3597,-0.18078,0.08867
1111.4,-248.58,241.25,6.7192,0.52397,0.21735,0.050581,1.3597,-0.18078,0.08867
1111.5,-248.54,241.29,6.7243,0.52057,0.2081,0.050962,1.3597,-0.18078,0.08867
1111.6,-248.5,241.33,6.7294,0.51723,0.19896,0.051296,1.3597,-0.18078,0.08867
1111.7,-248.46,241.37,6.7346,0.51394,0.18997,0.051598,1.3597,-0.18078,0.08867
1111.8,-248.42,241.41,6.7398,0.51069,0.18112,0.05188,1.3597,-0.18078,0.08867
1111.9,-248.38,241.45,6.745,0.50748,0.17243,0.052153,1.3597,-0.18078,0.08867
1112,-248.35,241.49,6.7502,0.50432,0.1639,0.052428,1.3597,-0.18078,0.08867
1112.1,-248.31,241.52,6.7554,0.5012,0.15553,0.052714,1.3597,-0.18078,0.08867
1112.2,-248.27,241.56,6.7607,0.49813,0.14732,0.053019,1.3597,-0.18078,0.08867
1112.3,-248.23,241.59,6.766,0.49509,0.13928,0.05335,1.3597,-0.18078,0.08867
1112.4,-248.2,241.63,6.7714,0.4921,0.13141,0.053713,1.3597,-0.18078,0.08867
1112.5,-248.16,241.66,6.7768,0.48914,0.12369,0.054113,1.3597,-0.18078,0.08867
1112.6,-248.12,241.7,6.7822,0.48623,0.11615,0.054556,1.3597,-0.18078,0.08867
1112.7,-248.09,241.73,6.7877,0.48335,0.10876,0.055046,1.3597,-0.18078,0.08867
1112.8,-248.05,241.76,6.7932,0.48051,0.10153,0.055584,1.3597,-0.18078,0.08867
1112.9,-248.01,241.8,6.7988,0.47771,0.094459,0.056175,1.3597,-0.18078,0.08867
1113,-247.98,241.83,6.8045,0.47495,0.087542,0.05682,1.3597,-0.18078,0.08867
1113.1,-247.94,241.86,6.8102,0.47222,0.080777,0.057521,1.3597,-0.18078,0.08867
1113.2,-247.9,241.89,6.816,0.46953,0.074161,0.058279,1.3597,-0.18078,0.08867
1113.3,-247.86,241.92,6.8218,0.46687,0.067692,0.059095,1.3597,-0.18078,0.08867
1113.4,-247.83,241.95,6.8278,0.46425,0.061368,0.059968,1.3597,-0.18078,0.08867
1113.5,-247.79,241.98,6.8338,0.46166,0.055187,0.060898,1.3597,-0.18078,0.08867
1113.6,-247.76,242.01,6.84,0.4591,0.049146,0.061885,1.3597,-0.18078,0.08867
1113.7,-247.72,242.03,6.8462,0.45658,0.043245,0.062926,1.3597,-0.18078,0.08867
1113.8,-247.68,242.06,6.8526,0.45408,0.03748,0.064022,1.3597,-0.18078,0.08867
1113.9,-247.65,242.09,6.859,0.45162,0.031852,0.065169,1.3597,-0.18078,0.08867
1114,-247.61,242.12,6.8656,0.44918,0.026357,0.066365,1.3597,-0.18078,0.08867
1114.1,-247.57,242.14,6.8723,0.44677,0.020997,0.067608,1.3597,-0.18078,0.08867
1114.2,-247.54,242.17,6.8791,0.44439,0.015768,0.068894,1.3597,-0.18078,0.08867
1114.3,-247.5,242.2,6.8861,0.44203,0.010671,0.070221,1.3597,-0.18078,0.08867
1114.4,-247.47,242.22,6.8932,0.4397,0.0057054,0.071584,1.3597,-0.18078,0.08867
1114.5,-247.43,242.25,6.9004,0.43739,0.00086981,0.07298,1.3597,-0.18078,0.08867
1114.6,-247.4,242.27,6.9078,0.43511,-0.00386,0.074378,1.3597,-0.18078,0.08867
1114.7,-247.36,242.3,6.9153,0.43284,-0.0085303,0.075722,1.3597,-0.18078,0.08867
1114.8,-247.32,242.32,6.9229,0.4306,-0.01314,0.077005,1.3597,-0.18078,0.08867
1114.9,-247.29,242.35,6.9307,0.42837,-0.017686,0.078222,1.3597,-0.18078,0.08867
1115,-247.25,242.37,6.9385,0.42616,-0.022166,0.079368,1.3597,-0.18078,0.08867
1115.1,-247.22,242.4,6.9465,0.42396,-0.026578,0.080441,1.3597,-0.18078,0.08867
1115.2,-247.18,242.42,6.9546,0.42179,-0.030919,0.081437,1.3597,-0.18078,0.08867
1115.3,-247.15,242.44,6.9628,0.41962,-0.035186,0.082356,1.3597,-0.18078,0.08867
1115.4,-247.11,242.47,6.9711,0.41747,-0.039377,0.083197,1.3597,-0.18078,0.08867
1115.5,-247.08,242.49,6.9795,0.41534,-0.043489,0.083959,1.3597,-0.18078,0.08867
1115.6,-247.05,242.51,6.9879,0.41322,-0.04752,0.084642,1.3597,-0.18078,0.08867
1115.7,-247.01,242.54,6.9964,0.41111,-0.051469,0.085249,1.3597,-0.18078,0.08867
1115.8,-246.98,242.56,7.0049,0.40901,-0.055334,0.085779,1.3597,-0.18078,0.08867
1115.9,-246.94,242.58,7.0135,0.40693,-0.059113,0.086235,1.3597,-0.18078,0.08867
1116,-246.91,242.6,7.0222,0.40486,-0.062804,0.086618,1.3597,-0.18078,0.08867
1116.1,-246.87,242.63,7.0309,0.40281,-0.066407,0.086932,1.3597,-0.18078,0.08867
1116.2,-246.84,242.65,7.0396,0.40077,-0.069922,0.087178,1.3597,-0.18078,0.08867
1116.3,-246.81,242.67,7.0483,0.39874,-0.073346,0.087359,1.3597,-0.18078,0.08867
1116.4,-246.77,242.69,7.057,0.39673,-0.076681,0.087479,1.3597,-0.18078,0.08867
1116.5,-246.74,242.72,7.0658,0.39474,-0.079925,0.087539,1.3597,-0.18078,0.08867
1116.6,-246.7,242.74,7.0745,0.39276,-0.083079,0.087543,1.3597,-0.18078,0.08867
1116.7,-246.67,242.76,7.0833,0.3908,-0.086143,0.087495,1.3597,-0.18078,0.08867
1116.8,-246.64,242.78,7.092,0.38885,-0.089117,0.087396,1.3597,-0.18078,0.08867
1116.9,-246.6,242.8,7.1008,0.38692,-0.092002,0.08725,1.3597,-0.18078,0.08867
1117,-246.57,242.83,7.1095,0.38501,-0.094799,0.08706,1.3597,-0.18078,0.08867
1117.1,-246.54,242.85,7.1182,0.38312,-0.097509,0.086829,1.3597,-0.18078,0.08867
1117.2,-246.51,242.87,7.1269,0.38125,-0.10013,0.086559,1.3597,-0.18078,0.08867
1117.3,-246.47,242.89,7.1355,0.37939,-0.10267,0.086254,1.3597,-0.18078,0.08867
1117.4,-246.44,242.91,7.1441,0.37756,-0.10512,0.085916,1.3597,-0.18078,0.08867
1117.5,-246.41,242.94,7.1527,0.37575,-0.10749,0.085547,1.3597,-0.18078,0.08867
1117.6,-246.38,242.96,7.1612,0.37396,-0.10978,0.08515,1.3597,-0.18078,0.08867
1117.7,-246.34,242.98,7.1697,0.37218,-0.11199,0.084727,1.3597,-0.18078,0.08867
1117.8,-246.31,243,7.1782,0.37044,-0.11413,0.084281,1.3597,-0.18078,0.08867
1117.9,-246.28,243.02,7.1866,0.36871,-0.11618,0.083814,1.3597,-0.18078,0.08867
1118,-246.25,243.04,7.1949,0.367,-0.11816,0.083327,1.3597,-0.18078,0.08867
1118.1,-246.22,243.07,7.2032,0.36532,-0.12007,0.082824,1.3597,-0.18078,0.08867
1118.2,-246.18,243.09,7.2115,0.36367,-0.1219,0.082304,1.3597,-0.18078,0.08867
1118.3,-246.15,243.11,7.2197,0.36203,-0.12366,0.081771,1.3597,-0.18078,0.08867
1118.4,-246.12,243.13,7.2278,0.36042,-0.12536,0.081226,1.3597,-0.18078,0.08867
1118.5,-246.09,243.15,7.2359,0.35883,-0.12699,0.080671,1.3597,-0.18078,0.08867
1118.6,-246.06,243.18,7.244,0.35727,-0.12855,0.080107,1.3597,-0.18078,0.08867
1118.7,-246.03,243.2,7.252,0.35573,-0.13005,0.079535,1.3597,-0.18078,0.08867
1118.8,-246,243.22,7.2599,0.35422,-0.13149,0.078957,1.3597,-0.18078,0.08867
1118.9,-245.97,243.24,7.2677,0.35273,-0.13287,0.078373,1.3597,-0.18078,0.08867
1119,-245.94,243.26,7.2756,0.35126,-0.13419,0.077786,1.3597,-0.18078,0.08867
1119.1,-245.91,243.29,7.2833,0.34982,-0.13546,0.077196,1.3597,-0.18078,0.08867
1119.2,-245.88,243.31,7.291,0.3484,-0.13667,0.076605,2.6168,-6.4094e-16,3.0297e-16
1119.3,-245.85,243.33,7.2985,0.34983,-0.13705,0.07365,2.6168,-6.4094e-16,3.0297e-16
1119.4,-245.82,243.35,7.3057,0.35126,-0.13735,0.070959,2.6168,-6.4094e-16,3.0297e-16
1119.5,-245.79,243.38,7.3127,0.35269,-0.13758,0.068503,2.6168,-6.4094e-16,3.0297e-16
1119.6,-245.76,243.4,7.3194,0.35412,-0.13773,0.066256,2.6168,-6.4094e-16,3.0297e-16
1119.7,-245.73,243.42,7.326,0.35554,-0.13783,0.064196,2.6168,-6.4094e-16,3.0297e-16
1119.8,-245.7,243.45,7.3323,0.35696,-0.13787,0.062304,2.6168,-6.4094e-16,3.0297e-16
1119.9,-245.67,243.47,7.3384,0.35837,-0.13787,0.060565,2.6168,-6.4094e-16,3.0297e-16
1120,-245.64,243.5,7.3444,0.35977,-0.13783,0.058964,2.6168,-6.4094e-16,3.0297e-16
1120.1,-245.61,243.52,7.3502,0.36116,-0.13774,0.057489,2.6168,-6.4094e-16,3.0297e-16
1120.2,-245.58,243.55,7.3559,0.36254,-0.13763,0.056129,2.6168,-6.4094e-16,3.0297e-16
1120.3,-245.55,243.57,7.3615,0.36391,-0.13749,0.054875,2.6168,-6.4094e-16,3.0297e-16
1120.4,-245.52,243.6,7.3669,0.36527,-0.13732,0.053719,2.6168,-6.4094e-16,3.0297e-16
1120.5,-245.49,243.62,7.3722,0.36661,-0.13712,0.052653,2.6168,-6.4094e-16,3.0297e-16
1120.6,-245.46,243.65,7.3774,0.36794,-0.13691,0.05167,2.6168,-6.4094e-16,3.0297e-16
1120.7,-245.43,243.68,7.3825,0.36926,-0.13668,0.050764,2.6168,-6.4094e-16,3.0297e-16
1120.8,-245.4,243.7,7.3876,0.37056,-0.13643,0.04993,2.6168,-6.4094e-16,3.0297e-16
1120.9,-245.37,243.73,7.3925,0.37185,-0.13617,0.049163,2.6168,-6.4094e-16,3.0297e-16
1121,-245.34,243.76,7.3974,0.37312,-0.1359,0.048458,2.6168,-6.4094e-16,3.0297e-16
1121.1,-245.32,243.78,7.4022,0.37437,-0.13562,0.047813,2.6168,-6.4094e-16,3.0297e-16
1121.2,-245.29,243.81,7.407,0.37561,-0.13533,0.047221,2.6168,-6.4094e-16,3.0297e-16
1121.3,-245.26,243.84,7.4117,0.37683,-0.13503,0.046682,2.6168,-6.4094e-16,3.0297e-16
1121.4,-245.23,243.87,7.4163,0.37804,-0.13473,0.04619,2.6168,-6.4094e-16,3.0297e-16
1121.5,-245.2,243.9,7.4209,0.37922,-0.13442,0.045744,2.6168,-6.4094e-16,3.0297e-16
1121.6,-245.17,243.93,7.4255,0.38039,-0.13412,0.045341,2.6168,-6.4094e-16,3.0297e-16
1121.7,-245.15,243.96,7.43,0.38154,-0.13381,0.044978,2.6168,-6.4094e-16,3.0297e-16
1121.8,-245.12,243.98,7.4345,0.38268,-0.1335,0.044653,2.6168,-6.4094e-16,3.0297e-16
1121.9,-245.09,244.01,7.4389,0.38379,-0.13319,0.044364,2.6168,-6.4094e-16,3.0297e-16
1122,-245.06,244.04,7.4433,0.38489,-0.13288,0.044109,2.6168,-6.4094e-16,3.0297e-16
1122.1,-245.04,244.07,7.4477,0.38597,-0.13258,0.043886,2.6168,-6.4094e-16,3.0297e-16
1122.2,-245.01,244.1,7.4521,0.38703,-0.13228,0.043694,2.6168,-6.4094e-16,3.0297e-16
1122.3,-244.98,244.14,7.4565,0.38807,-0.13198,0.043529,2.6168,-6.4094e-16,3.0297e-16
1122.4,-244.95,244.17,7.4608,0.3891,-0.13169,0.043392,2.6168,-6.4094e-16,3.0297e-16
1122.5,-244.93,244.2,7.4651,0.3901,-0.1314,0.043281,2.6168,-6.4094e-16,3.0297e-16
1122.6,-244.9,244.23,7.4695,0.39109,-0.13112,0.043194,2.6168,-6.4094e-16,3.0297e-16
1122.7,-244.87,244.26,7.4738,0.39206,-0.13085,0.043129,2.6168,-6.4094e-16,3.0297e-16
1122.8,-244.85,244.29,7.4781,0.39301,-0.13058,0.043086,2.6168,-6.4094e-16,3.0297e-16
1122.9,-244.82,244.32,7.4824,0.39395,-0.13032,0.043064,2.6168,-6.4094e-16,3.0297e-16
1123,-244.79,244.36,7.4867,0.39486,-0.13007,0.043061,2.6168,-6.4094e-16,3.0297e-16
1123.1,-244.77,244.39,7.491,0.39576,-0.12983,0.043075,2.6168,-6.4094e-16,3.0297e-16
1123.2,-244.74,244.42,7.4953,0.39664,-0.1296,0.043107,2.6168,-6.4094e-16,3.0297e-16
1123.3,-244.72,244.45,7.4996,0.3975,-0.12937,0.043156,2.6168,-6.4094e-16,3.0297e-16
1123.4,-244.69,244.49,7.504,0.39835,-0.12916,0.043219,2.6168,-6.4094e-16,3.0297e-16
1123.5,-244.66,244.52,7.5083,0.39918,-0.12895,0.043296,2.6168,-6.4094e-16,3.0297e-16
1123.6,-244.64,244.55,7.5126,0.39999,-0.12876,0.043387,2.6168,-6.4094e-16,3.0297e-16
1123.7,-244.61,244.59,7.517,0.40078,-0.12857,0.04349,2.6168,-6.4094e-16,3.0297e-16
1123.8,-244.59,244.62,7.5213,0.40156,-0.1284,0.043604,2.6168,-6.4094e-16,3.0297e-16
1123.9,-244.56,244.65,7.5257,0.40232,-0.12824,0.04373,2.6168,-6.4094e-16,3.0297e-16
1124,-244.54,244.69,7.5301,0.40306,-0.12809,0.043866,2.6168,-6.4094e-16,3.0297e-16
1124.1,-244.51,244.72,7.5345,0.40379,-0.12795,0.04401,2.6168,-6.4094e-16,3.0297e-16
1124.2,-244.49,244.76,7.5389,0.4045,-0.12782,0.044164,2.6168,-6.4094e-16,3.0297e-16
1124.3,-244.46,244.79,7.5433,0.4052,-0.1277,0.044326,2.6168,-6.4094e-16,3.0297e-16
1124.4,-244.44,244.82,7.5477,0.40588,-0.12759,0.044494,2.6168,-6.4094e-16,3.0297e-16
1124.5,-244.41,244.86,7.5522,0.40654,-0.1275,0.04467,2.6168,-6.4094e-16,3.0297e-16
1124.6,-244.39,244.9,7.5567,0.40719,-0.12742,0.044851,2.6168,-6.4094e-16,3.0297e-16
1124.7,-244.37,244.93,7.5612,0.40782,-0.12734,0.045038,2.6168,-6.4094e-16,3.0297e-16
1124.8,-244.34,244.97,7.5657,0.40844,-0.12728,0.04523,2.6168,-6.4094e-16,3.0297e-16
1124.9,-244.32,245,7.5702,0.40905,-0.12723,0.045426,2.6168,-6.4094e-16,3.0297e-16
1125,-244.3,245.04,7.5748,0.40964,-0.1272,0.045626,2.6168,-6.4094e-16,3.0297e-16
1125.1,-244.27,245.07,7.5793,0.41021,-0.12717,0.04583,2.6168,-6.4094e-16,3.0297e-16
1125.2,-244.25,245.11,7.5839,0.41077,-0.12715,0.046036,2.6168,-6.4094e-16,3.0297e-16
1125.3,-244.23,245.15,7.5885,0.41132,-0.12715,0.046245,2.6168,-6.4094e-16,3.0297e-16
1125.4,-244.2,245.18,7.5932,0.41186,-0.12716,0.046455,2.6168,-6.4094e-16,3.0297e-16
1125.5,-244.18,245.22,7.5978,0.41238,-0.12717,0.046668,2.6168,-6.4094e-16,3.0297e-16
1125.6,-244.16,245.26,7.6025,0.41288,-0.1272,0.046881,2.6168,-6.4094e-16,3.0297e-16
1125.7,-244.13,245.29,7.6072,0.41338,-0.12724,0.047095,2.6168,-6.4094e-16,3.0297e-16
1125.8,-244.11,245.33,7.6119,0.41386,-0.12729,0.04731,2.6168,-6.4094e-16,3.0297e-16
1125.9,-244.09,245.37,7.6167,0.41433,-0.12735,0.047524,2.6168,-6.4094e-16,3.0297e-16
1126,-244.07,245.4,7.6214,0.41478,-0.12742,0.047738,2.6168,-6.4094e-16,3.0297e-16
1126.1,-244.05,245.44,7.6262,0.41523,-0.12749,0.047952,2.6168,-6.4094e-16,3.0297e-16
1126.2,-244.02,245.48,7.631,0.41566,-0.12758,0.048165,2.6168,-6.4094e-16,3.0297e-16
1126.3,-244,245.52,7.6358,0.41608,-0.12768,0.048376,2.6168,-6.4094e-16,3.0297e-16
1126.4,-243.98,245.55,7.6407,0.41649,-0.12779,0.048586,2.6168,-6.4094e-16,3.0297e-16
1126.5,-243.96,245.59,7.6456,0.41689,-0.1279,0.048795,2.6168,-6.4094e-16,3.0297e-16
1126.6,-243.94,245.63,7.6505,0.41727,-0.12803,0.049001,2.6168,-6.4094e-16,3.0297e-16
1126.7,-243.92,245.67,7.6554,0.41765,-0.12816,0.049205,2.6168,-6.4094e-16,3.0297e-16
1126.8,-243.9,245.71,7.6603,0.41802,-0.1283,0.049407,2.6168,-6.4094e-16,3.0297e-16
1126.9,-243.88,245.75,7.6652,0.41837,-0.12845,0.049607,2.6168,-6.4094e-16,3.0297e-16
1127,-243.86,245.79,7.6702,0.41871,-0.1286,0.049803,2.6168,-6.4094e-16,3.0297e-16
1127.1,-243.84,245.82,7.6752,0.41905,-0.12877,0.049997,2.6168,-6.4094e-16,3.0297e-16
1127.2,-243.82,245.86,7.6802,0.41937,-0.12894,0.050188,2.6168,-6.4094e-16,3.0297e-16
1127.3,-243.8,245.9,7.6852,0.41969,-0.12912,0.050375,2.6168,-6.4094e-16,3.0297e-16
1127.4,-243.78,245.94,7.6903,0.41999,-0.1293,0.050559,2.6168,-6.4094e-16,3.0297e-16
1127.5,-243.76,245.98,7.6954,0.42029,-0.12949,0.05074,2.6168,-6.4094e-16,3.0297e-16
1127.6,-243.74,246.02,7.7004,0.42058,-0.12969,0.050917,2.6168,-6.4094e-16,3.0297e-16
1127.7,-243.72,246.06,7.7055,0.42086,-0.12989,0.05109,2.6168,-6.4094e-16,3.0297e-16
1127.8,-243.7,246.1,7.7107,0.42112,-0.1301,0.051259,2.6168,-6.4094e-16,3.0297e-16
1127.9,-243.68,246.14,7.7158,0.42139,-0.13031,0.051425,2.6168,-6.4094e-16,3.0297e-16
1128,-243.66,246.18,7.7209,0.42164,-0.13053,0.051587,2.6168,-6.4094e-16,3.0297e-16
1128.1,-243.64,246.22,7.7261,0.42188,-0.13075,0.051745,2.6168,-6.4094e-16,3.0297e-16
1128.2,-243.63,246.26,7.7313,0.42212,-0.13098,0.051898,2.6168,-6.4094e-16,3.0297e-16
1128.3,-243.61,246.3,7.7365,0.42235,-0.13121,0.052048,2.6168,-6.4094e-16,3.0297e-16
1128.4,-243.59,246.34,7.7417,0.42257,-0.13145,0.052194,2.6168,-6.4094e-16,3.0297e-16
1128.5,-243.57,246.38,7.7469,0.42279,-0.13169,0.052335,2.6168,-6.4094e-16,3.0297e-16
1128.6,-243.55,246.42,7.7522,0.42299,-0.13193,0.052472,2.6168,-6.4094e-16,3.0297e-16
1128.7,-243.54,246.46,7.7574,0.42319,-0.13218,0.052606,2.6168,-6.4094e-16,3.0297e-16
1128.8,-243.52,246.5,7.7627,0.42339,-0.13243,0.052735,2.6168,-6.4094e-16,3.0297e-16
1128.9,-243.5,246.54,7.768,0.42357,-0.13268,0.05286,2.6168,-6.4094e-16,3.0297e-16
1129,-243.49,246.59,7.7733,0.42375,-0.13293,0.05298,2.6168,-6.4094e-16,3.0297e-16
1129.1,-243.47,246.63,7.7786,0.42393,-0.13319,0.053097,2.6168,-6.4094e-16,3.0297e-16
1129.2,-243.45,246.67,7.7839,0.42409,-0.13345,0.053209,2.6168,-6.4094e-16,3.0297e-16
1129.3,-243.44,246.71,7.7892,0.42426,-0.13371,0.053318,2.6168,-6.4094e-16,3.0297e-16
1129.4,-243.42,246.75,7.7945,0.42441,-0.13397,0.053422,2.6168,-6.4094e-16,3.0297e-16
1129.5,-243.41,246.79,7.7999,0.42456,-0.13423,0.053522,2.6168,-6.4094e-16,3.0297e-16
1129.6,-243.39,246.83,7.8052,0.42471,-0.1345,0.053618,2.6168,-6.4094e-16,3.0297e-16
1129.7,-243.37,246.88,7.8106,0.42485,-0.13476,0.053711,2.6168,-6.4094e-16,3.0297e-16
1129.8,-243.36,246.92,7.816,0.42498,-0.13503,0.053799,2.6168,-6.4094e-16,3.0297e-16
1129.9,-243.34,246.96,7.8214,0.42511,-0.13529,0.053884,2.6168,-6.4094e-16,3.0297e-16
1130,-243.33,247,7.8268,0.42523,-0.13556,0.053964,2.6168,-6.4094e-16,3.0297e-16
1130.1,-243.31,247.04,7.8322,0.42535,-0.13583,0.054041,2.6168,-6.4094e-16,3.0297e-16
1130.2,-243.3,247.09,7.8376,0.42547,-0.1361,0.054114,2.6168,-6.4094e-16,3.0297e-16
1130.3,-243.29,247.13,7.843,0.42558,-0.13636,0.054184,2.6168,-6.4094e-16,3.0297e-16
1130.4,-243.27,247.17,7.8484,0.42568,-0.13663,0.05425,2.6168,-6.4094e-16,3.0297e-16
1130.5,-243.26,247.21,7.8538,0.42578,-0.1369,0.054312,2.6168,-6.4094e-16,3.0297e-16
1130.6,-243.24,247.26,7.8593,0.42588,-0.13716,0.054371,2.6168,-6.4094e-16,3.0297e-16
1130.7,-243.23,247.3,7.8647,0.42597,-0.13743,0.054427,2.6168,-6.4094e-16,3.0297e-16
1130.8,-243.22,247.34,7.8702,0.42606,-0.13769,0.054479,2.6168,-6.4094e-16,3.0297e-16
1130.9,-243.21,247.39,7.8756,0.42615,-0.13796,0.054528,2.6168,-6.4094e-16,3.0297e-16
1131,-243.19,247.43,7.8811,0.42623,-0.13822,0.054574,2.6168,-6.4094e-16,3.0297e-16
1131.1,-243.18,247.47,7.8865,0.42631,-0.13848,0.054617,2.6168,-6.4094e-16,3.0297e-16
1131.2,-243.17,247.51,7.892,0.42638,-0.13874,0.054656,2.6168,-6.4094e-16,3.0297e-16
1131.3,-243.16,247.56,7.8975,0.42646,-0.139,0.054693,2.6168,-6.4094e-16,3.0297e-16
1131.4,-243.14,247.6,7.9029,0.42653,-0.13926,0.054727,2.6168,-6.4094e-16,3.0297e-16
1131.5,-243.13,247.64,7.9084,0.42659,-0.13951,0.054758,2.6168,-6.4094e-16,3.0297e-16
1131.6,-243.12,247.69,7.9139,0.42665,-0.13976,0.054786,3.7119,-0.56858,0.27889
1131.7,-243.11,247.73,7.9197,0.4291,-0.14252,0.062518,3.7119,-0.56858,0.27889
1131.8,-243.1,247.77,7.9264,0.4314,-0.14554,0.069857,3.7119,-0.56858,0.27889
1131.9,-243.09,247.82,7.9337,0.43355,-0.14882,0.076753,3.7119,-0.56858,0.27889
1132,-243.07,247.86,7.9417,0.43555,-0.15235,0.083173,3.7119,-0.56858,0.27889
1132.1,-243.06,247.91,7.9503,0.4374,-0.15609,0.089094,3.7119,-0.56858,0.27889
1132.2,-243.05,247.95,7.9595,0.43912,-0.16003,0.094508,3.7119,-0.56858,0.27889
1132.3,-243.04,248,7.9692,0.44071,-0.16414,0.099416,3.7119,-0.56858,0.27889
1132.4,-243.03,248.05,7.9794,0.44216,-0.1684,0.10383,3.7119,-0.56858,0.27889
1132.5,-243.02,248.09,7.99,0.44349,-0.17278,0.10777,3.7119,-0.56858,0.27889
1132.6,-243.01,248.14,8.0009,0.4447,-0.17726,0.11125,3.7119,-0.56858,0.27889
1132.7,-243,248.18,8.0122,0.4458,-0.18182,0.1143,3.7119,-0.56858,0.27889
1132.8,-242.99,248.23,8.0238,0.44678,-0.18644,0.11696,3.7119,-0.56858,0.27889
1132.9,-242.97,248.28,8.0356,0.44767,-0.1911,0.11925,3.7119,-0.56858,0.27889
1133,-242.96,248.33,8.0476,0.44845,-0.19578,0.12121,3.7119,-0.56858,0.27889
1133.1,-242.95,248.37,8.0598,0.44914,-0.20046,0.12286,3.7119,-0.56858,0.27889
1133.2,-242.94,248.42,8.0722,0.44974,-0.20514,0.12422,3.7119,-0.56858,0.27889
1133.3,-242.93,248.47,8.0846,0.45025,-0.2098,0.12534,3.7119,-0.56858,0.27889
1133.4,-242.92,248.52,8.0972,0.45069,-0.21443,0.12622,3.7119,-0.56858,0.27889
1133.5,-242.91,248.57,8.1099,0.45106,-0.21902,0.1269,3.7119,-0.56858,0.27889
1133.6,-242.9,248.62,8.1226,0.45135,-0.22356,0.1274,3.7119,-0.56858,0.27889
1133.7,-242.89,248.67,8.1353,0.45158,-0.22805,0.12773,3.7119,-0.56858,0.27889
1133.8,-242.88,248.72,8.1481,0.45175,-0.23248,0.12791,3.7119,-0.56858,0.27889
1133.9,-242.88,248.77,8.1609,0.45187,-0.23685,0.12796,3.7119,-0.56858,0.27889
1134,-242.87,248.82,8.1737,0.45193,-0.24115,0.12789,3.7119,-0.56858,0.27889
1134.1,-242.86,248.87,8.1865,0.45195,-0.24538,0.12771,3.7119,-0.56858,0.27889
1134.2,-242.85,248.92,8.1993,0.45192,-0.24954,0.12744,3.7119,-0.56858,0.27889
1134.3,-242.84,248.97,8.212,0.45186,-0.25363,0.12708,3.7119,-0.56858,0.27889
1134.4,-242.83,249.02,8.2247,0.45176,-0.25765,0.12665,3.7119,-0.56858,0.27889
1134.5,-242.83,249.07,8.2373,0.45162,-0.26159,0.12614,3.7119,-0.56858,0.27889
1134.6,-242.82,249.13,8.2499,0.45146,-0.26546,0.12558,3.7119,-0.56858,0.27889
1134.7,-242.81,249.18,8.2624,0.45127,-0.26925,0.12496,3.7119,-0.56858,0.27889
1134.8,-242.81,249.23,8.2749,0.45106,-0.27297,0.12429,3.7119,-0.56858,0.27889
1134.9,-242.8,249.28,8.2873,0.45083,-0.27662,0.12358,3.7119,-0.56858,0.27889
1135,-242.79,249.33,8.2996,0.45057,-0.2802,0.12282,3.7119,-0.56858,0.27889
1135.1,-242.79,249.39,8.3118,0.45031,-0.2837,0.12203,3.7119,-0.56858,0.27889
1135.2,-242.78,249.44,8.324,0.45003,-0.28714,0.12121,3.7119,-0.56858,0.27889
1135.3,-242.78,249.49,8.3361,0.44974,-0.29051,0.12036,3.7119,-0.56858,0.27889
1135.4,-242.77,249.55,8.3481,0.44944,-0.29381,0.11948,3.7119,-0.56858,0.27889
1135.5,-242.77,249.6,8.36,0.44913,-0.29705,0.11857,3.7119,-0.56858,0.27889
1135.6,-242.76,249.65,8.3718,0.44882,-0.30022,0.11765,3.7119,-0.56858,0.27889
1135.7,-242.76,249.71,8.3835,0.4485,-0.30333,0.11671,3.7119,-0.56858,0.27889
1135.8,-242.76,249.76,8.3951,0.44819,-0.30638,0.11575,3.7119,-0.56858,0.27889
1135.9,-242.75,249.82,8.4067,0.44787,-0.30938,0.11477,3.7119,-0.56858,0.27889
1136,-242.75,249.87,8.4181,0.44756,-0.31231,0.11378,3.7119,-0.56858,0.27889
1136.1,-242.75,249.93,8.4294,0.44725,-0.3152,0.11278,3.7119,-0.56858,0.27889
1136.2,-242.75,249.98,8.4406,0.44694,-0.31802,0.11176,3.7119,-0.56858,0.27889
1136.3,-242.75,250.04,8.4518,0.44664,-0.3208,0.11074,3.7119,-0.56858,0.27889
1136.4,-242.74,250.09,8.4628,0.44634,-0.32353,0.10971,3.7119,-0.56858,0.27889
1136.5,-242.74,250.15,8.4737,0.44605,-0.32621,0.10866,3.7119,-0.56858,0.27889
1136.6,-242.74,250.2,8.4845,0.44578,-0.32884,0.10761,3.9952,-9.7855e-16,4.8202e-16
1136.7,-242.74,250.26,8.4949,0.44625,-0.329,0.09917,3.9952,-9.7855e-16,4.8202e-16
1136.8,-242.74,250.31,8.5044,0.44693,-0.32898,0.091594,3.9952,-9.7855e-16,4.8202e-16
1136.9,-242.74,250.37,8.5132,0.44779,-0.32882,0.084743,3.9952,-9.7855e-16,4.8202e-16
1137,-242.75,250.42,8.5214,0.44881,-0.32854,0.078504,3.9952,-9.7855e-16,4.8202e-16
1137.1,-242.75,250.48,8.5289,0.44997,-0.32816,0.072787,3.9952,-9.7855e-16,4.8202e-16
1137.2,-242.75,250.53,8.5359,0.45126,-0.32769,0.067518,3.9952,-9.7855e-16,4.8202e-16
1137.3,-242.75,250.59,8.5424,0.45266,-0.32714,0.062638,3.9952,-9.7855e-16,4.8202e-16
1137.4,-242.76,250.65,8.5485,0.45416,-0.32653,0.058098,3.9952,-9.7855e-16,4.8202e-16
1137.5,-242.76,250.7,8.5541,0.45575,-0.32585,0.053858,3.9952,-9.7855e-16,4.8202e-16
1137.6,-242.77,250.76,8.5592,0.45743,-0.32512,0.049881,3.9952,-9.7855e-16,4.8202e-16
1137.7,-242.77,250.81,8.564,0.45917,-0.32435,0.046139,3.9952,-9.7855e-16,4.8202e-16
1137.8,-242.78,250.87,8.5685,0.46098,-0.32352,0.042607,3.9952,-9.7855e-16,4.8202e-16
1137.9,-242.78,250.93,8.5726,0.46284,-0.32265,0.039263,3.9952,-9.7855e-16,4.8202e-16
1138,-242.79,250.98,8.5763,0.46476,-0.32175,0.036087,3.9952,-9.7855e-16,4.8202e-16
1138.1,-242.8,251.04,8.5798,0.46672,-0.32081,0.033064,3.9952,-9.7855e-16,4.8202e-16
1138.2,-242.8,251.09,8.583,0.46871,-0.31983,0.030179,3.9952,-9.7855e-16,4.8202e-16
1138.3,-242.81,251.15,8.5858,0.47074,-0.31882,0.027419,3.9952,-9.7855e-16,4.8202e-16
1138.4,-242.82,251.21,8.5884,0.47281,-0.31777,0.024772,3.9952,-9.7855e-16,4.8202e-16
1138.5,-242.83,251.26,8.5908,0.47489,-0.3167,0.022228,3.9952,-9.7855e-16,4.8202e-16
1138.6,-242.84,251.32,8.5929,0.477,-0.31559,0.019777,3.9952,-9.7855e-16,4.8202e-16
1138.7,-242.85,251.38,8.5947,0.47913,-0.31445,0.017412,3.9952,-9.7855e-16,4.8202e-16
1138.8,-242.85,251.43,8.5964,0.48127,-0.31328,0.015125,3.9952,-9.7855e-16,4.8202e-16
1138.9,-242.86,251.49,8.5978,0.48342,-0.31208,0.012907,3.9952,-9.7855e-16,4.8202e-16
1139,-242.87,251.55,8.599,0.48558,-0.31085,0.010753,3.9952,-9.7855e-16,4.8202e-16
1139.1,-242.88,251.6,8.5999,0.48775,-0.30959,0.0086557,3.9952,-9.7855e-16,4.8202e-16
1139.2,-242.9,251.66,8.6007,0.48993,-0.3083,0.0066098,3.9952,-9.7855e-16,4.8202e-16
1139.3,-242.91,251.72,8.6013,0.49211,-0.30698,0.0046094,3.9952,-9.7855e-16,4.8202e-16
1139.4,-242.92,251.77,8.6016,0.49429,-0.30563,0.002649,3.9952,-9.7855e-16,4.8202e-16
1139.5,-242.93,251.83,8.6018,0.49647,-0.30425,0.00072335,3.9952,-9.7855e-16,4.8202e-16
1139.6,-242.94,251.89,8.6018,0.49865,-0.30278,-0.0011539,3.9952,-9.7855e-16,4.8202e-16
1139.7,-242.95,251.94,8.6016,0.50082,-0.30103,-0.0029092,3.9952,-9.7855e-16,4.8202e-16
1139.8,-242.96,252,8.6012,0.50299,-0.29902,-0.0045283,3.9952,-9.7855e-16,4.8202e-16
1139.9,-242.98,252.06,8.6007,0.50514,-0.29675,-0.006006,3.9952,-9.7855e-16,4.8202e-16
1140,-242.99,252.12,8.6,0.50728,-0.29425,-0.007339,3.9952,-9.7855e-16,4.8202e-16
1140.1,-243,252.17,8.5992,0.50939,-0.29154,-0.0085257,3.9952,-9.7855e-16,4.8202e-16
1140.2,-243.02,252.23,8.5983,0.51148,-0.28866,-0.0095664,3.9952,-9.7855e-16,4.8202e-16
1140.3,-243.03,252.29,8.5973,0.51354,-0.28562,-0.010463,3.9952,-9.7855e-16,4.8202e-16
1140.4,-243.04,252.35,8.5962,0.51557,-0.28245,-0.011218,3.9952,-9.7855e-16,4.8202e-16
1140.5,-243.06,252.4,8.595,0.51756,-0.27917,-0.011836,3.9952,-9.7855e-16,4.8202e-16
1140.6,-243.07,252.46,8.5938,0.51951,-0.2758,-0.012321,3.9952,-9.7855e-16,4.8202e-16
1140.7,-243.09,252.52,8.5926,0.52142,-0.27237,-0.012678,3.9952,-9.7855e-16,4.8202e-16
1140.8,-243.1,252.57,8.5913,0.52329,-0.26889,-0.012914,3.9952,-9.7855e-16,4.8202e-16
1140.9,-243.12,252.63,8.59,0.5251,-0.26539,-0.013034,3.9952,-9.7855e-16,4.8202e-16
1141,-243.13,252.69,8.5887,0.52687,-0.26188,-0.013044,3.9952,-9.7855e-16,4.8202e-16
1141.1,-243.15,252.74,8.5874,0.52859,-0.25838,-0.01295,3.9952,-9.7855e-16,4.8202e-16
1141.2,-243.16,252.8,8.5861,0.53026,-0.25491,-0.012758,3.9952,-9.7855e-16,4.8202e-16
1141.3,-243.18,252.86,8.5849,0.53188,-0.25148,-0.012474,3.9952,-9.7855e-16,4.8202e-16
1141.4,-243.2,252.91,8.5836,0.53345,-0.2481,-0.012103,3.9952,-9.7855e-16,4.8202e-16
1141.5,-243.22,252.97,8.5824,0.53496,-0.24478,-0.01165,3.9952,-9.7855e-16,4.8202e-16
1141.6,-243.23,253.02,8.5813,0.53642,-0.24155,-0.01112,3.9952,-9.7855e-16,4.8202e-16
1141.7,-243.25,253.08,8.5802,0.53783,-0.2384,-0.010518,3.9952,-9.7855e-16,4.8202e-16
1141.8,-243.27,253.14,8.5792,0.53919,-0.23535,-0.0098463,3.9952,-9.7855e-16,4.8202e-16
1141.9,-243.29,253.19,8.5782,0.54049,-0.2324,-0.0091098,3.9952,-9.7855e-16,4.8202e-16
1142,-243.31,253.25,8.5774,0.54175,-0.22956,-0.0083112,3.9952,-9.7855e-16,4.8202e-16
1142.1,-243.32,253.3,8.5766,0.54295,-0.22685,-0.0074534,3.9952,-9.7855e-16,4.8202e-16
1142.2,-243.34,253.36,8.5759,0.5441,-0.22427,-0.0065386,3.9952,-9.7855e-16,4.8202e-16
1142.3,-243.36,253.42,8.5753,0.5452,-0.22181,-0.0055688,3.9952,-9.7855e-16,4.8202e-16
1142.4,-243.38,253.47,8.5748,0.54626,-0.2195,-0.0045456,3.9952,-9.7855e-16,4.8202e-16
1142.5,-243.4,253.53,8.5744,0.54726,-0.21734,-0.0034701,3.9952,-9.7855e-16,4.8202e-16
1142.6,-243.42,253.58,8.5741,0.54822,-0.21532,-0.0023432,3.9952,-9.7855e-16,4.8202e-16
1142.7,-243.44,253.64,8.5739,0.54913,-0.21347,-0.0011654,3.9952,-9.7855e-16,4.8202e-16
1142.8,-243.46,253.69,8.5739,0.54999,-0.21177,6.3242e-05,3.9952,-9.7855e-16,4.8202e-16
1142.9,-243.48,253.75,8.5739,0.55081,-0.21018,0.001367,3.9952,-9.7855e-16,4.8202e-16
1143,-243.5,253.8,8.5741,0.55158,-0.20863,0.0027664,3.9952,-9.7855e-16,4.8202e-16
1143.1,-243.52,253.86,8.5745,0.5523,-0.20714,0.0042617,3.9952,-9.7855e-16,4.8202e-16
1143.2,-243.54,253.91,8.575,0.55298,-0.2057,0.0058528,3.9952,-9.7855e-16,4.8202e-16
1143.3,-243.57,253.97,8.5757,0.55361,-0.20432,0.0075389,3.9952,-9.7855e-16,4.8202e-16
1143.4,-243.59,254.02,8.5765,0.5542,-0.203,0.0093185,3.9952,-9.7855e-16,4.8202e-16
1143.5,-243.61,254.08,8.5775,0.55474,-0.20176,0.01119,3.9952,-9.7855e-16,4.8202e-16
1143.6,-243.63,254.13,8.5787,0.55523,-0.20059,0.013149,3.9952,-9.7855e-16,4.8202e-16
1143.7,-243.65,254.19,8.5802,0.55568,-0.19949,0.015193,3.9952,-9.7855e-16,4.8202e-16
1143.8,-243.67,254.24,8.5818,0.55608,-0.19849,0.017318,3.9952,-9.7855e-16,4.8202e-16
1143.9,-243.7,254.3,8.5836,0.55644,-0.19756,0.019517,3.9952,-9.7855e-16,4.8202e-16
1144,-243.72,254.35,8.5857,0.55675,-0.19673,0.021785,3.9952,-9.7855e-16,4.8202e-16
1144.1,-243.74,254.41,8.588,0.55701,-0.19599,0.024115,3.9952,-9.7855e-16,4.8202e-16
1144.2,-243.76,254.46,8.5905,0.55723,-0.19535,0.026498,3.9952,-9.7855e-16,4.8202e-16
1144.3,-243.79,254.52,8.5933,0.55741,-0.19481,0.028928,3.9952,-9.7855e-16,4.8202e-16
1144.4,-243.81,254.57,8.5963,0.55754,-0.19438,0.031394,3.9952,-9.7855e-16,4.8202e-16
1144.5,-243.83,254.62,8.5996,0.55763,-0.19404,0.033886,3.9952,-9.7855e-16,4.8202e-16
1144.6,-243.86,254.68,8.6031,0.55767,-0.19382,0.036396,3.9952,-9.7855e-16,4.8202e-16
1144.7,-243.88,254.73,8.6068,0.55768,-0.1937,0.038913,3.9952,-9.7855e-16,4.8202e-16
1144.8,-243.91,254.79,8.6109,0.55764,-0.19369,0.041426,3.9952,-9.7855e-16,4.8202e-16
1144.9,-243.93,254.84,8.6151,0.55756,-0.19378,0.043925,3.9952,-9.7855e-16,4.8202e-16
1145,-243.95,254.89,8.6196,0.55745,-0.19398,0.046401,3.9952,-9.7855e-16,4.8202e-16
1145.1,-243.98,254.95,8.6244,0.5573,-0.19429,0.048842,3.9952,-9.7855e-16,4.8202e-16
1145.2,-244,255,8.6294,0.55711,-0.1947,0.051239,3.9952,-9.7855e-16,4.8202e-16
1145.3,-244.03,255.05,8.6346,0.55688,-0.1952,0.053584,3.9952,-9.7855e-16,4.8202e-16
1145.4,-244.06,255.11,8.6401,0.55662,-0.19581,0.055867,3.9952,-9.7855e-16,4.8202e-16
1145.5,-244.08,255.16,8.6458,0.55633,-0.19651,0.058082,3.9952,-9.7855e-16,4.8202e-16
1145.6,-244.11,255.21,8.6517,0.55601,-0.19729,0.060221,3.9952,-9.7855e-16,4.8202e-16
1145.7,-244.13,255.27,8.6579,0.55566,-0.19816,0.062278,3.9952,-9.7855e-16,4.8202e-16
1145.8,-244.16,255.32,8.6642,0.55528,-0.19912,0.064248,3.9952,-9.7855e-16,4.8202e-16
1145.9,-244.19,255.37,8.6707,0.55488,-0.20014,0.066127,3.9952,-9.7855e-16,4.8202e-16
1146,-244.21,255.42,8.6774,0.55444,-0.20124,0.067911,3.9952,-9.7855e-16,4.8202e-16
1146.1,-244.24,255.48,8.6843,0.55399,-0.2024,0.069597,3.9952,-9.7855e-16,4.8202e-16
1146.2,-244.27,255.53,8.6913,0.55351,-0.20363,0.071185,3.9952,-9.7855e-16,4.8202e-16
1146.3,-244.3,255.58,8.6985,0.55301,-0.2049,0.072671,3.9952,-9.7855e-16,4.8202e-16
1146.4,-244.32,255.63,8.7059,0.5525,-0.20622,0.074058,3.9952,-9.7855e-16,4.8202e-16
1146.5,-244.35,255.69,8.7133,0.55196,-0.20759,0.075344,3.9952,-9.7855e-16,4.8202e-16
1146.6,-244.38,255.74,8.7209,0.55141,-0.209,0.07653,3.9952,-9.7855e-16,4.8202e-16
1146.7,-244.41,255.79,8.7286,0.55085,-0.21043,0.077619,3.9952,-9.7855e-16,4.8202e-16
1146.8,-244.44,255.84,8.7364,0.55027,-0.2119,0.078613,3.9952,-9.7855e-16,4.8202e-16
1146.9,-244.47,255.89,8.7443,0.54968,-0.21338,0.079513,3.9952,-9.7855e-16,4.8202e-16
1147,-244.5,255.94,8.7523,0.54908,-0.21489,0.080322,3.9952,-9.7855e-16,4.8202e-16
1147.1,-244.53,255.99,8.7604,0.54847,-0.2164,0.081044,3.9952,-9.7855e-16,4.8202e-16
1147.2,-244.56,256.04,8.7685,0.54786,-0.21793,0.081681,3.9952,-9.7855e-16,4.8202e-16
1147.3,-244.59,256.09,8.7767,0.54724,-0.21946,0.082237,3.9952,-9.7855e-16,4.8202e-16
1147.4,-244.62,256.14,8.785,0.54662,-0.22099,0.082716,3.9952,-9.7855e-16,4.8202e-16
1147.5,-244.65,256.2,8.7933,0.54599,-0.22252,0.08312,3.9952,-9.7855e-16,4.8202e-16
1147.6,-244.68,256.25,8.8016,0.54536,-0.22404,0.083455,3.9952,-9.7855e-16,4.8202e-16
1147.7,-244.71,256.3,8.81,0.54473,-0.22556,0.083723,3.9952,-9.7855e-16,4.8202e-16
1147.8,-244.74,256.35,8.8184,0.54411,-0.22706,0.083927,3.9952,-9.7855e-16,4.8202e-16
1147.9,-244.77,256.39,8.8268,0.54348,-0.22856,0.084072,3.9952,-9.7855e-16,4.8202e-16
1148,-244.8,256.44,8.8352,0.54286,-0.23003,0.084161,3.9952,-9.7855e-16,4.8202e-16
1148.1,-244.84,256.49,8.8436,0.54224,-0.23149,0.084197,3.9952,-9.7855e-16,4.8202e-16
1148.2,-244.87,256.54,8.852,0.54163,-0.23292,0.084185,3.9952,-9.7855e-16,4.8202e-16
1148.3,-244.9,256.59,8.8604,0.54102,-0.23434,0.084126,3.9952,-9.7855e-16,4.8202e-16
1148.4,-244.94,256.64,8.8688,0.54042,-0.23573,0.084024,3.9952,-9.7855e-16,4.8202e-16
1148.5,-244.97,256.69,8.8772,0.53983,-0.2371,0.083882,3.9952,-9.7855e-16,4.8202e-16
1148.6,-245,256.74,8.8856,0.53924,-0.23844,0.083703,3.9952,-9.7855e-16,4.8202e-16
1148.7,-245.04,256.78,8.894,0.53867,-0.23976,0.083489,3.9952,-9.7855e-16,4.8202e-16
1148.8,-245.07,256.83,8.9023,0.5381,-0.24105,0.083244,3.9952,-9.7855e-16,4.8202e-16
1148.9,-245.11,256.88,8.9106,0.53754,-0.24231,0.082969,3.9952,-9.7855e-16,4.8202e-16
1149,-245.14,256.93,8.9189,0.537,-0.24354,0.082668,3.9952,-9.7855e-16,4.8202e-16
1149.1,-245.18,256.97,8.9271,0.53646,-0.24475,0.082342,3.9952,-9.7855e-16,4.8202e-16
1149.2,-245.21,257.02,8.9354,0.53594,-0.24592,0.081994,3.9952,-9.7855e-16,4.8202e-16
1149.3,-245.25,257.07,8.9435,0.53543,-0.24707,0.081625,3.9952,-9.7855e-16,4.8202e-16
1149.4,-245.29,257.11,8.9517,0.53493,-0.24818,0.081237,3.9952,-9.7855e-16,4.8202e-16
1149.5,-245.32,257.16,8.9598,0.53445,-0.24927,0.080833,3.9952,-9.7855e-16,4.8202e-16
1149.6,-245.36,257.21,8.9679,0.53398,-0.25032,0.080414,3.9952,-9.7855e-16,4.8202e-16
1149.7,-245.4,257.25,8.9759,0.53352,-0.25135,0.079981,3.9952,-9.7855e-16,4.8202e-16
1149.8,-245.43,257.3,8.9838,0.53307,-0.25235,0.079537,3.9952,-9.7855e-16,4.8202e-16
1149.9,-245.47,257.34,8.9918,0.53264,-0.25332,0.079082,3.9952,-9.7855e-16,4.8202e-16
1150,-245.51,257.39,8.9997,0.53222,-0.25426,0.078618,3.9952,-9.7855e-16,4.8202e-16
1150.1,-245.55,257.43,9.0075,0.53182,-0.25517,0.078146,3.9952,-9.7855e-16,4.8202e-16
1150.2,-245.58,257.48,9.0153,0.53143,-0.25605,0.077667,3.9952,-9.7855e-16,4.8202e-16
1150.3,-245.62,257.52,9.023,0.53105,-0.2569,0.077183,3.9952,-9.7855e-16,4.8202e-16
1150.4,-245.66,257.57,9.0307,0.53069,-0.25773,0.076695,3.9952,-9.7855e-16,4.8202e-16
1150.5,-245.7,257.61,9.0384,0.53034,-0.25853,0.076203,3.9952,-9.7855e-16,4.8202e-16
1150.6,-245.74,257.66,9.046,0.53001,-0.2593,0.075708,3.9952,-9.7855e-16,4.8202e-16
1150.7,-245.78,257.7,9.0535,0.52969,-0.26005,0.075212,1.8755,-0.15539,0.076221
1150.8,-245.82,257.74,9.0611,0.52464,-0.26143,0.076724,1.8755,-0.15539,0.076221
1150.9,-245.86,257.79,9.0689,0.51969,-0.26279,0.077954,1.8755,-0.15539,0.076221
1151,-245.9,257.83,9.0767,0.51482,-0.26413,0.078916,1.8755,-0.15539,0.076221
1151.1,-245.94,257.87,9.0846,0.51004,-0.26544,0.079626,1.8755,-0.15539,0.076221
1151.2,-245.98,257.91,9.0926,0.50537,-0.26672,0.080102,1.8755,-0.15539,0.076221
1151.3,-246.02,257.95,9.1006,0.50079,-0.26794,0.08036,1.8755,-0.15539,0.076221
1151.4,-246.06,258,9.1087,0.49631,-0.26912,0.080418,1.8755,-0.15539,0.076221
1151.5,-246.1,258.04,9.1167,0.49193,-0.27023,0.080293,1.8755,-0.15539,0.076221
1151.6,-246.13,258.08,9.1247,0.48765,-0.27129,0.080002,1.8755,-0.15539,0.076221
1151.7,-246.17,258.12,9.1327,0.48347,-0.27228,0.079561,1.8755,-0.15539,0.076221
1151.8,-246.21,258.16,9.1406,0.4794,-0.27321,0.078985,1.8755,-0.15539,0.076221
1151.9,-246.25,258.2,9.1485,0.47543,-0.27406,0.078288,1.8755,-0.15539,0.076221
1152,-246.29,258.24,9.1563,0.47157,-0.27485,0.077486,1.8755,-0.15539,0.076221
1152.1,-246.33,258.27,9.164,0.46781,-0.27557,0.076589,1.8755,-0.15539,0.076221
1152.2,-246.36,258.31,9.1716,0.46416,-0.27622,0.07561,1.8755,-0.15539,0.076221
1152.3,-246.4,258.35,9.1791,0.4606,-0.2768,0.074559,1.8755,-0.15539,0.076221
1152.4,-246.44,258.39,9.1865,0.45715,-0.27731,0.073447,1.8755,-0.15539,0.076221
1152.5,-246.48,258.43,9.1938,0.4538,-0.27776,0.072283,1.8755,-0.15539,0.076221
1152.6,-246.51,258.46,9.201,0.45056,-0.27813,0.071074,1.8755,-0.15539,0.076221
1152.7,-246.55,258.5,9.208,0.44741,-0.27845,0.069829,1.8755,-0.15539,0.076221
1152.8,-246.59,258.54,9.2149,0.44436,-0.2787,0.068554,1.8755,-0.15539,0.076221
1152.9,-246.63,258.57,9.2217,0.4414,-0.27889,0.067256,1.8755,-0.15539,0.076221
1153,-246.67,258.61,9.2284,0.43854,-0.27902,0.065939,1.8755,-0.15539,0.076221
1153.1,-246.7,258.65,9.2349,0.43577,-0.2791,0.06461,1.8755,-0.15539,0.076221
1153.2,-246.74,258.68,9.2413,0.4331,-0.27912,0.063273,1.8755,-0.15539,0.076221
1153.3,-246.78,258.72,9.2476,0.43051,-0.27909,0.061932,1.8755,-0.15539,0.076221
1153.4,-246.82,258.75,9.2537,0.42801,-0.279,0.06059,1.8755,-0.15539,0.076221
1153.5,-246.85,258.79,9.2597,0.4256,-0.27887,0.059251,1.8755,-0.15539,0.076221
1153.6,-246.89,258.82,9.2655,0.42328,-0.27869,0.057918,1.8755,-0.15539,0.076221
1153.7,-246.93,258.85,9.2713,0.42103,-0.27846,0.056593,1.8755,-0.15539,0.076221
1153.8,-246.96,258.89,9.2769,0.41886,-0.27819,0.05528,1.8755,-0.15539,0.076221
1153.9,-247,258.92,9.2823,0.41678,-0.27788,0.053979,1.8755,-0.15539,0.076221
1154,-247.04,258.95,9.2877,0.41476,-0.27753,0.052693,1.8755,-0.15539,0.076221
1154.1,-247.08,258.99,9.2929,0.41283,-0.27714,0.051424,1.8755,-0.15539,0.076221
1154.2,-247.11,259.02,9.2979,0.41096,-0.27671,0.050173,1.8755,-0.15539,0.076221
1154.3,-247.15,259.05,9.3029,0.40917,-0.27625,0.048942,1.8755,-0.15539,0.076221
1154.4,-247.19,259.09,9.3077,0.40744,-0.27576,0.047731,1.8755,-0.15539,0.076221
1154.5,-247.23,259.12,9.3125,0.40578,-0.27523,0.046542,1.8755,-0.15539,0.076221
1154.6,-247.26,259.15,9.317,0.40418,-0.27468,0.045375,1.8755,-0.15539,0.076221
1154.7,-247.3,259.18,9.3215,0.40265,-0.27409,0.044232,1.8755,-0.15539,0.076221
1154.8,-247.34,259.21,9.3259,0.40117,-0.27348,0.043113,1.8755,-0.15539,0.076221
1154.9,-247.37,259.24,9.3302,0.39976,-0.27284,0.04202,1.8755,-0.15539,0.076221
1155,-247.41,259.27,9.3343,0.3984,-0.27218,0.040951,1.8755,-0.15539,0.076221
1155.1,-247.45,259.3,9.3383,0.39709,-0.27149,0.039909,1.8755,-0.15539,0.076221
1155.2,-247.49,259.33,9.3423,0.39584,-0.27078,0.038892,1.8755,-0.15539,0.076221
1155.3,-247.52,259.37,9.3461,0.39464,-0.27005,0.037903,1.8755,-0.15539,0.076221
1155.4,-247.56,259.39,9.3499,0.39349,-0.2693,0.036941,1.8755,-0.15539,0.076221
1155.5,-247.6,259.42,9.3535,0.39239,-0.26852,0.036006,1.8755,-0.15539,0.076221
1155.6,-247.64,259.45,9.3571,0.39133,-0.26773,0.035099,1.8755,-0.15539,0.076221
1155.7,-247.67,259.48,9.3605,0.39032,-0.26693,0.03422,1.8755,-0.15539,0.076221
1155.8,-247.71,259.51,9.3639,0.38935,-0.2661,0.033368,1.8755,-0.15539,0.076221
1155.9,-247.75,259.54,9.3672,0.38842,-0.26526,0.032546,1.8755,-0.15539,0.076221
1156,-247.78,259.57,9.3704,0.38753,-0.2644,0.031751,1.8755,-0.15539,0.076221
1156.1,-247.82,259.6,9.3736,0.38667,-0.26353,0.030985,1.8755,-0.15539,0.076221
1156.2,-247.86,259.63,9.3766,0.38586,-0.26265,0.030248,1.8755,-0.15539,0.076221
1156.3,-247.9,259.65,9.3796,0.38508,-0.26175,0.02954,1.8755,-0.15539,0.076221
1156.4,-247.93,259.68,9.3825,0.38433,-0.26084,0.02886,1.8755,-0.15539,0.076221
1156.5,-247.97,259.71,9.3854,0.38362,-0.25992,0.02821,1.8755,-0.15539,0.076221
1156.6,-248.01,259.74,9.3882,0.38293,-0.25899,0.027588,1.8755,-0.15539,0.076221
1156.7,-248.05,259.76,9.3909,0.38228,-0.25805,0.026995,1.8755,-0.15539,0.076221
1156.8,-248.08,259.79,9.3936,0.38165,-0.25709,0.026431,1.8755,-0.15539,0.076221
1156.9,-248.12,259.82,9.3962,0.38105,-0.25613,0.025897,1.8755,-0.15539,0.076221
1157,-248.16,259.84,9.3988,0.38048,-0.25516,0.025391,1.8755,-0.15539,0.076221
1157.1,-248.19,259.87,9.4013,0.37993,-0.25418,0.024914,1.8755,-0.15539,0.076221
1157.2,-248.23,259.9,9.4037,0.3794,-0.2532,0.024467,1.8755,-0.15539,0.076221
1157.3,-248.27,259.92,9.4062,0.37889,-0.25221,0.024048,1.8755,-0.15539,0.076221
1157.4,-248.31,259.95,9.4085,0.37841,-0.25121,0.023658,1.8755,-0.15539,0.076221
1157.5,-248.34,259.97,9.4109,0.37795,-0.2502,0.023297,0.38619,-9.459e-17,4.5756e-17
1157.6,-248.38,260,9.4131,0.3742,-0.24853,0.0208,0.38619,-9.459e-17,4.5756e-17
1157.7,-248.42,260.03,9.4151,0.37059,-0.24681,0.018311,0.38619,-9.459e-17,4.5756e-17
1157.8,-248.46,260.05,9.4168,0.3671,-0.24504,0.015829,0.38619,-9.459e-17,4.5756e-17
1157.9,-248.49,260.07,9.4182,0.36373,-0.24324,0.013352,0.38619,-9.459e-17,4.5756e-17
1158,-248.53,260.1,9.4194,0.36049,-0.2414,0.01088,0.38619,-9.459e-17,4.5756e-17
1158.1,-248.56,260.12,9.4204,0.35735,-0.23952,0.0084112,0.38619,-9.459e-17,4.5756e-17
1158.2,-248.6,260.15,9.4211,0.35433,-0.23761,0.0059427,0.38619,-9.459e-17,4.5756e-17
1158.3,-248.63,260.17,9.4216,0.35142,-0.23567,0.0034726,0.38619,-9.459e-17,4.5756e-17
1158.4,-248.67,260.2,9.4218,0.34862,-0.2337,0.00099815,0.38619,-9.459e-17,4.5756e-17
1158.5,-248.7,260.22,9.4218,0.34592,-0.23166,-0.001466,0.38619,-9.459e-17,4.5756e-17
1158.6,-248.74,260.24,9.4215,0.34332,-0.22934,-0.003841,0.38619,-9.459e-17,4.5756e-17
1158.7,-248.77,260.26,9.421,0.34081,-0.22675,-0.0061047,0.38619,-9.459e-17,4.5756e-17
1158.8,-248.81,260.29,9.4203,0.33839,-0.22391,-0.0082454,0.38619,-9.459e-17,4.5756e-17
1158.9,-248.84,260.31,9.4194,0.33605,-0.22084,-0.010254,0.38619,-9.459e-17,4.5756e-17
1159,-248.87,260.33,9.4183,0.33379,-0.21756,-0.012125,0.38619,-9.459e-17,4.5756e-17
1159.1,-248.91,260.35,9.417,0.3316,-0.21408,-0.013855,0.38619,-9.459e-17,4.5756e-17
1159.2,-248.94,260.38,9.4155,0.32948,-0.21044,-0.015441,0.38619,-9.459e-17,4.5756e-17
1159.3,-248.97,260.4,9.4139,0.32742,-0.20666,-0.016885,0.38619,-9.459e-17,4.5756e-17
1159.4,-249,260.42,9.4121,0.32541,-0.20276,-0.01819,0.38619,-9.459e-17,4.5756e-17
1159.5,-249.04,260.44,9.4102,0.32346,-0.19875,-0.019358,0.38619,-9.459e-17,4.5756e-17
1159.6,-249.07,260.46,9.4082,0.32155,-0.19467,-0.020396,0.38619,-9.459e-17,4.5756e-17
1159.7,-249.1,260.48,9.4062,0.31969,-0.19052,-0.021308,0.38619,-9.459e-17,4.5756e-17
1159.8,-249.13,260.5,9.404,0.31786,-0.18633,-0.022101,0.38619,-9.459e-17,4.5756e-17
1159.9,-249.16,260.52,9.4017,0.31608,-0.18211,-0.022784,0.38619,-9.459e-17,4.5756e-17
1160,-249.19,260.53,9.3994,0.31432,-0.17788,-0.023362,0.38619,-9.459e-17,4.5756e-17
1160.1,-249.22,260.55,9.3971,0.31259,-0.17365,-0.023843,0.38619,-9.459e-17,4.5756e-17
1160.2,-249.26,260.57,9.3947,0.31089,-0.16943,-0.024234,0.38619,-9.459e-17,4.5756e-17
1160.3,-249.29,260.59,9.3922,0.30922,-0.16524,-0.024543,0.38619,-9.459e-17,4.5756e-17
1160.4,-249.32,260.61,9.3898,0.30757,-0.16108,-0.024776,0.38619,-9.459e-17,4.5756e-17
1160.5,-249.35,260.62,9.3873,0.30594,-0.15696,-0.024941,0.38619,-9.459e-17,4.5756e-17
1160.6,-249.38,260.64,9.3848,0.30433,-0.15289,-0.025043,0.38619,-9.459e-17,4.5756e-17
1160.7,-249.41,260.66,9.3823,0.30274,-0.14888,-0.02509,0.38619,-9.459e-17,4.5756e-17
1160.8,-249.44,260.67,9.3798,0.30117,-0.14492,-0.025085,0.38619,-9.459e-17,4.5756e-17
1160.9,-249.46,260.69,9.3773,0.29961,-0.14103,-0.025035,0.38619,-9.459e-17,4.5756e-17
1161,-249.49,260.7,9.3748,0.29807,-0.13721,-0.024944,0.38619,-9.459e-17,4.5756e-17
1161.1,-249.52,260.72,9.3723,0.29655,-0.13346,-0.024818,0.38619,-9.459e-17,4.5756e-17
1161.2,-249.55,260.73,9.3698,0.29504,-0.12979,-0.02466,0.38619,-9.459e-17,4.5756e-17
1161.3,-249.58,260.75,9.3673,0.29354,-0.12619,-0.024473,0.38619,-9.459e-17,4.5756e-17
1161.4,-249.61,260.76,9.3649,0.29206,-0.12267,-0.024263,0.38619,-9.459e-17,4.5756e-17
1161.5,-249.64,260.78,9.3625,0.29059,-0.11923,-0.024031,0.38619,-9.459e-17,4.5756e-17
1161.6,-249.67,260.79,9.3601,0.28914,-0.11587,-0.023781,0.38619,-9.459e-17,4.5756e-17
1161.7,-249.69,260.8,9.3577,0.2877,-0.11258,-0.023515,0.38619,-9.459e-17,4.5756e-17
1161.8,-249.72,260.82,9.3554,0.28627,-0.10938,-0.023236,0.38619,-9.459e-17,4.5756e-17
1161.9,-249.75,260.83,9.3531,0.28486,-0.10625,-0.022946,0.38619,-9.459e-17,4.5756e-17
1162,-249.78,260.84,9.3508,0.28346,-0.10321,-0.022647,0.38619,-9.459e-17,4.5756e-17
1162.1,-249.8,260.85,9.3486,0.28207,-0.10024,-0.02234,0.38619,-9.459e-17,4.5756e-17
1162.2,-249.83,260.87,9.3463,0.2807,-0.097343,-0.022028,0.38619,-9.459e-17,4.5756e-17
1162.3,-249.86,260.88,9.3441,0.27934,-0.094525,-0.021711,0.38619,-9.459e-17,4.5756e-17
1162.4,-249.89,260.89,9.342,0.27799,-0.091781,-0.021391,0.38619,-9.459e-17,4.5756e-17
1162.5,-249.91,260.9,9.3399,0.27665,-0.08911,-0.021069,0.38619,-9.459e-17,4.5756e-17
1162.6,-249.94,260.91,9.3378,0.27533,-0.08651,-0.020745,0.38619,-9.459e-17,4.5756e-17
1162.7,-249.97,260.92,9.3357,0.27402,-0.083981,-0.020422,0.38619,-9.459e-17,4.5756e-17
1162.8,-249.99,260.93,9.3337,0.27273,-0.081521,-0.020099,0.38619,-9.459e-17,4.5756e-17
1162.9,-250.02,260.94,9.3317,0.27144,-0.079127,-0.019778,0.38619,-9.459e-17,4.5756e-17
1163,-250.04,260.95,9.3297,0.27017,-0.0768,-0.019458,0.38619,-9.459e-17,4.5756e-17
1163.1,-250.07,260.96,9.3278,0.26892,-0.074536,-0.019141,0.38619,-9.459e-17,4.5756e-17
1163.2,-250.1,260.97,9.3259,0.26767,-0.072336,-0.018826,0.38619,-9.459e-17,4.5756e-17
1163.3,-250.12,260.98,9.324,0.26644,-0.070196,-0.018515,0.38619,-9.459e-17,4.5756e-17
1163.4,-250.15,260.99,9.3222,0.26522,-0.068116,-0.018208,0.38619,-9.459e-17,4.5756e-17
1163.5,-250.17,261,9.3204,0.26401,-0.066094,-0.017904,0.38619,-9.459e-17,4.5756e-17
1163.6,-250.2,261.01,9.3186,0.26282,-0.064129,-0.017604,0.38619,-9.459e-17,4.5756e-17
1163.7,-250.23,261.02,9.3169,0.26164,-0.062219,-0.017309,0.38619,-9.459e-17,4.5756e-17
1163.8,-250.25,261.03,9.3152,0.26047,-0.060362,-0.017018,0.38619,-9.459e-17,4.5756e-17
1163.9,-250.28,261.04,9.3135,0.25932,-0.058558,-0.016732,0.38619,-9.459e-17,4.5756e-17
1164,-250.3,261.05,9.3118,0.25818,-0.056804,-0.016451,0.38619,-9.459e-17,4.5756e-17
1164.1,-250.33,261.06,9.3102,0.25705,-0.0551,-0.016174,0.38619,-9.459e-17,4.5756e-17
1164.2,-250.35,261.06,9.3086,0.25593,-0.053443,-0.015902,0.38619,-9.459e-17,4.5756e-17
1164.3,-250.38,261.07,9.307,0.25483,-0.051834,-0.015635,0.38619,-9.459e-17,4.5756e-17
1164.4,-250.4,261.08,9.3055,0.25373,-0.05027,-0.015373,0.38619,-9.459e-17,4.5756e-17
1164.5,-250.42,261.09,9.3039,0.25265,-0.04875,-0.015116,0.38619,-9.459e-17,4.5756e-17
1164.6,-250.45,261.1,9.3024,0.25159,-0.047272,-0.014864,0.38619,-9.459e-17,4.5756e-17
1164.7,-250.47,261.1,9.301,0.25053,-0.045837,-0.014617,0.38619,-9.459e-17,4.5756e-17
1164.8,-250.5,261.11,9.2995,0.24949,-0.044442,-0.014374,0.38619,-9.459e-17,4.5756e-17
1164.9,-250.52,261.12,9.2981,0.24846,-0.043086,-0.014137,0.38619,-9.459e-17,4.5756e-17
1165,-250.55,261.13,9.2967,0.24744,-0.041769,-0.013904,0.38619,-9.459e-17,4.5756e-17
1165.1,-250.57,261.13,9.2953,0.24643,-0.040488,-0.013676,0.38619,-9.459e-17,4.5756e-17
1165.2,-250.59,261.14,9.2939,0.24543,-0.039244,-0.013453,0.38619,-9.459e-17,4.5756e-17
1165.3,-250.62,261.15,9.2926,0.24445,-0.038035,-0.013234,0.38619,-9.459e-17,4.5756e-17
1165.4,-250.64,261.15,9.2913,0.24348,-0.03686,-0.013019,0.38619,-9.459e-17,4.5756e-17
1165.5,-250.66,261.16,9.29,0.24252,-0.035717,-0.012809,0.38619,-9.459e-17,4.5756e-17
1165.6,-250.69,261.17,9.2887,0.24157,-0.034607,-0.012604,0.38619,-9.459e-17,4.5756e-17
1165.7,-250.71,261.17,9.2875,0.24063,-0.033529,-0.012403,0.38619,-9.459e-17,4.5756e-17
1165.8,-250.73,261.18,9.2863,0.2397,-0.03248,-0.012205,0.38619,-9.459e-17,4.5756e-17
1165.9,-250.76,261.19,9.285,0.23878,-0.031461,-0.012012,0.38619,-9.459e-17,4.5756e-17
1166,-250.78,261.19,9.2839,0.23788,-0.030471,-0.011823,0.38619,-9.459e-17,4.5756e-17
1166.1,-250.8,261.2,9.2827,0.23698,-0.029508,-0.011638,0.38619,-9.459e-17,4.5756e-17
1166.2,-250.83,261.21,9.2815,0.2361,-0.028572,-0.011457,0.38619,-9.459e-17,4.5756e-17
1166.3,-250.85,261.21,9.2804,0.23522,-0.027663,-0.011279,0.38619,-9.459e-17,4.5756e-17
1166.4,-250.87,261.22,9.2793,0.23436,-0.026779,-0.011106,0.38619,-9.459e-17,4.5756e-17
1166.5,-250.9,261.22,9.2782,0.23351,-0.02592,-0.010935,0.38619,-9.459e-17,4.5756e-17
1166.6,-250.92,261.23,9.2771,0.23266,-0.025085,-0.010769,0.38619,-9.459e-17,4.5756e-17
1166.7,-250.94,261.24,9.276,0.23183,-0.024274,-0.010605,0.38619,-9.459e-17,4.5756e-17
1166.8,-250.96,261.24,9.275,0.23101,-0.023485,-0.010445,0.38619,-9.459e-17,4.5756e-17
1166.9,-250.99,261.25,9.2739,0.23019,-0.022718,-0.010288,0.38619,-9.459e-17,4.5756e-17
1167,-251.01,261.25,9.2729,0.22939,-0.021973,-0.010135,0.38619,-9.459e-17,4.5756e-17
1167.1,-251.03,261.26,9.2719,0.2286,-0.021248,-0.0099841,0.38619,-9.459e-17,4.5756e-17
1167.2,-251.05,261.26,9.2709,0.22781,-0.020544,-0.0098365,0.38619,-9.459e-17,4.5756e-17
1167.3,-251.08,261.27,9.2699,0.22704,-0.01986,-0.0096918,0.38619,-9.459e-17,4.5756e-17
1167.4,-251.1,261.28,9.269,0.22627,-0.019195,-0.00955,0.38619,-9.459e-17,4.5756e-17
1167.5,-251.12,261.28,9.268,0.22551,-0.018548,-0.0094109,0.38619,-9.459e-17,4.5756e-17
1167.6,-251.14,261.29,9.2671,0.22477,-0.01792,-0.0092745,0.38619,-9.459e-17,4.5756e-17
1167.7,-251.16,261.29,9.2662,0.22403,-0.017309,-0.0091408,0.38619,-9.459e-17,4.5756e-17
1167.8,-251.18,261.3,9.2653,0.2233,-0.016715,-0.0090096,0.38619,-9.459e-17,4.5756e-17
1167.9,-251.21,261.3,9.2644,0.22258,-0.016138,-0.0088808,0.38619,-9.459e-17,4.5756e-17
1168,-251.23,261.31,9.2635,0.22187,-0.015578,-0.0087545,0.38619,-9.459e-17,4.5756e-17
1168.1,-251.25,261.31,9.2626,0.22116,-0.015033,-0.0086305,0.38619,-9.459e-17,4.5756e-17
1168.2,-251.27,261.32,9.2618,0.22047,-0.014503,-0.0085089,0.38619,-9.459e-17,4.5756e-17
1168.3,-251.29,261.32,9.2609,0.21978,-0.013988,-0.0083894,0.38619,-9.459e-17,4.5756e-17
1168.4,-251.31,261.33,9.2601,0.2191,-0.013488,-0.0082721,0.97611,0.09146,-0.044861
1168.5,-251.34,261.33,9.2592,0.21975,-0.012606,-0.0094129,0.97611,0.09146,-0.044861
1168.6,-251.36,261.34,9.2582,0.22039,-0.011706,-0.010531,0.97611,0.09146,-0.044861
1168.7,-251.38,261.34,9.2571,0.22103,-0.010791,-0.011627,0.97611,0.09146,-0.044861
1168.8,-251.4,261.35,9.2559,0.22166,-0.0098611,-0.012701,0.97611,0.09146,-0.044861
1168.9,-251.42,261.35,9.2545,0.22228,-0.0089181,-0.013751,0.97611,0.09146,-0.044861
1169,-251.44,261.36,9.2531,0.22289,-0.0079634,-0.014779,0.97611,0.09146,-0.044861
1169.1,-251.47,261.36,9.2516,0.22349,-0.0069984,-0.015784,0.97611,0.09146,-0.044861
1169.2,-251.49,261.36,9.25,0.22409,-0.0060244,-0.016767,0.97611,0.09146,-0.044861
1169.3,-251.51,261.37,9.2482,0.22468,-0.0050428,-0.017727,0.97611,0.09146,-0.044861
1169.4,-251.53,261.37,9.2464,0.22525,-0.0040549,-0.018665,0.97611,0.09146,-0.044861
1169.5,-251.55,261.38,9.2445,0.22582,-0.0030619,-0.019581,0.97611,0.09146,-0.044861
1169.6,-251.58,261.38,9.2425,0.22639,-0.0020651,-0.020476,0.97611,0.09146,-0.044861
1169.7,-251.6,261.39,9.2404,0.22694,-0.0010656,-0.021349,0.97611,0.09146,-0.044861
1169.8,-251.62,261.39,9.2382,0.22748,-6.4642e-05,-0.022202,0.97611,0.09146,-0.044861
1169.9,-251.64,261.4,9.236,0.22802,0.00093888,-0.023032,0.97611,0.09146,-0.044861
1170,-251.67,261.4,9.2336,0.22855,0.0019467,-0.023837,0.97611,0.09146,-0.044861
1170.1,-251.69,261.4,9.2312,0.22906,0.002958,-0.024617,0.97611,0.09146,-0.044861
1170.2,-251.71,261.41,9.2287,0.22957,0.0039721,-0.025372,0.97611,0.09146,-0.044861
1170.3,-251.73,261.41,9.2261,0.23007,0.0049882,-0.026102,0.97611,0.09146,-0.044861
1170.4,-251.76,261.42,9.2235,0.23057,0.0060055,-0.026807,0.97611,0.09146,-0.044861
1170.5,-251.78,261.42,9.2208,0.23105,0.0070232,-0.027487,0.97611,0.09146,-0.044861
1170.6,-251.8,261.42,9.218,0.23152,0.0080408,-0.028143,0.97611,0.09146,-0.044861
1170.7,-251.82,261.43,9.2151,0.23199,0.0090574,-0.028775,0.97611,0.09146,-0.044861
1170.8,-251.85,261.43,9.2122,0.23244,0.010072,-0.029383,0.97611,0.09146,-0.044861
1170.9,-251.87,261.44,9.2093,0.23289,0.011085,-0.029968,0.97611,0.09146,-0.044861
1171,-251.89,261.44,9.2062,0.23333,0.012095,-0.03053,0.97611,0.09146,-0.044861
1171.1,-251.92,261.44,9.2032,0.23376,0.013101,-0.03107,0.97611,0.09146,-0.044861
1171.2,-251.94,261.45,9.2,0.23418,0.014104,-0.031588,0.97611,0.09146,-0.044861
1171.3,-251.96,261.45,9.1968,0.23459,0.015101,-0.032084,0.97611,0.09146,-0.044861
1171.4,-251.99,261.45,9.1936,0.23499,0.016094,-0.03256,0.97611,0.09146,-0.044861
1171.5,-252.01,261.46,9.1903,0.23539,0.017081,-0.033015,0.97611,0.09146,-0.044861
1171.6,-252.03,261.46,9.187,0.23577,0.018062,-0.03345,0.97611,0.09146,-0.044861
1171.7,-252.06,261.47,9.1836,0.23615,0.019036,-0.033866,0.97611,0.09146,-0.044861
1171.8,-252.08,261.47,9.1802,0.23652,0.020003,-0.034264,0.97611,0.09146,-0.044861
1171.9,-252.1,261.47,9.1768,0.23688,0.020963,-0.034643,0.97611,0.09146,-0.044861
1172,-252.13,261.48,9.1733,0.23723,0.021915,-0.035004,0.97611,0.09146,-0.044861
1172.1,-252.15,261.48,9.1698,0.23758,0.022859,-0.035349,0.97611,0.09146,-0.044861
1172.2,-252.17,261.49,9.1662,0.23792,0.023795,-0.035676,0.97611,0.09146,-0.044861
1172.3,-252.2,261.49,9.1627,0.23824,0.024721,-0.035988,0.97611,0.09146,-0.044861
1172.4,-252.22,261.49,9.159,0.23856,0.025639,-0.036285,0.97611,0.09146,-0.044861
1172.5,-252.24,261.5,9.1554,0.23888,0.026547,-0.036566,0.97611,0.09146,-0.044861
1172.6,-252.27,261.5,9.1517,0.23918,0.027446,-0.036833,0.97611,0.09146,-0.044861
1172.7,-252.29,261.5,9.148,0.23948,0.028335,-0.037086,0.97611,0.09146,-0.044861
1172.8,-252.32,261.51,9.1443,0.23977,0.029214,-0.037326,0.97611,0.09146,-0.044861
1172.9,-252.34,261.51,9.1406,0.24005,0.030083,-0.037553,0.97611,0.09146,-0.044861
1173,-252.36,261.52,9.1368,0.24033,0.030942,-0.037767,0.97611,0.09146,-0.044861
1173.1,-252.39,261.52,9.133,0.2406,0.03179,-0.03797,0.97611,0.09146,-0.044861
1173.2,-252.41,261.52,9.1292,0.24086,0.032628,-0.038161,0.97611,0.09146,-0.044861
1173.3,-252.44,261.53,9.1254,0.24112,0.033455,-0.03834,0.97611,0.09146,-0.044861
1173.4,-252.46,261.53,9.1215,0.24136,0.034271,-0.03851,0.97611,0.09146,-0.044861
1173.5,-252.48,261.54,9.1177,0.24161,0.035076,-0.038669,0.97611,0.09146,-0.044861
1173.6,-252.51,261.54,9.1138,0.24184,0.035871,-0.038818,0.97611,0.09146,-0.044861
1173.7,-252.53,261.54,9.1099,0.24207,0.036654,-0.038958,0.97611,0.09146,-0.044861
1173.8,-252.56,261.55,9.106,0.24229,0.037427,-0.039089,0.97611,0.09146,-0.044861
1173.9,-252.58,261.55,9.1021,0.24251,0.038188,-0.039212,0.97611,0.09146,-0.044861
1174,-252.6,261.56,9.0982,0.24272,0.038939,-0.039326,0.97611,0.09146,-0.044861
1174.1,-252.63,261.56,9.0942,0.24293,0.039678,-0.039432,0.97611,0.09146,-0.044861
1174.2,-252.65,261.56,9.0903,0.24313,0.040406,-0.039531,0.97611,0.09146,-0.044861
1174.3,-252.68,261.57,9.0863,0.24332,0.041123,-0.039622,0.97611,0.09146,-0.044861
1174.4,-252.7,261.57,9.0824,0.24351,0.041829,-0.039707,0.97611,0.09146,-0.044861
1174.5,-252.73,261.58,9.0784,0.24369,0.042525,-0.039785,0.97611,0.09146,-0.044861
1174.6,-252.75,261.58,9.0744,0.24387,0.043209,-0.039856,0.97611,0.09146,-0.044861
1174.7,-252.77,261.58,9.0704,0.24404,0.043882,-0.039922,0.97611,0.09146,-0.044861
1174.8,-252.8,261.59,9.0664,0.24421,0.044545,-0.039982,0.97611,0.09146,-0.044861
1174.9,-252.82,261.59,9.0624,0.24437,0.045196,-0.040036,0.97611,0.09146,-0.044861
1175,-252.85,261.6,9.0584,0.24453,0.045837,-0.040085,0.97611,0.09146,-0.044861
1175.1,-252.87,261.6,9.0544,0.24469,0.046468,-0.040129,0.97611,0.09146,-0.044861
1175.2,-252.9,261.61,9.0504,0.24484,0.047087,-0.040168,0.97611,0.09146,-0.044861
1175.3,-252.92,261.61,9.0464,0.24498,0.047697,-0.040203,0.97611,0.09146,-0.044861
1175.4,-252.95,261.62,9.0424,0.24512,0.048296,-0.040233,0.97611,0.09146,-0.044861
1175.5,-252.97,261.62,9.0383,0.24526,0.048884,-0.040259,0.97611,0.09146,-0.044861
1175.6,-253,261.63,9.0343,0.24539,0.049462,-0.040281,0.97611,0.09146,-0.044861
1175.7,-253.02,261.63,9.0303,0.24552,0.050031,-0.0403,0.97611,0.09146,-0.044861
1175.8,-253.04,261.64,9.0262,0.24565,0.050589,-0.040315,0.97611,0.09146,-0.044861
1175.9,-253.07,261.64,9.0222,0.24577,0.051137,-0.040326,0.97611,0.09146,-0.044861
1176,-253.09,261.65,9.0182,0.24588,0.051676,-0.040335,0.97611,0.09146,-0.044861
1176.1,-253.12,261.65,9.0141,0.246,0.052205,-0.04034,0.97611,0.09146,-0.044861
1176.2,-253.14,261.66,9.0101,0.24611,0.052724,-0.040342,0.97611,0.09146,-0.044861
1176.3,-253.17,261.66,9.0061,0.24621,0.053234,-0.040342,0.97611,0.09146,-0.044861
1176.4,-253.19,261.67,9.002,0.24632,0.053734,-0.040339,0.97611,0.09146,-0.044861
1176.5,-253.22,261.67,8.998,0.24642,0.054225,-0.040334,0.97611,0.09146,-0.044861
1176.6,-253.24,261.68,8.994,0.24652,0.054707,-0.040326,0.97611,0.09146,-0.044861
1176.7,-253.27,261.68,8.9899,0.24661,0.05518,-0.040316,0.97611,0.09146,-0.044861
1176.8,-253.29,261.69,8.9859,0.2467,0.055644,-0.040304,0.97611,0.09146,-0.044861
1176.9,-253.32,261.69,8.9819,0.24679,0.0561,-0.04029,0.97611,0.09146,-0.044861
1177,-253.34,261.7,8.9779,0.24688,0.056546,-0.040274,0.97611,0.09146,-0.044861
1177.1,-253.36,261.7,8.9738,0.24696,0.056984,-0.040257,0.97611,0.09146,-0.044861
1177.2,-253.39,261.71,8.9698,0.24704,0.057414,-0.040238,0.97611,0.09146,-0.044861
1177.3,-253.41,261.71,8.9658,0.24712,0.057836,-0.040217,0.97611,0.09146,-0.044861
1177.4,-253.44,261.72,8.9618,0.24719,0.058249,-0.040195,10.518,-2.5762e-15,1.2549e-15
1177.5,-253.46,261.73,8.9578,0.26861,0.058313,-0.039059,10.518,-2.5762e-15,1.2549e-15
1177.6,-253.49,261.73,8.9539,0.28972,0.058446,-0.038214,10.518,-2.5762e-15,1.2549e-15
1177.7,-253.52,261.74,8.9501,0.31049,0.058651,-0.037634,10.518,-2.5762e-15,1.2549e-15
1177.8,-253.55,261.75,8.9464,0.33091,0.058931,-0.037301,10.518,-2.5762e-15,1.2549e-15
1177.9,-253.59,261.76,8.9427,0.35097,0.059288,-0.037199,10.518,-2.5762e-15,1.2549e-15
1178,-253.62,261.77,8.939,0.37065,0.059729,-0.037316,10.518,-2.5762e-15,1.2549e-15
1178.1,-253.66,261.79,8.9352,0.38995,0.060258,-0.037643,10.518,-2.5762e-15,1.2549e-15
1178.2,-253.7,261.8,8.9314,0.40885,0.060883,-0.038174,10.518,-2.5762e-15,1.2549e-15
1178.3,-253.73,261.81,8.9276,0.42736,0.06161,-0.038905,10.518,-2.5762e-15,1.2549e-15
1178.4,-253.78,261.83,8.9236,0.44546,0.062448,-0.039832,10.518,-2.5762e-15,1.2549e-15
1178.5,-253.82,261.85,8.9196,0.46314,0.063406,-0.040954,10.518,-2.5762e-15,1.2549e-15
1178.6,-253.86,261.86,8.9154,0.48041,0.064494,-0.042272,10.518,-2.5762e-15,1.2549e-15
1178.7,-253.91,261.88,8.9111,0.49726,0.065723,-0.043785,10.518,-2.5762e-15,1.2549e-15
1178.8,-253.96,261.9,8.9067,0.51369,0.067105,-0.045497,10.518,-2.5762e-15,1.2549e-15
1178.9,-254,261.92,8.902,0.5297,0.06865,-0.047408,10.518,-2.5762e-15,1.2549e-15
1179,-254.05,261.94,8.8972,0.54529,0.070374,-0.049521,10.518,-2.5762e-15,1.2549e-15
1179.1,-254.11,261.96,8.8921,0.56046,0.072289,-0.051838,10.518,-2.5762e-15,1.2549e-15
1179.2,-254.16,261.99,8.8868,0.57521,0.07441,-0.054362,10.518,-2.5762e-15,1.2549e-15
1179.3,-254.21,262.01,8.8812,0.58953,0.076751,-0.057094,10.518,-2.5762e-15,1.2549e-15
1179.4,-254.27,262.03,8.8754,0.60344,0.079329,-0.060034,10.518,-2.5762e-15,1.2549e-15
1179.5,-254.32,262.06,8.8692,0.61694,0.08216,-0.063183,10.518,-2.5762e-15,1.2549e-15
1179.6,-254.38,262.09,8.8627,0.63002,0.085258,-0.066538,10.518,-2.5762e-15,1.2549e-15
1179.7,-254.44,262.11,8.8559,0.64269,0.08864,-0.070097,10.518,-2.5762e-15,1.2549e-15
1179.8,-254.5,262.14,8.8487,0.65495,0.092322,-0.073853,10.518,-2.5762e-15,1.2549e-15
1179.9,-254.56,262.17,8.8411,0.66681,0.09632,-0.0778,10.518,-2.5762e-15,1.2549e-15
1180,-254.62,262.2,8.8331,0.67826,0.10065,-0.081927,10.518,-2.5762e-15,1.2549e-15
1180.1,-254.68,262.23,8.8247,0.68931,0.10532,-0.086223,10.518,-2.5762e-15,1.2549e-15
1180.2,-254.75,262.26,8.8159,0.69995,0.11034,-0.090671,10.518,-2.5762e-15,1.2549e-15
1180.3,-254.81,262.29,8.8066,0.7102,0.11573,-0.095255,10.518,-2.5762e-15,1.2549e-15
1180.4,-254.88,262.32,8.7968,0.72005,0.1215,-0.099954,10.518,-2.5762e-15,1.2549e-15
1180.5,-254.94,262.35,8.7866,0.72951,0.12765,-0.10475,10.518,-2.5762e-15,1.2549e-15
1180.6,-255.01,262.39,8.7759,0.73857,0.13418,-0.10961,10.518,-2.5762e-15,1.2549e-15
1180.7,-255.08,262.42,8.7647,0.74724,0.1411,-0.11451,10.518,-2.5762e-15,1.2549e-15
1180.8,-255.14,262.46,8.753,0.75551,0.14841,-0.11943,10.518,-2.5762e-15,1.2549e-15
1180.9,-255.21,262.49,8.7408,0.7634,0.1561,-0.12433,10.518,-2.5762e-15,1.2549e-15
1181,-255.28,262.53,8.7281,0.77089,0.16416,-0.12918,10.518,-2.5762e-15,1.2549e-15
1181.1,-255.35,262.57,8.715,0.77799,0.17258,-0.13397,10.518,-2.5762e-15,1.2549e-15
1181.2,-255.42,262.6,8.7013,0.78471,0.18136,-0.13865,10.518,-2.5762e-15,1.2549e-15
1181.3,-255.49,262.64,8.6872,0.79104,0.19047,-0.1432,10.518,-2.5762e-15,1.2549e-15
1181.4,-255.56,262.68,8.6727,0.79699,0.19989,-0.1476,10.518,-2.5762e-15,1.2549e-15
1181.5,-255.64,262.72,8.6577,0.80256,0.20961,-0.15181,10.518,-2.5762e-15,1.2549e-15
1181.6,-255.71,262.76,8.6423,0.80776,0.21961,-0.15583,10.518,-2.5762e-15,1.2549e-15
1181.7,-255.78,262.81,8.6266,0.81258,0.22984,-0.15962,10.518,-2.5762e-15,1.2549e-15
1181.8,-255.86,262.85,8.6104,0.81704,0.2403,-0.16318,10.518,-2.5762e-15,1.2549e-15
1181.9,-255.93,262.89,8.5939,0.82114,0.25096,-0.16648,10.518,-2.5762e-15,1.2549e-15
1182,-256,262.94,8.5771,0.82489,0.26178,-0.16952,10.518,-2.5762e-15,1.2549e-15
1182.1,-256.08,262.98,8.5601,0.8283,0.27275,-0.17228,10.518,-2.5762e-15,1.2549e-15
1182.2,-256.15,263.03,8.5427,0.83138,0.28382,-0.17476,10.518,-2.5762e-15,1.2549e-15
1182.3,-256.23,263.07,8.5251,0.83413,0.29499,-0.17695,10.518,-2.5762e-15,1.2549e-15
1182.4,-256.3,263.12,8.5073,0.83658,0.30621,-0.17886,10.518,-2.5762e-15,1.2549e-15
1182.5,-256.38,263.17,8.4893,0.83873,0.31747,-0.18048,10.518,-2.5762e-15,1.2549e-15
1182.6,-256.45,263.22,8.4712,0.84059,0.32874,-0.18181,10.518,-2.5762e-15,1.2549e-15
1182.7,-256.53,263.27,8.453,0.84218,0.34001,-0.18286,10.518,-2.5762e-15,1.2549e-15
1182.8,-256.6,263.32,8.4347,0.84352,0.35124,-0.18362,10.518,-2.5762e-15,1.2549e-15
1182.9,-256.68,263.37,8.4163,0.84461,0.36243,-0.18412,10.518,-2.5762e-15,1.2549e-15
1183,-256.76,263.42,8.3979,0.84548,0.37355,-0.18434,10.518,-2.5762e-15,1.2549e-15
1183.1,-256.83,263.48,8.3794,0.84613,0.3846,-0.1843,10.518,-2.5762e-15,1.2549e-15
1183.2,-256.91,263.53,8.361,0.8466,0.39554,-0.184,10.518,-2.5762e-15,1.2549e-15
1183.3,-256.98,263.59,8.3426,0.84688,0.40639,-0.18345,10.518,-2.5762e-15,1.2549e-15
1183.4,-257.06,263.64,8.3243,0.84701,0.41712,-0.18267,10.518,-2.5762e-15,1.2549e-15
1183.5,-257.13,263.7,8.3061,0.84698,0.42773,-0.18165,10.518,-2.5762e-15,1.2549e-15
1183.6,-257.21,263.76,8.288,0.84684,0.43821,-0.18041,10.518,-2.5762e-15,1.2549e-15
1183.7,-257.28,263.82,8.27,0.84657,0.44855,-0.17895,10.518,-2.5762e-15,1.2549e-15
1183.8,-257.36,263.88,8.2522,0.84621,0.45876,-0.17728,10.518,-2.5762e-15,1.2549e-15
1183.9,-257.43,263.94,8.2346,0.84578,0.46883,-0.17541,10.518,-2.5762e-15,1.2549e-15
1184,-257.51,264,8.2171,0.84527,0.47877,-0.17334,10.518,-2.5762e-15,1.2549e-15
1184.1,-257.58,264.06,8.1999,0.84472,0.48857,-0.17108,10.518,-2.5762e-15,1.2549e-15
1184.2,-257.66,264.12,8.1829,0.84413,0.49823,-0.16864,10.518,-2.5762e-15,1.2549e-15
1184.3,-257.73,264.19,8.1662,0.84352,0.50776,-0.16601,10.518,-2.5762e-15,1.2549e-15
1184.4,-257.81,264.25,8.1497,0.84291,0.51716,-0.16321,10.518,-2.5762e-15,1.2549e-15
1184.5,-257.88,264.32,8.1336,0.8423,0.52645,-0.16024,10.518,-2.5762e-15,1.2549e-15
1184.6,-257.95,264.39,8.1177,0.84172,0.53562,-0.1571,10.518,-2.5762e-15,1.2549e-15
1184.7,-258.03,264.45,8.1021,0.84117,0.54468,-0.15379,10.518,-2.5762e-15,1.2549e-15
1184.8,-258.1,264.52,8.0869,0.84067,0.55365,-0.1503,10.518,-2.5762e-15,1.2549e-15
1184.9,-258.17,264.59,8.0721,0.84023,0.56252,-0.14665,10.518,-2.5762e-15,1.2549e-15
1185,-258.25,264.66,8.0576,0.83986,0.57132,-0.14283,10.518,-2.5762e-15,1.2549e-15
1185.1,-258.32,264.73,8.0435,0.83958,0.58005,-0.13883,10.518,-2.5762e-15,1.2549e-15
1185.2,-258.39,264.81,8.0299,0.83941,0.58873,-0.13464,10.518,-2.5762e-15,1.2549e-15
1185.3,-258.47,264.88,8.0166,0.83934,0.59736,-0.13027,10.518,-2.5762e-15,1.2549e-15
1185.4,-258.54,264.95,8.0038,0.8394,0.60596,-0.12569,10.518,-2.5762e-15,1.2549e-15
1185.5,-258.61,265.03,7.9915,0.8396,0.61455,-0.12091,10.518,-2.5762e-15,1.2549e-15
1185.6,-258.68,265.1,7.9796,0.83995,0.62314,-0.1159,10.518,-2.5762e-15,1.2549e-15
1185.7,-258.76,265.18,7.9683,0.84047,0.63175,-0.11064,10.518,-2.5762e-15,1.2549e-15
1185.8,-258.83,265.25,7.9575,0.84118,0.64039,-0.10511,10.518,-2.5762e-15,1.2549e-15
1185.9,-258.9,265.33,7.9473,0.84209,0.64908,-0.099291,10.518,-2.5762e-15,1.2549e-15
1186,-258.97,265.41,7.9377,0.84322,0.65785,-0.093143,10.518,-2.5762e-15,1.2549e-15
1186.1,-259.05,265.49,7.9287,0.84459,0.66672,-0.086625,10.518,-2.5762e-15,1.2549e-15
1186.2,-259.12,265.57,7.9204,0.84623,0.67571,-0.079691,10.518,-2.5762e-15,1.2549e-15
1186.3,-259.19,265.65,7.9128,0.84817,0.68485,-0.072278,10.518,-2.5762e-15,1.2549e-15
1186.4,-259.27,265.73,7.9059,0.85043,0.69417,-0.064313,10.518,-2.5762e-15,1.2549e-15
1186.5,-259.34,265.81,7.8999,0.85305,0.7037,-0.055701,10.518,-2.5762e-15,1.2549e-15
1186.6,-259.41,265.89,7.8948,0.85608,0.7135,-0.046327,10.518,-2.5762e-15,1.2549e-15
1186.7,-259.49,265.98,7.8907,0.85958,0.7236,-0.036037,10.518,-2.5762e-15,1.2549e-15
1186.8,-259.56,266.06,7.8876,0.8636,0.73405,-0.024636,10.518,-2.5762e-15,1.2549e-15
1186.9,-259.64,266.14,7.8858,0.86823,0.74493,-0.011865,10.518,-2.5762e-15,1.2549e-15
1187,-259.72,266.23,7.8853,0.87358,0.75624,0.0026021,10.518,-2.5762e-15,1.2549e-15
1187.1,-259.8,266.31,7.8863,0.87973,0.76449,0.017667,10.518,-2.5762e-15,1.2549e-15
1187.2,-259.88,266.4,7.8888,0.88668,0.76766,0.032036,10.518,-2.5762e-15,1.2549e-15
1187.3,-259.96,266.49,7.8927,0.89432,0.76588,0.04506,10.518,-2.5762e-15,1.2549e-15
1187.4,-260.04,266.57,7.8978,0.9025,0.75953,0.056274,10.518,-2.5762e-15,1.2549e-15
1187.5,-260.12,266.66,7.9039,0.91105,0.74923,0.065422,10.518,-2.5762e-15,1.2549e-15
1187.6,-260.2,266.75,7.9108,0.91977,0.73571,0.072436,10.518,-2.5762e-15,1.2549e-15
1187.7,-260.27,266.83,7.9183,0.92849,0.71974,0.077399,10.518,-2.5762e-15,1.2549e-15
1187.8,-260.35,266.92,7.9262,0.93706,0.70206,0.080488,10.518,-2.5762e-15,1.2549e-15
1187.9,-260.43,267.01,7.9343,0.94533,0.68332,0.081931,10.518,-2.5762e-15,1.2549e-15
1188,-260.5,267.1,7.9425,0.95323,0.66409,0.081973,10.518,-2.5762e-15,1.2549e-15
1188.1,-260.58,267.19,7.9507,0.96067,0.64486,0.080848,10.518,-2.5762e-15,1.2549e-15
1188.2,-260.65,267.28,7.9587,0.96763,0.62598,0.078769,10.518,-2.5762e-15,1.2549e-15
1188.3,-260.72,267.37,7.9664,0.97407,0.60776,0.075917,10.518,-2.5762e-15,1.2549e-15
1188.4,-260.79,267.46,7.9738,0.97999,0.59042,0.072445,10.518,-2.5762e-15,1.2549e-15
1188.5,-260.86,267.55,7.9809,0.9854,0.57414,0.068474,10.518,-2.5762e-15,1.2549e-15
1188.6,-260.93,267.64,7.9875,0.9903,0.55904,0.064099,10.518,-2.5762e-15,1.2549e-15
1188.7,-261,267.73,7.9937,0.99472,0.54523,0.059394,10.518,-2.5762e-15,1.2549e-15
1188.8,-261.07,267.82,7.9994,0.99868,0.53277,0.054411,10.518,-2.5762e-15,1.2549e-15
1188.9,-261.13,267.91,8.0046,1.0022,0.52172,0.049187,10.518,-2.5762e-15,1.2549e-15
1189,-261.2,268,8.0092,1.0053,0.51215,0.043746,10.518,-2.5762e-15,1.2549e-15
1189.1,-261.27,268.1,8.0133,1.008,0.50409,0.038099,10.518,-2.5762e-15,1.2549e-15
1189.2,-261.33,268.19,8.0168,1.0103,0.49759,0.032252,10.518,-2.5762e-15,1.2549e-15
1189.3,-261.4,268.28,8.0198,1.0123,0.49272,0.026203,10.518,-2.5762e-15,1.2549e-15
1189.4,-261.46,268.37,8.0221,1.0139,0.48953,0.019946,10.518,-2.5762e-15,1.2549e-15
1189.5,-261.53,268.46,8.0238,1.0152,0.48809,0.013474,10.518,-2.5762e-15,1.2549e-15
1189.6,-261.59,268.55,8.0248,1.0161,0.48849,0.0067791,10.518,-2.5762e-15,1.2549e-15
1189.7,-261.66,268.65,8.0251,1.0167,0.49082,-0.00014192,10.518,-2.5762e-15,1.2549e-15
1189.8,-261.72,268.74,8.0247,1.017,0.49434,-0.0075854,10.518,-2.5762e-15,1.2549e-15
1189.9,-261.79,268.83,8.0236,1.017,0.49832,-0.015815,10.518,-2.5762e-15,1.2549e-15
1190,-261.86,268.92,8.0215,1.0165,0.50282,-0.024791,10.518,-2.5762e-15,1.2549e-15
1190.1,-261.92,269.01,8.0186,1.0157,0.50788,-0.034436,10.518,-2.5762e-15,1.2549e-15
1190.2,-261.99,269.1,8.0146,1.0145,0.51354,-0.04463,10.518,-2.5762e-15,1.2549e-15
1190.3,-262.06,269.2,8.0096,1.0128,0.51984,-0.055215,10.518,-2.5762e-15,1.2549e-15
1190.4,-262.12,269.29,8.0036,1.0106,0.5268,-0.065997,10.518,-2.5762e-15,1.2549e-15
1190.5,-262.19,269.38,7.9964,1.0081,0.53443,-0.076756,1.2777,0.049188,-0.024127
1190.6,-262.26,269.47,7.9882,0.98458,0.5428,-0.087379,1.2777,0.049188,-0.024127
1190.7,-262.33,269.56,7.979,0.96142,0.55149,-0.09636,1.2777,0.049188,-0.024127
1190.8,-262.39,269.65,7.969,0.93864,0.56036,-0.10349,1.2777,0.049188,-0.024127
1190.9,-262.46,269.74,7.9584,0.91628,0.5693,-0.10865,1.2777,0.049188,-0.024127
1191,-262.52,269.82,7.9473,0.89442,0.57819,-0.11181,1.2777,0.049188,-0.024127
1191.1,-262.59,269.9,7.9361,0.87311,0.58694,-0.11301,1.2777,0.049188,-0.024127
1191.2,-262.66,269.98,7.9248,0.85243,0.59549,-0.11234,1.2777,0.049188,-0.024127
1191.3,-262.72,270.06,7.9137,0.83244,0.60378,-0.10993,1.2777,0.049188,-0.024127
1191.4,-262.79,270.14,7.9029,0.8132,0.61178,-0.10591,1.2777,0.049188,-0.024127
1191.5,-262.85,270.22,7.8925,0.79476,0.6195,-0.10041,1.2777,0.049188,-0.024127
1191.6,-262.92,270.3,7.8828,0.77718,0.62694,-0.09354,1.2777,0.049188,-0.024127
1191.7,-262.98,270.37,7.8739,0.7605,0.63414,-0.0854,1.2777,0.049188,-0.024127
1191.8,-263.05,270.45,7.8658,0.74476,0.64113,-0.076055,1.2777,0.049188,-0.024127
1191.9,-263.11,270.52,7.8587,0.73002,0.648,-0.065533,1.2777,0.049188,-0.024127
1192,-263.18,270.59,7.8527,0.7163,0.6548,-0.05382,1.2777,0.049188,-0.024127
1192.1,-263.24,270.66,7.848,0.70368,0.66162,-0.040853,1.2777,0.049188,-0.024127
1192.2,-263.31,270.73,7.8446,0.69219,0.66857,-0.026504,1.2777,0.049188,-0.024127
1192.3,-263.37,270.8,7.8427,0.6819,0.67576,-0.010565,1.2777,0.049188,-0.024127
1192.4,-263.44,270.87,7.8426,0.67291,0.6829,0.0071081,1.2777,0.049188,-0.024127
1192.5,-263.51,270.94,7.8442,0.66526,0.68569,0.024816,1.2777,0.049188,-0.024127
1192.6,-263.58,271.01,7.8475,0.65888,0.68313,0.041297,1.2777,0.049188,-0.024127
1192.7,-263.65,271.07,7.8524,0.6536,0.67558,0.055846,1.2777,0.049188,-0.024127
1192.8,-263.71,271.14,7.8586,0.64923,0.6637,0.068047,1.2777,0.049188,-0.024127
1192.9,-263.78,271.2,7.8659,0.64557,0.64827,0.07776,1.2777,0.049188,-0.024127
1193,-263.84,271.26,7.874,0.64238,0.63014,0.085064,1.2777,0.049188,-0.024127
1193.1,-263.91,271.33,7.8828,0.63951,0.61011,0.090181,1.2777,0.049188,-0.024127
1193.2,-263.97,271.39,7.892,0.63677,0.58887,0.093404,1.2777,0.049188,-0.024127
1193.3,-264.03,271.45,7.9014,0.63407,0.56701,0.095051,1.2777,0.049188,-0.024127
1193.4,-264.09,271.51,7.911,0.63132,0.545,0.095425,1.2777,0.049188,-0.024127
1193.5,-264.15,271.57,7.9205,0.62845,0.52319,0.094798,1.2777,0.049188,-0.024127
1193.6,-264.2,271.63,7.9299,0.62544,0.50185,0.093404,1.2777,0.049188,-0.024127
1193.7,-264.26,271.69,7.9392,0.62226,0.48115,0.091436,1.2777,0.049188,-0.024127
1193.8,-264.31,271.74,7.9482,0.61891,0.46122,0.089049,1.2777,0.049188,-0.024127
1193.9,-264.36,271.8,7.957,0.61539,0.44214,0.08637,1.2777,0.049188,-0.024127
1194,-264.41,271.86,7.9655,0.61172,0.42393,0.083494,1.2777,0.049188,-0.024127
1194.1,-264.46,271.91,7.9737,0.60791,0.40663,0.080497,1.2777,0.049188,-0.024127
1194.2,-264.5,271.97,7.9815,0.60397,0.39021,0.077436,1.2777,0.049188,-0.024127
1194.3,-264.55,272.02,7.9891,0.59992,0.37467,0.074355,1.2777,0.049188,-0.024127
1194.4,-264.59,272.08,7.9964,0.59578,0.35997,0.071286,1.2777,0.049188,-0.024127
1194.5,-264.64,272.13,8.0034,0.59156,0.34608,0.068252,1.2777,0.049188,-0.024127
1194.6,-264.68,272.18,8.0101,0.58728,0.33297,0.065271,1.2777,0.049188,-0.024127
1194.7,-264.72,272.24,8.0165,0.58295,0.32059,0.062354,1.2777,0.049188,-0.024127
1194.8,-264.76,272.29,8.0225,0.57859,0.30892,0.05951,1.2777,0.049188,-0.024127
1194.9,-264.8,272.34,8.0284,0.5742,0.2979,0.056742,1.2777,0.049188,-0.024127
1195,-264.84,272.39,8.0339,0.56981,0.28751,0.054053,1.2777,0.049188,-0.024127
1195.1,-264.88,272.44,8.0392,0.56541,0.27772,0.051445,1.2777,0.049188,-0.024127
1195.2,-264.92,272.49,8.0442,0.56103,0.26848,0.048915,1.2777,0.049188,-0.024127
1195.3,-264.95,272.54,8.049,0.55665,0.25976,0.046464,1.2777,0.049188,-0.024127
1195.4,-264.99,272.59,8.0535,0.5523,0.25154,0.044089,1.2777,0.049188,-0.024127
1195.5,-265.02,272.64,8.0578,0.54798,0.24378,0.041786,1.2777,0.049188,-0.024127
1195.6,-265.06,272.69,8.0618,0.5437,0.23647,0.039554,1.2777,0.049188,-0.024127
1195.7,-265.09,272.74,8.0657,0.53945,0.22957,0.037388,1.2777,0.049188,-0.024127
1195.8,-265.13,272.79,8.0693,0.53524,0.22306,0.035286,1.2777,0.049188,-0.024127
1195.9,-265.16,272.83,8.0727,0.53108,0.21693,0.033243,1.2777,0.049188,-0.024127
1196,-265.19,272.88,8.076,0.52696,0.21114,0.031258,1.2777,0.049188,-0.024127
1196.1,-265.22,272.93,8.079,0.5229,0.20569,0.029326,1.2777,0.049188,-0.024127
1196.2,-265.26,272.97,8.0818,0.51889,0.20055,0.027444,1.2777,0.049188,-0.024127
1196.3,-265.29,273.02,8.0845,0.51494,0.19571,0.025608,1.2777,0.049188,-0.024127
1196.4,-265.32,273.06,8.087,0.51103,0.19115,0.023817,1.2777,0.049188,-0.024127
1196.5,-265.35,273.11,8.0893,0.50719,0.18686,0.022066,1.2777,0.049188,-0.024127
1196.6,-265.38,273.15,8.0914,0.5034,0.18283,0.020352,1.2777,0.049188,-0.024127
1196.7,-265.41,273.2,8.0933,0.49967,0.17905,0.018674,1.2777,0.049188,-0.024127
1196.8,-265.44,273.24,8.0951,0.496,0.1755,0.017028,1.2777,0.049188,-0.024127
1196.9,-265.46,273.29,8.0967,0.49239,0.17217,0.015412,1.2777,0.049188,-0.024127
1197,-265.49,273.33,8.0982,0.48883,0.16905,0.013824,1.2777,0.049188,-0.024127
1197.1,-265.52,273.37,8.0995,0.48533,0.16615,0.01226,1.2777,0.049188,-0.024127
1197.2,-265.55,273.42,8.1007,0.48189,0.16343,0.010719,1.2777,0.049188,-0.024127
1197.3,-265.58,273.46,8.1016,0.4785,0.16091,0.0091993,1.2777,0.049188,-0.024127
1197.4,-265.6,273.5,8.1025,0.47517,0.15857,0.0076979,1.2777,0.049188,-0.024127
1197.5,-265.63,273.54,8.1032,0.4719,0.1564,0.0062133,1.2777,0.049188,-0.024127
1197.6,-265.66,273.58,8.1037,0.46868,0.15441,0.0047438,1.2777,0.049188,-0.024127
1197.7,-265.68,273.63,8.1041,0.46551,0.15258,0.0032875,1.2777,0.049188,-0.024127
1197.8,-265.71,273.67,8.1044,0.4624,0.15091,0.0018428,1.2777,0.049188,-0.024127
1197.9,-265.74,273.71,8.1045,0.45934,0.14939,0.00040831,1.2777,0.049188,-0.024127
1198,-265.76,273.75,8.1045,0.45633,0.14799,-0.0010262,1.2777,0.049188,-0.024127
1198.1,-265.79,273.79,8.1043,0.45337,0.14666,-0.0024842,4.3046,-1.0543e-15,4.9966e-16
1198.2,-265.81,273.83,8.104,0.4572,0.14516,-0.003311,4.3046,-1.0543e-15,4.9966e-16
1198.3,-265.84,273.87,8.1036,0.46094,0.1437,-0.0042167,4.3046,-1.0543e-15,4.9966e-16
1198.4,-265.86,273.91,8.1032,0.46458,0.14229,-0.0052011,4.3046,-1.0543e-15,4.9966e-16
1198.5,-265.89,273.95,8.1026,0.46812,0.14093,-0.006264,4.3046,-1.0543e-15,4.9966e-16
1198.6,-265.91,274,8.1019,0.47157,0.13962,-0.0074051,4.3046,-1.0543e-15,4.9966e-16
1198.7,-265.94,274.04,8.1011,0.47493,0.13837,-0.0086238,4.3046,-1.0543e-15,4.9966e-16
1198.8,-265.96,274.08,8.1002,0.47819,0.13719,-0.0099193,4.3046,-1.0543e-15,4.9966e-16
1198.9,-265.99,274.12,8.0991,0.48136,0.13606,-0.011291,4.3046,-1.0543e-15,4.9966e-16
1199,-266.01,274.17,8.0979,0.48445,0.13501,-0.012737,4.3046,-1.0543e-15,4.9966e-16
1199.1,-266.04,274.21,8.0966,0.48744,0.13402,-0.014256,4.3046,-1.0543e-15,4.9966e-16
1199.2,-266.06,274.26,8.0951,0.49034,0.13311,-0.015847,4.3046,-1.0543e-15,4.9966e-16
1199.3,-266.09,274.3,8.0934,0.49316,0.13229,-0.017507,4.3046,-1.0543e-15,4.9966e-16
1199.4,-266.11,274.35,8.0916,0.49589,0.13154,-0.019234,4.3046,-1.0543e-15,4.9966e-16
1199.5,-266.14,274.39,8.0896,0.49854,0.13088,-0.021025,4.3046,-1.0543e-15,4.9966e-16
1199.6,-266.16,274.44,8.0874,0.5011,0.13031,-0.022876,4.3046,-1.0543e-15,4.9966e-16
1199.7,-266.18,274.48,8.085,0.50359,0.12984,-0.024784,4.3046,-1.0543e-15,4.9966e-16
1199.8,-266.21,274.53,8.0824,0.50599,0.12946,-0.026745,4.3046,-1.0543e-15,4.9966e-16
1199.9,-266.23,274.57,8.0796,0.50831,0.12917,-0.028754,4.3046,-1.0543e-15,4.9966e-16
1200,-266.26,274.62,8.0766,0.51055,0.12899,-0.030806,4.3046,-1.0543e-15,4.9966e-16
1200.1,-266.28,274.67,8.0735,0.51272,0.12892,-0.032897,4.3046,-1.0543e-15,4.9966e-16
1200.2,-266.3,274.72,8.0701,0.51481,0.12895,-0.035021,4.3046,-1.0543e-15,4.9966e-16
1200.3,-266.33,274.76,8.0665,0.51683,0.12908,-0.037172,4.3046,-1.0543e-15,4.9966e-16
1200.4,-266.35,274.81,8.0626,0.51877,0.12933,-0.039345,4.3046,-1.0543e-15,4.9966e-16
1200.5,-266.37,274.86,8.0586,0.52064,0.12968,-0.041532,4.3046,-1.0543e-15,4.9966e-16
1200.6,-266.4,274.91,8.0543,0.52244,0.13014,-0.043727,4.3046,-1.0543e-15,4.9966e-16
1200.7,-266.42,274.96,8.0498,0.52417,0.13071,-0.045925,4.3046,-1.0543e-15,4.9966e-16
1200.8,-266.44,275.01,8.0451,0.52583,0.13139,-0.048119,4.3046,-1.0543e-15,4.9966e-16
1200.9,-266.47,275.06,8.0402,0.52742,0.13218,-0.050302,4.3046,-1.0543e-15,4.9966e-16
1201,-266.49,275.1,8.0351,0.52894,0.13308,-0.052468,4.3046,-1.0543e-15,4.9966e-16
1201.1,-266.51,275.15,8.0297,0.5304,0.13407,-0.054612,4.3046,-1.0543e-15,4.9966e-16
1201.2,-266.53,275.2,8.0242,0.5318,0.13518,-0.056726,4.3046,-1.0543e-15,4.9966e-16
1201.3,-266.56,275.25,8.0184,0.53313,0.13638,-0.058806,4.3046,-1.0543e-15,4.9966e-16
1201.4,-266.58,275.31,8.0124,0.5344,0.13768,-0.060847,4.3046,-1.0543e-15,4.9966e-16
1201.5,-266.6,275.36,8.0062,0.5356,0.13907,-0.062842,4.3046,-1.0543e-15,4.9966e-16
1201.6,-266.62,275.41,7.9998,0.53675,0.14055,-0.064788,4.3046,-1.0543e-15,4.9966e-16
1201.7,-266.64,275.46,7.9933,0.53784,0.14213,-0.066681,4.3046,-1.0543e-15,4.9966e-16
1201.8,-266.66,275.51,7.9865,0.53887,0.14378,-0.068516,4.3046,-1.0543e-15,4.9966e-16
1201.9,-266.69,275.56,7.9796,0.53984,0.14551,-0.07029,4.3046,-1.0543e-15,4.9966e-16
1202,-266.71,275.61,7.9724,0.54076,0.14732,-0.072001,4.3046,-1.0543e-15,4.9966e-16
1202.1,-266.73,275.66,7.9652,0.54162,0.14919,-0.073646,4.3046,-1.0543e-15,4.9966e-16
1202.2,-266.75,275.72,7.9577,0.54243,0.15113,-0.075222,4.3046,-1.0543e-15,4.9966e-16
1202.3,-266.77,275.77,7.9501,0.54319,0.15313,-0.07673,4.3046,-1.0543e-15,4.9966e-16
1202.4,-266.79,275.82,7.9424,0.5439,0.15518,-0.078166,4.3046,-1.0543e-15,4.9966e-16
1202.5,-266.81,275.88,7.9345,0.54455,0.15729,-0.079531,4.3046,-1.0543e-15,4.9966e-16
1202.6,-266.83,275.93,7.9265,0.54516,0.15944,-0.080823,4.3046,-1.0543e-15,4.9966e-16
1202.7,-266.85,275.98,7.9183,0.54573,0.16163,-0.082044,4.3046,-1.0543e-15,4.9966e-16
1202.8,-266.87,276.04,7.9101,0.54625,0.16386,-0.083192,4.3046,-1.0543e-15,4.9966e-16
1202.9,-266.89,276.09,7.9017,0.54672,0.16611,-0.084269,4.3046,-1.0543e-15,4.9966e-16
1203,-266.91,276.14,7.8932,0.54715,0.1684,-0.085276,4.3046,-1.0543e-15,4.9966e-16
1203.1,-266.93,276.2,7.8846,0.54754,0.1707,-0.086213,4.3046,-1.0543e-15,4.9966e-16
1203.2,-266.95,276.25,7.876,0.54789,0.17303,-0.087082,4.3046,-1.0543e-15,4.9966e-16
1203.3,-266.96,276.31,7.8672,0.54821,0.17537,-0.087883,4.3046,-1.0543e-15,4.9966e-16
1203.4,-266.98,276.36,7.8584,0.54848,0.17772,-0.088619,4.3046,-1.0543e-15,4.9966e-16
1203.5,-267,276.42,7.8495,0.54872,0.18007,-0.089291,4.3046,-1.0543e-15,4.9966e-16
1203.6,-267.02,276.47,7.8405,0.54893,0.18243,-0.089901,4.3046,-1.0543e-15,4.9966e-16
1203.7,-267.03,276.53,7.8315,0.54911,0.18479,-0.09045,4.3046,-1.0543e-15,4.9966e-16
1203.8,-267.05,276.58,7.8224,0.54925,0.18714,-0.090941,4.3046,-1.0543e-15,4.9966e-16
1203.9,-267.07,276.64,7.8133,0.54937,0.18948,-0.091376,4.3046,-1.0543e-15,4.9966e-16
1204,-267.09,276.69,7.8042,0.54946,0.19182,-0.091756,4.3046,-1.0543e-15,4.9966e-16
1204.1,-267.1,276.75,7.795,0.54952,0.19415,-0.092084,4.3046,-1.0543e-15,4.9966e-16
1204.2,-267.12,276.8,7.7858,0.54955,0.19645,-0.092361,4.3046,-1.0543e-15,4.9966e-16
1204.3,-267.13,276.86,7.7765,0.54957,0.19875,-0.09259,4.3046,-1.0543e-15,4.9966e-16
1204.4,-267.15,276.92,7.7672,0.54956,0.20102,-0.092773,4.3046,-1.0543e-15,4.9966e-16
1204.5,-267.16,276.97,7.758,0.54953,0.20327,-0.092911,4.3046,-1.0543e-15,4.9966e-16
1204.6,-267.18,277.03,7.7487,0.54948,0.2055,-0.093006,4.3046,-1.0543e-15,4.9966e-16
1204.7,-267.19,277.09,7.7394,0.54941,0.20771,-0.093061,4.3046,-1.0543e-15,4.9966e-16
1204.8,-267.21,277.14,7.7301,0.54933,0.20988,-0.093078,4.3046,-1.0543e-15,4.9966e-16
1204.9,-267.22,277.2,7.7207,0.54923,0.21203,-0.093057,4.3046,-1.0543e-15,4.9966e-16
1205,-267.23,277.26,7.7114,0.54911,0.21416,-0.093002,4.3046,-1.0543e-15,4.9966e-16
1205.1,-267.25,277.32,7.7021,0.54899,0.21625,-0.092913,4.3046,-1.0543e-15,4.9966e-16
1205.2,-267.26,277.37,7.6929,0.54885,0.21831,-0.092793,4.3046,-1.0543e-15,4.9966e-16
1205.3,-267.27,277.43,7.6836,0.5487,0.22034,-0.092643,4.3046,-1.0543e-15,4.9966e-16
1205.4,-267.29,277.49,7.6743,0.54854,0.22234,-0.092464,4.3046,-1.0543e-15,4.9966e-16
1205.5,-267.3,277.55,7.6651,0.54837,0.22431,-0.092259,4.3046,-1.0543e-15,4.9966e-16
1205.6,-267.31,277.61,7.6559,0.5482,0.22624,-0.092029,4.3046,-1.0543e-15,4.9966e-16
1205.7,-267.32,277.66,7.6467,0.54802,0.22814,-0.091775,4.3046,-1.0543e-15,4.9966e-16
1205.8,-267.33,277.72,7.6375,0.54783,0.23,-0.091499,4.3046,-1.0543e-15,4.9966e-16
1205.9,-267.34,277.78,7.6284,0.54764,0.23183,-0.091202,4.3046,-1.0543e-15,4.9966e-16
1206,-267.35,277.84,7.6193,0.54744,0.23363,-0.090885,4.3046,-1.0543e-15,4.9966e-16
1206.1,-267.36,277.9,7.6102,0.54724,0.23539,-0.09055,4.3046,-1.0543e-15,4.9966e-16
1206.2,-267.37,277.96,7.6012,0.54704,0.23711,-0.090197,4.3046,-1.0543e-15,4.9966e-16
1206.3,-267.38,278.02,7.5922,0.54684,0.2388,-0.089829,4.3046,-1.0543e-15,4.9966e-16
1206.4,-267.39,278.07,7.5832,0.54663,0.24046,-0.089446,4.3046,-1.0543e-15,4.9966e-16
1206.5,-267.4,278.13,7.5743,0.54643,0.24208,-0.089049,4.3046,-1.0543e-15,4.9966e-16
1206.6,-267.41,278.19,7.5654,0.54623,0.24367,-0.088639,4.3046,-1.0543e-15,4.9966e-16
1206.7,-267.41,278.25,7.5566,0.54603,0.24522,-0.088217,4.3046,-1.0543e-15,4.9966e-16
1206.8,-267.42,278.31,7.5478,0.54583,0.24674,-0.087785,4.3046,-1.0543e-15,4.9966e-16
1206.9,-267.43,278.37,7.539,0.54563,0.24823,-0.087342,4.3046,-1.0543e-15,4.9966e-16
1207,-267.43,278.43,7.5303,0.54543,0.24968,-0.086891,4.3046,-1.0543e-15,4.9966e-16
1207.1,-267.44,278.49,7.5216,0.54524,0.2511,-0.086432,4.3046,-1.0543e-15,4.9966e-16
1207.2,-267.45,278.55,7.513,0.54505,0.25248,-0.085965,4.3046,-1.0543e-15,4.9966e-16
1207.3,-267.45,278.61,7.5044,0.54487,0.25384,-0.085491,4.3046,-1.0543e-15,4.9966e-16
1207.4,-267.46,278.67,7.4959,0.54469,0.25516,-0.085012,4.3046,-1.0543e-15,4.9966e-16
1207.5,-267.46,278.73,7.4874,0.54452,0.25645,-0.084527,4.3046,-1.0543e-15,4.9966e-16
1207.6,-267.46,278.79,7.479,0.54435,0.25771,-0.084038,4.3046,-1.0543e-15,4.9966e-16
1207.7,-267.47,278.85,7.4706,0.54418,0.25893,-0.083545,4.3046,-1.0543e-15,4.9966e-16
1207.8,-267.47,278.91,7.4623,0.54402,0.26013,-0.083048,4.3046,-1.0543e-15,4.9966e-16
1207.9,-267.48,278.97,7.454,0.54387,0.2613,-0.082549,4.3046,-1.0543e-15,4.9966e-16
1208,-267.48,279.03,7.4458,0.54372,0.26244,-0.082048,4.3046,-1.0543e-15,4.9966e-16
1208.1,-267.48,279.09,7.4376,0.54358,0.26355,-0.081545,4.3046,-1.0543e-15,4.9966e-16
1208.2,-267.48,279.15,7.4295,0.54345,0.26463,-0.081041,4.3046,-1.0543e-15,4.9966e-16
1208.3,-267.48,279.21,7.4214,0.54333,0.26569,-0.080537,4.3046,-1.0543e-15,4.9966e-16
1208.4,-267.48,279.27,7.4134,0.54321,0.26672,-0.080032,4.3046,-1.0543e-15,4.9966e-16
1208.5,-267.49,279.33,7.4054,0.54309,0.26772,-0.079528,4.3046,-1.0543e-15,4.9966e-16
1208.6,-267.49,279.39,7.3975,0.54299,0.26869,-0.079024,4.3046,-1.0543e-15,4.9966e-16
1208.7,-267.49,279.45,7.3896,0.54289,0.26964,-0.078522,4.3046,-1.0543e-15,4.9966e-16
1208.8,-267.49,279.52,7.3818,0.5428,0.27057,-0.07802,4.3046,-1.0543e-15,4.9966e-16
1208.9,-267.48,279.58,7.374,0.54271,0.27147,-0.077521,4.3046,-1.0543e-15,4.9966e-16
1209,-267.48,279.64,7.3663,0.54264,0.27234,-0.077024,4.3046,-1.0543e-15,4.9966e-16
1209.1,-267.48,279.7,7.3586,0.54257,0.27319,-0.076529,4.3046,-1.0543e-15,4.9966e-16
1209.2,-267.48,279.76,7.3509,0.5425,0.27402,-0.076037,4.3046,-1.0543e-15,4.9966e-16
1209.3,-267.48,279.82,7.3434,0.54245,0.27483,-0.075548,4.3046,-1.0543e-15,4.9966e-16
1209.4,-267.47,279.88,7.3358,0.5424,0.27561,-0.075062,4.3046,-1.0543e-15,4.9966e-16
1209.5,-267.47,279.94,7.3284,0.54236,0.27638,-0.07458,4.3046,-1.0543e-15,4.9966e-16
1209.6,-267.47,280,7.3209,0.54232,0.27712,-0.074102,4.3046,-1.0543e-15,4.9966e-16
1209.7,-267.46,280.06,7.3135,0.5423,0.27784,-0.073627,4.3046,-1.0543e-15,4.9966e-16
1209.8,-267.46,280.12,7.3062,0.54228,0.27854,-0.073157,4.3046,-1.0543e-15,4.9966e-16
1209.9,-267.46,280.18,7.2989,0.54226,0.27922,-0.072691,4.3046,-1.0543e-15,4.9966e-16
1210,-267.45,280.24,7.2917,0.54226,0.27988,-0.07223,4.3046,-1.0543e-15,4.9966e-16
1210.1,-267.44,280.31,7.2845,0.54226,0.28052,-0.071774,4.3046,-1.0543e-15,4.9966e-16
1210.2,-267.44,280.37,7.2773,0.54226,0.28115,-0.071323,4.3046,-1.0543e-15,4.9966e-16
1210.3,-267.43,280.43,7.2702,0.54228,0.28176,-0.070877,5.0872,0.63403,-0.31099
1210.4,-267.43,280.49,7.2627,0.54393,0.28513,-0.078987,5.0872,0.63403,-0.31099
1210.5,-267.42,280.55,7.2544,0.54532,0.28878,-0.086579,5.0872,0.63403,-0.31099
1210.6,-267.41,280.61,7.2454,0.54649,0.29269,-0.093594,5.0872,0.63403,-0.31099
1210.7,-267.41,280.67,7.2357,0.54743,0.29684,-0.099996,5.0872,0.63403,-0.31099
1210.8,-267.4,280.73,7.2254,0.54816,0.3012,-0.10576,5.0872,0.63403,-0.31099
1210.9,-267.39,280.8,7.2146,0.5487,0.30574,-0.1109,5.0872,0.63403,-0.31099
1211,-267.38,280.86,7.2033,0.54906,0.31044,-0.1154,5.0872,0.63403,-0.31099
1211.1,-267.37,280.92,7.1915,0.54926,0.31527,-0.1193,5.0872,0.63403,-0.31099
1211.2,-267.36,280.98,7.1794,0.54931,0.3202,-0.12262,5.0872,0.63403,-0.31099
1211.3,-267.35,281.05,7.167,0.54923,0.32521,-0.1254,5.0872,0.63403,-0.31099
1211.4,-267.34,281.11,7.1544,0.54903,0.33028,-0.12768,5.0872,0.63403,-0.31099
1211.5,-267.33,281.17,7.1415,0.54872,0.33537,-0.1295,5.0872,0.63403,-0.31099
1211.6,-267.32,281.24,7.1285,0.54832,0.34049,-0.13089,5.0872,0.63403,-0.31099
1211.7,-267.31,281.3,7.1153,0.54784,0.3456,-0.1319,5.0872,0.63403,-0.31099
1211.8,-267.3,281.36,7.1021,0.5473,0.3507,-0.13256,5.0872,0.63403,-0.31099
1211.9,-267.29,281.43,7.0888,0.54669,0.35577,-0.13291,5.0872,0.63403,-0.31099
1212,-267.28,281.49,7.0755,0.54603,0.3608,-0.13298,5.0872,0.63403,-0.31099
1212.1,-267.26,281.56,7.0622,0.54533,0.36579,-0.1328,5.0872,0.63403,-0.31099
1212.2,-267.25,281.62,7.049,0.54461,0.37073,-0.1324,5.0872,0.63403,-0.31099
1212.3,-267.24,281.69,7.0358,0.54385,0.37562,-0.13179,5.0872,0.63403,-0.31099
1212.4,-267.22,281.75,7.0226,0.54309,0.38044,-0.13102,5.0872,0.63403,-0.31099
1212.5,-267.21,281.82,7.0096,0.54231,0.38521,-0.13008,5.0872,0.63403,-0.31099
1212.6,-267.19,281.88,6.9966,0.54153,0.38991,-0.129,5.0872,0.63403,-0.31099
1212.7,-267.18,281.95,6.9838,0.54076,0.39455,-0.1278,5.0872,0.63403,-0.31099
1212.8,-267.16,282.01,6.9711,0.53999,0.39912,-0.12648,5.0872,0.63403,-0.31099
1212.9,-267.14,282.08,6.9585,0.53923,0.40364,-0.12507,5.0872,0.63403,-0.31099
1213,-267.13,282.14,6.9461,0.5385,0.40809,-0.12356,5.0872,0.63403,-0.31099
1213.1,-267.11,282.21,6.9338,0.53779,0.41249,-0.12197,5.0872,0.63403,-0.31099
1213.2,-267.09,282.27,6.9217,0.5371,0.41683,-0.1203,5.0872,0.63403,-0.31099
1213.3,-267.07,282.34,6.9097,0.53644,0.42111,-0.11856,5.0872,0.63403,-0.31099
1213.4,-267.05,282.4,6.898,0.53582,0.42535,-0.11677,5.0872,0.63403,-0.31099
1213.5,-267.03,282.47,6.8864,0.53523,0.42954,-0.11491,5.0872,0.63403,-0.31099
1213.6,-267.01,282.53,6.875,0.53469,0.43369,-0.113,5.0872,0.63403,-0.31099
1213.7,-266.99,282.6,6.8638,0.53418,0.43779,-0.11103,5.0872,0.63403,-0.31099
1213.8,-266.97,282.67,6.8528,0.53372,0.44187,-0.10902,5.0872,0.63403,-0.31099
1213.9,-266.95,282.73,6.842,0.53331,0.4459,-0.10696,5.0872,0.63403,-0.31099
1214,-266.93,282.8,6.8314,0.53295,0.44991,-0.10485,5.0872,0.63403,-0.31099
1214.1,-266.91,282.86,6.821,0.53264,0.4539,-0.1027,5.0872,0.63403,-0.31099
1214.2,-266.88,282.93,6.8108,0.53238,0.45787,-0.1005,5.0872,0.63403,-0.31099
1214.3,-266.86,283,6.8009,0.53218,0.46182,-0.098254,5.0872,0.63403,-0.31099
1214.4,-266.84,283.06,6.7912,0.53204,0.46576,-0.095962,5.0872,0.63403,-0.31099
1214.5,-266.81,283.13,6.7817,0.53196,0.46969,-0.093622,5.0872,0.63403,-0.31099
1214.6,-266.79,283.2,6.7725,0.53194,0.47363,-0.091231,5.0872,0.63403,-0.31099
1214.7,-266.76,283.26,6.7635,0.53198,0.47756,-0.088789,5.0872,0.63403,-0.31099
1214.8,-266.74,283.33,6.7547,0.5321,0.48151,-0.086291,5.0872,0.63403,-0.31099
1214.9,-266.71,283.4,6.7462,0.53228,0.48547,-0.083735,5.0872,0.63403,-0.31099
1215,-266.69,283.47,6.738,0.53254,0.48944,-0.081116,5.0872,0.63403,-0.31099
1215.1,-266.66,283.53,6.73,0.53287,0.49344,-0.07843,5.0872,0.63403,-0.31099
1215.2,-266.63,283.6,6.7223,0.53327,0.49747,-0.075672,5.0872,0.63403,-0.31099
1215.3,-266.61,283.67,6.7149,0.53376,0.50154,-0.072836,5.0872,0.63403,-0.31099
1215.4,-266.58,283.74,6.7077,0.53433,0.50565,-0.069915,5.0872,0.63403,-0.31099
1215.5,-266.55,283.8,6.7009,0.53499,0.50981,-0.0669,5.0872,0.63403,-0.31099
1215.6,-266.52,283.87,6.6943,0.53575,0.51403,-0.063784,5.0872,0.63403,-0.31099
1215.7,-266.49,283.94,6.6881,0.53659,0.5183,-0.060556,5.0872,0.63403,-0.31099
1215.8,-266.46,284.01,6.6822,0.53754,0.52265,-0.057205,5.0872,0.63403,-0.31099
1215.9,-266.43,284.08,6.6767,0.5386,0.52708,-0.053717,5.0872,0.63403,-0.31099
1216,-266.4,284.15,6.6715,0.53977,0.5316,-0.050078,5.0872,0.63403,-0.31099
1216.1,-266.37,284.22,6.6667,0.54105,0.53622,-0.046269,5.0872,0.63403,-0.31099
1216.2,-266.34,284.29,6.6622,0.54247,0.54096,-0.04227,5.0872,0.63403,-0.31099
1216.3,-266.31,284.36,6.6582,0.54402,0.54581,-0.038059,5.0872,0.63403,-0.31099
1216.4,-266.28,284.43,6.6546,0.54572,0.5508,-0.033607,5.0872,0.63403,-0.31099
1216.5,-266.25,284.5,6.6515,0.54759,0.55595,-0.028882,5.0872,0.63403,-0.31099
1216.6,-266.22,284.57,6.6489,0.54962,0.56126,-0.023845,5.0872,0.63403,-0.31099
1216.7,-266.19,284.65,6.6468,0.55185,0.56676,-0.01845,5.0872,0.63403,-0.31099
1216.8,-266.16,284.72,6.6452,0.55428,0.57247,-0.012642,5.0872,0.63403,-0.31099
1216.9,-266.13,284.79,6.6442,0.55695,0.57842,-0.0063521,5.0872,0.63403,-0.31099
1217,-266.1,284.87,6.6439,0.55987,0.58463,0.00050187,5.0872,0.63403,-0.31099
1217.1,-266.06,284.94,6.6444,0.56308,0.59001,0.0075658,5.0872,0.63403,-0.31099
1217.2,-266.03,285.02,6.6455,0.56657,0.59367,0.014379,5.0872,0.63403,-0.31099
1217.3,-266,285.09,6.6472,0.57032,0.59564,0.020758,5.0872,0.63403,-0.31099
1217.4,-265.97,285.17,6.6496,0.57429,0.596,0.026555,5.0872,0.63403,-0.31099
1217.5,-265.93,285.24,6.6525,0.57844,0.59489,0.031664,5.0872,0.63403,-0.31099
1217.6,-265.9,285.32,6.6559,0.58273,0.59245,0.036018,5.0872,0.63403,-0.31099
1217.7,-265.87,285.4,6.6597,0.5871,0.58889,0.039588,5.0872,0.63403,-0.31099
1217.8,-265.84,285.47,6.6638,0.5915,0.58441,0.042377,5.0872,0.63403,-0.31099
1217.9,-265.8,285.55,6.6681,0.59589,0.5792,0.044415,5.0872,0.63403,-0.31099
1218,-265.77,285.63,6.6726,0.60023,0.57347,0.045748,5.0872,0.63403,-0.31099
1218.1,-265.74,285.7,6.6773,0.60447,0.56739,0.046435,5.0872,0.63403,-0.31099
1218.2,-265.7,285.78,6.6819,0.60859,0.56114,0.046542,5.0872,0.63403,-0.31099
1218.3,-265.67,285.85,6.6865,0.61257,0.55486,0.046136,5.0872,0.63403,-0.31099
1218.4,-265.63,285.93,6.6911,0.61638,0.54868,0.045283,5.0872,0.63403,-0.31099
1218.5,-265.6,286,6.6956,0.62,0.54271,0.044047,5.0872,0.63403,-0.31099
1218.6,-265.56,286.08,6.6999,0.62343,0.53704,0.042488,5.0872,0.63403,-0.31099
1218.7,-265.53,286.15,6.7041,0.62667,0.53176,0.04066,5.0872,0.63403,-0.31099
1218.8,-265.49,286.22,6.708,0.6297,0.52692,0.038614,5.0872,0.63403,-0.31099
1218.9,-265.46,286.3,6.7118,0.63253,0.52258,0.036394,5.0872,0.63403,-0.31099
1219,-265.42,286.37,6.7153,0.63516,0.51877,0.034041,5.0872,0.63403,-0.31099
1219.1,-265.38,286.45,6.7186,0.63759,0.51553,0.031594,5.0872,0.63403,-0.31099
1219.2,-265.35,286.52,6.7216,0.63984,0.51288,0.029086,5.0872,0.63403,-0.31099
1219.3,-265.31,286.59,6.7244,0.64189,0.51083,0.026549,5.0872,0.63403,-0.31099
1219.4,-265.28,286.67,6.7269,0.64377,0.50939,0.024013,5.0872,0.63403,-0.31099
1219.5,-265.24,286.74,6.7292,0.64548,0.50857,0.021505,5.0872,0.63403,-0.31099
1219.6,-265.2,286.81,6.7313,0.64703,0.50835,0.019054,9.7039,-2.3768e-15,1.2167e-15
1219.7,-265.17,286.89,6.7335,0.65886,0.50505,0.024986,9.7039,-2.3768e-15,1.2167e-15
1219.8,-265.13,286.96,6.7362,0.67058,0.50033,0.030011,9.7039,-2.3768e-15,1.2167e-15
1219.9,-265.09,287.04,6.7394,0.68215,0.49442,0.034128,9.7039,-2.3768e-15,1.2167e-15
1220,-265.05,287.11,6.743,0.69352,0.48753,0.037364,9.7039,-2.3768e-15,1.2167e-15
1220.1,-265.01,287.19,6.7469,0.70464,0.47988,0.039765,9.7039,-2.3768e-15,1.2167e-15
1220.2,-264.97,287.26,6.7509,0.71548,0.47166,0.041394,9.7039,-2.3768e-15,1.2167e-15
1220.3,-264.92,287.33,6.7551,0.72602,0.46306,0.042317,9.7039,-2.3768e-15,1.2167e-15
1220.4,-264.88,287.41,6.7594,0.73622,0.45425,0.042604,9.7039,-2.3768e-15,1.2167e-15
1220.5,-264.83,287.48,6.7636,0.74607,0.44539,0.042324,9.7039,-2.3768e-15,1.2167e-15
1220.6,-264.79,287.56,6.7678,0.75555,0.43661,0.041539,9.7039,-2.3768e-15,1.2167e-15
1220.7,-264.74,287.63,6.7719,0.76467,0.42802,0.040308,9.7039,-2.3768e-15,1.2167e-15
1220.8,-264.69,287.7,6.7759,0.77341,0.41973,0.038679,9.7039,-2.3768e-15,1.2167e-15
1220.9,-264.64,287.78,6.7797,0.78178,0.41182,0.036696,9.7039,-2.3768e-15,1.2167e-15
1221,-264.59,287.85,6.7832,0.78977,0.40437,0.034395,9.7039,-2.3768e-15,1.2167e-15
1221.1,-264.54,287.92,6.7865,0.7974,0.39745,0.031803,9.7039,-2.3768e-15,1.2167e-15
1221.2,-264.49,288,6.7896,0.80466,0.39111,0.028942,9.7039,-2.3768e-15,1.2167e-15
1221.3,-264.44,288.07,6.7923,0.81157,0.38542,0.025827,9.7039,-2.3768e-15,1.2167e-15
1221.4,-264.39,288.14,6.7947,0.81813,0.38042,0.022467,9.7039,-2.3768e-15,1.2167e-15
1221.5,-264.34,288.22,6.7968,0.82435,0.37617,0.018866,9.7039,-2.3768e-15,1.2167e-15
1221.6,-264.28,288.29,6.7985,0.83023,0.37272,0.015023,9.7039,-2.3768e-15,1.2167e-15
1221.7,-264.23,288.36,6.7998,0.83578,0.37013,0.010931,9.7039,-2.3768e-15,1.2167e-15
1221.8,-264.17,288.44,6.8007,0.841,0.36846,0.0065799,9.7039,-2.3768e-15,1.2167e-15
1221.9,-264.12,288.51,6.8011,0.84591,0.36777,0.0019564,9.7039,-2.3768e-15,1.2167e-15
1222,-264.06,288.58,6.801,0.8505,0.36798,-0.00301,9.7039,-2.3768e-15,1.2167e-15
1222.1,-264.01,288.66,6.8005,0.85476,0.36852,-0.0085577,9.7039,-2.3768e-15,1.2167e-15
1222.2,-263.95,288.73,6.7993,0.8587,0.36936,-0.01472,9.7039,-2.3768e-15,1.2167e-15
1222.3,-263.89,288.81,6.7975,0.86229,0.37054,-0.021491,9.7039,-2.3768e-15,1.2167e-15
1222.4,-263.84,288.88,6.795,0.86553,0.3721,-0.028845,9.7039,-2.3768e-15,1.2167e-15
1222.5,-263.78,288.96,6.7917,0.86842,0.37409,-0.036739,9.7039,-2.3768e-15,1.2167e-15
1222.6,-263.72,289.03,6.7876,0.87094,0.37655,-0.045104,9.7039,-2.3768e-15,1.2167e-15
1222.7,-263.66,289.11,6.7827,0.87309,0.3795,-0.053853,9.7039,-2.3768e-15,1.2167e-15
1222.8,-263.6,289.18,6.7768,0.87486,0.38298,-0.062876,9.7039,-2.3768e-15,1.2167e-15
1222.9,-263.55,289.26,6.7701,0.87627,0.38701,-0.072047,9.7039,-2.3768e-15,1.2167e-15
1223,-263.49,289.33,6.7624,0.8773,0.39161,-0.081229,9.7039,-2.3768e-15,1.2167e-15
1223.1,-263.43,289.41,6.7539,0.87796,0.39677,-0.09028,9.7039,-2.3768e-15,1.2167e-15
1223.2,-263.37,289.48,6.7444,0.87826,0.40248,-0.099058,9.7039,-2.3768e-15,1.2167e-15
1223.3,-263.3,289.56,6.7341,0.87822,0.40873,-0.10743,9.7039,-2.3768e-15,1.2167e-15
1223.4,-263.24,289.63,6.7229,0.87784,0.41549,-0.11528,9.7039,-2.3768e-15,1.2167e-15
1223.5,-263.18,289.71,6.711,0.87715,0.4227,-0.12251,9.7039,-2.3768e-15,1.2167e-15
1223.6,-263.12,289.78,6.6984,0.87617,0.43034,-0.12905,9.7039,-2.3768e-15,1.2167e-15
1223.7,-263.06,289.86,6.6852,0.87492,0.43835,-0.13483,9.7039,-2.3768e-15,1.2167e-15
1223.8,-262.99,289.93,6.6715,0.87342,0.44667,-0.13983,9.7039,-2.3768e-15,1.2167e-15
1223.9,-262.93,290.01,6.6573,0.8717,0.45526,-0.14403,9.7039,-2.3768e-15,1.2167e-15
1224,-262.86,290.08,6.6427,0.86979,0.46405,-0.14745,9.7039,-2.3768e-15,1.2167e-15
1224.1,-262.8,290.16,6.6278,0.86772,0.473,-0.15009,9.7039,-2.3768e-15,1.2167e-15
1224.2,-262.73,290.23,6.6127,0.86551,0.48206,-0.152,9.7039,-2.3768e-15,1.2167e-15
1224.3,-262.67,290.3,6.5975,0.8632,0.49119,-0.1532,9.7039,-2.3768e-15,1.2167e-15
1224.4,-262.6,290.38,6.5821,0.86081,0.50035,-0.15375,9.7039,-2.3768e-15,1.2167e-15
1224.5,-262.53,290.45,6.5667,0.85836,0.50951,-0.15367,9.7039,-2.3768e-15,1.2167e-15
1224.6,-262.46,290.52,6.5514,0.85589,0.51865,-0.15302,9.7039,-2.3768e-15,1.2167e-15
1224.7,-262.39,290.59,6.5361,0.85342,0.52774,-0.15184,9.7039,-2.3768e-15,1.2167e-15
1224.8,-262.32,290.67,6.521,0.85098,0.53677,-0.15017,9.7039,-2.3768e-15,1.2167e-15
1224.9,-262.25,290.74,6.5061,0.84858,0.54572,-0.14805,9.7039,-2.3768e-15,1.2167e-15
1225,-262.18,290.81,6.4914,0.84625,0.5546,-0.1455,9.7039,-2.3768e-15,1.2167e-15
1225.1,-262.11,290.88,6.477,0.84401,0.56339,-0.14256,9.7039,-2.3768e-15,1.2167e-15
1225.2,-262.04,290.95,6.4629,0.84188,0.5721,-0.13926,9.7039,-2.3768e-15,1.2167e-15
1225.3,-261.96,291.02,6.4492,0.83988,0.58074,-0.13561,9.7039,-2.3768e-15,1.2167e-15
1225.4,-261.89,291.1,6.4358,0.83803,0.58929,-0.13162,9.7039,-2.3768e-15,1.2167e-15
1225.5,-261.82,291.17,6.4229,0.83635,0.59779,-0.12732,9.7039,-2.3768e-15,1.2167e-15
1225.6,-261.74,291.24,6.4104,0.83485,0.60623,-0.1227,9.7039,-2.3768e-15,1.2167e-15
1225.7,-261.67,291.31,6.3984,0.83355,0.61463,-0.11778,9.7039,-2.3768e-15,1.2167e-15
1225.8,-261.59,291.38,6.3868,0.83247,0.623,-0.11254,9.7039,-2.3768e-15,1.2167e-15
1225.9,-261.51,291.45,6.3759,0.83162,0.63137,-0.10697,9.7039,-2.3768e-15,1.2167e-15
1226,-261.44,291.52,6.3655,0.83103,0.63974,-0.10106,9.7039,-2.3768e-15,1.2167e-15
1226.1,-261.36,291.59,6.3557,0.83071,0.64814,-0.094794,9.7039,-2.3768e-15,1.2167e-15
1226.2,-261.28,291.66,6.3465,0.83069,0.6566,-0.088133,9.7039,-2.3768e-15,1.2167e-15
1226.3,-261.2,291.73,6.3381,0.83098,0.66514,-0.08104,9.7039,-2.3768e-15,1.2167e-15
1226.4,-261.12,291.8,6.3303,0.83162,0.67378,-0.073463,9.7039,-2.3768e-15,1.2167e-15
1226.5,-261.04,291.87,6.3234,0.83263,0.68256,-0.065336,9.7039,-2.3768e-15,1.2167e-15
1226.6,-260.96,291.95,6.3173,0.83405,0.69152,-0.056575,9.7039,-2.3768e-15,1.2167e-15
1226.7,-260.88,292.02,6.3121,0.83592,0.70069,-0.047071,9.7039,-2.3768e-15,1.2167e-15
1226.8,-260.8,292.09,6.3079,0.83829,0.71011,-0.036683,9.7039,-2.3768e-15,1.2167e-15
1226.9,-260.72,292.16,6.3048,0.84122,0.71986,-0.025228,9.7039,-2.3768e-15,1.2167e-15
1227,-260.63,292.24,6.3029,0.84479,0.72998,-0.012463,9.7039,-2.3768e-15,1.2167e-15
1227.1,-260.55,292.31,6.3023,0.84909,0.74052,0.0019285,9.7039,-2.3768e-15,1.2167e-15
1227.2,-260.47,292.39,6.3033,0.8542,0.74824,0.016951,9.7039,-2.3768e-15,1.2167e-15
1227.3,-260.38,292.47,6.3057,0.86013,0.751,0.031286,9.7039,-2.3768e-15,1.2167e-15
1227.4,-260.3,292.54,6.3095,0.86676,0.7489,0.044296,9.7039,-2.3768e-15,1.2167e-15
1227.5,-260.21,292.62,6.3145,0.87395,0.74235,0.055526,9.7039,-2.3768e-15,1.2167e-15
1227.6,-260.13,292.7,6.3205,0.88154,0.73194,0.064725,9.7039,-2.3768e-15,1.2167e-15
1227.7,-260.04,292.77,6.3274,0.88933,0.71837,0.071827,9.7039,-2.3768e-15,1.2167e-15
1227.8,-259.96,292.85,6.3348,0.89715,0.70239,0.076914,9.7039,-2.3768e-15,1.2167e-15
1227.9,-259.87,292.92,6.3427,0.90485,0.6847,0.080158,9.7039,-2.3768e-15,1.2167e-15
1228,-259.78,293,6.3508,0.9123,0.66596,0.081785,9.7039,-2.3768e-15,1.2167e-15
1228.1,-259.7,293.07,6.359,0.91942,0.64669,0.082036,9.7039,-2.3768e-15,1.2167e-15
1228.2,-259.61,293.14,6.3672,0.92613,0.62737,0.081142,9.7039,-2.3768e-15,1.2167e-15
1228.3,-259.52,293.21,6.3752,0.93239,0.60834,0.079312,9.7039,-2.3768e-15,1.2167e-15
1228.4,-259.43,293.28,6.383,0.93819,0.5899,0.07673,9.7039,-2.3768e-15,1.2167e-15
1228.5,-259.35,293.35,6.3905,0.94351,0.57226,0.073545,9.7039,-2.3768e-15,1.2167e-15
1228.6,-259.26,293.41,6.3977,0.94835,0.55557,0.069881,9.7039,-2.3768e-15,1.2167e-15
1228.7,-259.17,293.48,6.4045,0.95273,0.53996,0.065835,9.7039,-2.3768e-15,1.2167e-15
1228.8,-259.08,293.54,6.4109,0.95667,0.52551,0.06148,9.7039,-2.3768e-15,1.2167e-15
1228.9,-259,293.61,6.4168,0.96018,0.51229,0.056872,9.7039,-2.3768e-15,1.2167e-15
1229,-258.91,293.67,6.4222,0.96329,0.50034,0.052049,9.7039,-2.3768e-15,1.2167e-15
1229.1,-258.82,293.73,6.4272,0.96602,0.48971,0.047038,9.7039,-2.3768e-15,1.2167e-15
1229.2,-258.73,293.79,6.4316,0.96839,0.48042,0.041854,9.7039,-2.3768e-15,1.2167e-15
1229.3,-258.64,293.86,6.4356,0.97042,0.47251,0.036502,9.7039,-2.3768e-15,1.2167e-15
1229.4,-258.55,293.92,6.4389,0.97212,0.466,0.030984,9.7039,-2.3768e-15,1.2167e-15
1229.5,-258.46,293.98,6.4418,0.97351,0.46095,0.025293,9.7039,-2.3768e-15,1.2167e-15
1229.6,-258.37,294.04,6.444,0.97462,0.45738,0.019419,9.7039,-2.3768e-15,1.2167e-15
1229.7,-258.29,294.1,6.4456,0.97543,0.45537,0.01335,9.7039,-2.3768e-15,1.2167e-15
1229.8,-258.2,294.16,6.4467,0.97597,0.45497,0.0070753,9.7039,-2.3768e-15,1.2167e-15
1229.9,-258.11,294.22,6.447,0.97623,0.45626,0.00058253,9.7039,-2.3768e-15,1.2167e-15
1230,-258.02,294.28,6.4468,0.97622,0.45873,-0.0063435,9.7039,-2.3768e-15,1.2167e-15
1230.1,-257.93,294.34,6.4457,0.97592,0.46162,-0.013989,9.7039,-2.3768e-15,1.2167e-15
1230.2,-257.84,294.4,6.4439,0.9753,0.46495,-0.022327,9.7039,-2.3768e-15,1.2167e-15
1230.3,-257.75,294.47,6.4413,0.97435,0.46877,-0.031297,9.7039,-2.3768e-15,1.2167e-15
1230.4,-257.66,294.53,6.4377,0.97305,0.47313,-0.040803,9.7039,-2.3768e-15,1.2167e-15
1230.5,-257.57,294.59,6.4331,0.97139,0.47805,-0.050717,9.7039,-2.3768e-15,1.2167e-15
1230.6,-257.49,294.65,6.4275,0.96935,0.48356,-0.060879,9.7039,-2.3768e-15,1.2167e-15
1230.7,-257.4,294.71,6.4209,0.96693,0.48967,-0.071106,9.7039,-2.3768e-15,1.2167e-15
1230.8,-257.31,294.78,6.4133,0.96414,0.49639,-0.081198,9.7039,-2.3768e-15,1.2167e-15
1230.9,-257.22,294.84,6.4047,0.96099,0.5037,-0.090953,9.7039,-2.3768e-15,1.2167e-15
1231,-257.13,294.9,6.3951,0.95748,0.51157,-0.10017,9.7039,-2.3768e-15,1.2167e-15
1231.1,-257.04,294.96,6.3847,0.95365,0.51997,-0.10869,9.7039,-2.3768e-15,1.2167e-15
1231.2,-256.95,295.02,6.3734,0.94951,0.52885,-0.11635,9.7039,-2.3768e-15,1.2167e-15
1231.3,-256.86,295.08,6.3614,0.94512,0.53814,-0.12304,9.7039,-2.3768e-15,1.2167e-15
1231.4,-256.77,295.14,6.3488,0.94051,0.54778,-0.12868,9.7039,-2.3768e-15,1.2167e-15
1231.5,-256.68,295.2,6.3357,0.93571,0.55771,-0.13322,9.7039,-2.3768e-15,1.2167e-15
1231.6,-256.59,295.26,6.3222,0.93079,0.56788,-0.13665,9.7039,-2.3768e-15,1.2167e-15
1231.7,-256.5,295.32,6.3084,0.92577,0.57821,-0.13899,9.7039,-2.3768e-15,1.2167e-15
1231.8,-256.41,295.38,6.2945,0.92073,0.58866,-0.14025,9.7039,-2.3768e-15,1.2167e-15
1231.9,-256.32,295.44,6.2804,0.91569,0.59917,-0.1405,9.7039,-2.3768e-15,1.2167e-15
1232,-256.22,295.5,6.2664,0.91071,0.60973,-0.13977,9.7039,-2.3768e-15,1.2167e-15
1232.1,-256.13,295.56,6.2525,0.90583,0.62028,-0.13813,9.7039,-2.3768e-15,1.2167e-15
1232.2,-256.04,295.62,6.2388,0.9011,0.63083,-0.13562,9.7039,-2.3768e-15,1.2167e-15
1232.3,-255.95,295.68,6.2254,0.89656,0.64135,-0.1323,9.7039,-2.3768e-15,1.2167e-15
1232.4,-255.85,295.74,6.2124,0.89225,0.65184,-0.12822,9.7039,-2.3768e-15,1.2167e-15
1232.5,-255.76,295.8,6.1998,0.88822,0.6623,-0.12341,9.7039,-2.3768e-15,1.2167e-15
1232.6,-255.66,295.86,6.1877,0.88449,0.67276,-0.11789,11.806,-2.0066,0.98423
1232.7,-255.57,295.92,6.1776,0.88659,0.6745,-0.084964,11.806,-2.0066,0.98423
1232.8,-255.47,295.97,6.1707,0.89047,0.6756,-0.052665,11.806,-2.0066,0.98423
1232.9,-255.38,296.03,6.1671,0.89609,0.67622,-0.019696,11.806,-2.0066,0.98423
1233,-255.28,296.09,6.1668,0.90351,0.67544,0.014998,11.806,-2.0066,0.98423
1233.1,-255.18,296.14,6.17,0.9127,0.66493,0.048409,11.806,-2.0066,0.98423
1233.2,-255.08,296.2,6.1764,0.92337,0.64351,0.078201,11.806,-2.0066,0.98423
1233.3,-254.98,296.25,6.1855,0.93508,0.61264,0.10345,11.806,-2.0066,0.98423
1233.4,-254.89,296.3,6.1969,0.94734,0.57425,0.12407,11.806,-2.0066,0.98423
1233.5,-254.79,296.35,6.2102,0.9597,0.53032,0.14063,11.806,-2.0066,0.98423
1233.6,-254.69,296.39,6.2249,0.97178,0.4826,0.15401,11.806,-2.0066,0.98423
1233.7,-254.59,296.43,6.2409,0.98334,0.43253,0.16516,11.806,-2.0066,0.98423
1233.8,-254.49,296.47,6.2579,0.99418,0.38119,0.17504,11.806,-2.0066,0.98423
1233.9,-254.39,296.51,6.2759,1.0042,0.32936,0.18446,11.806,-2.0066,0.98423
1234,-254.28,296.54,6.2948,1.0133,0.27757,0.1941,11.806,-2.0066,0.98423
1234.1,-254.18,296.56,6.3147,1.0215,0.22622,0.20452,11.806,-2.0066,0.98423
1234.2,-254.08,296.59,6.3358,1.0288,0.17558,0.21613,11.806,-2.0066,0.98423
1234.3,-253.98,296.61,6.358,1.0351,0.12587,0.2292,11.806,-2.0066,0.98423
1234.4,-253.88,296.63,6.3817,1.0404,0.077313,0.2439,11.806,-2.0066,0.98423
1234.5,-253.77,296.64,6.4069,1.0447,0.030116,0.26025,11.806,-2.0066,0.98423
1234.6,-253.67,296.66,6.4338,1.0479,-0.015625,0.27798,11.806,-2.0066,0.98423
1234.7,-253.57,296.67,6.4624,1.0499,-0.061514,0.29477,11.806,-2.0066,0.98423
1234.8,-253.46,296.69,6.4927,1.0507,-0.10779,0.30964,11.806,-2.0066,0.98423
1234.9,-253.36,296.7,6.5243,1.0502,-0.1541,0.32235,11.806,-2.0066,0.98423
1235,-253.25,296.71,6.557,1.0483,-0.20011,0.33277,11.806,-2.0066,0.98423
1235.1,-253.14,296.71,6.5908,1.0451,-0.2455,0.3409,11.806,-2.0066,0.98423
1235.2,-253.04,296.72,6.6252,1.0405,-0.28999,0.34681,11.806,-2.0066,0.98423
1235.3,-252.93,296.73,6.66,1.0347,-0.33336,0.35063,11.806,-2.0066,0.98423
1235.4,-252.82,296.74,6.6952,1.0277,-0.37543,0.3525,11.806,-2.0066,0.98423
1235.5,-252.71,296.74,6.7305,1.0197,-0.41607,0.35258,11.806,-2.0066,0.98423
1235.6,-252.6,296.75,6.7657,1.0108,-0.45521,0.35106,11.806,-2.0066,0.98423
1235.7,-252.49,296.76,6.8006,1.001,-0.4928,0.34809,11.806,-2.0066,0.98423
1235.8,-252.38,296.76,6.8353,0.99069,-0.52885,0.34382,11.806,-2.0066,0.98423
1235.9,-252.26,296.77,6.8694,0.97983,-0.56339,0.33839,11.806,-2.0066,0.98423
1236,-252.15,296.78,6.9029,0.96862,-0.59647,0.33192,11.806,-2.0066,0.98423
1236.1,-252.04,296.79,6.9357,0.95717,-0.62817,0.32453,11.806,-2.0066,0.98423
1236.2,-251.92,296.79,6.9678,0.94563,-0.65859,0.31629,11.806,-2.0066,0.98423
1236.3,-251.81,296.8,6.999,0.93411,-0.68783,0.3073,11.806,-2.0066,0.98423
1236.4,-251.69,296.81,7.0292,0.92272,-0.71602,0.29761,11.806,-2.0066,0.98423
1236.5,-251.57,296.82,7.0585,0.91158,-0.74329,0.28726,11.806,-2.0066,0.98423
1236.6,-251.46,296.83,7.0866,0.90078,-0.76979,0.27629,11.806,-2.0066,0.98423
1236.7,-251.34,296.85,7.1137,0.89041,-0.79565,0.2647,11.806,-2.0066,0.98423
1236.8,-251.22,296.86,7.1396,0.88057,-0.82105,0.25248,11.806,-2.0066,0.98423
1236.9,-251.1,296.87,7.1642,0.87134,-0.84615,0.23961,11.806,-2.0066,0.98423
1237,-250.98,296.89,7.1875,0.86282,-0.87114,0.22602,11.806,-2.0066,0.98423
1237.1,-250.86,296.9,7.2094,0.85509,-0.8962,0.21165,11.806,-2.0066,0.98423
1237.2,-250.73,296.91,7.2298,0.84825,-0.92157,0.19636,11.806,-2.0066,0.98423
1237.3,-250.61,296.93,7.2486,0.84241,-0.94746,0.18001,11.806,-2.0066,0.98423
1237.4,-250.48,296.94,7.2657,0.8377,-0.97417,0.16235,11.806,-2.0066,0.98423
1237.5,-250.35,296.96,7.281,0.83427,-1.002,0.1431,11.806,-2.0066,0.98423
1237.6,-250.22,296.98,7.2943,0.83232,-1.0314,0.12183,11.806,-2.0066,0.98423
1237.7,-250.09,296.99,7.3053,0.83208,-1.0627,0.097952,11.806,-2.0066,0.98423
1237.8,-249.95,297.01,7.3137,0.8339,-1.0967,0.07061,11.806,-2.0066,0.98423
1237.9,-249.81,297.02,7.3192,0.83824,-1.134,0.038528,11.806,-2.0066,0.98423
1238,-249.67,297.04,7.3212,0.84579,-1.1759,-0.00029976,11.806,-2.0066,0.98423
1238.1,-249.53,297.05,7.319,0.85737,-1.211,-0.043076,11.806,-2.0066,0.98423
1238.2,-249.38,297.06,7.3128,0.87301,-1.2267,-0.081534,11.806,-2.0066,0.98423
1238.3,-249.23,297.07,7.303,0.89191,-1.2245,-0.11179,11.806,-2.0066,0.98423
1238.4,-249.08,297.08,7.2907,0.91285,-1.2084,-0.13245,11.806,-2.0066,0.98423
1238.5,-248.92,297.1,7.2768,0.93456,-1.1829,-0.14413,11.806,-2.0066,0.98423
1238.6,-248.78,297.11,7.2621,0.95598,-1.1523,-0.1484,11.806,-2.0066,0.98423
1238.7,-248.63,297.13,7.2473,0.97638,-1.1202,-0.14711,11.806,-2.0066,0.98423
1238.8,-248.48,297.14,7.2329,0.99531,-1.089,-0.1419,11.806,-2.0066,0.98423
1238.9,-248.33,297.16,7.219,1.0125,-1.0604,-0.13407,11.806,-2.0066,0.98423
1239,-248.19,297.18,7.2061,1.028,-1.0355,-0.12462,11.806,-2.0066,0.98423
1239.1,-248.04,297.2,7.1941,1.0418,-1.0148,-0.11425,11.806,-2.0066,0.98423
1239.2,-247.9,297.22,7.1833,1.0538,-0.99859,-0.1035,11.806,-2.0066,0.98423
1239.3,-247.76,297.24,7.1734,1.0644,-0.98711,-0.09276,11.806,-2.0066,0.98423
1239.4,-247.61,297.26,7.1647,1.0736,-0.98031,-0.082354,11.806,-2.0066,0.98423
1239.5,-247.47,297.28,7.157,1.0815,-0.97806,-0.072549,11.806,-2.0066,0.98423
1239.6,-247.32,297.3,7.1502,1.0883,-0.98018,-0.063595,11.806,-2.0066,0.98423
1239.7,-247.18,297.32,7.1442,1.0942,-0.9864,-0.055734,11.806,-2.0066,0.98423
1239.8,-247.03,297.34,7.139,1.0992,-0.99634,-0.049201,11.806,-2.0066,0.98423
1239.9,-246.88,297.36,7.1343,1.1036,-1.0096,-0.04422,11.806,-2.0066,0.98423
1240,-246.73,297.37,7.1301,1.1076,-1.0254,-0.040989,5.7099,-1.3985e-15,6.9921e-16
1240.1,-246.58,297.39,7.1247,1.0989,-1.0282,-0.065689,5.7099,-1.3985e-15,6.9921e-16
1240.2,-246.44,297.4,7.117,1.0927,-1.0196,-0.087454,5.7099,-1.3985e-15,6.9921e-16
1240.3,-246.29,297.41,7.1074,1.0884,-1.0011,-0.10495,5.7099,-1.3985e-15,6.9921e-16
1240.4,-246.14,297.42,7.0962,1.0854,-0.97463,-0.11772,5.7099,-1.3985e-15,6.9921e-16
1240.5,-246,297.44,7.084,1.0831,-0.94267,-0.12595,5.7099,-1.3985e-15,6.9921e-16
1240.6,-245.85,297.45,7.0711,1.0811,-0.9073,-0.13023,5.7099,-1.3985e-15,6.9921e-16
1240.7,-245.72,297.46,7.058,1.0789,-0.87032,-0.13132,5.7099,-1.3985e-15,6.9921e-16
1240.8,-245.58,297.48,7.0449,1.0764,-0.8331,-0.12996,5.7099,-1.3985e-15,6.9921e-16
1240.9,-245.44,297.49,7.0321,1.0733,-0.79662,-0.12679,5.7099,-1.3985e-15,6.9921e-16
1241,-245.31,297.5,7.0196,1.0697,-0.76155,-0.12236,5.7099,-1.3985e-15,6.9921e-16
1241.1,-245.18,297.52,7.0077,1.0656,-0.72832,-0.11706,5.7099,-1.3985e-15,6.9921e-16
1241.2,-245.06,297.54,6.9962,1.0609,-0.69716,-0.11121,5.7099,-1.3985e-15,6.9921e-16
1241.3,-244.93,297.55,6.9854,1.0557,-0.66819,-0.10504,5.7099,-1.3985e-15,6.9921e-16
1241.4,-244.81,297.57,6.9752,1.05,-0.64143,-0.098694,5.7099,-1.3985e-15,6.9921e-16
1241.5,-244.69,297.59,6.9657,1.044,-0.61686,-0.092295,5.7099,-1.3985e-15,6.9921e-16
1241.6,-244.57,297.61,6.9568,1.0376,-0.59442,-0.085914,5.7099,-1.3985e-15,6.9921e-16
1241.7,-244.45,297.63,6.9485,1.0309,-0.57403,-0.079598,5.7099,-1.3985e-15,6.9921e-16
1241.8,-244.34,297.64,6.9409,1.0241,-0.55561,-0.073376,5.7099,-1.3985e-15,6.9921e-16
1241.9,-244.22,297.66,6.9338,1.0171,-0.53905,-0.067264,5.7099,-1.3985e-15,6.9921e-16
1242,-244.11,297.68,6.9274,1.0099,-0.52428,-0.061267,5.7099,-1.3985e-15,6.9921e-16
1242.1,-244,297.7,6.9216,1.0026,-0.51122,-0.055386,5.7099,-1.3985e-15,6.9921e-16
1242.2,-243.89,297.72,6.9163,0.99529,-0.49978,-0.049615,5.7099,-1.3985e-15,6.9921e-16
1242.3,-243.78,297.74,6.9116,0.98792,-0.48991,-0.043949,5.7099,-1.3985e-15,6.9921e-16
1242.4,-243.67,297.76,6.9075,0.98053,-0.48154,-0.03838,5.7099,-1.3985e-15,6.9921e-16
1242.5,-243.56,297.77,6.904,0.97314,-0.47463,-0.032902,5.7099,-1.3985e-15,6.9921e-16
1242.6,-243.46,297.79,6.9009,0.96577,-0.46912,-0.027509,5.7099,-1.3985e-15,6.9921e-16
1242.7,-243.35,297.81,6.8985,0.95842,-0.46499,-0.0222,5.7099,-1.3985e-15,6.9921e-16
1242.8,-243.25,297.83,6.8965,0.95111,-0.46221,-0.016974,5.7099,-1.3985e-15,6.9921e-16
1242.9,-243.14,297.84,6.8951,0.94384,-0.46075,-0.011837,5.7099,-1.3985e-15,6.9921e-16
1243,-243.04,297.86,6.8941,0.93662,-0.46059,-0.0067986,5.7099,-1.3985e-15,6.9921e-16
1243.1,-242.94,297.87,6.8937,0.92945,-0.46173,-0.001877,5.7099,-1.3985e-15,6.9921e-16
1243.2,-242.83,297.89,6.8937,0.92234,-0.46394,0.0029722,5.7099,-1.3985e-15,6.9921e-16
1243.3,-242.73,297.9,6.8943,0.91527,-0.46645,0.007989,5.7099,-1.3985e-15,6.9921e-16
1243.4,-242.63,297.92,6.8954,0.90823,-0.46919,0.013162,5.7099,-1.3985e-15,6.9921e-16
1243.5,-242.53,297.93,6.8969,0.90122,-0.47217,0.018444,5.7099,-1.3985e-15,6.9921e-16
1243.6,-242.43,297.95,6.899,0.89424,-0.47537,0.023779,5.7099,-1.3985e-15,6.9921e-16
1243.7,-242.33,297.96,6.9017,0.88726,-0.4788,0.029102,5.7099,-1.3985e-15,6.9921e-16
1243.8,-242.23,297.97,6.9049,0.8803,-0.48246,0.034345,5.7099,-1.3985e-15,6.9921e-16
1243.9,-242.13,297.98,6.9086,0.87334,-0.48633,0.039437,5.7099,-1.3985e-15,6.9921e-16
1244,-242.03,297.99,6.9127,0.8664,-0.49041,0.044306,5.7099,-1.3985e-15,6.9921e-16
1244.1,-241.93,298,6.9174,0.85949,-0.49468,0.04888,5.7099,-1.3985e-15,6.9921e-16
1244.2,-241.83,298.02,6.9225,0.85259,-0.49912,0.053094,5.7099,-1.3985e-15,6.9921e-16
1244.3,-241.73,298.03,6.928,0.84574,-0.50372,0.056888,5.7099,-1.3985e-15,6.9921e-16
1244.4,-241.64,298.04,6.9339,0.83895,-0.50846,0.060209,5.7099,-1.3985e-15,6.9921e-16
1244.5,-241.54,298.05,6.94,0.83222,-0.51331,0.063016,5.7099,-1.3985e-15,6.9921e-16
1244.6,-241.44,298.06,6.9465,0.82557,-0.51825,0.065273,5.7099,-1.3985e-15,6.9921e-16
1244.7,-241.34,298.07,6.9531,0.81904,-0.52327,0.066957,5.7099,-1.3985e-15,6.9921e-16
1244.8,-241.25,298.08,6.9598,0.81262,-0.52834,0.068052,5.7099,-1.3985e-15,6.9921e-16
1244.9,-241.15,298.09,6.9667,0.80635,-0.53345,0.068549,5.7099,-1.3985e-15,6.9921e-16
1245,-241.06,298.1,6.9735,0.80025,-0.53859,0.068446,5.7099,-1.3985e-15,6.9921e-16
1245.1,-240.96,298.11,6.9803,0.79433,-0.54373,0.067746,5.7099,-1.3985e-15,6.9921e-16
1245.2,-240.86,298.11,6.987,0.78862,-0.54887,0.066454,5.7099,-1.3985e-15,6.9921e-16
1245.3,-240.77,298.12,6.9936,0.78314,-0.554,0.064577,5.7099,-1.3985e-15,6.9921e-16
1245.4,-240.67,298.13,6.9999,0.7779,-0.55911,0.062123,5.7099,-1.3985e-15,6.9921e-16
1245.5,-240.58,298.14,7.006,0.77294,-0.56421,0.059097,5.7099,-1.3985e-15,6.9921e-16
1245.6,-240.48,298.15,7.0117,0.76827,-0.5693,0.055501,5.7099,-1.3985e-15,6.9921e-16
1245.7,-240.39,298.16,7.0171,0.76392,-0.57437,0.051331,5.7099,-1.3985e-15,6.9921e-16
1245.8,-240.29,298.17,7.022,0.7599,-0.57944,0.046578,5.7099,-1.3985e-15,6.9921e-16
1245.9,-240.2,298.18,7.0264,0.75623,-0.58452,0.041223,5.7099,-1.3985e-15,6.9921e-16
1246,-240.1,298.18,7.0302,0.75295,-0.58961,0.035237,5.7099,-1.3985e-15,6.9921e-16
1246.1,-240.01,298.19,7.0334,0.75008,-0.59474,0.028576,5.7099,-1.3985e-15,6.9921e-16
1246.2,-239.91,298.2,7.0359,0.74765,-0.59993,0.021177,5.7099,-1.3985e-15,6.9921e-16
1246.3,-239.82,298.21,7.0376,0.74569,-0.60519,0.012955,5.7099,-1.3985e-15,6.9921e-16
1246.4,-239.72,298.21,7.0385,0.74425,-0.61056,0.0037949,5.7099,-1.3985e-15,6.9921e-16
1246.5,-239.62,298.22,7.0383,0.74336,-0.61551,-0.0062437,5.7099,-1.3985e-15,6.9921e-16
1246.6,-239.53,298.23,7.0372,0.74305,-0.61782,-0.016259,5.7099,-1.3985e-15,6.9921e-16
1246.7,-239.43,298.23,7.0351,0.74328,-0.61726,-0.025825,5.7099,-1.3985e-15,6.9921e-16
1246.8,-239.33,298.24,7.0321,0.74401,-0.61392,-0.034645,5.7099,-1.3985e-15,6.9921e-16
1246.9,-239.24,298.24,7.0282,0.74515,-0.60801,-0.042495,5.7099,-1.3985e-15,6.9921e-16
1247,-239.14,298.25,7.0236,0.74662,-0.59981,-0.049235,5.7099,-1.3985e-15,6.9921e-16
1247.1,-239.05,298.25,7.0184,0.74834,-0.58967,-0.054804,5.7099,-1.3985e-15,6.9921e-16
1247.2,-238.95,298.26,7.0127,0.75021,-0.57794,-0.059208,5.7099,-1.3985e-15,6.9921e-16
1247.3,-238.86,298.27,7.0066,0.75216,-0.56498,-0.062502,5.7099,-1.3985e-15,6.9921e-16
1247.4,-238.76,298.28,7.0002,0.75411,-0.55113,-0.064774,5.7099,-1.3985e-15,6.9921e-16
1247.5,-238.67,298.28,6.9937,0.75602,-0.5367,-0.066133,5.7099,-1.3985e-15,6.9921e-16
1247.6,-238.58,298.29,6.987,0.75782,-0.52194,-0.066695,5.7099,-1.3985e-15,6.9921e-16
1247.7,-238.49,298.3,6.9804,0.75949,-0.50709,-0.066572,5.7099,-1.3985e-15,6.9921e-16
1247.8,-238.4,298.31,6.9737,0.761,-0.49232,-0.065872,5.7099,-1.3985e-15,6.9921e-16
1247.9,-238.31,298.32,6.9672,0.76234,-0.47778,-0.064692,5.7099,-1.3985e-15,6.9921e-16
1248,-238.22,298.34,6.9608,0.76349,-0.46361,-0.063116,5.7099,-1.3985e-15,6.9921e-16
1248.1,-238.13,298.35,6.9546,0.76446,-0.44988,-0.061219,5.7099,-1.3985e-15,6.9921e-16
1248.2,-238.04,298.36,6.9486,0.76524,-0.43666,-0.059062,5.7099,-1.3985e-15,6.9921e-16
1248.3,-237.96,298.37,6.9428,0.76584,-0.42401,-0.056696,5.7099,-1.3985e-15,6.9921e-16
1248.4,-237.87,298.39,6.9372,0.76627,-0.41196,-0.054165,5.7099,-1.3985e-15,6.9921e-16
1248.5,-237.79,298.4,6.932,0.76653,-0.40053,-0.051502,5.7099,-1.3985e-15,6.9921e-16
1248.6,-237.7,298.42,6.9269,0.76664,-0.38974,-0.048733,5.7099,-1.3985e-15,6.9921e-16
1248.7,-237.62,298.43,6.9222,0.76659,-0.3796,-0.04588,5.7099,-1.3985e-15,6.9921e-16
1248.8,-237.53,298.45,6.9178,0.76641,-0.37011,-0.042959,5.7099,-1.3985e-15,6.9921e-16
1248.9,-237.45,298.46,6.9136,0.76611,-0.36127,-0.03998,5.7099,-1.3985e-15,6.9921e-16
1249,-237.37,298.48,6.9098,0.76568,-0.35307,-0.036951,5.7099,-1.3985e-15,6.9921e-16
1249.1,-237.28,298.49,6.9062,0.76515,-0.34552,-0.033877,5.7099,-1.3985e-15,6.9921e-16
1249.2,-237.2,298.51,6.903,0.76452,-0.33861,-0.03076,5.7099,-1.3985e-15,6.9921e-16
1249.3,-237.12,298.53,6.9001,0.76379,-0.33234,-0.027599,5.7099,-1.3985e-15,6.9921e-16
1249.4,-237.04,298.55,6.8975,0.76298,-0.32669,-0.024393,5.7099,-1.3985e-15,6.9921e-16
1249.5,-236.96,298.56,6.8952,0.76209,-0.32168,-0.021138,5.7099,-1.3985e-15,6.9921e-16
1249.6,-236.88,298.58,6.8933,0.76113,-0.31731,-0.017828,5.7099,-1.3985e-15,6.9921e-16
1249.7,-236.8,298.6,6.8916,0.76009,-0.31356,-0.014457,5.7099,-1.3985e-15,6.9921e-16
1249.8,-236.72,298.62,6.8904,0.75899,-0.31046,-0.011018,5.7099,-1.3985e-15,6.9921e-16
1249.9,-236.64,298.63,6.8894,0.75783,-0.30801,-0.0075033,5.7099,-1.3985e-15,6.9921e-16
1250,-236.56,298.65,6.8889,0.7566,-0.30621,-0.0039041,5.7099,-1.3985e-15,6.9921e-16
1250.1,-236.48,298.67,6.8887,0.75532,-0.30509,-0.0002114,5.7099,-1.3985e-15,6.9921e-16
1250.2,-236.4,298.69,6.8888,0.75397,-0.30442,0.003667,5.7099,-1.3985e-15,6.9921e-16
1250.3,-236.32,298.71,6.8894,0.75256,-0.30392,0.0078355,5.7099,-1.3985e-15,6.9921e-16
1250.4,-236.24,298.72,6.8904,0.75109,-0.30359,0.012286,5.7099,-1.3985e-15,6.9921e-16
1250.5,-236.16,298.74,6.8919,0.74953,-0.30347,0.017006,5.7099,-1.3985e-15,6.9921e-16
1250.6,-236.08,298.76,6.8938,0.7479,-0.30355,0.021972,5.7099,-1.3985e-15,6.9921e-16
1250.7,-236,298.78,6.8963,0.74619,-0.30387,0.027158,5.7099,-1.3985e-15,6.9921e-16
1250.8,-235.92,298.8,6.8993,0.74439,-0.30442,0.032527,12.302,0.91462,-0.44862
1250.9,-235.85,298.81,6.9021,0.7573,-0.30115,0.025348,12.302,0.91462,-0.44862
1251,-235.77,298.83,6.9043,0.76999,-0.29759,0.018205,12.302,0.91462,-0.44862
1251.1,-235.69,298.86,6.9058,0.78246,-0.29372,0.010983,12.302,0.91462,-0.44862
1251.2,-235.6,298.88,6.9065,0.79472,-0.28951,0.0035568,12.302,0.91462,-0.44862
1251.3,-235.52,298.9,6.9065,0.80678,-0.28477,-0.0041567,12.302,0.91462,-0.44862
1251.4,-235.44,298.93,6.9057,0.81864,-0.27869,-0.011943,12.302,0.91462,-0.44862
1251.5,-235.36,298.95,6.9041,0.83029,-0.27113,-0.019752,12.302,0.91462,-0.44862
1251.6,-235.27,298.98,6.9017,0.84173,-0.26211,-0.027583,12.302,0.91462,-0.44862
1251.7,-235.19,299.01,6.8986,0.85295,-0.25166,-0.035451,12.302,0.91462,-0.44862
1251.8,-235.11,299.04,6.8946,0.86393,-0.23979,-0.043387,12.302,0.91462,-0.44862
1251.9,-235.02,299.07,6.8899,0.87467,-0.22655,-0.051439,12.302,0.91462,-0.44862
1252,-234.94,299.1,6.8843,0.88516,-0.21198,-0.059669,12.302,0.91462,-0.44862
1252.1,-234.85,299.13,6.878,0.89537,-0.19613,-0.068153,12.302,0.91462,-0.44862
1252.2,-234.77,299.17,6.8707,0.90529,-0.17906,-0.076977,12.302,0.91462,-0.44862
1252.3,-234.68,299.2,6.8625,0.91491,-0.16081,-0.086236,12.302,0.91462,-0.44862
1252.4,-234.59,299.24,6.8534,0.9242,-0.14145,-0.096032,12.302,0.91462,-0.44862
1252.5,-234.51,299.28,6.8433,0.93314,-0.12102,-0.10646,12.302,0.91462,-0.44862
1252.6,-234.42,299.32,6.8321,0.94172,-0.09961,-0.11763,12.302,0.91462,-0.44862
1252.7,-234.34,299.36,6.8198,0.9499,-0.07728,-0.12961,12.302,0.91462,-0.44862
1252.8,-234.25,299.4,6.8062,0.95765,-0.054125,-0.14247,12.302,0.91462,-0.44862
1252.9,-234.17,299.45,6.7912,0.96494,-0.030251,-0.15625,12.302,0.91462,-0.44862
1253,-234.08,299.49,6.7749,0.97172,-0.0057844,-0.17097,12.302,0.91462,-0.44862
1253.1,-233.99,299.54,6.757,0.97794,0.019401,-0.18627,12.302,0.91462,-0.44862
1253.2,-233.91,299.58,6.7376,0.98356,0.045817,-0.20128,12.302,0.91462,-0.44862
1253.3,-233.82,299.63,6.7168,0.98851,0.073372,-0.21565,12.302,0.91462,-0.44862
1253.4,-233.74,299.68,6.6945,0.99273,0.10191,-0.22912,12.302,0.91462,-0.44862
1253.5,-233.65,299.73,6.671,0.99615,0.13126,-0.24149,12.302,0.91462,-0.44862
1253.6,-233.56,299.78,6.6463,0.99876,0.16122,-0.2526,12.302,0.91462,-0.44862
1253.7,-233.47,299.83,6.6205,1.0005,0.19159,-0.26234,12.302,0.91462,-0.44862
1253.8,-233.38,299.88,6.5939,1.0014,0.22216,-0.27067,12.302,0.91462,-0.44862
1253.9,-233.3,299.93,6.5664,1.0014,0.25275,-0.27758,12.302,0.91462,-0.44862
1254,-233.21,299.99,6.5384,1.0006,0.28318,-0.28311,12.302,0.91462,-0.44862
1254.1,-233.12,300.04,6.5099,0.99899,0.31329,-0.28728,12.302,0.91462,-0.44862
1254.2,-233.03,300.09,6.481,0.9966,0.34296,-0.29019,12.302,0.91462,-0.44862
1254.3,-232.93,300.14,6.4519,0.99349,0.37207,-0.2919,12.302,0.91462,-0.44862
1254.4,-232.84,300.2,6.4226,0.98974,0.40055,-0.29249,12.302,0.91462,-0.44862
1254.5,-232.75,300.25,6.3934,0.98539,0.42831,-0.29205,12.302,0.91462,-0.44862
1254.6,-232.66,300.31,6.3643,0.98053,0.45532,-0.29066,12.302,0.91462,-0.44862
1254.7,-232.56,300.36,6.3353,0.97523,0.48156,-0.28839,12.302,0.91462,-0.44862
1254.8,-232.47,300.41,6.3066,0.96957,0.507,-0.28532,12.302,0.91462,-0.44862
1254.9,-232.37,300.46,6.2783,0.96361,0.53166,-0.28151,12.302,0.91462,-0.44862
1255,-232.27,300.52,6.2503,0.95744,0.55554,-0.27704,12.302,0.91462,-0.44862
1255.1,-232.17,300.57,6.2229,0.95112,0.57868,-0.27194,12.302,0.91462,-0.44862
1255.2,-232.08,300.62,6.196,0.94472,0.60111,-0.26626,12.302,0.91462,-0.44862
1255.3,-231.98,300.67,6.1696,0.93832,0.62288,-0.26006,12.302,0.91462,-0.44862
1255.4,-231.88,300.72,6.144,0.93196,0.64403,-0.25335,12.302,0.91462,-0.44862
1255.5,-231.77,300.77,6.119,0.92573,0.66463,-0.24617,12.302,0.91462,-0.44862
1255.6,-231.67,300.82,6.0947,0.91966,0.68474,-0.23854,12.302,0.91462,-0.44862
1255.7,-231.57,300.87,6.0713,0.91383,0.70442,-0.23045,12.302,0.91462,-0.44862
1255.8,-231.46,300.92,6.0487,0.90827,0.72375,-0.22192,12.302,0.91462,-0.44862
1255.9,-231.36,300.97,6.0269,0.90305,0.74281,-0.21294,12.302,0.91462,-0.44862
1256,-231.25,301.02,6.0061,0.89822,0.76169,-0.20349,12.302,0.91462,-0.44862
1256.1,-231.14,301.07,5.9862,0.89382,0.78046,-0.19353,12.302,0.91462,-0.44862
1256.2,-231.03,301.12,5.9674,0.88992,0.79924,-0.18302,12.302,0.91462,-0.44862
1256.3,-230.92,301.17,5.9497,0.88656,0.81811,-0.1719,12.302,0.91462,-0.44862
1256.4,-230.81,301.22,5.9331,0.88381,0.83721,-0.16008,12.302,0.91462,-0.44862
1256.5,-230.7,301.26,5.9177,0.88174,0.85665,-0.14745,12.302,0.91462,-0.44862
1256.6,-230.59,301.31,5.9036,0.88043,0.87658,-0.13388,12.302,0.91462,-0.44862
1256.7,-230.47,301.36,5.8909,0.87997,0.89716,-0.11916,12.302,0.91462,-0.44862
1256.8,-230.36,301.41,5.8798,0.88048,0.9186,-0.10303,12.302,0.91462,-0.44862
1256.9,-230.24,301.46,5.8704,0.88211,0.94113,-0.08516,12.302,0.91462,-0.44862
1257,-230.12,301.51,5.8629,0.88503,0.96502,-0.065058,12.302,0.91462,-0.44862
1257.1,-230,301.57,5.8575,0.88951,0.99065,-0.042046,12.302,0.91462,-0.44862
1257.2,-229.87,301.62,5.8546,0.89587,1.0185,-0.015122,12.302,0.91462,-0.44862
1257.3,-229.75,301.68,5.8546,0.90458,1.0471,0.016399,12.302,0.91462,-0.44862
1257.4,-229.62,301.73,5.8578,0.91594,1.0644,0.047631,12.302,0.91462,-0.44862
1257.5,-229.5,301.79,5.864,0.92972,1.0685,0.075053,12.302,0.91462,-0.44862
1257.6,-229.37,301.85,5.8727,0.94534,1.0606,0.096789,12.302,0.91462,-0.44862
1257.7,-229.24,301.91,5.8832,0.96206,1.0434,0.1122,12.302,0.91462,-0.44862
1257.8,-229.11,301.97,5.8949,0.97913,1.0196,0.12162,12.302,0.91462,-0.44862
1257.9,-228.98,302.03,5.9073,0.99595,0.99189,0.12589,12.302,0.91462,-0.44862
1258,-228.85,302.08,5.9199,1.012,0.96257,0.12605,11.177,-2.7375e-15,1.3304e-15
1258.1,-228.72,302.14,5.933,1.0251,0.92685,0.13432,11.177,-2.7375e-15,1.3304e-15
1258.2,-228.59,302.19,5.9466,1.0377,0.88801,0.1377,11.177,-2.7375e-15,1.3304e-15
1258.3,-228.47,302.23,5.9604,1.0495,0.84814,0.13736,11.177,-2.7375e-15,1.3304e-15
1258.4,-228.34,302.28,5.974,1.0603,0.80872,0.13433,11.177,-2.7375e-15,1.3304e-15
1258.5,-228.22,302.32,5.9872,1.0699,0.77076,0.12942,11.177,-2.7375e-15,1.3304e-15
1258.6,-228.09,302.37,5.9999,1.0783,0.7349,0.12324,11.177,-2.7375e-15,1.3304e-15
1258.7,-227.97,302.4,6.0118,1.0857,0.70148,0.11624,11.177,-2.7375e-15,1.3304e-15
1258.8,-227.84,302.44,6.0231,1.0919,0.67072,0.10874,11.177,-2.7375e-15,1.3304e-15
1258.9,-227.72,302.48,6.0336,1.0973,0.64267,0.10092,11.177,-2.7375e-15,1.3304e-15
1259,-227.6,302.51,6.0433,1.1017,0.61733,0.092928,11.177,-2.7375e-15,1.3304e-15
1259.1,-227.48,302.55,6.0522,1.1053,0.59468,0.084839,11.177,-2.7375e-15,1.3304e-15
1259.2,-227.36,302.58,6.0602,1.1082,0.57467,0.076691,11.177,-2.7375e-15,1.3304e-15
1259.3,-227.24,302.61,6.0675,1.1104,0.55723,0.068493,11.177,-2.7375e-15,1.3304e-15
1259.4,-227.12,302.64,6.0739,1.112,0.54232,0.060234,11.177,-2.7375e-15,1.3304e-15
1259.5,-227,302.67,6.0795,1.1131,0.52991,0.051887,11.177,-2.7375e-15,1.3304e-15
1259.6,-226.88,302.7,6.0843,1.1137,0.52,0.043416,11.177,-2.7375e-15,1.3304e-15
1259.7,-226.76,302.73,6.0882,1.1139,0.51259,0.034775,11.177,-2.7375e-15,1.3304e-15
1259.8,-226.64,302.76,6.0913,1.1136,0.50774,0.025913,11.177,-2.7375e-15,1.3304e-15
1259.9,-226.52,302.78,6.0934,1.113,0.50551,0.016777,11.177,-2.7375e-15,1.3304e-15
1260,-226.4,302.81,6.0946,1.1119,0.50602,0.0073154,11.177,-2.7375e-15,1.3304e-15
1260.1,-226.28,302.84,6.0948,1.1105,0.50936,-0.0025465,11.177,-2.7375e-15,1.3304e-15
1260.2,-226.16,302.87,6.0941,1.1086,0.51403,-0.013406,11.177,-2.7375e-15,1.3304e-15
1260.3,-226.05,302.9,6.0921,1.1063,0.51945,-0.025449,11.177,-2.7375e-15,1.3304e-15
1260.4,-225.93,302.93,6.0889,1.1035,0.52571,-0.038549,11.177,-2.7375e-15,1.3304e-15
1260.5,-225.81,302.96,6.0844,1.1002,0.53289,-0.052496,11.177,-2.7375e-15,1.3304e-15
1260.6,-225.69,302.99,6.0784,1.0963,0.54102,-0.067,11.177,-2.7375e-15,1.3304e-15
1260.7,-225.57,303.02,6.071,1.0919,0.55016,-0.0817,11.177,-2.7375e-15,1.3304e-15
1260.8,-225.45,303.05,6.0621,1.0868,0.56029,-0.096192,11.177,-2.7375e-15,1.3304e-15
1260.9,-225.34,303.08,6.0518,1.0812,0.5714,-0.11006,11.177,-2.7375e-15,1.3304e-15
1261,-225.22,303.12,6.0401,1.075,0.58342,-0.12291,11.177,-2.7375e-15,1.3304e-15
1261.1,-225.1,303.15,6.0272,1.0684,0.59626,-0.13441,11.177,-2.7375e-15,1.3304e-15
1261.2,-224.98,303.18,6.0133,1.0613,0.60981,-0.14429,11.177,-2.7375e-15,1.3304e-15
1261.3,-224.86,303.21,5.9984,1.0538,0.62395,-0.15238,11.177,-2.7375e-15,1.3304e-15
1261.4,-224.74,303.24,5.9829,1.046,0.63856,-0.15857,11.177,-2.7375e-15,1.3304e-15
1261.5,-224.62,303.27,5.9668,1.0381,0.65351,-0.16286,11.177,-2.7375e-15,1.3304e-15
1261.6,-224.5,303.3,5.9504,1.03,0.6687,-0.16527,11.177,-2.7375e-15,1.3304e-15
1261.7,-224.39,303.33,5.9338,1.0219,0.68404,-0.16589,11.177,-2.7375e-15,1.3304e-15
1261.8,-224.27,303.36,5.9172,1.014,0.69944,-0.16482,11.177,-2.7375e-15,1.3304e-15
1261.9,-224.15,303.38,5.9009,1.0061,0.71487,-0.16217,11.177,-2.7375e-15,1.3304e-15
1262,-224.03,303.41,5.8848,0.99858,0.73029,-0.15805,11.177,-2.7375e-15,1.3304e-15
1262.1,-223.91,303.44,5.8693,0.99137,0.74569,-0.15256,11.177,-2.7375e-15,1.3304e-15
1262.2,-223.78,303.47,5.8544,0.9846,0.76109,-0.14576,11.177,-2.7375e-15,1.3304e-15
1262.3,-223.66,303.5,5.8402,0.97835,0.77651,-0.13771,11.177,-2.7375e-15,1.3304e-15
1262.4,-223.54,303.53,5.8269,0.97269,0.79201,-0.12844,11.177,-2.7375e-15,1.3304e-15
1262.5,-223.42,303.55,5.8145,0.96772,0.80764,-0.11791,11.177,-2.7375e-15,1.3304e-15
1262.6,-223.3,303.58,5.8033,0.96353,0.8235,-0.10607,11.177,-2.7375e-15,1.3304e-15
1262.7,-223.17,303.61,5.7934,0.96021,0.83967,-0.092802,11.177,-2.7375e-15,1.3304e-15
1262.8,-223.05,303.64,5.7848,0.95789,0.8563,-0.077918,11.177,-2.7375e-15,1.3304e-15
1262.9,-222.92,303.67,5.7779,0.95669,0.87353,-0.061135,11.177,-2.7375e-15,1.3304e-15
1263,-222.79,303.7,5.7727,0.95678,0.89156,-0.042035,11.177,-2.7375e-15,1.3304e-15
1263.1,-222.67,303.73,5.7696,0.95839,0.91063,-0.019998,11.177,-2.7375e-15,1.3304e-15
1263.2,-222.54,303.77,5.7688,0.96179,0.93078,0.0058039,11.177,-2.7375e-15,1.3304e-15
1263.3,-222.41,303.8,5.7707,0.96727,0.94404,0.032784,11.177,-2.7375e-15,1.3304e-15
1263.4,-222.28,303.84,5.7753,0.97474,0.94639,0.057716,11.177,-2.7375e-15,1.3304e-15
1263.5,-222.15,303.87,5.7822,0.98387,0.93848,0.078914,11.177,-2.7375e-15,1.3304e-15
1263.6,-222.01,303.91,5.7909,0.99416,0.92185,0.095487,11.177,-2.7375e-15,1.3304e-15
1263.7,-221.88,303.94,5.8011,1.0051,0.89847,0.10729,11.177,-2.7375e-15,1.3304e-15
1263.8,-221.75,303.97,5.8122,1.0161,0.87042,0.1147,11.177,-2.7375e-15,1.3304e-15
1263.9,-221.62,304,5.8239,1.0269,0.83954,0.11837,11.177,-2.7375e-15,1.3304e-15
1264,-221.49,304.03,5.8358,1.0372,0.80738,0.11904,11.177,-2.7375e-15,1.3304e-15
1264.1,-221.37,304.06,5.8476,1.0467,0.77512,0.11738,11.177,-2.7375e-15,1.3304e-15
1264.2,-221.24,304.08,5.8592,1.0553,0.74361,0.11401,11.177,-2.7375e-15,1.3304e-15
1264.3,-221.11,304.11,5.8704,1.0631,0.71345,0.10937,11.177,-2.7375e-15,1.3304e-15
1264.4,-220.99,304.13,5.8811,1.07,0.68503,0.10384,11.177,-2.7375e-15,1.3304e-15
1264.5,-220.86,304.15,5.8912,1.076,0.65862,0.097682,11.177,-2.7375e-15,1.3304e-15
1264.6,-220.74,304.17,5.9006,1.0812,0.63434,0.091091,11.177,-2.7375e-15,1.3304e-15
1264.7,-220.61,304.19,5.9094,1.0856,0.61228,0.084198,11.177,-2.7375e-15,1.3304e-15
1264.8,-220.49,304.2,5.9174,1.0893,0.59248,0.07709,11.177,-2.7375e-15,1.3304e-15
1264.9,-220.37,304.22,5.9248,1.0924,0.57493,0.069817,11.177,-2.7375e-15,1.3304e-15
1265,-220.25,304.23,5.9314,1.0949,0.55965,0.062405,11.177,-2.7375e-15,1.3304e-15
1265.1,-220.12,304.25,5.9373,1.0968,0.54663,0.05486,11.177,-2.7375e-15,1.3304e-15
1265.2,-220,304.26,5.9424,1.0983,0.53588,0.047171,11.177,-2.7375e-15,1.3304e-15
1265.3,-219.88,304.28,5.9467,1.0992,0.52742,0.03932,11.177,-2.7375e-15,1.3304e-15
1265.4,-219.76,304.29,5.9502,1.0998,0.52129,0.031279,11.177,-2.7375e-15,1.3304e-15
1265.5,-219.64,304.3,5.9529,1.0999,0.51754,0.023017,11.177,-2.7375e-15,1.3304e-15
1265.6,-219.52,304.32,5.9548,1.0997,0.51627,0.014501,11.177,-2.7375e-15,1.3304e-15
1265.7,-219.4,304.33,5.9558,1.099,0.51759,0.0057022,11.177,-2.7375e-15,1.3304e-15
1265.8,-219.28,304.34,5.9559,1.098,0.52149,-0.0034552,11.177,-2.7375e-15,1.3304e-15
1265.9,-219.16,304.36,5.9551,1.0966,0.52645,-0.013549,11.177,-2.7375e-15,1.3304e-15
1266,-219.04,304.37,5.9532,1.0947,0.5321,-0.024686,11.177,-2.7375e-15,1.3304e-15
1266.1,-218.91,304.39,5.9501,1.0924,0.53851,-0.036753,11.177,-2.7375e-15,1.3304e-15
1266.2,-218.79,304.4,5.9458,1.0895,0.54575,-0.049566,11.177,-2.7375e-15,1.3304e-15
1266.3,-218.67,304.42,5.9402,1.0861,0.55385,-0.062874,11.177,-2.7375e-15,1.3304e-15
1266.4,-218.55,304.43,5.9332,1.0822,0.56286,-0.076365,11.177,-2.7375e-15,1.3304e-15
1266.5,-218.43,304.45,5.9249,1.0777,0.57276,-0.08969,11.177,-2.7375e-15,1.3304e-15
1266.6,-218.31,304.47,5.9153,1.0726,0.58354,-0.10248,11.177,-2.7375e-15,1.3304e-15
1266.7,-218.19,304.48,5.9045,1.067,0.59516,-0.1144,11.177,-2.7375e-15,1.3304e-15
1266.8,-218.07,304.5,5.8925,1.061,0.60753,-0.12512,11.177,-2.7375e-15,1.3304e-15
1266.9,-217.95,304.51,5.8795,1.0545,0.62057,-0.13441,11.177,-2.7375e-15,1.3304e-15
1267,-217.83,304.53,5.8656,1.0476,0.63419,-0.14208,11.177,-2.7375e-15,1.3304e-15
1267.1,-217.7,304.54,5.8511,1.0405,0.64826,-0.14803,11.177,-2.7375e-15,1.3304e-15
1267.2,-217.58,304.56,5.8361,1.0332,0.6627,-0.1522,11.177,-2.7375e-15,1.3304e-15
1267.3,-217.46,304.57,5.8207,1.0258,0.6774,-0.15462,11.177,-2.7375e-15,1.3304e-15
1267.4,-217.34,304.59,5.8052,1.0183,0.69228,-0.15533,11.177,-2.7375e-15,1.3304e-15
1267.5,-217.22,304.6,5.7897,1.011,0.70729,-0.1544,11.177,-2.7375e-15,1.3304e-15
1267.6,-217.09,304.62,5.7744,1.0038,0.72238,-0.15192,11.177,-2.7375e-15,1.3304e-15
1267.7,-216.97,304.63,5.7594,0.99681,0.73752,-0.14797,11.177,-2.7375e-15,1.3304e-15
1267.8,-216.85,304.65,5.7449,0.99019,0.75271,-0.14263,11.177,-2.7375e-15,1.3304e-15
1267.9,-216.72,304.66,5.7309,0.98399,0.76795,-0.13595,11.177,-2.7375e-15,1.3304e-15
1268,-216.6,304.67,5.7177,0.97831,0.78329,-0.12798,11.177,-2.7375e-15,1.3304e-15
1268.1,-216.47,304.69,5.7054,0.97323,0.79876,-0.1187,11.177,-2.7375e-15,1.3304e-15
1268.2,-216.35,304.7,5.694,0.96883,0.81444,-0.10809,11.177,-2.7375e-15,1.3304e-15
1268.3,-216.22,304.71,5.6838,0.96522,0.83041,-0.096047,11.177,-2.7375e-15,1.3304e-15
1268.4,-216.09,304.73,5.6749,0.96251,0.84678,-0.082441,11.177,-2.7375e-15,1.3304e-15
1268.5,-215.97,304.74,5.6674,0.96083,0.86369,-0.067036,11.177,-2.7375e-15,1.3304e-15
1268.6,-215.84,304.76,5.6615,0.96032,0.88129,-0.049492,11.177,-2.7375e-15,1.3304e-15
1268.7,-215.71,304.78,5.6576,0.96118,0.8998,-0.029303,11.177,-2.7375e-15,1.3304e-15
1268.8,-215.58,304.79,5.6558,0.96367,0.9195,-0.0057119,11.177,-2.7375e-15,1.3304e-15
1268.9,-215.44,304.81,5.6565,0.9681,0.93706,0.020872,11.177,-2.7375e-15,1.3304e-15
1269,-215.31,304.83,5.6599,0.97456,0.94427,0.046513,3.7515,0.13463,-0.066037
1269.1,-215.18,304.85,5.6657,0.96632,0.94187,0.067931,3.7515,0.13463,-0.066037
1269.2,-215.04,304.87,5.6734,0.96,0.93049,0.086212,3.7515,0.13463,-0.066037
1269.3,-214.91,304.89,5.6828,0.95514,0.91155,0.10059,3.7515,0.13463,-0.066037
1269.4,-214.78,304.91,5.6934,0.95127,0.88681,0.11093,3.7515,0.13463,-0.066037
1269.5,-214.66,304.93,5.7048,0.94794,0.85807,0.11751,3.7515,0.13463,-0.066037
1269.6,-214.53,304.95,5.7168,0.94481,0.82694,0.12089,3.7515,0.13463,-0.066037
1269.7,-214.41,304.97,5.7289,0.9416,0.79475,0.12166,3.7515,0.13463,-0.066037
1269.8,-214.29,304.99,5.741,0.93814,0.76249,0.12043,3.7515,0.13463,-0.066037
1269.9,-214.17,305.01,5.753,0.93433,0.73092,0.11771,3.7515,0.13463,-0.066037
1270,-214.05,305.02,5.7645,0.93011,0.70053,0.11391,3.7515,0.13463,-0.066037
1270.1,-213.94,305.04,5.7757,0.92548,0.67164,0.10936,3.7515,0.13463,-0.066037
1270.2,-213.82,305.05,5.7864,0.92045,0.64444,0.10433,3.7515,0.13463,-0.066037
1270.3,-213.71,305.06,5.7966,0.91505,0.61902,0.099,3.7515,0.13463,-0.066037
1270.4,-213.6,305.07,5.8062,0.90932,0.59542,0.093503,3.7515,0.13463,-0.066037
1270.5,-213.5,305.08,5.8153,0.90331,0.5736,0.08794,3.7515,0.13463,-0.066037
1270.6,-213.39,305.09,5.8238,0.89705,0.55354,0.08238,3.7515,0.13463,-0.066037
1270.7,-213.29,305.1,5.8317,0.89059,0.53515,0.076869,3.7515,0.13463,-0.066037
1270.8,-213.18,305.11,5.8392,0.88397,0.51837,0.07144,3.7515,0.13463,-0.066037
1270.9,-213.08,305.12,5.846,0.87722,0.50313,0.066111,3.7515,0.13463,-0.066037
1271,-212.98,305.13,5.8524,0.87038,0.48934,0.060894,3.7515,0.13463,-0.066037
1271.1,-212.88,305.14,5.8582,0.86347,0.47694,0.055795,3.7515,0.13463,-0.066037
1271.2,-212.79,305.15,5.8635,0.85652,0.46585,0.050816,3.7515,0.13463,-0.066037
1271.3,-212.69,305.15,5.8684,0.84956,0.45602,0.045955,3.7515,0.13463,-0.066037
1271.4,-212.59,305.16,5.8727,0.84259,0.44737,0.041212,3.7515,0.13463,-0.066037
1271.5,-212.5,305.17,5.8766,0.83564,0.43986,0.036585,3.7515,0.13463,-0.066037
1271.6,-212.41,305.18,5.8801,0.82873,0.43344,0.032071,3.7515,0.13463,-0.066037
1271.7,-212.31,305.18,5.8831,0.82185,0.42805,0.027671,3.7515,0.13463,-0.066037
1271.8,-212.22,305.19,5.8856,0.81502,0.42366,0.023385,3.7515,0.13463,-0.066037
1271.9,-212.13,305.2,5.8877,0.80825,0.42024,0.019214,3.7515,0.13463,-0.066037
1272,-212.04,305.21,5.8895,0.80154,0.41773,0.015165,3.7515,0.13463,-0.066037
1272.1,-211.95,305.21,5.8908,0.7949,0.41612,0.011243,3.7515,0.13463,-0.066037
1272.2,-211.86,305.22,5.8917,0.78833,0.41537,0.00746,3.7515,0.13463,-0.066037
1272.3,-211.77,305.23,5.8923,0.78184,0.41545,0.0038281,3.7515,0.13463,-0.066037
1272.4,-211.68,305.24,5.8925,0.77543,0.41632,0.00036419,3.7515,0.13463,-0.066037
1272.5,-211.6,305.25,5.8923,0.7691,0.41771,-0.0030034,3.7515,0.13463,-0.066037
1272.6,-211.51,305.26,5.8919,0.76285,0.4192,-0.0063895,3.7515,0.13463,-0.066037
1272.7,-211.42,305.27,5.8911,0.75668,0.42079,-0.0097699,3.7515,0.13463,-0.066037
1272.8,-211.34,305.28,5.8899,0.75057,0.42248,-0.013117,3.7515,0.13463,-0.066037
1272.9,-211.25,305.29,5.8884,0.74453,0.42427,-0.016402,3.7515,0.13463,-0.066037
1273,-211.17,305.3,5.8866,0.73856,0.42614,-0.019595,3.7515,0.13463,-0.066037
1273.1,-211.08,305.31,5.8845,0.73265,0.4281,-0.022667,3.7515,0.13463,-0.066037
1273.2,-211,305.32,5.8821,0.72682,0.43014,-0.025588,3.7515,0.13463,-0.066037
1273.3,-210.92,305.33,5.8794,0.72105,0.43225,-0.02833,3.7515,0.13463,-0.066037
1273.4,-210.83,305.34,5.8765,0.71536,0.43442,-0.030867,3.7515,0.13463,-0.066037
1273.5,-210.75,305.36,5.8733,0.70975,0.43665,-0.033177,3.7515,0.13463,-0.066037
1273.6,-210.67,305.37,5.8698,0.70422,0.43892,-0.035236,3.7515,0.13463,-0.066037
1273.7,-210.59,305.38,5.8662,0.69877,0.44124,-0.037029,3.7515,0.13463,-0.066037
1273.8,-210.51,305.39,5.8624,0.69342,0.44359,-0.03854,3.7515,0.13463,-0.066037
1273.9,-210.42,305.4,5.8585,0.68818,0.44596,-0.039757,3.7515,0.13463,-0.066037
1274,-210.34,305.42,5.8545,0.68304,0.44835,-0.040672,3.7515,0.13463,-0.066037
1274.1,-210.26,305.43,5.8504,0.67801,0.45074,-0.041278,3.7515,0.13463,-0.066037
1274.2,-210.18,305.44,5.8462,0.67311,0.45314,-0.041574,3.7515,0.13463,-0.066037
1274.3,-210.1,305.45,5.8421,0.66834,0.45554,-0.041556,3.7515,0.13463,-0.066037
1274.4,-210.02,305.47,5.8379,0.66371,0.45792,-0.041227,3.7515,0.13463,-0.066037
1274.5,-209.94,305.48,5.8339,0.65922,0.46029,-0.040588,3.7515,0.13463,-0.066037
1274.6,-209.86,305.49,5.8298,0.65489,0.46265,-0.039641,3.7515,0.13463,-0.066037
1274.7,-209.78,305.5,5.8259,0.65072,0.46498,-0.03839,3.7515,0.13463,-0.066037
1274.8,-209.71,305.52,5.8222,0.64672,0.4673,-0.036837,3.7515,0.13463,-0.066037
1274.9,-209.63,305.53,5.8186,0.64289,0.46959,-0.034986,3.7515,0.13463,-0.066037
1275,-209.55,305.54,5.8152,0.63925,0.47185,-0.032837,3.7515,0.13463,-0.066037
1275.1,-209.47,305.56,5.812,0.6358,0.4741,-0.030391,3.7515,0.13463,-0.066037
1275.2,-209.39,305.57,5.8091,0.63255,0.47633,-0.027645,3.7515,0.13463,-0.066037
1275.3,-209.31,305.58,5.8065,0.6295,0.47854,-0.024595,3.7515,0.13463,-0.066037
1275.4,-209.24,305.6,5.8042,0.62667,0.48073,-0.021234,3.7515,0.13463,-0.066037
1275.5,-209.16,305.61,5.8023,0.62407,0.48291,-0.017549,3.7515,0.13463,-0.066037
1275.6,-209.08,305.63,5.8007,0.62169,0.48509,-0.013525,3.7515,0.13463,-0.066037
1275.7,-209,305.64,5.7996,0.61956,0.48727,-0.0091399,3.7515,0.13463,-0.066037
1275.8,-208.93,305.65,5.7989,0.61768,0.48946,-0.0043658,3.7515,0.13463,-0.066037
1275.9,-208.85,305.67,5.7987,0.61606,0.49164,0.00082914,3.7515,0.13463,-0.066037
1276,-208.77,305.68,5.7991,0.61472,0.49304,0.0061714,3.7515,0.13463,-0.066037
1276.1,-208.69,305.7,5.7999,0.61365,0.49319,0.0114,3.7515,0.13463,-0.066037
1276.2,-208.62,305.71,5.8013,0.61283,0.49212,0.016403,3.7515,0.13463,-0.066037
1276.3,-208.54,305.73,5.8032,0.61224,0.48985,0.021083,12.119,-2.9682e-15,1.5429e-15
1276.4,-208.46,305.74,5.8056,0.63048,0.48574,0.026876,12.119,-2.9682e-15,1.5429e-15
1276.5,-208.38,305.76,5.8085,0.64841,0.48033,0.031553,12.119,-2.9682e-15,1.5429e-15
1276.6,-208.3,305.77,5.8119,0.66599,0.47387,0.035164,12.119,-2.9682e-15,1.5429e-15
1276.7,-208.22,305.78,5.8155,0.68316,0.46661,0.037779,12.119,-2.9682e-15,1.5429e-15
1276.8,-208.14,305.79,5.8194,0.69988,0.45877,0.03948,12.119,-2.9682e-15,1.5429e-15
1276.9,-208.06,305.8,5.8234,0.71613,0.45057,0.040357,12.119,-2.9682e-15,1.5429e-15
1277,-207.97,305.81,5.8275,0.73186,0.44219,0.040494,12.119,-2.9682e-15,1.5429e-15
1277.1,-207.89,305.82,5.8315,0.74707,0.4338,0.039972,12.119,-2.9682e-15,1.5429e-15
1277.2,-207.8,305.82,5.8354,0.76174,0.42556,0.038864,12.119,-2.9682e-15,1.5429e-15
1277.3,-207.71,305.83,5.8393,0.77587,0.4176,0.037232,12.119,-2.9682e-15,1.5429e-15
1277.4,-207.62,305.83,5.8429,0.78945,0.41003,0.03513,12.119,-2.9682e-15,1.5429e-15
1277.5,-207.53,305.83,5.8463,0.80248,0.40295,0.032598,12.119,-2.9682e-15,1.5429e-15
1277.6,-207.44,305.84,5.8494,0.81497,0.39647,0.029668,12.119,-2.9682e-15,1.5429e-15
1277.7,-207.35,305.84,5.8522,0.82693,0.39067,0.026361,12.119,-2.9682e-15,1.5429e-15
1277.8,-207.26,305.84,5.8546,0.83835,0.38564,0.022688,12.119,-2.9682e-15,1.5429e-15
1277.9,-207.17,305.84,5.8567,0.84926,0.38145,0.018652,12.119,-2.9682e-15,1.5429e-15
1278,-207.07,305.84,5.8584,0.85965,0.3782,0.014246,12.119,-2.9682e-15,1.5429e-15
1278.1,-206.98,305.84,5.8595,0.86953,0.37598,0.0094536,12.119,-2.9682e-15,1.5429e-15
1278.2,-206.88,305.83,5.8602,0.87891,0.37488,0.0042512,12.119,-2.9682e-15,1.5429e-15
1278.3,-206.79,305.83,5.8604,0.8878,0.37499,-0.0014045,12.119,-2.9682e-15,1.5429e-15
1278.4,-206.69,305.83,5.8599,0.89618,0.37572,-0.0077966,12.119,-2.9682e-15,1.5429e-15
1278.5,-206.59,305.83,5.8588,0.90406,0.37684,-0.015058,12.119,-2.9682e-15,1.5429e-15
1278.6,-206.5,305.82,5.8569,0.9114,0.37841,-0.023199,12.119,-2.9682e-15,1.5429e-15
1278.7,-206.4,305.82,5.8541,0.91821,0.38051,-0.032199,12.119,-2.9682e-15,1.5429e-15
1278.8,-206.3,305.82,5.8504,0.92448,0.38321,-0.042007,12.119,-2.9682e-15,1.5429e-15
1278.9,-206.2,305.81,5.8457,0.93018,0.38657,-0.052533,12.119,-2.9682e-15,1.5429e-15
1279,-206.1,305.81,5.8399,0.93531,0.39065,-0.063651,12.119,-2.9682e-15,1.5429e-15
1279.1,-205.99,305.8,5.833,0.93986,0.39552,-0.075196,12.119,-2.9682e-15,1.5429e-15
1279.2,-205.89,305.8,5.8248,0.94383,0.40121,-0.086975,12.119,-2.9682e-15,1.5429e-15
1279.3,-205.79,305.79,5.8156,0.94723,0.40775,-0.098773,12.119,-2.9682e-15,1.5429e-15
1279.4,-205.69,305.78,5.8051,0.95005,0.41514,-0.11037,12.119,-2.9682e-15,1.5429e-15
1279.5,-205.58,305.78,5.7935,0.95231,0.42337,-0.12154,12.119,-2.9682e-15,1.5429e-15
1279.6,-205.48,305.77,5.7808,0.95402,0.4324,-0.13209,12.119,-2.9682e-15,1.5429e-15
1279.7,-205.37,305.76,5.7671,0.9552,0.44217,-0.14185,12.119,-2.9682e-15,1.5429e-15
1279.8,-205.27,305.75,5.7525,0.95589,0.45263,-0.15069,12.119,-2.9682e-15,1.5429e-15
1279.9,-205.16,305.74,5.737,0.95611,0.4637,-0.1585,12.119,-2.9682e-15,1.5429e-15
1280,-205.06,305.73,5.7208,0.95589,0.47528,-0.16523,12.119,-2.9682e-15,1.5429e-15
1280.1,-204.95,305.72,5.704,0.95527,0.4873,-0.17085,12.119,-2.9682e-15,1.5429e-15
1280.2,-204.84,305.71,5.6867,0.95429,0.49967,-0.17538,12.119,-2.9682e-15,1.5429e-15
1280.3,-204.74,305.7,5.669,0.953,0.5123,-0.17883,12.119,-2.9682e-15,1.5429e-15
1280.4,-204.63,305.68,5.6509,0.95143,0.52513,-0.18126,12.119,-2.9682e-15,1.5429e-15
1280.5,-204.52,305.67,5.6327,0.94964,0.53808,-0.18273,12.119,-2.9682e-15,1.5429e-15
1280.6,-204.41,305.65,5.6144,0.94765,0.5511,-0.18328,12.119,-2.9682e-15,1.5429e-15
1280.7,-204.3,305.64,5.5961,0.94552,0.56414,-0.183,12.119,-2.9682e-15,1.5429e-15
1280.8,-204.2,305.62,5.5779,0.94329,0.57716,-0.18194,12.119,-2.9682e-15,1.5429e-15
1280.9,-204.09,305.6,5.5597,0.941,0.59014,-0.18017,12.119,-2.9682e-15,1.5429e-15
1281,-203.98,305.59,5.5418,0.93868,0.60306,-0.17773,12.119,-2.9682e-15,1.5429e-15
1281.1,-203.87,305.57,5.5242,0.93638,0.6159,-0.17467,12.119,-2.9682e-15,1.5429e-15
1281.2,-203.76,305.55,5.5069,0.93414,0.62866,-0.17105,12.119,-2.9682e-15,1.5429e-15
1281.3,-203.64,305.52,5.49,0.93198,0.64133,-0.16688,12.119,-2.9682e-15,1.5429e-15
1281.4,-203.53,305.5,5.4736,0.92995,0.65394,-0.16219,12.119,-2.9682e-15,1.5429e-15
1281.5,-203.42,305.48,5.4576,0.92807,0.66648,-0.15701,12.119,-2.9682e-15,1.5429e-15
1281.6,-203.31,305.46,5.4422,0.92639,0.67898,-0.15135,12.119,-2.9682e-15,1.5429e-15
1281.7,-203.2,305.43,5.4273,0.92493,0.69147,-0.14519,12.119,-2.9682e-15,1.5429e-15
1281.8,-203.08,305.41,5.4132,0.92374,0.70396,-0.13854,12.119,-2.9682e-15,1.5429e-15
1281.9,-202.97,305.38,5.3997,0.92284,0.7165,-0.13138,12.119,-2.9682e-15,1.5429e-15
1282,-202.86,305.36,5.3869,0.92227,0.72911,-0.12367,12.119,-2.9682e-15,1.5429e-15
1282.1,-202.74,305.33,5.3749,0.92207,0.74184,-0.11537,12.119,-2.9682e-15,1.5429e-15
1282.2,-202.63,305.3,5.3638,0.9223,0.75475,-0.10642,12.119,-2.9682e-15,1.5429e-15
1282.3,-202.51,305.27,5.3537,0.92298,0.76787,-0.096736,12.119,-2.9682e-15,1.5429e-15
1282.4,-202.39,305.25,5.3445,0.92419,0.78129,-0.086204,12.119,-2.9682e-15,1.5429e-15
1282.5,-202.27,305.22,5.3365,0.92599,0.79506,-0.074682,12.119,-2.9682e-15,1.5429e-15
1282.6,-202.15,305.19,5.3296,0.92846,0.80928,-0.061978,12.119,-2.9682e-15,1.5429e-15
1282.7,-202.03,305.16,5.3241,0.93169,0.82405,-0.047833,12.119,-2.9682e-15,1.5429e-15
1282.8,-201.91,305.13,5.3201,0.93582,0.8395,-0.031896,12.119,-2.9682e-15,1.5429e-15
1282.9,-201.79,305.1,5.3178,0.941,0.85577,-0.013674,12.119,-2.9682e-15,1.5429e-15
1283,-201.66,305.07,5.3175,0.94744,0.87257,0.0073444,12.119,-2.9682e-15,1.5429e-15
1283.1,-201.54,305.05,5.3193,0.95531,0.88332,0.028867,12.119,-2.9682e-15,1.5429e-15
1283.2,-201.41,305.02,5.3232,0.96454,0.88583,0.048859,12.119,-2.9682e-15,1.5429e-15
1283.3,-201.28,304.99,5.329,0.9749,0.88053,0.066181,12.119,-2.9682e-15,1.5429e-15
1283.4,-201.15,304.96,5.3363,0.98607,0.86841,0.080165,12.119,-2.9682e-15,1.5429e-15
1283.5,-201.03,304.93,5.3449,0.99767,0.85079,0.090603,12.119,-2.9682e-15,1.5429e-15
1283.6,-200.9,304.9,5.3543,1.0094,0.82911,0.097647,12.119,-2.9682e-15,1.5429e-15
1283.7,-200.77,304.87,5.3643,1.0209,0.80476,0.10167,12.119,-2.9682e-15,1.5429e-15
1283.8,-200.65,304.83,5.3746,1.0319,0.77892,0.10313,12.119,-2.9682e-15,1.5429e-15
1283.9,-200.52,304.8,5.3849,1.0424,0.75257,0.10253,12.119,-2.9682e-15,1.5429e-15
1284,-200.4,304.77,5.395,1.0521,0.72648,0.10028,12.119,-2.9682e-15,1.5429e-15
1284.1,-200.28,304.73,5.4049,1.0611,0.70122,0.09677,12.119,-2.9682e-15,1.5429e-15
1284.2,-200.16,304.69,5.4144,1.0692,0.67722,0.092295,12.119,-2.9682e-15,1.5429e-15
1284.3,-200.04,304.65,5.4233,1.0766,0.65476,0.087091,12.119,-2.9682e-15,1.5429e-15
1284.4,-199.92,304.61,5.4318,1.0833,0.63405,0.081333,12.119,-2.9682e-15,1.5429e-15
1284.5,-199.8,304.57,5.4396,1.0892,0.61523,0.07515,12.119,-2.9682e-15,1.5429e-15
1284.6,-199.68,304.53,5.4468,1.0944,0.59841,0.068628,12.119,-2.9682e-15,1.5429e-15
1284.7,-199.56,304.49,5.4533,1.099,0.58364,0.061827,12.119,-2.9682e-15,1.5429e-15
1284.8,-199.45,304.45,5.4591,1.103,0.57099,0.054777,12.119,-2.9682e-15,1.5429e-15
1284.9,-199.33,304.41,5.4642,1.1064,0.56051,0.047494,12.119,-2.9682e-15,1.5429e-15
1285,-199.21,304.36,5.4686,1.1093,0.55226,0.039976,12.119,-2.9682e-15,1.5429e-15
1285.1,-199.1,304.32,5.4722,1.1117,0.54631,0.032214,12.119,-2.9682e-15,1.5429e-15
1285.2,-198.98,304.28,5.4751,1.1136,0.54275,0.024192,12.119,-2.9682e-15,1.5429e-15
1285.3,-198.86,304.24,5.4771,1.115,0.54168,0.01589,12.119,-2.9682e-15,1.5429e-15
1285.4,-198.75,304.19,5.4782,1.1159,0.54323,0.0072926,12.119,-2.9682e-15,1.5429e-15
1285.5,-198.63,304.15,5.4785,1.1165,0.54754,-0.0016195,12.119,-2.9682e-15,1.5429e-15
1285.6,-198.51,304.11,5.4779,1.1165,0.55325,-0.011368,12.119,-2.9682e-15,1.5429e-15
1285.7,-198.4,304.07,5.4762,1.1161,0.55965,-0.022194,12.119,-2.9682e-15,1.5429e-15
1285.8,-198.28,304.02,5.4734,1.1151,0.56683,-0.034003,12.119,-2.9682e-15,1.5429e-15
1285.9,-198.16,303.98,5.4694,1.1135,0.57486,-0.046629,12.119,-2.9682e-15,1.5429e-15
1286,-198.04,303.94,5.4641,1.1113,0.58377,-0.059834,12.119,-2.9682e-15,1.5429e-15
1286.1,-197.92,303.9,5.4574,1.1085,0.59361,-0.073313,12.119,-2.9682e-15,1.5429e-15
1286.2,-197.8,303.86,5.4494,1.105,0.6044,-0.086715,12.119,-2.9682e-15,1.5429e-15
1286.3,-197.69,303.82,5.4401,1.1009,0.61612,-0.099664,12.119,-2.9682e-15,1.5429e-15
1286.4,-197.57,303.78,5.4295,1.0962,0.62872,-0.11179,12.119,-2.9682e-15,1.5429e-15
1286.5,-197.45,303.73,5.4178,1.091,0.64216,-0.12276,12.119,-2.9682e-15,1.5429e-15
1286.6,-197.33,303.69,5.405,1.0852,0.65633,-0.13228,12.119,-2.9682e-15,1.5429e-15
1286.7,-197.21,303.65,5.3914,1.079,0.67115,-0.14014,12.119,-2.9682e-15,1.5429e-15
1286.8,-197.09,303.61,5.377,1.0725,0.68652,-0.14621,12.119,-2.9682e-15,1.5429e-15
1286.9,-196.97,303.57,5.3622,1.0657,0.70232,-0.15041,12.119,-2.9682e-15,1.5429e-15
1287,-196.85,303.53,5.347,1.0587,0.71848,-0.15274,12.119,-2.9682e-15,1.5429e-15
1287.1,-196.73,303.48,5.3317,1.0517,0.7349,-0.1532,12.119,-2.9682e-15,1.5429e-15
1287.2,-196.6,303.44,5.3164,1.0448,0.75154,-0.15187,12.119,-2.9682e-15,1.5429e-15
1287.3,-196.48,303.4,5.3014,1.038,0.76835,-0.14882,12.119,-2.9682e-15,1.5429e-15
1287.4,-196.36,303.35,5.2867,1.0315,0.78532,-0.1441,10.357,-1.5736,0.77186
1287.5,-196.24,303.31,5.2737,1.0223,0.79547,-0.11673,10.357,-1.5736,0.77186
1287.6,-196.12,303.26,5.2634,1.0151,0.80506,-0.08888,10.357,-1.5736,0.77186
1287.7,-196,303.22,5.2559,1.01,0.81436,-0.059772,10.357,-1.5736,0.77186
1287.8,-195.87,303.17,5.2515,1.0072,0.8236,-0.02846,10.357,-1.5736,0.77186
1287.9,-195.75,303.13,5.2504,1.0069,0.83283,0.0062806,10.357,-1.5736,0.77186
1288,-195.63,303.09,5.2528,1.0091,0.83292,0.041671,10.357,-1.5736,0.77186
1288.1,-195.5,303.04,5.2586,1.0137,0.81919,0.073669,10.357,-1.5736,0.77186
1288.2,-195.38,303,5.2673,1.0202,0.79313,0.10047,10.357,-1.5736,0.77186
1288.3,-195.26,302.95,5.2785,1.0278,0.7571,0.12148,10.357,-1.5736,0.77186
1288.4,-195.14,302.91,5.2914,1.036,0.71376,0.13705,10.357,-1.5736,0.77186
1288.5,-195.03,302.86,5.3057,1.0443,0.66555,0.14811,10.357,-1.5736,0.77186
1288.6,-194.92,302.81,5.321,1.0521,0.61449,0.15576,10.357,-1.5736,0.77186
1288.7,-194.81,302.76,5.3368,1.0593,0.56205,0.1611,10.357,-1.5736,0.77186
1288.8,-194.7,302.7,5.3531,1.0658,0.50928,0.16509,10.357,-1.5736,0.77186
1288.9,-194.6,302.65,5.3698,1.0714,0.45683,0.16851,10.357,-1.5736,0.77186
1289,-194.5,302.59,5.3868,1.0763,0.40507,0.17203,10.357,-1.5736,0.77186
1289.1,-194.4,302.53,5.4042,1.0803,0.35422,0.17613,10.357,-1.5736,0.77186
1289.2,-194.31,302.47,5.4221,1.0835,0.30435,0.18125,10.357,-1.5736,0.77186
1289.3,-194.21,302.4,5.4405,1.086,0.25547,0.18769,10.357,-1.5736,0.77186
1289.4,-194.12,302.34,5.4597,1.0879,0.20757,0.19572,10.357,-1.5736,0.77186
1289.5,-194.04,302.27,5.4797,1.089,0.16064,0.20552,10.357,-1.5736,0.77186
1289.6,-193.95,302.2,5.5009,1.0895,0.1147,0.21718,10.357,-1.5736,0.77186
1289.7,-193.86,302.13,5.5232,1.0893,0.06981,0.23073,10.357,-1.5736,0.77186
1289.8,-193.78,302.06,5.5471,1.0883,0.026094,0.2461,10.357,-1.5736,0.77186
1289.9,-193.7,301.99,5.5725,1.0866,-0.01645,0.26293,10.357,-1.5736,0.77186
1290,-193.62,301.92,5.5996,1.084,-0.059274,0.27906,10.357,-1.5736,0.77186
1290.1,-193.54,301.85,5.6283,1.0804,-0.10252,0.29357,10.357,-1.5736,0.77186
1290.2,-193.46,301.77,5.6583,1.0759,-0.14587,0.30615,10.357,-1.5736,0.77186
1290.3,-193.38,301.7,5.6894,1.0703,-0.189,0.31661,10.357,-1.5736,0.77186
1290.4,-193.3,301.62,5.7215,1.0636,-0.23158,0.32487,10.357,-1.5736,0.77186
1290.5,-193.23,301.54,5.7543,1.0558,-0.27333,0.33097,10.357,-1.5736,0.77186
1290.6,-193.15,301.47,5.7876,1.0471,-0.31403,0.33501,10.357,-1.5736,0.77186
1290.7,-193.07,301.39,5.8213,1.0375,-0.35348,0.33711,10.357,-1.5736,0.77186
1290.8,-192.99,301.31,5.855,1.027,-0.39154,0.33743,10.357,-1.5736,0.77186
1290.9,-192.92,301.23,5.8887,1.0158,-0.42812,0.33616,10.357,-1.5736,0.77186
1291,-192.84,301.15,5.9222,1.004,-0.46317,0.33344,10.357,-1.5736,0.77186
1291.1,-192.76,301.08,5.9553,0.99182,-0.49669,0.32944,10.357,-1.5736,0.77186
1291.2,-192.68,301,5.988,0.97926,-0.52868,0.32431,10.357,-1.5736,0.77186
1291.3,-192.61,300.92,6.0202,0.96648,-0.5592,0.31817,10.357,-1.5736,0.77186
1291.4,-192.53,300.84,6.0516,0.9536,-0.58831,0.31115,10.357,-1.5736,0.77186
1291.5,-192.45,300.76,6.0824,0.94074,-0.6161,0.30334,10.357,-1.5736,0.77186
1291.6,-192.37,300.68,6.1123,0.928,-0.64267,0.29484,10.357,-1.5736,0.77186
1291.7,-192.29,300.6,6.1413,0.91547,-0.66812,0.2857,10.357,-1.5736,0.77186
1291.8,-192.2,300.52,6.1694,0.90325,-0.69257,0.27599,10.357,-1.5736,0.77186
1291.9,-192.12,300.44,6.1965,0.89142,-0.71614,0.26575,10.357,-1.5736,0.77186
1292,-192.04,300.36,6.2225,0.88006,-0.73896,0.255,10.357,-1.5736,0.77186
1292.1,-191.96,300.28,6.2475,0.86924,-0.76118,0.24376,10.357,-1.5736,0.77186
1292.2,-191.87,300.21,6.2713,0.85902,-0.78292,0.23201,10.357,-1.5736,0.77186
1292.3,-191.79,300.13,6.2939,0.84947,-0.80433,0.21974,10.357,-1.5736,0.77186
1292.4,-191.7,300.05,6.3152,0.84067,-0.82558,0.20689,10.357,-1.5736,0.77186
1292.5,-191.61,299.97,6.3352,0.83267,-0.84681,0.1934,10.357,-1.5736,0.77186
1292.6,-191.52,299.89,6.3539,0.82554,-0.8682,0.17919,10.357,-1.5736,0.77186
1292.7,-191.44,299.8,6.371,0.81937,-0.88995,0.16411,10.357,-1.5736,0.77186
1292.8,-191.35,299.72,6.3866,0.81425,-0.91228,0.14798,10.357,-1.5736,0.77186
1292.9,-191.25,299.64,6.4006,0.81029,-0.93541,0.13059,10.357,-1.5736,0.77186
1293,-191.16,299.56,6.4127,0.80763,-0.95965,0.1116,10.357,-1.5736,0.77186
1293.1,-191.07,299.47,6.4228,0.80645,-0.98534,0.090566,10.357,-1.5736,0.77186
1293.2,-190.98,299.38,6.4307,0.80698,-1.0129,0.066875,10.357,-1.5736,0.77186
1293.3,-190.88,299.29,6.4361,0.80954,-1.0429,0.039619,10.357,-1.5736,0.77186
1293.4,-190.78,299.2,6.4385,0.8146,-1.0761,0.0074365,10.357,-1.5736,0.77186
1293.5,-190.69,299.11,6.4374,0.82274,-1.1072,-0.029101,10.357,-1.5736,0.77186
1293.6,-190.59,299.01,6.4328,0.83415,-1.1233,-0.063317,10.357,-1.5736,0.77186
1293.7,-190.49,298.91,6.4249,0.84835,-1.1247,-0.091775,10.357,-1.5736,0.77186
1293.8,-190.39,298.81,6.4147,0.86452,-1.1136,-0.11285,10.357,-1.5736,0.77186
1293.9,-190.29,298.71,6.4026,0.8817,-1.0934,-0.12645,10.357,-1.5736,0.77186
1294,-190.19,298.61,6.3896,0.89904,-1.0676,-0.13347,10.357,-1.5736,0.77186
1294.1,-190.09,298.52,6.3761,0.91588,-1.039,-0.13522,10.357,-1.5736,0.77186
1294.2,-189.98,298.42,6.3627,0.93176,-1.0099,-0.133,10.357,-1.5736,0.77186
1294.3,-189.88,298.33,6.3496,0.94642,-0.98199,-0.12794,10.357,-1.5736,0.77186
1294.4,-189.78,298.24,6.3371,0.95972,-0.9563,-0.12095,10.357,-1.5736,0.77186
1294.5,-189.68,298.15,6.3255,0.97164,-0.93357,-0.11271,10.357,-1.5736,0.77186
1294.6,-189.58,298.06,6.3146,0.98221,-0.91422,-0.10372,10.357,-1.5736,0.77186
1294.7,-189.48,297.97,6.3047,0.99148,-0.89849,-0.094366,10.357,-1.5736,0.77186
1294.8,-189.38,297.89,6.2958,0.99955,-0.88648,-0.084934,0.33525,-8.2113e-17,4.0864e-17
1294.9,-189.28,297.8,6.2867,0.98513,-0.86715,-0.096028,0.33525,-8.2113e-17,4.0864e-17
1295,-189.18,297.71,6.2766,0.97179,-0.84334,-0.1044,0.33525,-8.2113e-17,4.0864e-17
1295.1,-189.09,297.63,6.2659,0.95923,-0.8163,-0.11013,0.33525,-8.2113e-17,4.0864e-17
1295.2,-188.99,297.55,6.2547,0.94717,-0.78718,-0.11352,0.33525,-8.2113e-17,4.0864e-17
1295.3,-188.9,297.47,6.2433,0.93541,-0.75696,-0.11493,0.33525,-8.2113e-17,4.0864e-17
1295.4,-188.81,297.39,6.2318,0.9238,-0.72644,-0.11474,0.33525,-8.2113e-17,4.0864e-17
1295.5,-188.72,297.31,6.2204,0.91223,-0.69622,-0.1133,0.33525,-8.2113e-17,4.0864e-17
1295.6,-188.64,297.24,6.2091,0.90064,-0.66673,-0.11094,0.33525,-8.2113e-17,4.0864e-17
1295.7,-188.55,297.17,6.1982,0.889,-0.63827,-0.10791,0.33525,-8.2113e-17,4.0864e-17
1295.8,-188.47,297.1,6.1876,0.87731,-0.61102,-0.10441,0.33525,-8.2113e-17,4.0864e-17
1295.9,-188.39,297.03,6.1773,0.86558,-0.5851,-0.10062,0.33525,-8.2113e-17,4.0864e-17
1296,-188.31,296.96,6.1674,0.8538,-0.56054,-0.096663,0.33525,-8.2113e-17,4.0864e-17
1296.1,-188.23,296.9,6.158,0.84202,-0.53736,-0.092624,0.33525,-8.2113e-17,4.0864e-17
1296.2,-188.16,296.83,6.1489,0.83025,-0.51552,-0.088578,0.33525,-8.2113e-17,4.0864e-17
1296.3,-188.08,296.77,6.1403,0.81852,-0.49497,-0.084576,0.33525,-8.2113e-17,4.0864e-17
1296.4,-188.01,296.71,6.132,0.80685,-0.47568,-0.080653,0.33525,-8.2113e-17,4.0864e-17
1296.5,-187.94,296.65,6.1241,0.79526,-0.45756,-0.076835,0.33525,-8.2113e-17,4.0864e-17
1296.6,-187.87,296.6,6.1166,0.78377,-0.44055,-0.073139,0.33525,-8.2113e-17,4.0864e-17
1296.7,-187.8,296.54,6.1095,0.7724,-0.42459,-0.069574,0.33525,-8.2113e-17,4.0864e-17
1296.8,-187.73,296.49,6.1027,0.76117,-0.4096,-0.066147,0.33525,-8.2113e-17,4.0864e-17
1296.9,-187.66,296.43,6.0963,0.75008,-0.39552,-0.06286,0.33525,-8.2113e-17,4.0864e-17
1297,-187.6,296.38,6.0901,0.73915,-0.38229,-0.059713,0.33525,-8.2113e-17,4.0864e-17
1297.1,-187.53,296.33,6.0843,0.72839,-0.36986,-0.056704,0.33525,-8.2113e-17,4.0864e-17
1297.2,-187.47,296.28,6.0788,0.7178,-0.35816,-0.053829,0.33525,-8.2113e-17,4.0864e-17
1297.3,-187.41,296.23,6.0735,0.70739,-0.34715,-0.051085,0.33525,-8.2113e-17,4.0864e-17
1297.4,-187.34,296.18,6.0686,0.69717,-0.33677,-0.048466,0.33525,-8.2113e-17,4.0864e-17
1297.5,-187.28,296.13,6.0639,0.68713,-0.32699,-0.045969,0.33525,-8.2113e-17,4.0864e-17
1297.6,-187.22,296.09,6.0594,0.67729,-0.31775,-0.043588,0.33525,-8.2113e-17,4.0864e-17
1297.7,-187.17,296.04,6.0551,0.66763,-0.30904,-0.041318,0.33525,-8.2113e-17,4.0864e-17
1297.8,-187.11,296,6.0511,0.65817,-0.30079,-0.039154,0.33525,-8.2113e-17,4.0864e-17
1297.9,-187.05,295.95,6.0473,0.64889,-0.29299,-0.037092,0.33525,-8.2113e-17,4.0864e-17
1298,-187,295.91,6.0437,0.63981,-0.28561,-0.035126,0.33525,-8.2113e-17,4.0864e-17
1298.1,-186.94,295.87,6.0403,0.63092,-0.27861,-0.033253,0.33525,-8.2113e-17,4.0864e-17
1298.2,-186.89,295.83,6.037,0.62221,-0.27197,-0.031468,0.33525,-8.2113e-17,4.0864e-17
1298.3,-186.83,295.79,6.034,0.61368,-0.26567,-0.029767,0.33525,-8.2113e-17,4.0864e-17
1298.4,-186.78,295.74,6.0311,0.60534,-0.25967,-0.028146,0.33525,-8.2113e-17,4.0864e-17
1298.5,-186.73,295.7,6.0283,0.59718,-0.25397,-0.026602,0.33525,-8.2113e-17,4.0864e-17
1298.6,-186.68,295.67,6.0258,0.5892,-0.24854,-0.02513,0.33525,-8.2113e-17,4.0864e-17
1298.7,-186.63,295.63,6.0233,0.58138,-0.24337,-0.023729,0.33525,-8.2113e-17,4.0864e-17
1298.8,-186.58,295.59,6.021,0.57374,-0.23843,-0.022395,0.33525,-8.2113e-17,4.0864e-17
1298.9,-186.53,295.55,6.0188,0.56626,-0.23371,-0.021124,0.33525,-8.2113e-17,4.0864e-17
1299,-186.48,295.51,6.0168,0.55895,-0.2292,-0.019915,0.33525,-8.2113e-17,4.0864e-17
1299.1,-186.43,295.48,6.0148,0.5518,-0.22489,-0.018764,0.33525,-8.2113e-17,4.0864e-17
1299.2,-186.39,295.44,6.013,0.5448,-0.22075,-0.01767,0.33525,-8.2113e-17,4.0864e-17
1299.3,-186.34,295.41,6.0113,0.53796,-0.21679,-0.01663,0.33525,-8.2113e-17,4.0864e-17
1299.4,-186.3,295.37,6.0097,0.53126,-0.21298,-0.015642,0.33525,-8.2113e-17,4.0864e-17
1299.5,-186.25,295.34,6.0082,0.52472,-0.20932,-0.014703,0.33525,-8.2113e-17,4.0864e-17
1299.6,-186.21,295.3,6.0068,0.51831,-0.2058,-0.013812,0.33525,-8.2113e-17,4.0864e-17
1299.7,-186.16,295.27,6.0054,0.51205,-0.20241,-0.012968,0.33525,-8.2113e-17,4.0864e-17
1299.8,-186.12,295.23,6.0042,0.50592,-0.19914,-0.012167,0.33525,-8.2113e-17,4.0864e-17
1299.9,-186.08,295.2,6.003,0.49992,-0.19598,-0.011409,0.33525,-8.2113e-17,4.0864e-17
1300,-186.03,295.17,6.0019,0.49405,-0.19292,-0.010692,0.33525,-8.2113e-17,4.0864e-17
1300.1,-185.99,295.14,6.0008,0.48831,-0.18997,-0.010015,0.33525,-8.2113e-17,4.0864e-17
1300.2,-185.95,295.11,5.9999,0.48269,-0.18711,-0.009375,0.33525,-8.2113e-17,4.0864e-17
1300.3,-185.91,295.07,5.999,0.4772,-0.18433,-0.0087717,0.33525,-8.2113e-17,4.0864e-17
1300.4,-185.87,295.04,5.9981,0.47181,-0.18163,-0.0082035,0.33525,-8.2113e-17,4.0864e-17
1300.5,-185.83,295.01,5.9973,0.46655,-0.17901,-0.007669,0.33525,-8.2113e-17,4.0864e-17
1300.6,-185.79,294.98,5.9966,0.4614,-0.17646,-0.0071669,0.33525,-8.2113e-17,4.0864e-17
1300.7,-185.75,294.95,5.9959,0.45635,-0.17398,-0.0066961,0.33525,-8.2113e-17,4.0864e-17
1300.8,-185.71,294.92,5.9952,0.45141,-0.17155,-0.0062552,0.33525,-8.2113e-17,4.0864e-17
1300.9,-185.67,294.89,5.9946,0.44658,-0.16918,-0.005843,0.33525,-8.2113e-17,4.0864e-17
1301,-185.64,294.87,5.9941,0.44184,-0.16687,-0.0054584,0.33525,-8.2113e-17,4.0864e-17
1301.1,-185.6,294.84,5.9935,0.43721,-0.1646,-0.0051004,0.33525,-8.2113e-17,4.0864e-17
1301.2,-185.56,294.81,5.9931,0.43266,-0.16238,-0.0047677,0.33525,-8.2113e-17,4.0864e-17
1301.3,-185.52,294.78,5.9926,0.42822,-0.1602,-0.0044593,0.33525,-8.2113e-17,4.0864e-17
1301.4,-185.49,294.75,5.9922,0.42386,-0.15807,-0.0041741,0.33525,-8.2113e-17,4.0864e-17
1301.5,-185.45,294.73,5.9918,0.4196,-0.15597,-0.0039111,0.33525,-8.2113e-17,4.0864e-17
1301.6,-185.42,294.7,5.9914,0.41542,-0.1539,-0.0036694,0.33525,-8.2113e-17,4.0864e-17
1301.7,-185.38,294.67,5.991,0.41132,-0.15187,-0.0034479,0.33525,-8.2113e-17,4.0864e-17
1301.8,-185.35,294.65,5.9907,0.40731,-0.14987,-0.0032456,0.33525,-8.2113e-17,4.0864e-17
1301.9,-185.31,294.62,5.9904,0.40338,-0.14789,-0.0030616,0.33525,-8.2113e-17,4.0864e-17
1302,-185.28,294.6,5.9901,0.39953,-0.14595,-0.0028951,0.33525,-8.2113e-17,4.0864e-17
1302.1,-185.24,294.57,5.9898,0.39575,-0.14402,-0.002745,0.33525,-8.2113e-17,4.0864e-17
1302.2,-185.21,294.55,5.9895,0.39205,-0.14213,-0.0026106,0.33525,-8.2113e-17,4.0864e-17
1302.3,-185.18,294.52,5.9893,0.38842,-0.14025,-0.0024909,0.33525,-8.2113e-17,4.0864e-17
1302.4,-185.14,294.5,5.989,0.38487,-0.13839,-0.0023852,0.33525,-8.2113e-17,4.0864e-17
1302.5,-185.11,294.47,5.9888,0.38138,-0.13656,-0.0022926,0.33525,-8.2113e-17,4.0864e-17
1302.6,-185.08,294.45,5.9886,0.37796,-0.13474,-0.0022124,0.33525,-8.2113e-17,4.0864e-17
1302.7,-185.05,294.42,5.9883,0.37461,-0.13294,-0.0021437,0.33525,-8.2113e-17,4.0864e-17
1302.8,-185.02,294.4,5.9881,0.37132,-0.13115,-0.0020859,0.33525,-8.2113e-17,4.0864e-17
1302.9,-184.98,294.38,5.9879,0.36809,-0.12939,-0.0020382,0.33525,-8.2113e-17,4.0864e-17
1303,-184.95,294.35,5.9877,0.36493,-0.12763,-0.002,0.33525,-8.2113e-17,4.0864e-17
1303.1,-184.92,294.33,5.9875,0.36182,-0.12589,-0.0019705,0.33525,-8.2113e-17,4.0864e-17
1303.2,-184.89,294.31,5.9873,0.35878,-0.12417,-0.0019491,0.33525,-8.2113e-17,4.0864e-17
1303.3,-184.86,294.29,5.9871,0.35579,-0.12246,-0.0019353,0.33525,-8.2113e-17,4.0864e-17
1303.4,-184.83,294.26,5.9869,0.35285,-0.12076,-0.0019284,0.33525,-8.2113e-17,4.0864e-17
1303.5,-184.8,294.24,5.9868,0.34998,-0.11908,-0.0019278,0.33525,-8.2113e-17,4.0864e-17
1303.6,-184.77,294.22,5.9866,0.34715,-0.11741,-0.001933,0.33525,-8.2113e-17,4.0864e-17
1303.7,-184.74,294.2,5.9864,0.34438,-0.11575,-0.0019435,0.33525,-8.2113e-17,4.0864e-17
1303.8,-184.71,294.18,5.9862,0.34166,-0.1141,-0.0019588,0.33525,-8.2113e-17,4.0864e-17
1303.9,-184.68,294.16,5.986,0.33898,-0.11246,-0.0019784,0.33525,-8.2113e-17,4.0864e-17
1304,-184.65,294.14,5.9858,0.33636,-0.11084,-0.0020018,0.33525,-8.2113e-17,4.0864e-17
1304.1,-184.62,294.12,5.9856,0.33378,-0.10923,-0.0020287,0.33525,-8.2113e-17,4.0864e-17
1304.2,-184.59,294.1,5.9854,0.33125,-0.10763,-0.0020587,0.33525,-8.2113e-17,4.0864e-17
1304.3,-184.57,294.08,5.9852,0.32876,-0.10604,-0.0020913,0.33525,-8.2113e-17,4.0864e-17
1304.4,-184.54,294.06,5.985,0.32632,-0.10447,-0.0021262,0.33525,-8.2113e-17,4.0864e-17
1304.5,-184.51,294.04,5.9847,0.32392,-0.10291,-0.002163,0.33525,-8.2113e-17,4.0864e-17
1304.6,-184.48,294.02,5.9845,0.32156,-0.10136,-0.0022016,0.33525,-8.2113e-17,4.0864e-17
1304.7,-184.45,294,5.9843,0.31925,-0.099818,-0.0022414,0.33525,-8.2113e-17,4.0864e-17
1304.8,-184.43,293.98,5.9841,0.31697,-0.098292,-0.0022824,0.33525,-8.2113e-17,4.0864e-17
1304.9,-184.4,293.96,5.9838,0.31473,-0.096778,-0.0023242,0.33525,-8.2113e-17,4.0864e-17
1305,-184.37,293.94,5.9836,0.31253,-0.095277,-0.0023666,0.33525,-8.2113e-17,4.0864e-17
1305.1,-184.35,293.93,5.9834,0.31037,-0.093788,-0.0024094,0.33525,-8.2113e-17,4.0864e-17
1305.2,-184.32,293.91,5.9831,0.30825,-0.092312,-0.0024523,0.33525,-8.2113e-17,4.0864e-17
1305.3,-184.29,293.89,5.9829,0.30616,-0.09085,-0.0024952,0.33525,-8.2113e-17,4.0864e-17
1305.4,-184.27,293.87,5.9826,0.3041,-0.0894,-0.002538,0.33525,-8.2113e-17,4.0864e-17
1305.5,-184.24,293.85,5.9824,0.30208,-0.087964,-0.0025804,0.33525,-8.2113e-17,4.0864e-17
1305.6,-184.21,293.84,5.9821,0.30009,-0.086541,-0.0026224,0.33525,-8.2113e-17,4.0864e-17
1305.7,-184.19,293.82,5.9818,0.29814,-0.085132,-0.0026637,0.33525,-8.2113e-17,4.0864e-17
1305.8,-184.16,293.8,5.9816,0.29622,-0.083737,-0.0027044,0.33525,-8.2113e-17,4.0864e-17
1305.9,-184.14,293.79,5.9813,0.29432,-0.082355,-0.0027442,0.33525,-8.2113e-17,4.0864e-17
1306,-184.11,293.77,5.981,0.29246,-0.080987,-0.0027831,0.33525,-8.2113e-17,4.0864e-17
1306.1,-184.08,293.75,5.9807,0.29063,-0.079634,-0.002821,0.33525,-8.2113e-17,4.0864e-17
1306.2,-184.06,293.74,5.9805,0.28883,-0.078294,-0.0028579,0.33525,-8.2113e-17,4.0864e-17
1306.3,-184.03,293.72,5.9802,0.28706,-0.07697,-0.0028937,0.33525,-8.2113e-17,4.0864e-17
1306.4,-184.01,293.71,5.9799,0.28531,-0.075659,-0.0029283,0.33525,-8.2113e-17,4.0864e-17
1306.5,-183.98,293.69,5.9796,0.28359,-0.074363,-0.0029617,0.33525,-8.2113e-17,4.0864e-17
1306.6,-183.96,293.67,5.9793,0.2819,-0.073082,-0.0029938,0.33525,-8.2113e-17,4.0864e-17
1306.7,-183.93,293.66,5.979,0.28024,-0.071815,-0.0030247,0.33525,-8.2113e-17,4.0864e-17
1306.8,-183.91,293.64,5.9787,0.2786,-0.070564,-0.0030543,0.33525,-8.2113e-17,4.0864e-17
1306.9,-183.89,293.63,5.9784,0.27699,-0.069327,-0.0030825,0.33525,-8.2113e-17,4.0864e-17
1307,-183.86,293.61,5.9781,0.2754,-0.068105,-0.0031095,0.33525,-8.2113e-17,4.0864e-17
1307.1,-183.84,293.6,5.9778,0.27383,-0.066898,-0.0031351,0.33525,-8.2113e-17,4.0864e-17
1307.2,-183.81,293.59,5.9774,0.27229,-0.065706,-0.0031594,0.33525,-8.2113e-17,4.0864e-17
1307.3,-183.79,293.57,5.9771,0.27077,-0.064529,-0.0031823,9.7667,-0.32057,0.15724
1307.4,-183.76,293.56,5.977,0.29035,-0.064807,0.0012609,9.7667,-0.32057,0.15724
1307.5,-183.74,293.54,5.9774,0.3096,-0.065238,0.0057978,9.7667,-0.32057,0.15724
1307.6,-183.71,293.53,5.9782,0.32849,-0.065811,0.010447,9.7667,-0.32057,0.15724
1307.7,-183.68,293.51,5.9795,0.34702,-0.066548,0.01521,9.7667,-0.32057,0.15724
1307.8,-183.65,293.49,5.9812,0.36518,-0.067472,0.020088,9.7667,-0.32057,0.15724
1307.9,-183.61,293.47,5.9835,0.38296,-0.068603,0.025078,9.7667,-0.32057,0.15724
1308,-183.58,293.46,5.9863,0.40036,-0.069965,0.030179,9.7667,-0.32057,0.15724
1308.1,-183.54,293.44,5.9895,0.41737,-0.071578,0.035384,9.7667,-0.32057,0.15724
1308.2,-183.5,293.42,5.9933,0.43398,-0.073463,0.040688,9.7667,-0.32057,0.15724
1308.3,-183.46,293.4,5.9977,0.45019,-0.075638,0.046083,9.7667,-0.32057,0.15724
1308.4,-183.42,293.38,6.0026,0.466,-0.078122,0.051558,9.7667,-0.32057,0.15724
1308.5,-183.38,293.36,6.008,0.48139,-0.080933,0.057102,9.7667,-0.32057,0.15724
1308.6,-183.33,293.34,6.014,0.49638,-0.084084,0.062701,9.7667,-0.32057,0.15724
1308.7,-183.29,293.32,6.0205,0.51095,-0.08759,0.068342,9.7667,-0.32057,0.15724
1308.8,-183.24,293.29,6.0276,0.5251,-0.091461,0.074008,9.7667,-0.32057,0.15724
1308.9,-183.19,293.27,6.0353,0.53884,-0.095708,0.079683,9.7667,-0.32057,0.15724
1309,-183.14,293.25,6.0436,0.55215,-0.10034,0.085349,9.7667,-0.32057,0.15724
1309.1,-183.09,293.23,6.0524,0.56504,-0.10535,0.090989,9.7667,-0.32057,0.15724
1309.2,-183.03,293.2,6.0618,0.57751,-0.11076,0.096583,9.7667,-0.32057,0.15724
1309.3,-182.98,293.18,6.0717,0.58955,-0.11655,0.10211,9.7667,-0.32057,0.15724
1309.4,-182.92,293.15,6.0822,0.60117,-0.12273,0.10756,9.7667,-0.32057,0.15724
1309.5,-182.87,293.13,6.0932,0.61236,-0.12928,0.11291,9.7667,-0.32057,0.15724
1309.6,-182.81,293.11,6.1048,0.62313,-0.13621,0.11814,9.7667,-0.32057,0.15724
1309.7,-182.75,293.08,6.1168,0.63347,-0.14351,0.12324,9.7667,-0.32057,0.15724
1309.8,-182.69,293.06,6.1294,0.64338,-0.15115,0.12819,9.7667,-0.32057,0.15724
1309.9,-182.63,293.03,6.1425,0.65287,-0.15912,0.13297,9.7667,-0.32057,0.15724
1310,-182.56,293.01,6.156,0.66193,-0.16742,0.13757,9.7667,-0.32057,0.15724
1310.1,-182.5,292.98,6.17,0.67058,-0.17602,0.14199,9.7667,-0.32057,0.15724
1310.2,-182.43,292.96,6.1844,0.67881,-0.1849,0.14621,9.7667,-0.32057,0.15724
1310.3,-182.37,292.93,6.1992,0.68662,-0.19405,0.15022,9.7667,-0.32057,0.15724
1310.4,-182.3,292.91,6.2144,0.69403,-0.20343,0.15401,9.7667,-0.32057,0.15724
1310.5,-182.23,292.88,6.23,0.70102,-0.21304,0.15757,9.7667,-0.32057,0.15724
1310.6,-182.16,292.86,6.2459,0.70762,-0.22284,0.1609,9.7667,-0.32057,0.15724
1310.7,-182.09,292.83,6.2622,0.71383,-0.23283,0.164,9.7667,-0.32057,0.15724
1310.8,-182.02,292.81,6.2787,0.71965,-0.24296,0.16686,9.7667,-0.32057,0.15724
1310.9,-181.95,292.78,6.2956,0.7251,-0.25323,0.16949,9.7667,-0.32057,0.15724
1311,-181.87,292.76,6.3126,0.73018,-0.26361,0.17186,9.7667,-0.32057,0.15724
1311.1,-181.8,292.73,6.3299,0.7349,-0.27408,0.174,9.7667,-0.32057,0.15724
1311.2,-181.72,292.71,6.3474,0.73927,-0.28462,0.1759,9.7667,-0.32057,0.15724
1311.3,-181.65,292.69,6.3651,0.7433,-0.29521,0.17755,9.7667,-0.32057,0.15724
1311.4,-181.57,292.66,6.3829,0.74701,-0.30583,0.17897,9.7667,-0.32057,0.15724
1311.5,-181.49,292.64,6.4009,0.7504,-0.31647,0.18015,9.7667,-0.32057,0.15724
1311.6,-181.42,292.62,6.4189,0.7535,-0.3271,0.1811,9.7667,-0.32057,0.15724
1311.7,-181.34,292.6,6.4371,0.75631,-0.33772,0.18182,9.7667,-0.32057,0.15724
1311.8,-181.26,292.57,6.4553,0.75884,-0.3483,0.18232,9.7667,-0.32057,0.15724
1311.9,-181.17,292.55,6.4735,0.76112,-0.35884,0.1826,9.7667,-0.32057,0.15724
1312,-181.09,292.53,6.4918,0.76315,-0.36933,0.18266,9.7667,-0.32057,0.15724
1312.1,-181.01,292.51,6.5101,0.76495,-0.37975,0.18251,9.7667,-0.32057,0.15724
1312.2,-180.93,292.49,6.5283,0.76654,-0.3901,0.18215,9.7667,-0.32057,0.15724
1312.3,-180.84,292.47,6.5465,0.76793,-0.40036,0.18159,9.7667,-0.32057,0.15724
1312.4,-180.76,292.46,6.5646,0.76912,-0.41054,0.18084,9.7667,-0.32057,0.15724
1312.5,-180.67,292.44,6.5827,0.77015,-0.42062,0.1799,9.7667,-0.32057,0.15724
1312.6,-180.59,292.42,6.6006,0.77102,-0.4306,0.17878,9.7667,-0.32057,0.15724
1312.7,-180.5,292.4,6.6184,0.77175,-0.44048,0.17747,9.7667,-0.32057,0.15724
1312.8,-180.41,292.39,6.6361,0.77236,-0.45027,0.17599,9.7667,-0.32057,0.15724
1312.9,-180.32,292.37,6.6536,0.77285,-0.45994,0.17433,9.7667,-0.32057,0.15724
1313,-180.23,292.36,6.6709,0.77324,-0.46952,0.17251,9.7667,-0.32057,0.15724
1313.1,-180.14,292.35,6.6881,0.77354,-0.479,0.17053,9.7667,-0.32057,0.15724
1313.2,-180.05,292.33,6.705,0.77378,-0.48837,0.16838,9.7667,-0.32057,0.15724
1313.3,-179.96,292.32,6.7218,0.77396,-0.49766,0.16608,9.7667,-0.32057,0.15724
1313.4,-179.87,292.31,6.7383,0.77409,-0.50685,0.16362,9.7667,-0.32057,0.15724
1313.5,-179.78,292.3,6.7545,0.77419,-0.51596,0.16101,9.7667,-0.32057,0.15724
1313.6,-179.69,292.29,6.7704,0.77427,-0.52498,0.15825,9.7667,-0.32057,0.15724
1313.7,-179.59,292.28,6.7861,0.77435,-0.53394,0.15533,9.7667,-0.32057,0.15724
1313.8,-179.5,292.27,6.8015,0.77444,-0.54283,0.15226,9.7667,-0.32057,0.15724
1313.9,-179.4,292.26,6.8166,0.77454,-0.55166,0.14904,9.7667,-0.32057,0.15724
1314,-179.31,292.25,6.8313,0.77467,-0.56045,0.14566,3.614,-8.8518e-16,4.4669e-16
1314.1,-179.21,292.24,6.8455,0.76133,-0.56765,0.13751,3.614,-8.8518e-16,4.4669e-16
1314.2,-179.12,292.24,6.8588,0.74871,-0.57441,0.12893,3.614,-8.8518e-16,4.4669e-16
1314.3,-179.03,292.23,6.8712,0.73684,-0.58077,0.11996,3.614,-8.8518e-16,4.4669e-16
1314.4,-178.93,292.22,6.8828,0.72571,-0.58681,0.11062,3.614,-8.8518e-16,4.4669e-16
1314.5,-178.84,292.21,6.8934,0.71534,-0.59255,0.10091,3.614,-8.8518e-16,4.4669e-16
1314.6,-178.75,292.21,6.903,0.70573,-0.59806,0.090844,3.614,-8.8518e-16,4.4669e-16
1314.7,-178.66,292.2,6.9115,0.69688,-0.6034,0.08038,3.614,-8.8518e-16,4.4669e-16
1314.8,-178.56,292.19,6.919,0.68881,-0.60862,0.069479,3.614,-8.8518e-16,4.4669e-16
1314.9,-178.47,292.18,6.9254,0.68154,-0.61378,0.058077,3.614,-8.8518e-16,4.4669e-16
1315,-178.38,292.17,6.9306,0.67506,-0.61895,0.046081,3.614,-8.8518e-16,4.4669e-16
1315.1,-178.29,292.16,6.9346,0.66942,-0.62417,0.033371,3.614,-8.8518e-16,4.4669e-16
1315.2,-178.2,292.16,6.9373,0.66464,-0.62954,0.019783,3.614,-8.8518e-16,4.4669e-16
1315.3,-178.11,292.15,6.9385,0.66076,-0.63513,0.005095,3.614,-8.8518e-16,4.4669e-16
1315.4,-178.02,292.14,6.9382,0.65784,-0.63995,-0.010554,3.614,-8.8518e-16,4.4669e-16
1315.5,-177.93,292.12,6.9364,0.65587,-0.64056,-0.025633,3.614,-8.8518e-16,4.4669e-16
1315.6,-177.84,292.11,6.9332,0.65478,-0.63686,-0.03943,3.614,-8.8518e-16,4.4669e-16
1315.7,-177.74,292.1,6.9286,0.65444,-0.62921,-0.051502,3.614,-8.8518e-16,4.4669e-16
1315.8,-177.65,292.09,6.9229,0.65468,-0.61815,-0.061608,3.614,-8.8518e-16,4.4669e-16
1315.9,-177.57,292.08,6.9163,0.65535,-0.60429,-0.069689,3.614,-8.8518e-16,4.4669e-16
1316,-177.48,292.07,6.909,0.6563,-0.58827,-0.075828,3.614,-8.8518e-16,4.4669e-16
1316.1,-177.39,292.06,6.9012,0.65739,-0.57069,-0.080201,3.614,-8.8518e-16,4.4669e-16
1316.2,-177.3,292.05,6.8931,0.6585,-0.5521,-0.083029,3.614,-8.8518e-16,4.4669e-16
1316.3,-177.22,292.05,6.8847,0.65955,-0.53293,-0.084552,3.614,-8.8518e-16,4.4669e-16
1316.4,-177.14,292.04,6.8762,0.66048,-0.51358,-0.085002,3.614,-8.8518e-16,4.4669e-16
1316.5,-177.05,292.04,6.8677,0.66123,-0.49432,-0.084587,3.614,-8.8518e-16,4.4669e-16
1316.6,-176.97,292.03,6.8593,0.66179,-0.47538,-0.083493,3.614,-8.8518e-16,4.4669e-16
1316.7,-176.89,292.03,6.851,0.66213,-0.45692,-0.081873,3.614,-8.8518e-16,4.4669e-16
1316.8,-176.81,292.03,6.8429,0.66226,-0.43906,-0.079857,3.614,-8.8518e-16,4.4669e-16
1316.9,-176.73,292.02,6.8351,0.66218,-0.42186,-0.077549,3.614,-8.8518e-16,4.4669e-16
1317,-176.65,292.02,6.8274,0.66188,-0.40538,-0.075033,3.614,-8.8518e-16,4.4669e-16
1317.1,-176.58,292.02,6.82,0.6614,-0.38965,-0.072374,3.614,-8.8518e-16,4.4669e-16
1317.2,-176.5,292.02,6.8129,0.66073,-0.37466,-0.069626,3.614,-8.8518e-16,4.4669e-16
1317.3,-176.42,292.03,6.8061,0.65991,-0.36042,-0.066827,3.614,-8.8518e-16,4.4669e-16
1317.4,-176.35,292.03,6.7996,0.65893,-0.34691,-0.064009,3.614,-8.8518e-16,4.4669e-16
1317.5,-176.27,292.03,6.7933,0.65781,-0.33411,-0.061194,3.614,-8.8518e-16,4.4669e-16
1317.6,-176.2,292.03,6.7873,0.65658,-0.322,-0.058399,3.614,-8.8518e-16,4.4669e-16
1317.7,-176.13,292.04,6.7816,0.65524,-0.31055,-0.055637,3.614,-8.8518e-16,4.4669e-16
1317.8,-176.06,292.04,6.7762,0.65381,-0.29974,-0.052915,3.614,-8.8518e-16,4.4669e-16
1317.9,-175.99,292.05,6.7711,0.65229,-0.28953,-0.050239,3.614,-8.8518e-16,4.4669e-16
1318,-175.91,292.05,6.7662,0.65071,-0.27991,-0.047612,3.614,-8.8518e-16,4.4669e-16
1318.1,-175.84,292.06,6.7615,0.64906,-0.27084,-0.045035,3.614,-8.8518e-16,4.4669e-16
1318.2,-175.77,292.06,6.7572,0.64737,-0.26229,-0.042508,3.614,-8.8518e-16,4.4669e-16
1318.3,-175.7,292.07,6.753,0.64564,-0.25426,-0.040029,3.614,-8.8518e-16,4.4669e-16
1318.4,-175.64,292.08,6.7491,0.64387,-0.2467,-0.037595,3.614,-8.8518e-16,4.4669e-16
1318.5,-175.57,292.08,6.7455,0.64207,-0.2396,-0.035205,3.614,-8.8518e-16,4.4669e-16
1318.6,-175.5,292.09,6.7421,0.64025,-0.23295,-0.032853,3.614,-8.8518e-16,4.4669e-16
1318.7,-175.43,292.1,6.7389,0.63842,-0.22671,-0.030536,3.614,-8.8518e-16,4.4669e-16
1318.8,-175.36,292.11,6.736,0.63657,-0.22088,-0.028249,3.614,-8.8518e-16,4.4669e-16
1318.9,-175.3,292.11,6.7333,0.63472,-0.21544,-0.025988,3.614,-8.8518e-16,4.4669e-16
1319,-175.23,292.12,6.7308,0.63287,-0.21037,-0.023748,3.614,-8.8518e-16,4.4669e-16
1319.1,-175.17,292.13,6.7285,0.63101,-0.20567,-0.021522,3.614,-8.8518e-16,4.4669e-16
1319.2,-175.1,292.14,6.7265,0.62916,-0.20131,-0.019306,3.614,-8.8518e-16,4.4669e-16
1319.3,-175.03,292.15,6.7247,0.62732,-0.1973,-0.017093,3.614,-8.8518e-16,4.4669e-16
1319.4,-174.97,292.16,6.7231,0.62548,-0.19362,-0.014878,3.614,-8.8518e-16,4.4669e-16
1319.5,-174.91,292.17,6.7217,0.62365,-0.19026,-0.012655,3.614,-8.8518e-16,4.4669e-16
1319.6,-174.84,292.18,6.7205,0.62183,-0.18723,-0.010416,3.614,-8.8518e-16,4.4669e-16
1319.7,-174.78,292.19,6.7196,0.62002,-0.1845,-0.0081547,3.614,-8.8518e-16,4.4669e-16
1319.8,-174.71,292.2,6.7189,0.61823,-0.18209,-0.0058644,3.614,-8.8518e-16,4.4669e-16
1319.9,-174.65,292.21,6.7184,0.61644,-0.17999,-0.0035373,3.614,-8.8518e-16,4.4669e-16
1320,-174.59,292.21,6.7182,0.61467,-0.1782,-0.0011657,3.614,-8.8518e-16,4.4669e-16
1320.1,-174.52,292.22,6.7182,0.61291,-0.17669,0.0012682,3.614,-8.8518e-16,4.4669e-16
1320.2,-174.46,292.23,6.7185,0.61116,-0.17531,0.0038208,3.614,-8.8518e-16,4.4669e-16
1320.3,-174.4,292.24,6.719,0.60942,-0.17405,0.0064976,3.614,-8.8518e-16,4.4669e-16
1320.4,-174.33,292.25,6.7198,0.60769,-0.17292,0.009294,3.614,-8.8518e-16,4.4669e-16
1320.5,-174.27,292.26,6.7208,0.60596,-0.17192,0.012204,3.614,-8.8518e-16,4.4669e-16
1320.6,-174.21,292.27,6.7222,0.60424,-0.17105,0.015219,3.614,-8.8518e-16,4.4669e-16
1320.7,-174.15,292.28,6.7239,0.60252,-0.17033,0.018329,3.614,-8.8518e-16,4.4669e-16
1320.8,-174.09,292.3,6.7259,0.6008,-0.16975,0.021523,3.614,-8.8518e-16,4.4669e-16
1320.9,-174.03,292.31,6.7282,0.59909,-0.16932,0.024787,3.614,-8.8518e-16,4.4669e-16
1321,-173.96,292.32,6.7308,0.59738,-0.16904,0.028108,3.614,-8.8518e-16,4.4669e-16
1321.1,-173.9,292.33,6.7338,0.59566,-0.16892,0.031468,3.614,-8.8518e-16,4.4669e-16
1321.2,-173.84,292.34,6.7371,0.59395,-0.16895,0.034852,3.614,-8.8518e-16,4.4669e-16
1321.3,-173.78,292.35,6.7408,0.59223,-0.16915,0.038241,3.614,-8.8518e-16,4.4669e-16
1321.4,-173.72,292.36,6.7448,0.59051,-0.16949,0.041618,3.614,-8.8518e-16,4.4669e-16
1321.5,-173.66,292.37,6.7491,0.58879,-0.16999,0.044964,3.614,-8.8518e-16,4.4669e-16
1321.6,-173.6,292.38,6.7538,0.58707,-0.17064,0.048262,3.614,-8.8518e-16,4.4669e-16
1321.7,-173.54,292.39,6.7588,0.58535,-0.17144,0.051494,3.614,-8.8518e-16,4.4669e-16
1321.8,-173.48,292.41,6.7641,0.58362,-0.17237,0.054645,3.614,-8.8518e-16,4.4669e-16
1321.9,-173.42,292.42,6.7697,0.5819,-0.17344,0.057698,3.614,-8.8518e-16,4.4669e-16
1322,-173.36,292.43,6.7756,0.58017,-0.17464,0.060641,3.614,-8.8518e-16,4.4669e-16
1322.1,-173.3,292.44,6.7818,0.57844,-0.17596,0.063461,3.614,-8.8518e-16,4.4669e-16
1322.2,-173.24,292.45,6.7883,0.57671,-0.17739,0.066148,3.614,-8.8518e-16,4.4669e-16
1322.3,-173.18,292.47,6.795,0.57498,-0.17892,0.068694,3.614,-8.8518e-16,4.4669e-16
1322.4,-173.13,292.48,6.802,0.57325,-0.18055,0.071091,3.614,-8.8518e-16,4.4669e-16
1322.5,-173.07,292.49,6.8093,0.57152,-0.18226,0.073334,3.614,-8.8518e-16,4.4669e-16
1322.6,-173.01,292.5,6.8167,0.5698,-0.18404,0.075421,3.614,-8.8518e-16,4.4669e-16
1322.7,-172.95,292.52,6.8243,0.56808,-0.18589,0.07735,3.614,-8.8518e-16,4.4669e-16
1322.8,-172.89,292.53,6.8322,0.56637,-0.18779,0.079121,3.614,-8.8518e-16,4.4669e-16
1322.9,-172.83,292.54,6.8402,0.56467,-0.18974,0.080734,3.614,-8.8518e-16,4.4669e-16
1323,-172.78,292.56,6.8483,0.56297,-0.19173,0.082193,3.614,-8.8518e-16,4.4669e-16
1323.1,-172.72,292.57,6.8566,0.56128,-0.19374,0.083501,3.614,-8.8518e-16,4.4669e-16
1323.2,-172.66,292.59,6.865,0.5596,-0.19577,0.084662,3.614,-8.8518e-16,4.4669e-16
1323.3,-172.6,292.6,6.8735,0.55794,-0.19782,0.085681,3.614,-8.8518e-16,4.4669e-16
1323.4,-172.55,292.62,6.8821,0.55628,-0.19986,0.086564,3.614,-8.8518e-16,4.4669e-16
1323.5,-172.49,292.63,6.8908,0.55465,-0.20191,0.087318,3.614,-8.8518e-16,4.4669e-16
1323.6,-172.43,292.65,6.8996,0.55303,-0.20395,0.087947,3.614,-8.8518e-16,4.4669e-16
1323.7,-172.37,292.66,6.9084,0.55142,-0.20597,0.08846,3.614,-8.8518e-16,4.4669e-16
1323.8,-172.32,292.68,6.9173,0.54984,-0.20797,0.088862,3.614,-8.8518e-16,4.4669e-16
1323.9,-172.26,292.69,6.9262,0.54827,-0.20995,0.08916,3.614,-8.8518e-16,4.4669e-16
1324,-172.21,292.71,6.9351,0.54673,-0.2119,0.089361,3.614,-8.8518e-16,4.4669e-16
1324.1,-172.15,292.73,6.944,0.5452,-0.21382,0.089472,3.614,-8.8518e-16,4.4669e-16
1324.2,-172.09,292.74,6.953,0.54371,-0.2157,0.089498,3.614,-8.8518e-16,4.4669e-16
1324.3,-172.04,292.76,6.9619,0.54223,-0.21754,0.089445,3.614,-8.8518e-16,4.4669e-16
1324.4,-171.98,292.78,6.9709,0.54078,-0.21935,0.089321,3.614,-8.8518e-16,4.4669e-16
1324.5,-171.93,292.79,6.9798,0.53936,-0.22111,0.08913,3.614,-8.8518e-16,4.4669e-16
1324.6,-171.87,292.81,6.9887,0.53796,-0.22282,0.088877,3.614,-8.8518e-16,4.4669e-16
1324.7,-171.81,292.83,6.9976,0.53659,-0.22449,0.088569,3.614,-8.8518e-16,4.4669e-16
1324.8,-171.76,292.85,7.0064,0.53525,-0.22611,0.088209,3.614,-8.8518e-16,4.4669e-16
1324.9,-171.7,292.87,7.0152,0.53394,-0.22768,0.087802,3.614,-8.8518e-16,4.4669e-16
1325,-171.65,292.89,7.024,0.53265,-0.2292,0.087354,3.614,-8.8518e-16,4.4669e-16
1325.1,-171.59,292.91,7.0327,0.5314,-0.23067,0.086867,3.614,-8.8518e-16,4.4669e-16
1325.2,-171.54,292.93,7.0413,0.53018,-0.2321,0.086346,3.614,-8.8518e-16,4.4669e-16
1325.3,-171.49,292.94,7.05,0.52898,-0.23347,0.085794,3.614,-8.8518e-16,4.4669e-16
1325.4,-171.43,292.96,7.0585,0.52782,-0.23479,0.085215,3.614,-8.8518e-16,4.4669e-16
1325.5,-171.38,292.99,7.067,0.52669,-0.23607,0.084612,3.614,-8.8518e-16,4.4669e-16
1325.6,-171.32,293.01,7.0754,0.52559,-0.23729,0.083987,3.614,-8.8518e-16,4.4669e-16
1325.7,-171.27,293.03,7.0838,0.52452,-0.23847,0.083345,3.614,-8.8518e-16,4.4669e-16
1325.8,-171.22,293.05,7.0921,0.52348,-0.2396,0.082686,3.614,-8.8518e-16,4.4669e-16
1325.9,-171.16,293.07,7.1003,0.52247,-0.24068,0.082014,3.614,-8.8518e-16,4.4669e-16
1326,-171.11,293.09,7.1085,0.52149,-0.24171,0.08133,3.614,-8.8518e-16,4.4669e-16
1326.1,-171.06,293.11,7.1166,0.52054,-0.2427,0.080637,3.614,-8.8518e-16,4.4669e-16
1326.2,-171,293.14,7.1246,0.51963,-0.24365,0.079937,3.614,-8.8518e-16,4.4669e-16
1326.3,-170.95,293.16,7.1326,0.51874,-0.24455,0.079231,3.614,-8.8518e-16,4.4669e-16
1326.4,-170.9,293.18,7.1405,0.51789,-0.2454,0.078522,3.614,-8.8518e-16,4.4669e-16
1326.5,-170.85,293.2,7.1483,0.51706,-0.24622,0.07781,3.614,-8.8518e-16,4.4669e-16
1326.6,-170.79,293.23,7.156,0.51626,-0.24699,0.077097,3.614,-8.8518e-16,4.4669e-16
1326.7,-170.74,293.25,7.1637,0.51549,-0.24772,0.076385,3.614,-8.8518e-16,4.4669e-16
1326.8,-170.69,293.28,7.1713,0.51475,-0.24842,0.075674,3.614,-8.8518e-16,4.4669e-16
1326.9,-170.64,293.3,7.1788,0.51404,-0.24907,0.074965,3.614,-8.8518e-16,4.4669e-16
1327,-170.59,293.32,7.1863,0.51336,-0.24969,0.074261,3.614,-8.8518e-16,4.4669e-16
1327.1,-170.54,293.35,7.1937,0.5127,-0.25027,0.073561,3.614,-8.8518e-16,4.4669e-16
1327.2,-170.48,293.38,7.201,0.51207,-0.25082,0.072866,0.13843,-0.00094822,0.0004651
1327.3,-170.43,293.4,7.2083,0.50374,-0.2513,0.072072,0.13843,-0.00094822,0.0004651
1327.4,-170.38,293.43,7.2154,0.49562,-0.25166,0.071061,0.13843,-0.00094822,0.0004651
1327.5,-170.33,293.45,7.2225,0.48772,-0.25191,0.069856,0.13843,-0.00094822,0.0004651
1327.6,-170.29,293.47,7.2294,0.48003,-0.25203,0.068478,0.13843,-0.00094822,0.0004651
1327.7,-170.24,293.5,7.2362,0.47256,-0.25204,0.066948,0.13843,-0.00094822,0.0004651
1327.8,-170.19,293.52,7.2428,0.46529,-0.25193,0.065285,0.13843,-0.00094822,0.0004651
1327.9,-170.14,293.55,7.2492,0.45823,-0.25171,0.063506,0.13843,-0.00094822,0.0004651
1328,-170.1,293.57,7.2555,0.45136,-0.25138,0.061626,0.13843,-0.00094822,0.0004651
1328.1,-170.05,293.59,7.2615,0.4447,-0.25093,0.05966,0.13843,-0.00094822,0.0004651
1328.2,-170.01,293.61,7.2674,0.43823,-0.25038,0.057621,0.13843,-0.00094822,0.0004651
1328.3,-169.96,293.64,7.2731,0.43194,-0.24973,0.05552,0.13843,-0.00094822,0.0004651
1328.4,-169.92,293.66,7.2785,0.42584,-0.24898,0.053369,0.13843,-0.00094822,0.0004651
1328.5,-169.87,293.68,7.2837,0.41992,-0.24814,0.051176,0.13843,-0.00094822,0.0004651
1328.6,-169.83,293.7,7.2887,0.41418,-0.24721,0.04895,0.13843,-0.00094822,0.0004651
1328.7,-169.79,293.73,7.2935,0.40861,-0.24619,0.046697,0.13843,-0.00094822,0.0004651
1328.8,-169.74,293.75,7.2981,0.40321,-0.24509,0.044425,0.13843,-0.00094822,0.0004651
1328.9,-169.7,293.77,7.3024,0.39797,-0.24391,0.042139,0.13843,-0.00094822,0.0004651
1329,-169.66,293.79,7.3065,0.39289,-0.24266,0.039844,0.13843,-0.00094822,0.0004651
1329.1,-169.62,293.81,7.3104,0.38797,-0.24134,0.037543,0.13843,-0.00094822,0.0004651
1329.2,-169.58,293.83,7.314,0.38319,-0.23996,0.035241,0.13843,-0.00094822,0.0004651
1329.3,-169.54,293.85,7.3174,0.37856,-0.23852,0.03294,0.13843,-0.00094822,0.0004651
1329.4,-169.5,293.87,7.3206,0.37408,-0.23701,0.030642,0.13843,-0.00094822,0.0004651
1329.5,-169.46,293.89,7.3236,0.36973,-0.23546,0.028351,0.13843,-0.00094822,0.0004651
1329.6,-169.42,293.91,7.3263,0.36552,-0.23385,0.026067,0.13843,-0.00094822,0.0004651
1329.7,-169.38,293.93,7.3288,0.36144,-0.23219,0.023791,0.13843,-0.00094822,0.0004651
1329.8,-169.34,293.95,7.331,0.35748,-0.23049,0.021525,0.13843,-0.00094822,0.0004651
1329.9,-169.31,293.97,7.3331,0.35365,-0.22875,0.019268,0.13843,-0.00094822,0.0004651
1330,-169.27,293.99,7.3349,0.34993,-0.22697,0.017021,0.13843,-0.00094822,0.0004651
1330.1,-169.23,294.01,7.3365,0.34634,-0.22515,0.014784,0.13843,-0.00094822,0.0004651
1330.2,-169.2,294.03,7.3378,0.34285,-0.2233,0.012556,0.13843,-0.00094822,0.0004651
1330.3,-169.16,294.05,7.339,0.33947,-0.22142,0.010337,0.13843,-0.00094822,0.0004651
1330.4,-169.12,294.06,7.3399,0.3362,-0.2195,0.0081261,0.13843,-0.00094822,0.0004651
1330.5,-169.09,294.08,7.3406,0.33303,-0.21756,0.0059215,0.13843,-0.00094822,0.0004651
1330.6,-169.05,294.1,7.3411,0.32996,-0.21559,0.003722,0.13843,-0.00094822,0.0004651
1330.7,-169.02,294.12,7.3414,0.32699,-0.2136,0.0015261,0.13843,-0.00094822,0.0004651
1330.8,-168.98,294.14,7.3414,0.32411,-0.21158,-0.00066458,0.13843,-0.00094822,0.0004651
1330.9,-168.95,294.15,7.3412,0.32132,-0.20937,-0.0027919,0.13843,-0.00094822,0.0004651
1331,-168.92,294.17,7.3408,0.31862,-0.20694,-0.0048263,0.13843,-0.00094822,0.0004651
1331.1,-168.88,294.19,7.3403,0.316,-0.20431,-0.0067583,0.13843,-0.00094822,0.0004651
1331.2,-168.85,294.21,7.3395,0.31346,-0.20148,-0.0085805,0.13843,-0.00094822,0.0004651
1331.3,-168.82,294.22,7.3386,0.31099,-0.19848,-0.010288,0.13843,-0.00094822,0.0004651
1331.4,-168.78,294.24,7.3374,0.30859,-0.19532,-0.011876,0.13843,-0.00094822,0.0004651
1331.5,-168.75,294.26,7.3362,0.30625,-0.19203,-0.013344,0.13843,-0.00094822,0.0004651
1331.6,-168.72,294.28,7.3348,0.30397,-0.18862,-0.014693,0.13843,-0.00094822,0.0004651
1331.7,-168.69,294.29,7.3332,0.30175,-0.18511,-0.015922,0.13843,-0.00094822,0.0004651
1331.8,-168.66,294.31,7.3316,0.29958,-0.18152,-0.017036,0.13843,-0.00094822,0.0004651
1331.9,-168.63,294.33,7.3298,0.29745,-0.17786,-0.018037,0.13843,-0.00094822,0.0004651
1332,-168.6,294.34,7.328,0.29537,-0.17414,-0.018929,0.13843,-0.00094822,0.0004651
1332.1,-168.57,294.36,7.3261,0.29333,-0.17039,-0.019719,0.13843,-0.00094822,0.0004651
1332.2,-168.54,294.38,7.3241,0.29133,-0.16661,-0.02041,0.13843,-0.00094822,0.0004651
1332.3,-168.51,294.39,7.322,0.28936,-0.16282,-0.021009,0.13843,-0.00094822,0.0004651
1332.4,-168.48,294.41,7.3199,0.28743,-0.15904,-0.021522,0.13843,-0.00094822,0.0004651
1332.5,-168.45,294.43,7.3177,0.28552,-0.15525,-0.021954,0.13843,-0.00094822,0.0004651
1332.6,-168.43,294.44,7.3155,0.28365,-0.15149,-0.022311,0.13843,-0.00094822,0.0004651
1332.7,-168.4,294.46,7.3132,0.2818,-0.14776,-0.022599,0.13843,-0.00094822,0.0004651
1332.8,-168.37,294.48,7.3109,0.27997,-0.14406,-0.022823,0.13843,-0.00094822,0.0004651
1332.9,-168.35,294.49,7.3087,0.27817,-0.1404,-0.022989,0.13843,-0.00094822,0.0004651
1333,-168.32,294.51,7.3064,0.27639,-0.13678,-0.023101,0.13843,-0.00094822,0.0004651
1333.1,-168.29,294.53,7.304,0.27464,-0.13322,-0.023166,0.13843,-0.00094822,0.0004651
1333.2,-168.27,294.54,7.3017,0.2729,-0.12971,-0.023186,0.13843,-0.00094822,0.0004651
1333.3,-168.24,294.56,7.2994,0.27118,-0.12626,-0.023167,0.13843,-0.00094822,0.0004651
1333.4,-168.22,294.58,7.2971,0.26948,-0.12287,-0.023112,0.13843,-0.00094822,0.0004651
1333.5,-168.19,294.59,7.2948,0.2678,-0.11955,-0.023025,0.13843,-0.00094822,0.0004651
1333.6,-168.17,294.61,7.2925,0.26614,-0.11629,-0.022909,0.13843,-0.00094822,0.0004651
1333.7,-168.14,294.62,7.2902,0.26449,-0.1131,-0.022768,2.1232,-5.2004e-16,2.5639e-16
1333.8,-168.12,294.64,7.2879,0.2673,-0.10997,-0.022609,2.1232,-5.2004e-16,2.5639e-16
1333.9,-168.1,294.66,7.2857,0.27005,-0.1069,-0.022414,2.1232,-5.2004e-16,2.5639e-16
1334,-168.07,294.67,7.2834,0.27276,-0.10389,-0.022188,2.1232,-5.2004e-16,2.5639e-16
1334.1,-168.05,294.69,7.2812,0.27542,-0.10095,-0.021936,2.1232,-5.2004e-16,2.5639e-16
1334.2,-168.03,294.71,7.2791,0.27803,-0.098081,-0.021661,2.1232,-5.2004e-16,2.5639e-16
1334.3,-168,294.73,7.2769,0.28059,-0.095275,-0.021367,2.1232,-5.2004e-16,2.5639e-16
1334.4,-167.98,294.75,7.2748,0.28311,-0.092535,-0.021057,2.1232,-5.2004e-16,2.5639e-16
1334.5,-167.96,294.77,7.2727,0.28558,-0.089862,-0.020734,2.1232,-5.2004e-16,2.5639e-16
1334.6,-167.93,294.78,7.2706,0.288,-0.087254,-0.020401,2.1232,-5.2004e-16,2.5639e-16
1334.7,-167.91,294.8,7.2686,0.29037,-0.084713,-0.020059,2.1232,-5.2004e-16,2.5639e-16
1334.8,-167.89,294.82,7.2666,0.2927,-0.082236,-0.019711,2.1232,-5.2004e-16,2.5639e-16
1334.9,-167.86,294.84,7.2647,0.29499,-0.079824,-0.019359,2.1232,-5.2004e-16,2.5639e-16
1335,-167.84,294.86,7.2628,0.29723,-0.077474,-0.019004,2.1232,-5.2004e-16,2.5639e-16
1335.1,-167.82,294.88,7.2609,0.29943,-0.075187,-0.018647,2.1232,-5.2004e-16,2.5639e-16
1335.2,-167.8,294.91,7.259,0.30158,-0.07296,-0.01829,2.1232,-5.2004e-16,2.5639e-16
1335.3,-167.77,294.93,7.2572,0.3037,-0.070794,-0.017934,2.1232,-5.2004e-16,2.5639e-16
1335.4,-167.75,294.95,7.2554,0.30577,-0.068685,-0.01758,2.1232,-5.2004e-16,2.5639e-16
1335.5,-167.73,294.97,7.2537,0.3078,-0.066635,-0.017228,2.1232,-5.2004e-16,2.5639e-16
1335.6,-167.7,294.99,7.252,0.3098,-0.06464,-0.016879,2.1232,-5.2004e-16,2.5639e-16
1335.7,-167.68,295.01,7.2503,0.31175,-0.062699,-0.016535,2.1232,-5.2004e-16,2.5639e-16
1335.8,-167.66,295.04,7.2487,0.31367,-0.060812,-0.016195,2.1232,-5.2004e-16,2.5639e-16
1335.9,-167.64,295.06,7.2471,0.31555,-0.058977,-0.015859,2.1232,-5.2004e-16,2.5639e-16
1336,-167.61,295.08,7.2455,0.3174,-0.057193,-0.01553,2.1232,-5.2004e-16,2.5639e-16
1336.1,-167.59,295.1,7.244,0.3192,-0.055458,-0.015206,2.1232,-5.2004e-16,2.5639e-16
1336.2,-167.57,295.13,7.2425,0.32098,-0.053772,-0.014888,2.1232,-5.2004e-16,2.5639e-16
1336.3,-167.54,295.15,7.241,0.32272,-0.052132,-0.014576,2.1232,-5.2004e-16,2.5639e-16
1336.4,-167.52,295.17,7.2396,0.32442,-0.050537,-0.014271,2.1232,-5.2004e-16,2.5639e-16
1336.5,-167.5,295.2,7.2381,0.32609,-0.048987,-0.013973,2.1232,-5.2004e-16,2.5639e-16
1336.6,-167.48,295.22,7.2368,0.32773,-0.04748,-0.013681,2.1232,-5.2004e-16,2.5639e-16
1336.7,-167.45,295.24,7.2354,0.32934,-0.046014,-0.013397,2.1232,-5.2004e-16,2.5639e-16
1336.8,-167.43,295.27,7.2341,0.33091,-0.044589,-0.01312,2.1232,-5.2004e-16,2.5639e-16
1336.9,-167.41,295.29,7.2328,0.33246,-0.043204,-0.012849,2.1232,-5.2004e-16,2.5639e-16
1337,-167.38,295.32,7.2315,0.33397,-0.041857,-0.012587,2.1232,-5.2004e-16,2.5639e-16
1337.1,-167.36,295.34,7.2303,0.33546,-0.040547,-0.012331,2.1232,-5.2004e-16,2.5639e-16
1337.2,-167.34,295.37,7.2291,0.33691,-0.039273,-0.012082,2.1232,-5.2004e-16,2.5639e-16
1337.3,-167.32,295.39,7.2279,0.33834,-0.038034,-0.011841,2.1232,-5.2004e-16,2.5639e-16
1337.4,-167.29,295.42,7.2267,0.33974,-0.036829,-0.011608,2.1232,-5.2004e-16,2.5639e-16
1337.5,-167.27,295.44,7.2255,0.34111,-0.035656,-0.011381,2.1232,-5.2004e-16,2.5639e-16
1337.6,-167.25,295.47,7.2244,0.34246,-0.034516,-0.011162,2.1232,-5.2004e-16,2.5639e-16
1337.7,-167.22,295.49,7.2233,0.34378,-0.033406,-0.01095,2.1232,-5.2004e-16,2.5639e-16
1337.8,-167.2,295.52,7.2222,0.34507,-0.032327,-0.010745,2.1232,-5.2004e-16,2.5639e-16
1337.9,-167.18,295.55,7.2212,0.34634,-0.031276,-0.010548,2.1232,-5.2004e-16,2.5639e-16
1338,-167.16,295.57,7.2201,0.34758,-0.030254,-0.010358,2.1232,-5.2004e-16,2.5639e-16
1338.1,-167.13,295.6,7.2191,0.3488,-0.029258,-0.010175,2.1232,-5.2004e-16,2.5639e-16
1338.2,-167.11,295.63,7.2181,0.34999,-0.028289,-0.0099985,2.1232,-5.2004e-16,2.5639e-16
1338.3,-167.09,295.65,7.2171,0.35116,-0.027346,-0.0098295,2.1232,-5.2004e-16,2.5639e-16
1338.4,-167.06,295.68,7.2161,0.35231,-0.026427,-0.0096675,2.1232,-5.2004e-16,2.5639e-16
1338.5,-167.04,295.71,7.2151,0.35344,-0.025532,-0.0095125,2.1232,-5.2004e-16,2.5639e-16
1338.6,-167.02,295.73,7.2142,0.35454,-0.02466,-0.0093644,2.1232,-5.2004e-16,2.5639e-16
1338.7,-166.99,295.76,7.2133,0.35562,-0.02381,-0.0092232,2.1232,-5.2004e-16,2.5639e-16
1338.8,-166.97,295.79,7.2124,0.35668,-0.022982,-0.0090889,2.1232,-5.2004e-16,2.5639e-16
1338.9,-166.95,295.81,7.2115,0.35772,-0.022175,-0.0089614,2.1232,-5.2004e-16,2.5639e-16
1339,-166.92,295.84,7.2106,0.35874,-0.021388,-0.0088407,2.1232,-5.2004e-16,2.5639e-16
1339.1,-166.9,295.87,7.2097,0.35974,-0.02062,-0.0087268,2.1232,-5.2004e-16,2.5639e-16
1339.2,-166.88,295.9,7.2088,0.36072,-0.019871,-0.0086196,2.1232,-5.2004e-16,2.5639e-16
1339.3,-166.85,295.92,7.208,0.36168,-0.01914,-0.0085192,2.1232,-5.2004e-16,2.5639e-16
1339.4,-166.83,295.95,7.2071,0.36262,-0.018426,-0.0084254,2.1232,-5.2004e-16,2.5639e-16
1339.5,-166.81,295.98,7.2063,0.36354,-0.01773,-0.0083383,2.1232,-5.2004e-16,2.5639e-16
1339.6,-166.78,296.01,7.2054,0.36444,-0.017049,-0.0082578,2.1232,-5.2004e-16,2.5639e-16
1339.7,-166.76,296.04,7.2046,0.36533,-0.016384,-0.0081841,2.1232,-5.2004e-16,2.5639e-16
1339.8,-166.74,296.06,7.2038,0.3662,-0.015735,-0.0081169,2.1232,-5.2004e-16,2.5639e-16
1339.9,-166.71,296.09,7.203,0.36705,-0.015099,-0.0080564,2.1232,-5.2004e-16,2.5639e-16
1340,-166.69,296.12,7.2022,0.36788,-0.014478,-0.0080026,2.1232,-5.2004e-16,2.5639e-16
1340.1,-166.67,296.15,7.2014,0.3687,-0.013869,-0.0079555,2.1232,-5.2004e-16,2.5639e-16
1340.2,-166.64,296.18,7.2006,0.3695,-0.013274,-0.007915,2.1232,-5.2004e-16,2.5639e-16
1340.3,-166.62,296.21,7.1998,0.37028,-0.012691,-0.0078812,2.1232,-5.2004e-16,2.5639e-16
1340.4,-166.6,296.23,7.199,0.37105,-0.012119,-0.0078541,2.1232,-5.2004e-16,2.5639e-16
1340.5,-166.57,296.26,7.1982,0.37181,-0.011559,-0.0078337,2.1232,-5.2004e-16,2.5639e-16
1340.6,-166.55,296.29,7.1975,0.37255,-0.011009,-0.0078202,2.1232,-5.2004e-16,2.5639e-16
1340.7,-166.53,296.32,7.1967,0.37327,-0.01047,-0.0078134,2.1232,-5.2004e-16,2.5639e-16
1340.8,-166.5,296.35,7.1959,0.37398,-0.0099403,-0.0078135,2.1232,-5.2004e-16,2.5639e-16
1340.9,-166.48,296.38,7.1951,0.37467,-0.0094199,-0.0078205,2.1232,-5.2004e-16,2.5639e-16
1341,-166.45,296.41,7.1943,0.37536,-0.0089083,-0.0078345,2.1232,-5.2004e-16,2.5639e-16
1341.1,-166.43,296.44,7.1936,0.37602,-0.0084051,-0.0078555,2.1232,-5.2004e-16,2.5639e-16
1341.2,-166.41,296.47,7.1928,0.37668,-0.0079097,-0.0078836,2.1232,-5.2004e-16,2.5639e-16
1341.3,-166.38,296.5,7.192,0.37732,-0.0074217,-0.0079188,2.1232,-5.2004e-16,2.5639e-16
1341.4,-166.36,296.52,7.1912,0.37795,-0.0069408,-0.0079613,2.1232,-5.2004e-16,2.5639e-16
1341.5,-166.34,296.55,7.1904,0.37856,-0.0064664,-0.0080111,2.1232,-5.2004e-16,2.5639e-16
1341.6,-166.31,296.58,7.1896,0.37917,-0.0059981,-0.0080682,2.1232,-5.2004e-16,2.5639e-16
1341.7,-166.29,296.61,7.1888,0.37976,-0.0055355,-0.0081329,2.1232,-5.2004e-16,2.5639e-16
1341.8,-166.26,296.64,7.188,0.38034,-0.0050782,-0.0082051,2.1232,-5.2004e-16,2.5639e-16
1341.9,-166.24,296.67,7.1871,0.3809,-0.0046258,-0.0082851,2.1232,-5.2004e-16,2.5639e-16
1342,-166.22,296.7,7.1863,0.38146,-0.0041778,-0.0083728,2.1232,-5.2004e-16,2.5639e-16
1342.1,-166.19,296.73,7.1855,0.382,-0.0037339,-0.0084685,2.1232,-5.2004e-16,2.5639e-16
1342.2,-166.17,296.76,7.1846,0.38254,-0.0032937,-0.0085722,2.1232,-5.2004e-16,2.5639e-16
1342.3,-166.14,296.79,7.1837,0.38306,-0.0028567,-0.0086841,2.1232,-5.2004e-16,2.5639e-16
1342.4,-166.12,296.82,7.1829,0.38357,-0.0024225,-0.0088042,2.1232,-5.2004e-16,2.5639e-16
1342.5,-166.1,296.85,7.182,0.38407,-0.0019909,-0.0089328,2.1232,-5.2004e-16,2.5639e-16
1342.6,-166.07,296.88,7.1811,0.38456,-0.0015613,-0.00907,2.1232,-5.2004e-16,2.5639e-16
1342.7,-166.05,296.91,7.1802,0.38504,-0.0011334,-0.0092158,2.1232,-5.2004e-16,2.5639e-16
1342.8,-166.02,296.94,7.1792,0.38551,-0.00070684,-0.0093706,2.1232,-5.2004e-16,2.5639e-16
1342.9,-166,296.97,7.1783,0.38597,-0.00028121,-0.0095343,2.1232,-5.2004e-16,2.5639e-16
1343,-165.98,297,7.1773,0.38643,0.0001439,-0.0097072,2.1232,-5.2004e-16,2.5639e-16
1343.1,-165.95,297.03,7.1763,0.38687,0.00056951,-0.0098886,2.1232,-5.2004e-16,2.5639e-16
1343.2,-165.93,297.06,7.1753,0.3873,0.00099616,-0.010079,2.1232,-5.2004e-16,2.5639e-16
1343.3,-165.9,297.09,7.1743,0.38772,0.0014242,-0.010277,2.1232,-5.2004e-16,2.5639e-16
1343.4,-165.88,297.12,7.1733,0.38814,0.0018541,-0.010484,2.1232,-5.2004e-16,2.5639e-16
1343.5,-165.85,297.15,7.1722,0.38855,0.002286,-0.0107,2.1232,-5.2004e-16,2.5639e-16
1343.6,-165.83,297.18,7.1712,0.38894,0.0027205,-0.010924,2.1232,-5.2004e-16,2.5639e-16
1343.7,-165.81,297.21,7.17,0.38933,0.0031579,-0.011157,2.1232,-5.2004e-16,2.5639e-16
1343.8,-165.78,297.24,7.1689,0.38971,0.0035984,-0.011399,2.1232,-5.2004e-16,2.5639e-16
1343.9,-165.76,297.27,7.1678,0.39009,0.0040425,-0.01165,2.1232,-5.2004e-16,2.5639e-16
1344,-165.73,297.3,7.1666,0.39045,0.0044904,-0.01191,2.1232,-5.2004e-16,2.5639e-16
1344.1,-165.71,297.33,7.1654,0.39081,0.0049426,-0.012179,2.1232,-5.2004e-16,2.5639e-16
1344.2,-165.68,297.37,7.1642,0.39116,0.0053993,-0.012457,2.1232,-5.2004e-16,2.5639e-16
1344.3,-165.66,297.4,7.1629,0.3915,0.0058609,-0.012744,2.1232,-5.2004e-16,2.5639e-16
1344.4,-165.63,297.43,7.1616,0.39183,0.0063278,-0.01304,2.1232,-5.2004e-16,2.5639e-16
1344.5,-165.61,297.46,7.1603,0.39216,0.0068001,-0.013345,2.1232,-5.2004e-16,2.5639e-16
1344.6,-165.59,297.49,7.1589,0.39248,0.0072783,-0.013659,2.1232,-5.2004e-16,2.5639e-16
1344.7,-165.56,297.52,7.1576,0.39279,0.0077627,-0.013982,2.1232,-5.2004e-16,2.5639e-16
1344.8,-165.54,297.55,7.1561,0.3931,0.0082534,-0.014314,2.1232,-5.2004e-16,2.5639e-16
1344.9,-165.51,297.58,7.1547,0.39339,0.008751,-0.014655,2.1232,-5.2004e-16,2.5639e-16
1345,-165.49,297.61,7.1532,0.39369,0.0092555,-0.015005,2.1232,-5.2004e-16,2.5639e-16
1345.1,-165.46,297.64,7.1517,0.39397,0.0097674,-0.015365,2.1232,-5.2004e-16,2.5639e-16
1345.2,-165.44,297.67,7.1501,0.39425,0.010287,-0.015733,2.1232,-5.2004e-16,2.5639e-16
1345.3,-165.41,297.7,7.1485,0.39452,0.010814,-0.016109,2.1232,-5.2004e-16,2.5639e-16
1345.4,-165.39,297.73,7.1469,0.39478,0.01135,-0.016495,2.1232,-5.2004e-16,2.5639e-16
1345.5,-165.36,297.76,7.1452,0.39504,0.011893,-0.016889,2.1232,-5.2004e-16,2.5639e-16
1345.6,-165.34,297.79,7.1435,0.39529,0.012446,-0.017292,4.613,-0.77853,0.38187
1345.7,-165.31,297.83,7.1423,0.4011,0.0095655,-0.0068588,4.613,-0.77853,0.38187
1345.8,-165.29,297.86,7.1422,0.40679,0.0062694,0.0037871,4.613,-0.77853,0.38187
1345.9,-165.26,297.89,7.1431,0.41237,0.0025207,0.014711,4.613,-0.77853,0.38187
1346,-165.23,297.92,7.1451,0.41784,-0.0016955,0.025819,4.613,-0.77853,0.38187
1346.1,-165.21,297.95,7.1483,0.42318,-0.0063987,0.036974,4.613,-0.77853,0.38187
1346.2,-165.18,297.98,7.1525,0.42839,-0.0116,0.048035,4.613,-0.77853,0.38187
1346.3,-165.15,298.02,7.1579,0.43346,-0.0173,0.058866,4.613,-0.77853,0.38187
1346.4,-165.12,298.05,7.1643,0.43839,-0.023486,0.069343,4.613,-0.77853,0.38187
1346.5,-165.09,298.08,7.1717,0.44317,-0.030139,0.079358,4.613,-0.77853,0.38187
1346.6,-165.06,298.11,7.1801,0.44778,-0.03723,0.088824,4.613,-0.77853,0.38187
1346.7,-165.03,298.15,7.1895,0.45222,-0.044722,0.097676,4.613,-0.77853,0.38187
1346.8,-165,298.18,7.1996,0.45648,-0.052574,0.10587,4.613,-0.77853,0.38187
1346.9,-164.96,298.21,7.2106,0.46054,-0.060742,0.11339,4.613,-0.77853,0.38187
1347,-164.93,298.24,7.2223,0.46441,-0.069179,0.12022,4.613,-0.77853,0.38187
1347.1,-164.9,298.28,7.2346,0.46807,-0.077837,0.12638,4.613,-0.77853,0.38187
1347.2,-164.86,298.31,7.2475,0.47153,-0.086671,0.1319,4.613,-0.77853,0.38187
1347.3,-164.83,298.35,7.261,0.47478,-0.095637,0.1368,4.613,-0.77853,0.38187
1347.4,-164.8,298.38,7.2749,0.47782,-0.10469,0.14113,4.613,-0.77853,0.38187
1347.5,-164.76,298.41,7.2892,0.48065,-0.1138,0.14492,4.613,-0.77853,0.38187
1347.6,-164.73,298.45,7.3039,0.48327,-0.12293,0.14822,4.613,-0.77853,0.38187
1347.7,-164.69,298.48,7.3188,0.48569,-0.13205,0.15106,4.613,-0.77853,0.38187
1347.8,-164.65,298.52,7.3341,0.4879,-0.14114,0.1535,4.613,-0.77853,0.38187
1347.9,-164.62,298.55,7.3495,0.48992,-0.15016,0.15556,4.613,-0.77853,0.38187
1348,-164.58,298.59,7.3652,0.49175,-0.1591,0.15728,4.613,-0.77853,0.38187
1348.1,-164.54,298.63,7.381,0.4934,-0.16794,0.15869,4.613,-0.77853,0.38187
1348.2,-164.5,298.66,7.3969,0.49487,-0.17668,0.15983,4.613,-0.77853,0.38187
1348.3,-164.47,298.7,7.4129,0.49617,-0.18529,0.16072,4.613,-0.77853,0.38187
1348.4,-164.43,298.74,7.429,0.49731,-0.19376,0.16137,4.613,-0.77853,0.38187
1348.5,-164.39,298.77,7.4452,0.49829,-0.2021,0.16183,4.613,-0.77853,0.38187
1348.6,-164.35,298.81,7.4614,0.49913,-0.21029,0.16209,4.613,-0.77853,0.38187
1348.7,-164.31,298.85,7.4776,0.49983,-0.21833,0.16218,4.613,-0.77853,0.38187
1348.8,-164.27,298.89,7.4938,0.5004,-0.22622,0.16212,4.613,-0.77853,0.38187
1348.9,-164.24,298.93,7.51,0.50084,-0.23395,0.16192,4.613,-0.77853,0.38187
1349,-164.2,298.97,7.5262,0.50117,-0.24152,0.16158,4.613,-0.77853,0.38187
1349.1,-164.16,299.01,7.5423,0.5014,-0.24893,0.16113,4.613,-0.77853,0.38187
1349.2,-164.12,299.05,7.5584,0.50152,-0.25619,0.16057,4.613,-0.77853,0.38187
1349.3,-164.08,299.09,7.5744,0.50155,-0.26329,0.1599,4.613,-0.77853,0.38187
1349.4,-164.04,299.13,7.5904,0.5015,-0.27024,0.15914,4.613,-0.77853,0.38187
1349.5,-164,299.17,7.6063,0.50136,-0.27703,0.1583,4.613,-0.77853,0.38187
1349.6,-163.96,299.21,7.622,0.50116,-0.28367,0.15738,4.613,-0.77853,0.38187
1349.7,-163.92,299.26,7.6377,0.50089,-0.29016,0.15638,4.613,-0.77853,0.38187
1349.8,-163.88,299.3,7.6533,0.50056,-0.29651,0.15532,4.613,-0.77853,0.38187
1349.9,-163.84,299.34,7.6688,0.50018,-0.30272,0.15419,4.613,-0.77853,0.38187
1350,-163.81,299.39,7.6842,0.49976,-0.30879,0.15301,4.613,-0.77853,0.38187
1350.1,-163.77,299.43,7.6994,0.49929,-0.31473,0.15177,4.613,-0.77853,0.38187
1350.2,-163.73,299.47,7.7145,0.49878,-0.32053,0.15048,4.613,-0.77853,0.38187
1350.3,-163.69,299.52,7.7295,0.49825,-0.32621,0.14914,4.613,-0.77853,0.38187
1350.4,-163.65,299.57,7.7443,0.49769,-0.33177,0.14776,4.613,-0.77853,0.38187
1350.5,-163.61,299.61,7.759,0.4971,-0.3372,0.14634,4.613,-0.77853,0.38187
1350.6,-163.57,299.66,7.7736,0.49651,-0.34253,0.14488,4.613,-0.77853,0.38187
1350.7,-163.54,299.7,7.788,0.49589,-0.34774,0.14338,4.613,-0.77853,0.38187
1350.8,-163.5,299.75,7.8023,0.49527,-0.35285,0.14185,4.613,-0.77853,0.38187
1350.9,-163.46,299.8,7.8164,0.49465,-0.35785,0.14029,4.613,-0.77853,0.38187
1351,-163.42,299.85,7.8303,0.49403,-0.36276,0.1387,4.613,-0.77853,0.38187
1351.1,-163.39,299.9,7.8441,0.4934,-0.36758,0.13708,4.613,-0.77853,0.38187
1351.2,-163.35,299.95,7.8577,0.49278,-0.3723,0.13543,4.613,-0.77853,0.38187
1351.3,-163.31,300,7.8712,0.49218,-0.37695,0.13376,4.613,-0.77853,0.38187
1351.4,-163.28,300.05,7.8845,0.49158,-0.38151,0.13207,4.613,-0.77853,0.38187
1351.5,-163.24,300.1,7.8976,0.491,-0.386,0.13035,4.613,-0.77853,0.38187
1351.6,-163.2,300.15,7.9106,0.49043,-0.39041,0.12861,4.613,-0.77853,0.38187
1351.7,-163.17,300.2,7.9233,0.48989,-0.39476,0.12684,4.613,-0.77853,0.38187
1351.8,-163.13,300.25,7.9359,0.48936,-0.39904,0.12506,4.613,-0.77853,0.38187
1351.9,-163.09,300.3,7.9484,0.48886,-0.40326,0.12325,4.613,-0.77853,0.38187
1352,-163.06,300.36,7.9606,0.48839,-0.40743,0.12143,4.613,-0.77853,0.38187
1352.1,-163.02,300.41,7.9726,0.48794,-0.41155,0.11958,4.613,-0.77853,0.38187
1352.2,-162.99,300.46,7.9845,0.48753,-0.41562,0.11771,4.613,-0.77853,0.38187
1352.3,-162.95,300.52,7.9962,0.48714,-0.41965,0.11582,4.613,-0.77853,0.38187
1352.4,-162.92,300.57,8.0077,0.4868,-0.42364,0.11391,4.613,-0.77853,0.38187
1352.5,-162.89,300.63,8.019,0.48648,-0.42759,0.11198,4.613,-0.77853,0.38187
1352.6,-162.85,300.68,8.0301,0.48621,-0.43152,0.11002,4.613,-0.77853,0.38187
1352.7,-162.82,300.74,8.041,0.48597,-0.43541,0.10804,4.613,-0.77853,0.38187
1352.8,-162.78,300.79,8.0517,0.48577,-0.43929,0.10603,4.613,-0.77853,0.38187
1352.9,-162.75,300.85,8.0622,0.48562,-0.44315,0.104,4.613,-0.77853,0.38187
1353,-162.72,300.91,8.0725,0.48551,-0.44699,0.10194,4.613,-0.77853,0.38187
1353.1,-162.68,300.96,8.0826,0.48544,-0.45082,0.099846,4.613,-0.77853,0.38187
1353.2,-162.65,301.02,8.0924,0.48543,-0.45465,0.097724,2.5277,-6.191e-16,3.0534e-16
1353.3,-162.62,301.08,8.1016,0.48103,-0.45515,0.085261,2.5277,-6.191e-16,3.0534e-16
1353.4,-162.59,301.14,8.1095,0.47719,-0.45552,0.073592,2.5277,-6.191e-16,3.0534e-16
1353.5,-162.55,301.19,8.1163,0.47388,-0.4558,0.06253,2.5277,-6.191e-16,3.0534e-16
1353.6,-162.52,301.25,8.122,0.47106,-0.45601,0.051921,2.5277,-6.191e-16,3.0534e-16
1353.7,-162.49,301.31,8.1267,0.46872,-0.4562,0.04163,2.5277,-6.191e-16,3.0534e-16
1353.8,-162.46,301.37,8.1304,0.46683,-0.45638,0.031536,2.5277,-6.191e-16,3.0534e-16
1353.9,-162.43,301.42,8.133,0.46538,-0.45658,0.021524,2.5277,-6.191e-16,3.0534e-16
1354,-162.4,301.48,8.1347,0.46436,-0.45682,0.01148,2.5277,-6.191e-16,3.0534e-16
1354.1,-162.37,301.54,8.1353,0.46377,-0.45713,0.0012855,2.5277,-6.191e-16,3.0534e-16
1354.2,-162.34,301.6,8.1349,0.4636,-0.45668,-0.0088446,2.5277,-6.191e-16,3.0534e-16
1354.3,-162.31,301.65,8.1336,0.46383,-0.45417,-0.018283,2.5277,-6.191e-16,3.0534e-16
1354.4,-162.27,301.71,8.1313,0.46441,-0.44974,-0.026837,2.5277,-6.191e-16,3.0534e-16
1354.5,-162.24,301.77,8.1282,0.46529,-0.44357,-0.034388,2.5277,-6.191e-16,3.0534e-16
1354.6,-162.21,301.82,8.1245,0.4664,-0.4359,-0.040881,2.5277,-6.191e-16,3.0534e-16
1354.7,-162.19,301.88,8.1201,0.46769,-0.42697,-0.046318,2.5277,-6.191e-16,3.0534e-16
1354.8,-162.16,301.94,8.1152,0.46911,-0.41704,-0.050741,2.5277,-6.191e-16,3.0534e-16
1354.9,-162.13,301.99,8.11,0.47059,-0.40632,-0.054223,2.5277,-6.191e-16,3.0534e-16
1355,-162.1,302.05,8.1044,0.4721,-0.39504,-0.056853,2.5277,-6.191e-16,3.0534e-16
1355.1,-162.08,302.1,8.0986,0.4736,-0.38338,-0.058731,2.5277,-6.191e-16,3.0534e-16
1355.2,-162.05,302.16,8.0927,0.47506,-0.37151,-0.059956,2.5277,-6.191e-16,3.0534e-16
1355.3,-162.03,302.21,8.0867,0.47645,-0.35957,-0.060623,2.5277,-6.191e-16,3.0534e-16
1355.4,-162,302.27,8.0806,0.47775,-0.34766,-0.06082,2.5277,-6.191e-16,3.0534e-16
1355.5,-161.98,302.32,8.0745,0.47897,-0.33587,-0.060626,2.5277,-6.191e-16,3.0534e-16
1355.6,-161.96,302.38,8.0685,0.48008,-0.32429,-0.060113,2.5277,-6.191e-16,3.0534e-16
1355.7,-161.94,302.43,8.0625,0.48109,-0.31295,-0.05934,2.5277,-6.191e-16,3.0534e-16
1355.8,-161.92,302.48,8.0566,0.48199,-0.30191,-0.058359,2.5277,-6.191e-16,3.0534e-16
1355.9,-161.9,302.54,8.0508,0.48278,-0.29118,-0.057216,2.5277,-6.191e-16,3.0534e-16
1356,-161.88,302.59,8.0452,0.48347,-0.2808,-0.055947,2.5277,-6.191e-16,3.0534e-16
1356.1,-161.86,302.64,8.0396,0.48406,-0.27077,-0.054583,2.5277,-6.191e-16,3.0534e-16
1356.2,-161.84,302.69,8.0342,0.48455,-0.2611,-0.053151,2.5277,-6.191e-16,3.0534e-16
1356.3,-161.83,302.75,8.029,0.48495,-0.25179,-0.05167,2.5277,-6.191e-16,3.0534e-16
1356.4,-161.81,302.8,8.0239,0.48526,-0.24283,-0.05016,2.5277,-6.191e-16,3.0534e-16
1356.5,-161.8,302.85,8.019,0.4855,-0.23423,-0.048633,2.5277,-6.191e-16,3.0534e-16
1356.6,-161.78,302.9,8.0142,0.48566,-0.22597,-0.047101,2.5277,-6.191e-16,3.0534e-16
1356.7,-161.77,302.95,8.0096,0.48575,-0.21805,-0.045574,2.5277,-6.191e-16,3.0534e-16
1356.8,-161.75,303,8.0051,0.48578,-0.21045,-0.044058,2.5277,-6.191e-16,3.0534e-16
1356.9,-161.74,303.06,8.0007,0.48574,-0.20317,-0.042559,2.5277,-6.191e-16,3.0534e-16
1357,-161.73,303.11,7.9966,0.48566,-0.1962,-0.041083,2.5277,-6.191e-16,3.0534e-16
1357.1,-161.71,303.16,7.9925,0.48552,-0.18951,-0.039631,2.5277,-6.191e-16,3.0534e-16
1357.2,-161.7,303.21,7.9886,0.48535,-0.18311,-0.038207,2.5277,-6.191e-16,3.0534e-16
1357.3,-161.69,303.26,7.9849,0.48513,-0.17698,-0.036813,2.5277,-6.191e-16,3.0534e-16
1357.4,-161.68,303.31,7.9813,0.48487,-0.1711,-0.035449,2.5277,-6.191e-16,3.0534e-16
1357.5,-161.67,303.36,7.9778,0.48458,-0.16548,-0.034116,2.5277,-6.191e-16,3.0534e-16
1357.6,-161.66,303.41,7.9744,0.48426,-0.16009,-0.032814,2.5277,-6.191e-16,3.0534e-16
1357.7,-161.65,303.46,7.9712,0.48391,-0.15494,-0.031543,2.5277,-6.191e-16,3.0534e-16
1357.8,-161.64,303.51,7.9681,0.48355,-0.15,-0.030304,2.5277,-6.191e-16,3.0534e-16
1357.9,-161.63,303.56,7.9652,0.48315,-0.14527,-0.029095,2.5277,-6.191e-16,3.0534e-16
1358,-161.62,303.61,7.9623,0.48275,-0.14074,-0.027916,2.5277,-6.191e-16,3.0534e-16
1358.1,-161.61,303.66,7.9596,0.48232,-0.1364,-0.026765,2.5277,-6.191e-16,3.0534e-16
1358.2,-161.6,303.71,7.957,0.48188,-0.13225,-0.025642,2.5277,-6.191e-16,3.0534e-16
1358.3,-161.6,303.76,7.9545,0.48143,-0.12827,-0.024547,2.5277,-6.191e-16,3.0534e-16
1358.4,-161.59,303.81,7.9521,0.48097,-0.12446,-0.023476,2.5277,-6.191e-16,3.0534e-16
1358.5,-161.58,303.85,7.9498,0.48049,-0.12081,-0.022431,2.5277,-6.191e-16,3.0534e-16
1358.6,-161.57,303.9,7.9476,0.48002,-0.11731,-0.021408,2.5277,-6.191e-16,3.0534e-16
1358.7,-161.57,303.95,7.9455,0.47953,-0.11397,-0.020408,2.5277,-6.191e-16,3.0534e-16
1358.8,-161.56,304,7.9435,0.47904,-0.11077,-0.019429,2.5277,-6.191e-16,3.0534e-16
1358.9,-161.55,304.05,7.9416,0.47855,-0.1077,-0.018469,2.5277,-6.191e-16,3.0534e-16
1359,-161.55,304.1,7.9398,0.47805,-0.10477,-0.017527,2.5277,-6.191e-16,3.0534e-16
1359.1,-161.54,304.15,7.9381,0.47756,-0.10197,-0.016602,2.5277,-6.191e-16,3.0534e-16
1359.2,-161.53,304.19,7.9365,0.47706,-0.099286,-0.015692,2.5277,-6.191e-16,3.0534e-16
1359.3,-161.53,304.24,7.9349,0.47656,-0.096722,-0.014797,2.5277,-6.191e-16,3.0534e-16
1359.4,-161.52,304.29,7.9335,0.47606,-0.094273,-0.013915,2.5277,-6.191e-16,3.0534e-16
1359.5,-161.52,304.34,7.9322,0.47557,-0.091933,-0.013044,2.5277,-6.191e-16,3.0534e-16
1359.6,-161.51,304.39,7.9309,0.47507,-0.0897,-0.012183,2.5277,-6.191e-16,3.0534e-16
1359.7,-161.51,304.44,7.9297,0.47458,-0.087571,-0.011332,2.5277,-6.191e-16,3.0534e-16
1359.8,-161.5,304.48,7.9286,0.47409,-0.085541,-0.010487,2.5277,-6.191e-16,3.0534e-16
1359.9,-161.5,304.53,7.9276,0.4736,-0.083609,-0.0096485,2.5277,-6.191e-16,3.0534e-16
1360,-161.49,304.58,7.9267,0.47312,-0.081771,-0.0088144,2.5277,-6.191e-16,3.0534e-16
1360.1,-161.49,304.63,7.9259,0.47264,-0.080025,-0.0079835,2.5277,-6.191e-16,3.0534e-16
1360.2,-161.48,304.67,7.9251,0.47216,-0.078368,-0.0071542,2.5277,-6.191e-16,3.0534e-16
1360.3,-161.48,304.72,7.9244,0.47169,-0.076799,-0.0063249,2.5277,-6.191e-16,3.0534e-16
1360.4,-161.47,304.77,7.9238,0.47123,-0.075315,-0.0054942,2.5277,-6.191e-16,3.0534e-16
1360.5,-161.47,304.82,7.9233,0.47076,-0.073915,-0.0046605,2.5277,-6.191e-16,3.0534e-16
1360.6,-161.47,304.86,7.9229,0.47031,-0.072598,-0.0038221,2.5277,-6.191e-16,3.0534e-16
1360.7,-161.46,304.91,7.9226,0.46985,-0.071361,-0.0029773,2.5277,-6.191e-16,3.0534e-16
1360.8,-161.46,304.96,7.9223,0.4694,-0.070203,-0.0021244,2.5277,-6.191e-16,3.0534e-16
1360.9,-161.45,305.01,7.9221,0.46896,-0.069125,-0.0012616,2.5277,-6.191e-16,3.0534e-16
1361,-161.45,305.05,7.9221,0.46852,-0.068124,-0.0003869,2.5277,-6.191e-16,3.0534e-16
1361.1,-161.45,305.1,7.9221,0.46809,-0.067196,0.00050311,2.5277,-6.191e-16,3.0534e-16
1361.2,-161.44,305.15,7.9222,0.46766,-0.066319,0.0014168,2.5277,-6.191e-16,3.0534e-16
1361.3,-161.44,305.2,7.9224,0.46724,-0.065493,0.0023552,2.5277,-6.191e-16,3.0534e-16
1361.4,-161.44,305.24,7.9226,0.46682,-0.064717,0.0033181,2.5277,-6.191e-16,3.0534e-16
1361.5,-161.43,305.29,7.923,0.4664,-0.063992,0.0043053,2.5277,-6.191e-16,3.0534e-16
1361.6,-161.43,305.34,7.9235,0.46599,-0.06332,0.0053167,2.5277,-6.191e-16,3.0534e-16
1361.7,-161.43,305.38,7.9241,0.46559,-0.0627,0.0063518,2.5277,-6.191e-16,3.0534e-16
1361.8,-161.42,305.43,7.9248,0.46518,-0.062134,0.0074102,2.5277,-6.191e-16,3.0534e-16
1361.9,-161.42,305.48,7.9256,0.46478,-0.061623,0.0084913,2.5277,-6.191e-16,3.0534e-16
1362,-161.42,305.52,7.9265,0.46439,-0.061166,0.0095944,2.5277,-6.191e-16,3.0534e-16
1362.1,-161.42,305.57,7.9275,0.464,-0.060764,0.010719,2.5277,-6.191e-16,3.0534e-16
1362.2,-161.41,305.62,7.9286,0.46361,-0.060418,0.011864,2.5277,-6.191e-16,3.0534e-16
1362.3,-161.41,305.66,7.9299,0.46323,-0.060128,0.013028,2.5277,-6.191e-16,3.0534e-16
1362.4,-161.41,305.71,7.9312,0.46285,-0.059895,0.01421,2.5277,-6.191e-16,3.0534e-16
1362.5,-161.41,305.76,7.9327,0.46247,-0.059718,0.01541,2.5277,-6.191e-16,3.0534e-16
1362.6,-161.4,305.8,7.9343,0.46209,-0.059598,0.016625,2.5277,-6.191e-16,3.0534e-16
1362.7,-161.4,305.85,7.936,0.46172,-0.059536,0.017854,2.5277,-6.191e-16,3.0534e-16
1362.8,-161.4,305.9,7.9379,0.46135,-0.05953,0.019097,2.5277,-6.191e-16,3.0534e-16
1362.9,-161.4,305.94,7.9398,0.46098,-0.059581,0.02035,2.5277,-6.191e-16,3.0534e-16
1363,-161.4,305.99,7.9419,0.46062,-0.059689,0.021613,2.5277,-6.191e-16,3.0534e-16
1363.1,-161.39,306.04,7.9442,0.46026,-0.059853,0.022883,2.5277,-6.191e-16,3.0534e-16
1363.2,-161.39,306.08,7.9465,0.45989,-0.060073,0.024159,2.5277,-6.191e-16,3.0534e-16
1363.3,-161.39,306.13,7.949,0.45953,-0.060349,0.025439,2.5277,-6.191e-16,3.0534e-16
1363.4,-161.39,306.17,7.9516,0.45918,-0.060679,0.026721,2.5277,-6.191e-16,3.0534e-16
1363.5,-161.39,306.22,7.9543,0.45882,-0.061063,0.028003,2.5277,-6.191e-16,3.0534e-16
1363.6,-161.39,306.27,7.9572,0.45846,-0.061501,0.029282,2.5277,-6.191e-16,3.0534e-16
1363.7,-161.38,306.31,7.9602,0.45811,-0.061991,0.030557,2.5277,-6.191e-16,3.0534e-16
1363.8,-161.38,306.36,7.9633,0.45775,-0.062533,0.031826,2.5277,-6.191e-16,3.0534e-16
1363.9,-161.38,306.41,7.9666,0.4574,-0.063124,0.033086,2.5277,-6.191e-16,3.0534e-16
1364,-161.38,306.45,7.9699,0.45704,-0.063764,0.034336,2.5277,-6.191e-16,3.0534e-16
1364.1,-161.38,306.5,7.9734,0.45669,-0.064452,0.035574,2.5277,-6.191e-16,3.0534e-16
1364.2,-161.38,306.54,7.977,0.45634,-0.065186,0.036797,2.5277,-6.191e-16,3.0534e-16
1364.3,-161.38,306.59,7.9808,0.45598,-0.065964,0.038004,2.5277,-6.191e-16,3.0534e-16
1364.4,-161.38,306.64,7.9846,0.45563,-0.066785,0.039192,2.5277,-6.191e-16,3.0534e-16
1364.5,-161.38,306.68,7.9886,0.45527,-0.067648,0.040361,2.5277,-6.191e-16,3.0534e-16
1364.6,-161.38,306.73,7.9927,0.45491,-0.06855,0.041509,2.5277,-6.191e-16,3.0534e-16
1364.7,-161.38,306.77,7.9969,0.45455,-0.069489,0.042633,2.5277,-6.191e-16,3.0534e-16
1364.8,-161.38,306.82,8.0012,0.45419,-0.070465,0.043733,2.5277,-6.191e-16,3.0534e-16
1364.9,-161.37,306.87,8.0057,0.45383,-0.071474,0.044807,2.5277,-6.191e-16,3.0534e-16
1365,-161.37,306.91,8.0102,0.45347,-0.072515,0.045854,2.5277,-6.191e-16,3.0534e-16
1365.1,-161.37,306.96,8.0148,0.45311,-0.073586,0.046873,2.5277,-6.191e-16,3.0534e-16
1365.2,-161.37,307,8.0196,0.45274,-0.074685,0.047863,2.5277,-6.191e-16,3.0534e-16
1365.3,-161.37,307.05,8.0244,0.45237,-0.07581,0.048823,2.5277,-6.191e-16,3.0534e-16
1365.4,-161.38,307.1,8.0293,0.452,-0.076959,0.049752,2.5277,-6.191e-16,3.0534e-16
1365.5,-161.38,307.14,8.0344,0.45163,-0.078129,0.05065,2.5277,-6.191e-16,3.0534e-16
1365.6,-161.38,307.19,8.0395,0.45126,-0.079319,0.051516,2.5277,-6.191e-16,3.0534e-16
1365.7,-161.38,307.23,8.0447,0.45088,-0.080528,0.052349,2.5277,-6.191e-16,3.0534e-16
1365.8,-161.38,307.28,8.0499,0.4505,-0.081752,0.05315,2.5277,-6.191e-16,3.0534e-16
1365.9,-161.38,307.33,8.0553,0.45012,-0.08299,0.053918,2.5277,-6.191e-16,3.0534e-16
1366,-161.38,307.37,8.0607,0.44974,-0.08424,0.054654,2.5277,-6.191e-16,3.0534e-16
1366.1,-161.38,307.42,8.0662,0.44935,-0.0855,0.055356,2.5277,-6.191e-16,3.0534e-16
1366.2,-161.38,307.46,8.0718,0.44897,-0.086768,0.056026,2.5277,-6.191e-16,3.0534e-16
1366.3,-161.38,307.51,8.0774,0.44858,-0.088043,0.056663,2.5277,-6.191e-16,3.0534e-16
1366.4,-161.38,307.55,8.0831,0.44819,-0.089322,0.057268,2.5277,-6.191e-16,3.0534e-16
1366.5,-161.39,307.6,8.0889,0.4478,-0.090605,0.057841,2.5277,-6.191e-16,3.0534e-16
1366.6,-161.39,307.64,8.0947,0.44741,-0.091888,0.058383,2.5277,-6.191e-16,3.0534e-16
1366.7,-161.39,307.69,8.1006,0.44701,-0.093172,0.058894,2.5277,-6.191e-16,3.0534e-16
1366.8,-161.39,307.74,8.1065,0.44662,-0.094454,0.059374,2.5277,-6.191e-16,3.0534e-16
1366.9,-161.39,307.78,8.1124,0.44622,-0.095733,0.059824,2.5277,-6.191e-16,3.0534e-16
1367,-161.4,307.83,8.1184,0.44582,-0.097008,0.060245,2.5277,-6.191e-16,3.0534e-16
1367.1,-161.4,307.87,8.1245,0.44543,-0.098277,0.060637,2.5277,-6.191e-16,3.0534e-16
1367.2,-161.4,307.92,8.1306,0.44503,-0.099539,0.061001,2.5277,-6.191e-16,3.0534e-16
1367.3,-161.4,307.96,8.1367,0.44463,-0.10079,0.061339,2.5277,-6.191e-16,3.0534e-16
1367.4,-161.41,308.01,8.1428,0.44423,-0.10204,0.061649,2.5277,-6.191e-16,3.0534e-16
1367.5,-161.41,308.06,8.149,0.44383,-0.10327,0.061934,2.5277,-6.191e-16,3.0534e-16
1367.6,-161.41,308.1,8.1552,0.44343,-0.10449,0.062194,8.5514,-0.43031,0.21106
1367.7,-161.41,308.15,8.1617,0.45642,-0.10766,0.068366,8.5514,-0.43031,0.21106
1367.8,-161.42,308.19,8.1689,0.46905,-0.11117,0.074439,8.5514,-0.43031,0.21106
1367.9,-161.42,308.24,8.1766,0.48131,-0.11503,0.080395,8.5514,-0.43031,0.21106
1368,-161.43,308.29,8.185,0.4932,-0.11923,0.086214,8.5514,-0.43031,0.21106
1368.1,-161.43,308.34,8.1939,0.50472,-0.12377,0.091879,8.5514,-0.43031,0.21106
1368.2,-161.44,308.4,8.2033,0.51588,-0.12865,0.097377,8.5514,-0.43031,0.21106
1368.3,-161.44,308.45,8.2133,0.52666,-0.13386,0.1027,8.5514,-0.43031,0.21106
1368.4,-161.45,308.5,8.2239,0.53707,-0.1394,0.10782,8.5514,-0.43031,0.21106
1368.5,-161.46,308.56,8.2349,0.54712,-0.14525,0.11275,8.5514,-0.43031,0.21106
1368.6,-161.46,308.62,8.2464,0.55679,-0.1514,0.11748,8.5514,-0.43031,0.21106
1368.7,-161.47,308.67,8.2584,0.5661,-0.15784,0.12199,8.5514,-0.43031,0.21106
1368.8,-161.48,308.73,8.2708,0.57504,-0.16456,0.12629,8.5514,-0.43031,0.21106
1368.9,-161.49,308.79,8.2836,0.58361,-0.17153,0.13037,8.5514,-0.43031,0.21106
1369,-161.5,308.85,8.2969,0.59182,-0.17874,0.13424,8.5514,-0.43031,0.21106
1369.1,-161.51,308.91,8.3105,0.59968,-0.18617,0.1379,8.5514,-0.43031,0.21106
1369.2,-161.52,308.98,8.3244,0.60718,-0.19381,0.14133,8.5514,-0.43031,0.21106
1369.3,-161.53,309.04,8.3387,0.61432,-0.20164,0.14456,8.5514,-0.43031,0.21106
1369.4,-161.54,309.1,8.3533,0.62113,-0.20964,0.14757,8.5514,-0.43031,0.21106
1369.5,-161.55,309.17,8.3682,0.62759,-0.21779,0.15037,8.5514,-0.43031,0.21106
1369.6,-161.56,309.24,8.3834,0.63372,-0.22608,0.15296,8.5514,-0.43031,0.21106
1369.7,-161.57,309.3,8.3988,0.63952,-0.23449,0.15535,8.5514,-0.43031,0.21106
1369.8,-161.59,309.37,8.4145,0.645,-0.243,0.15754,8.5514,-0.43031,0.21106
1369.9,-161.6,309.44,8.4303,0.65016,-0.2516,0.15953,8.5514,-0.43031,0.21106
1370,-161.62,309.51,8.4464,0.65502,-0.26027,0.16132,8.5514,-0.43031,0.21106
1370.1,-161.63,309.57,8.4626,0.65958,-0.269,0.16293,8.5514,-0.43031,0.21106
1370.2,-161.65,309.64,8.4789,0.66386,-0.27778,0.16434,8.5514,-0.43031,0.21106
1370.3,-161.66,309.71,8.4954,0.66785,-0.28658,0.16557,8.5514,-0.43031,0.21106
1370.4,-161.68,309.79,8.5121,0.67157,-0.2954,0.16662,8.5514,-0.43031,0.21106
1370.5,-161.7,309.86,8.5288,0.67504,-0.30423,0.16749,8.5514,-0.43031,0.21106
1370.6,-161.72,309.93,8.5455,0.67825,-0.31305,0.16818,8.5514,-0.43031,0.21106
1370.7,-161.74,310,8.5624,0.68122,-0.32185,0.16871,8.5514,-0.43031,0.21106
1370.8,-161.76,310.07,8.5793,0.68397,-0.33064,0.16907,8.5514,-0.43031,0.21106
1370.9,-161.78,310.15,8.5962,0.68649,-0.33938,0.16926,8.5514,-0.43031,0.21106
1371,-161.8,310.22,8.6131,0.68881,-0.34809,0.1693,8.5514,-0.43031,0.21106
1371.1,-161.82,310.3,8.6301,0.69093,-0.35675,0.16918,8.5514,-0.43031,0.21106
1371.2,-161.85,310.37,8.647,0.69287,-0.36536,0.16891,8.5514,-0.43031,0.21106
1371.3,-161.87,310.45,8.6638,0.69462,-0.3739,0.16849,8.5514,-0.43031,0.21106
1371.4,-161.9,310.52,8.6807,0.69622,-0.38239,0.16793,8.5514,-0.43031,0.21106
1371.5,-161.92,310.6,8.6974,0.69766,-0.3908,0.16722,8.5514,-0.43031,0.21106
1371.6,-161.95,310.67,8.7141,0.69896,-0.39915,0.16638,8.5514,-0.43031,0.21106
1371.7,-161.98,310.75,8.7307,0.70013,-0.40742,0.16541,8.5514,-0.43031,0.21106
1371.8,-162,310.82,8.7472,0.70117,-0.41562,0.1643,8.5514,-0.43031,0.21106
1371.9,-162.03,310.9,8.7635,0.70211,-0.42374,0.16306,8.5514,-0.43031,0.21106
1372,-162.06,310.98,8.7798,0.70295,-0.43179,0.16171,8.5514,-0.43031,0.21106
1372.1,-162.09,311.05,8.7959,0.70369,-0.43976,0.16022,8.5514,-0.43031,0.21106
1372.2,-162.12,311.13,8.8118,0.70436,-0.44766,0.15862,8.5514,-0.43031,0.21106
1372.3,-162.16,311.21,8.8276,0.70496,-0.45548,0.1569,8.5514,-0.43031,0.21106
1372.4,-162.19,311.29,8.8432,0.7055,-0.46324,0.15507,8.5514,-0.43031,0.21106
1372.5,-162.22,311.36,8.8586,0.70598,-0.47092,0.15312,8.5514,-0.43031,0.21106
1372.6,-162.26,311.44,8.8738,0.70643,-0.47854,0.15106,8.5514,-0.43031,0.21106
1372.7,-162.29,311.52,8.8888,0.70684,-0.4861,0.14889,8.5514,-0.43031,0.21106
1372.8,-162.33,311.6,8.9036,0.70723,-0.49361,0.14661,8.1143,-1.9874e-15,9.8264e-16
1372.9,-162.37,311.67,8.9179,0.70677,-0.49916,0.13862,8.1143,-1.9874e-15,9.8264e-16
1373,-162.41,311.75,8.9313,0.70657,-0.50447,0.13119,8.1143,-1.9874e-15,9.8264e-16
1373.1,-162.44,311.83,8.9441,0.70661,-0.50957,0.12421,8.1143,-1.9874e-15,9.8264e-16
1373.2,-162.48,311.91,8.9562,0.70689,-0.51451,0.1176,8.1143,-1.9874e-15,9.8264e-16
1373.3,-162.52,311.99,8.9676,0.70738,-0.51931,0.11128,8.1143,-1.9874e-15,9.8264e-16
1373.4,-162.56,312.06,8.9785,0.70807,-0.524,0.1052,8.1143,-1.9874e-15,9.8264e-16
1373.5,-162.61,312.14,8.9887,0.70897,-0.5286,0.099313,8.1143,-1.9874e-15,9.8264e-16
1373.6,-162.65,312.22,8.9983,0.71005,-0.53313,0.093566,8.1143,-1.9874e-15,9.8264e-16
1373.7,-162.69,312.3,9.0074,0.71132,-0.5376,0.087922,8.1143,-1.9874e-15,9.8264e-16
1373.8,-162.73,312.38,9.0159,0.71278,-0.54204,0.082342,8.1143,-1.9874e-15,9.8264e-16
1373.9,-162.78,312.45,9.0239,0.71441,-0.54645,0.076791,8.1143,-1.9874e-15,9.8264e-16
1374,-162.82,312.53,9.0313,0.71621,-0.55085,0.071233,8.1143,-1.9874e-15,9.8264e-16
1374.1,-162.87,312.61,9.0381,0.7182,-0.55526,0.065633,8.1143,-1.9874e-15,9.8264e-16
1374.2,-162.91,312.69,9.0444,0.72036,-0.55967,0.059954,8.1143,-1.9874e-15,9.8264e-16
1374.3,-162.96,312.77,9.0501,0.72271,-0.56412,0.054159,8.1143,-1.9874e-15,9.8264e-16
1374.4,-163.01,312.85,9.0552,0.72525,-0.5686,0.048205,8.1143,-1.9874e-15,9.8264e-16
1374.5,-163.06,312.93,9.0597,0.72799,-0.57312,0.042046,8.1143,-1.9874e-15,9.8264e-16
1374.6,-163.1,313.01,9.0636,0.73094,-0.57771,0.035628,8.1143,-1.9874e-15,9.8264e-16
1374.7,-163.15,313.09,9.0668,0.7341,-0.58238,0.02889,8.1143,-1.9874e-15,9.8264e-16
1374.8,-163.2,313.17,9.0694,0.73751,-0.58712,0.02176,8.1143,-1.9874e-15,9.8264e-16
1374.9,-163.25,313.25,9.0712,0.74118,-0.59197,0.014149,8.1143,-1.9874e-15,9.8264e-16
1375,-163.3,313.33,9.0722,0.74513,-0.59694,0.0059511,8.1143,-1.9874e-15,9.8264e-16
1375.1,-163.35,313.41,9.0723,0.74941,-0.60191,-0.0029203,8.1143,-1.9874e-15,9.8264e-16
1375.2,-163.4,313.49,9.0716,0.75402,-0.60502,-0.011811,8.1143,-1.9874e-15,9.8264e-16
1375.3,-163.45,313.58,9.07,0.75895,-0.60566,-0.020268,8.1143,-1.9874e-15,9.8264e-16
1375.4,-163.5,313.66,9.0676,0.76416,-0.60391,-0.02806,8.1143,-1.9874e-15,9.8264e-16
1375.5,-163.55,313.74,9.0644,0.76958,-0.59994,-0.035013,8.1143,-1.9874e-15,9.8264e-16
1375.6,-163.6,313.83,9.0606,0.77517,-0.59396,-0.041012,8.1143,-1.9874e-15,9.8264e-16
1375.7,-163.65,313.91,9.0562,0.78084,-0.58625,-0.046001,8.1143,-1.9874e-15,9.8264e-16
1375.8,-163.7,313.99,9.0514,0.78653,-0.57711,-0.049973,8.1143,-1.9874e-15,9.8264e-16
1375.9,-163.76,314.07,9.0463,0.79217,-0.56683,-0.052964,8.1143,-1.9874e-15,9.8264e-16
1376,-163.81,314.16,9.0409,0.79771,-0.55569,-0.055034,8.1143,-1.9874e-15,9.8264e-16
1376.1,-163.86,314.24,9.0353,0.8031,-0.54398,-0.056265,8.1143,-1.9874e-15,9.8264e-16
1376.2,-163.92,314.32,9.0297,0.80829,-0.53192,-0.056744,8.1143,-1.9874e-15,9.8264e-16
1376.3,-163.97,314.4,9.024,0.81326,-0.51972,-0.056561,8.1143,-1.9874e-15,9.8264e-16
1376.4,-164.02,314.48,9.0184,0.81798,-0.50758,-0.055801,8.1143,-1.9874e-15,9.8264e-16
1376.5,-164.08,314.55,9.0128,0.82244,-0.49564,-0.054544,8.1143,-1.9874e-15,9.8264e-16
1376.6,-164.14,314.63,9.0075,0.82664,-0.48402,-0.052862,8.1143,-1.9874e-15,9.8264e-16
1376.7,-164.19,314.71,9.0023,0.83056,-0.47284,-0.050817,8.1143,-1.9874e-15,9.8264e-16
1376.8,-164.25,314.79,8.9973,0.83421,-0.46217,-0.048461,8.1143,-1.9874e-15,9.8264e-16
1376.9,-164.31,314.86,8.9926,0.83759,-0.45209,-0.045838,8.1143,-1.9874e-15,9.8264e-16
1377,-164.36,314.94,8.9882,0.84071,-0.44265,-0.042984,8.1143,-1.9874e-15,9.8264e-16
1377.1,-164.42,315.02,8.984,0.84357,-0.43391,-0.039928,8.1143,-1.9874e-15,9.8264e-16
1377.2,-164.48,315.09,8.9802,0.84619,-0.42589,-0.036692,8.1143,-1.9874e-15,9.8264e-16
1377.3,-164.54,315.16,8.9767,0.84856,-0.41864,-0.033291,8.1143,-1.9874e-15,9.8264e-16
1377.4,-164.59,315.24,8.9735,0.85071,-0.41217,-0.029738,8.1143,-1.9874e-15,9.8264e-16
1377.5,-164.65,315.31,8.9707,0.85264,-0.40653,-0.026038,8.1143,-1.9874e-15,9.8264e-16
1377.6,-164.71,315.39,8.9683,0.85436,-0.40174,-0.022196,8.1143,-1.9874e-15,9.8264e-16
1377.7,-164.77,315.46,8.9663,0.85587,-0.39783,-0.018211,8.1143,-1.9874e-15,9.8264e-16
1377.8,-164.83,315.53,8.9647,0.85718,-0.39483,-0.014082,8.1143,-1.9874e-15,9.8264e-16
1377.9,-164.89,315.61,8.9635,0.85829,-0.39277,-0.0098043,8.1143,-1.9874e-15,9.8264e-16
1378,-164.95,315.68,8.9627,0.85922,-0.3917,-0.0053738,8.1143,-1.9874e-15,9.8264e-16
1378.1,-165.01,315.75,8.9624,0.85996,-0.39165,-0.00078499,8.1143,-1.9874e-15,9.8264e-16
1378.2,-165.07,315.83,8.9626,0.86052,-0.39238,0.0040726,8.1143,-1.9874e-15,9.8264e-16
1378.3,-165.13,315.9,8.9632,0.86088,-0.39335,0.0093968,8.1143,-1.9874e-15,9.8264e-16
1378.4,-165.19,315.97,8.9645,0.86104,-0.39459,0.015185,8.1143,-1.9874e-15,9.8264e-16
1378.5,-165.25,316.05,8.9663,0.86098,-0.39612,0.021417,8.1143,-1.9874e-15,9.8264e-16
1378.6,-165.31,316.12,8.9688,0.86071,-0.39797,0.028058,8.1143,-1.9874e-15,9.8264e-16
1378.7,-165.37,316.2,8.9719,0.8602,-0.40016,0.035057,8.1143,-1.9874e-15,9.8264e-16
1378.8,-165.43,316.27,8.9758,0.85946,-0.40271,0.042348,8.1143,-1.9874e-15,9.8264e-16
1378.9,-165.49,316.34,8.9804,0.85848,-0.40564,0.04985,8.1143,-1.9874e-15,9.8264e-16
1379,-165.55,316.42,8.9858,0.85726,-0.40897,0.057469,8.1143,-1.9874e-15,9.8264e-16
1379.1,-165.61,316.49,8.9919,0.8558,-0.41269,0.065101,8.1143,-1.9874e-15,9.8264e-16
1379.2,-165.67,316.56,8.9988,0.8541,-0.41682,0.072641,8.1143,-1.9874e-15,9.8264e-16
1379.3,-165.73,316.64,9.0064,0.85217,-0.42134,0.079977,8.1143,-1.9874e-15,9.8264e-16
1379.4,-165.79,316.71,9.0148,0.85001,-0.42623,0.087008,8.1143,-1.9874e-15,9.8264e-16
1379.5,-165.85,316.78,9.0238,0.84765,-0.43149,0.093637,8.1143,-1.9874e-15,9.8264e-16
1379.6,-165.91,316.85,9.0335,0.8451,-0.43707,0.099781,8.1143,-1.9874e-15,9.8264e-16
1379.7,-165.97,316.93,9.0437,0.84236,-0.44295,0.10537,8.1143,-1.9874e-15,9.8264e-16
1379.8,-166.03,317,9.0545,0.83947,-0.4491,0.11036,8.1143,-1.9874e-15,9.8264e-16
1379.9,-166.1,317.07,9.0658,0.83645,-0.45547,0.1147,8.1143,-1.9874e-15,9.8264e-16
1380,-166.16,317.14,9.0774,0.8333,-0.46203,0.11838,8.1143,-1.9874e-15,9.8264e-16
1380.1,-166.22,317.22,9.0894,0.83007,-0.46875,0.12139,8.1143,-1.9874e-15,9.8264e-16
1380.2,-166.29,317.29,9.1017,0.82677,-0.47557,0.12374,8.1143,-1.9874e-15,9.8264e-16
1380.3,-166.35,317.36,9.1142,0.82342,-0.48248,0.12545,8.1143,-1.9874e-15,9.8264e-16
1380.4,-166.41,317.43,9.1268,0.82006,-0.48944,0.12653,8.1143,-1.9874e-15,9.8264e-16
1380.5,-166.48,317.5,9.1395,0.81669,-0.49643,0.12702,8.1143,-1.9874e-15,9.8264e-16
1380.6,-166.54,317.57,9.1522,0.81335,-0.50341,0.12696,8.1143,-1.9874e-15,9.8264e-16
1380.7,-166.61,317.64,9.1648,0.81006,-0.51037,0.12636,8.1143,-1.9874e-15,9.8264e-16
1380.8,-166.67,317.71,9.1774,0.80683,-0.51729,0.12528,8.1143,-1.9874e-15,9.8264e-16
1380.9,-166.74,317.78,9.1899,0.80369,-0.52416,0.12373,8.1143,-1.9874e-15,9.8264e-16
1381,-166.8,317.85,9.2021,0.80066,-0.53098,0.12176,8.1143,-1.9874e-15,9.8264e-16
1381.1,-166.87,317.92,9.2142,0.79774,-0.53773,0.11939,8.1143,-1.9874e-15,9.8264e-16
1381.2,-166.94,317.99,9.226,0.79497,-0.54441,0.11665,8.1143,-1.9874e-15,9.8264e-16
1381.3,-167,318.06,9.2375,0.79235,-0.55103,0.11356,8.1143,-1.9874e-15,9.8264e-16
1381.4,-167.07,318.13,9.2487,0.7899,-0.55758,0.11014,8.1143,-1.9874e-15,9.8264e-16
1381.5,-167.14,318.2,9.2595,0.78763,-0.56407,0.1064,8.1143,-1.9874e-15,9.8264e-16
1381.6,-167.21,318.26,9.27,0.78556,-0.5705,0.10235,8.1143,-1.9874e-15,9.8264e-16
1381.7,-167.28,318.33,9.28,0.7837,-0.57689,0.098005,8.1143,-1.9874e-15,9.8264e-16
1381.8,-167.35,318.4,9.2896,0.78206,-0.58324,0.09336,8.1143,-1.9874e-15,9.8264e-16
1381.9,-167.42,318.47,9.2987,0.78066,-0.58957,0.088413,8.1143,-1.9874e-15,9.8264e-16
1382,-167.49,318.54,9.3072,0.77951,-0.59588,0.083156,8.1143,-1.9874e-15,9.8264e-16
1382.1,-167.56,318.61,9.3153,0.77862,-0.60219,0.077574,8.1143,-1.9874e-15,9.8264e-16
1382.2,-167.63,318.67,9.3228,0.77801,-0.60851,0.071647,8.1143,-1.9874e-15,9.8264e-16
1382.3,-167.7,318.74,9.3296,0.7777,-0.61487,0.065345,8.1143,-1.9874e-15,9.8264e-16
1382.4,-167.77,318.81,9.3358,0.77771,-0.62129,0.05863,8.1143,-1.9874e-15,9.8264e-16
1382.5,-167.84,318.88,9.3413,0.77805,-0.62777,0.051453,8.1143,-1.9874e-15,9.8264e-16
1382.6,-167.92,318.95,9.3461,0.77875,-0.63435,0.043749,8.1143,-1.9874e-15,9.8264e-16
1382.7,-167.99,319.02,9.35,0.77984,-0.64105,0.035439,8.1143,-1.9874e-15,9.8264e-16
1382.8,-168.06,319.09,9.3531,0.78135,-0.64791,0.026416,8.1143,-1.9874e-15,9.8264e-16
1382.9,-168.14,319.16,9.3553,0.78333,-0.65495,0.016546,8.1143,-1.9874e-15,9.8264e-16
1383,-168.21,319.23,9.3564,0.78583,-0.66221,0.0056508,8.1143,-1.9874e-15,9.8264e-16
1383.1,-168.28,319.3,9.3564,0.78891,-0.66923,-0.0063047,8.1143,-1.9874e-15,9.8264e-16
1383.2,-168.36,319.37,9.3552,0.79259,-0.67309,-0.018192,8.1143,-1.9874e-15,9.8264e-16
1383.3,-168.43,319.45,9.3528,0.79684,-0.67332,-0.029403,8.1143,-1.9874e-15,9.8264e-16
1383.4,-168.51,319.52,9.3493,0.80159,-0.67007,-0.039553,8.1143,-1.9874e-15,9.8264e-16
1383.5,-168.58,319.59,9.3449,0.80673,-0.66365,-0.048375,8.1143,-1.9874e-15,9.8264e-16
1383.6,-168.66,319.67,9.3397,0.81215,-0.65446,-0.055718,8.1143,-1.9874e-15,9.8264e-16
1383.7,-168.73,319.74,9.3338,0.81772,-0.64297,-0.061543,8.1143,-1.9874e-15,9.8264e-16
1383.8,-168.81,319.81,9.3274,0.82333,-0.62969,-0.065895,8.1143,-1.9874e-15,9.8264e-16
1383.9,-168.89,319.88,9.3207,0.82889,-0.61509,-0.068881,8.1143,-1.9874e-15,9.8264e-16
1384,-168.96,319.95,9.3137,0.8343,-0.59959,-0.07064,8.1143,-1.9874e-15,9.8264e-16
1384.1,-169.04,320.02,9.3066,0.8395,-0.58359,-0.071329,8.1143,-1.9874e-15,9.8264e-16
1384.2,-169.11,320.08,9.2995,0.84443,-0.56741,-0.071103,8.1143,-1.9874e-15,9.8264e-16
1384.3,-169.19,320.15,9.2924,0.84907,-0.55132,-0.07011,8.1143,-1.9874e-15,9.8264e-16
1384.4,-169.27,320.22,9.2855,0.85339,-0.53554,-0.068479,8.1143,-1.9874e-15,9.8264e-16
1384.5,-169.35,320.28,9.2787,0.85738,-0.52023,-0.066326,8.1143,-1.9874e-15,9.8264e-16
1384.6,-169.42,320.34,9.2722,0.86104,-0.50554,-0.063747,8.1143,-1.9874e-15,9.8264e-16
1384.7,-169.5,320.41,9.266,0.86437,-0.49156,-0.060822,8.1143,-1.9874e-15,9.8264e-16
1384.8,-169.58,320.47,9.2601,0.86738,-0.47836,-0.057614,8.1143,-1.9874e-15,9.8264e-16
1384.9,-169.66,320.53,9.2545,0.87008,-0.46601,-0.054175,8.1143,-1.9874e-15,9.8264e-16
1385,-169.73,320.59,9.2492,0.87248,-0.45455,-0.050542,8.1143,-1.9874e-15,9.8264e-16
1385.1,-169.81,320.65,9.2444,0.87461,-0.444,-0.046747,8.1143,-1.9874e-15,9.8264e-16
1385.2,-169.89,320.71,9.2399,0.87646,-0.43439,-0.042807,8.1143,-1.9874e-15,9.8264e-16
1385.3,-169.97,320.77,9.2358,0.87806,-0.42575,-0.038737,8.1143,-1.9874e-15,9.8264e-16
1385.4,-170.05,320.82,9.2321,0.87943,-0.41808,-0.034545,8.1143,-1.9874e-15,9.8264e-16
1385.5,-170.12,320.88,9.2289,0.88056,-0.4114,-0.030231,8.1143,-1.9874e-15,9.8264e-16
1385.6,-170.2,320.94,9.2261,0.88148,-0.40574,-0.025795,8.1143,-1.9874e-15,9.8264e-16
1385.7,-170.28,321,9.2237,0.8822,-0.40111,-0.021231,8.1143,-1.9874e-15,9.8264e-16
1385.8,-170.36,321.05,9.2219,0.88272,-0.39753,-0.016531,8.1143,-1.9874e-15,9.8264e-16
1385.9,-170.44,321.11,9.2204,0.88305,-0.39505,-0.011686,8.1143,-1.9874e-15,9.8264e-16
1386,-170.52,321.17,9.2195,0.8832,-0.3937,-0.0066854,8.1143,-1.9874e-15,9.8264e-16
1386.1,-170.59,321.22,9.2191,0.88316,-0.39351,-0.0015169,8.1143,-1.9874e-15,9.8264e-16
1386.2,-170.67,321.28,9.2192,0.88294,-0.3943,0.0039171,8.1143,-1.9874e-15,9.8264e-16
1386.3,-170.75,321.34,9.2199,0.88254,-0.3954,0.0098638,8.1143,-1.9874e-15,9.8264e-16
1386.4,-170.83,321.39,9.2212,0.88193,-0.39681,0.016326,8.1143,-1.9874e-15,9.8264e-16
1386.5,-170.91,321.45,9.2232,0.88112,-0.39855,0.023274,8.1143,-1.9874e-15,9.8264e-16
1386.6,-170.99,321.51,9.2259,0.88008,-0.40066,0.030662,8.1143,-1.9874e-15,9.8264e-16
1386.7,-171.07,321.56,9.2293,0.8788,-0.40316,0.038422,8.1143,-1.9874e-15,9.8264e-16
1386.8,-171.14,321.62,9.2336,0.87729,-0.40608,0.04647,9.8346,-1.1002,0.53962
1386.9,-171.22,321.68,9.2394,0.87907,-0.41443,0.070164,9.8346,-1.1002,0.53962
1387,-171.3,321.73,9.2476,0.8799,-0.42413,0.093871,9.8346,-1.1002,0.53962
1387.1,-171.38,321.79,9.2582,0.87979,-0.43521,0.11676,9.8346,-1.1002,0.53962
1387.2,-171.46,321.85,9.2709,0.87878,-0.44761,0.13805,9.8346,-1.1002,0.53962
1387.3,-171.54,321.91,9.2857,0.87692,-0.46122,0.15714,9.8346,-1.1002,0.53962
1387.4,-171.62,321.96,9.3023,0.87425,-0.47587,0.17362,9.8346,-1.1002,0.53962
1387.5,-171.7,322.02,9.3203,0.87088,-0.49136,0.1873,9.8346,-1.1002,0.53962
1387.6,-171.78,322.08,9.3396,0.86689,-0.5075,0.19815,9.8346,-1.1002,0.53962
1387.7,-171.87,322.14,9.3599,0.86236,-0.52409,0.20631,9.8346,-1.1002,0.53962
1387.8,-171.95,322.2,9.3808,0.85739,-0.54093,0.212,9.8346,-1.1002,0.53962
1387.9,-172.03,322.25,9.4022,0.85209,-0.55789,0.21548,9.8346,-1.1002,0.53962
1388,-172.12,322.31,9.4238,0.84654,-0.57483,0.21702,9.8346,-1.1002,0.53962
1388.1,-172.2,322.37,9.4455,0.84081,-0.59168,0.21689,9.8346,-1.1002,0.53962
1388.2,-172.29,322.43,9.4672,0.83501,-0.60837,0.21532,9.8346,-1.1002,0.53962
1388.3,-172.37,322.48,9.4886,0.82919,-0.62485,0.21252,9.8346,-1.1002,0.53962
1388.4,-172.46,322.54,9.5096,0.82343,-0.64112,0.20866,9.8346,-1.1002,0.53962
1388.5,-172.55,322.6,9.5303,0.81779,-0.65718,0.2039,9.8346,-1.1002,0.53962
1388.6,-172.64,322.65,9.5504,0.81232,-0.67305,0.19834,9.8346,-1.1002,0.53962
1388.7,-172.73,322.71,9.5699,0.80709,-0.68875,0.19207,9.8346,-1.1002,0.53962
1388.8,-172.82,322.77,9.5888,0.80214,-0.70433,0.18515,9.8346,-1.1002,0.53962
1388.9,-172.91,322.82,9.6069,0.79751,-0.71983,0.17762,9.8346,-1.1002,0.53962
1389,-173,322.88,9.6243,0.79326,-0.73533,0.16951,9.8346,-1.1002,0.53962
1389.1,-173.09,322.94,9.6408,0.78943,-0.75087,0.16081,9.8346,-1.1002,0.53962
1389.2,-173.19,322.99,9.6564,0.78606,-0.76654,0.1515,9.8346,-1.1002,0.53962
1389.3,-173.28,323.05,9.6711,0.78322,-0.78242,0.14155,9.8346,-1.1002,0.53962
1389.4,-173.38,323.11,9.6847,0.78094,-0.79861,0.13088,9.8346,-1.1002,0.53962
1389.5,-173.47,323.16,9.6972,0.77929,-0.81521,0.1194,9.8346,-1.1002,0.53962
1389.6,-173.57,323.22,9.7086,0.77834,-0.83235,0.10698,9.8346,-1.1002,0.53962
1389.7,-173.67,323.28,9.7186,0.77817,-0.85017,0.093452,9.8346,-1.1002,0.53962
1389.8,-173.77,323.34,9.7272,0.77889,-0.86885,0.078577,9.8346,-1.1002,0.53962
1389.9,-173.87,323.4,9.7342,0.78062,-0.88859,0.062035,9.8346,-1.1002,0.53962
1390,-173.97,323.46,9.7395,0.78354,-0.90964,0.043384,9.8346,-1.1002,0.53962
1390.1,-174.08,323.52,9.7428,0.78785,-0.93234,0.021996,9.8346,-1.1002,0.53962
1390.2,-174.18,323.59,9.7438,0.79385,-0.95703,-0.003016,9.8346,-1.1002,0.53962
1390.3,-174.29,323.66,9.7422,0.80186,-0.97666,-0.029526,9.8346,-1.1002,0.53962
1390.4,-174.39,323.72,9.738,0.81185,-0.98612,-0.05403,9.8346,-1.1002,0.53962
1390.5,-174.5,323.79,9.7315,0.82351,-0.98592,-0.074797,9.8346,-1.1002,0.53962
1390.6,-174.61,323.86,9.7232,0.83638,-0.97747,-0.090901,9.8346,-1.1002,0.53962
1390.7,-174.72,323.93,9.7135,0.84991,-0.96265,-0.10217,9.8346,-1.1002,0.53962
1390.8,-174.83,324,9.7029,0.86362,-0.94343,-0.10897,9.8346,-1.1002,0.53962
1390.9,-174.94,324.06,9.6918,0.87707,-0.92164,-0.11196,9.8346,-1.1002,0.53962
1391,-175.05,324.13,9.6806,0.88996,-0.8988,-0.11185,9.8346,-1.1002,0.53962
1391.1,-175.15,324.19,9.6695,0.90208,-0.8761,-0.10937,9.8346,-1.1002,0.53962
1391.2,-175.26,324.26,9.6588,0.9133,-0.85442,-0.10509,9.8346,-1.1002,0.53962
1391.3,-175.37,324.32,9.6485,0.92356,-0.8344,-0.099533,9.8346,-1.1002,0.53962
1391.4,-175.48,324.38,9.6389,0.93285,-0.81647,-0.09307,9.8346,-1.1002,0.53962
1391.5,-175.59,324.44,9.6299,0.94118,-0.80092,-0.086009,9.8346,-1.1002,0.53962
1391.6,-175.7,324.5,9.6217,0.94859,-0.78792,-0.078584,9.8346,-1.1002,0.53962
1391.7,-175.81,324.55,9.6142,0.95512,-0.77759,-0.07098,9.8346,-1.1002,0.53962
1391.8,-175.91,324.61,9.6075,0.96085,-0.76997,-0.063351,9.8346,-1.1002,0.53962
1391.9,-176.02,324.67,9.6016,0.96581,-0.76507,-0.055825,9.8346,-1.1002,0.53962
1392,-176.13,324.73,9.5963,0.97008,-0.76288,-0.048524,9.8346,-1.1002,0.53962
1392.1,-176.24,324.79,9.5918,0.97371,-0.76334,-0.041564,9.8346,-1.1002,0.53962
1392.2,-176.35,324.85,9.588,0.97676,-0.76639,-0.035067,9.8346,-1.1002,0.53962
1392.3,-176.46,324.91,9.5848,0.9793,-0.77192,-0.029159,9.8346,-1.1002,0.53962
1392.4,-176.57,324.97,9.5822,0.98138,-0.77978,-0.023978,9.8346,-1.1002,0.53962
1392.5,-176.68,325.03,9.58,0.98309,-0.7898,-0.019665,9.8346,-1.1002,0.53962
1392.6,-176.78,325.09,9.5782,0.98448,-0.80171,-0.016365,9.8346,-1.1002,0.53962
1392.7,-176.89,325.16,9.5767,0.98566,-0.81523,-0.014213,9.8346,-1.1002,0.53962
1392.8,-177,325.23,9.5753,0.9867,-0.82997,-0.013325,9.8346,-1.1002,0.53962
1392.9,-177.11,325.29,9.574,0.9877,-0.84549,-0.013777,9.8346,-1.1002,0.53962
1393,-177.22,325.36,9.5725,0.98878,-0.8613,-0.015591,9.8346,-1.1002,0.53962
1393.1,-177.34,325.44,9.5708,0.99002,-0.87685,-0.018721,9.8346,-1.1002,0.53962
1393.2,-177.45,325.51,9.5687,0.99153,-0.89158,-0.023038,9.8346,-1.1002,0.53962
1393.3,-177.56,325.58,9.5662,0.9934,-0.90497,-0.028333,9.8346,-1.1002,0.53962
1393.4,-177.67,325.66,9.563,0.99568,-0.91655,-0.03433,9.8346,-1.1002,0.53962
1393.5,-177.78,325.74,9.5593,0.99842,-0.92595,-0.040703,9.8346,-1.1002,0.53962
1393.6,-177.89,325.82,9.5549,1.0016,-0.93295,-0.047114,9.8346,-1.1002,0.53962
1393.7,-178,325.9,9.5499,1.0052,-0.93745,-0.053238,9.8346,-1.1002,0.53962
1393.8,-178.11,325.98,9.5443,1.0092,-0.93952,-0.058798,9.8346,-1.1002,0.53962
1393.9,-178.23,326.06,9.5381,1.0135,-0.93935,-0.063578,9.8346,-1.1002,0.53962
1394,-178.34,326.14,9.5316,1.018,-0.93722,-0.067439,9.8346,-1.1002,0.53962
1394.1,-178.45,326.22,9.5247,1.0226,-0.93351,-0.070313,9.8346,-1.1002,0.53962
1394.2,-178.56,326.31,9.5176,1.0272,-0.92859,-0.072196,9.8346,-1.1002,0.53962
1394.3,-178.67,326.39,9.5103,1.0317,-0.92288,-0.073134,9.8346,-1.1002,0.53962
1394.4,-178.78,326.47,9.503,1.036,-0.91675,-0.073211,9.8346,-1.1002,0.53962
1394.5,-178.89,326.56,9.4957,1.0401,-0.91057,-0.072534,9.8346,-1.1002,0.53962
1394.6,-179,326.64,9.4885,1.044,-0.90462,-0.071224,9.8346,-1.1002,0.53962
1394.7,-179.11,326.72,9.4814,1.0475,-0.89918,-0.069405,9.8346,-1.1002,0.53962
1394.8,-179.22,326.81,9.4746,1.0508,-0.89445,-0.067201,9.8346,-1.1002,0.53962
1394.9,-179.33,326.89,9.468,1.0537,-0.89059,-0.064732,9.8346,-1.1002,0.53962
1395,-179.44,326.98,9.4617,1.0563,-0.88772,-0.062113,9.8346,-1.1002,0.53962
1395.1,-179.55,327.06,9.4556,1.0585,-0.88591,-0.059448,9.8346,-1.1002,0.53962
1395.2,-179.65,327.15,9.4498,1.0605,-0.8852,-0.056837,9.8346,-1.1002,0.53962
1395.3,-179.76,327.23,9.4442,1.0622,-0.88556,-0.054368,9.8346,-1.1002,0.53962
1395.4,-179.87,327.32,9.4389,1.0636,-0.88698,-0.052123,9.8346,-1.1002,0.53962
1395.5,-179.98,327.41,9.4338,1.0649,-0.88937,-0.050172,9.8346,-1.1002,0.53962
1395.6,-180.09,327.5,9.4288,1.0659,-0.89263,-0.048574,9.8346,-1.1002,0.53962
1395.7,-180.19,327.58,9.424,1.0669,-0.89663,-0.047377,9.8346,-1.1002,0.53962
1395.8,-180.3,327.67,9.4194,1.0677,-0.90124,-0.046611,9.8346,-1.1002,0.53962
1395.9,-180.4,327.77,9.4147,1.0685,-0.90627,-0.046293,9.8346,-1.1002,0.53962
1396,-180.51,327.86,9.4101,1.0693,-0.91155,-0.046421,9.8346,-1.1002,0.53962
1396.1,-180.62,327.95,9.4054,1.07,-0.91691,-0.046975,9.8346,-1.1002,0.53962
1396.2,-180.72,328.05,9.4007,1.0709,-0.92216,-0.047916,9.8346,-1.1002,0.53962
1396.3,-180.83,328.14,9.3958,1.0718,-0.92714,-0.049191,9.8346,-1.1002,0.53962
1396.4,-180.93,328.24,9.3908,1.0729,-0.93169,-0.050731,9.8346,-1.1002,0.53962
1396.5,-181.03,328.33,9.3857,1.074,-0.93569,-0.052459,9.8346,-1.1002,0.53962
1396.6,-181.14,328.43,9.3803,1.0753,-0.93904,-0.054291,9.8346,-1.1002,0.53962
1396.7,-181.24,328.53,9.3748,1.0767,-0.94169,-0.056143,3.1391,-7.6886e-16,3.6905e-16
1396.8,-181.34,328.63,9.3684,1.064,-0.9356,-0.072414,3.1391,-7.6886e-16,3.6905e-16
1396.9,-181.44,328.73,9.3604,1.0529,-0.92238,-0.086455,3.1391,-7.6886e-16,3.6905e-16
1397,-181.54,328.83,9.3512,1.0432,-0.90308,-0.097701,3.1391,-7.6886e-16,3.6905e-16
1397.1,-181.64,328.93,9.341,1.0344,-0.87904,-0.10599,3.1391,-7.6886e-16,3.6905e-16
1397.2,-181.73,329.02,9.3301,1.0263,-0.85161,-0.11146,3.1391,-7.6886e-16,3.6905e-16
1397.3,-181.83,329.11,9.3187,1.0185,-0.82205,-0.11443,3.1391,-7.6886e-16,3.6905e-16
1397.4,-181.92,329.21,9.3072,1.0108,-0.79143,-0.11532,3.1391,-7.6886e-16,3.6905e-16
1397.5,-182.01,329.3,9.2957,1.0031,-0.76059,-0.11455,3.1391,-7.6886e-16,3.6905e-16
1397.6,-182.1,329.38,9.2844,0.9952,-0.73017,-0.11249,3.1391,-7.6886e-16,3.6905e-16
1397.7,-182.18,329.47,9.2733,0.98717,-0.70063,-0.10948,3.1391,-7.6886e-16,3.6905e-16
1397.8,-182.27,329.55,9.2625,0.97893,-0.67228,-0.10579,3.1391,-7.6886e-16,3.6905e-16
1397.9,-182.36,329.63,9.2521,0.97048,-0.64531,-0.10163,3.1391,-7.6886e-16,3.6905e-16
1398,-182.44,329.71,9.2422,0.96185,-0.61983,-0.097169,3.1391,-7.6886e-16,3.6905e-16
1398.1,-182.52,329.79,9.2327,0.95306,-0.59588,-0.092531,3.1391,-7.6886e-16,3.6905e-16
1398.2,-182.6,329.87,9.2237,0.94414,-0.57348,-0.087811,3.1391,-7.6886e-16,3.6905e-16
1398.3,-182.68,329.94,9.2151,0.93512,-0.55259,-0.083076,3.1391,-7.6886e-16,3.6905e-16
1398.4,-182.76,330.01,9.2071,0.92604,-0.53317,-0.078377,3.1391,-7.6886e-16,3.6905e-16
1398.5,-182.84,330.08,9.1995,0.91691,-0.51515,-0.073746,3.1391,-7.6886e-16,3.6905e-16
1398.6,-182.92,330.15,9.1923,0.90778,-0.49847,-0.069207,3.1391,-7.6886e-16,3.6905e-16
1398.7,-183,330.22,9.1856,0.89866,-0.48307,-0.064775,3.1391,-7.6886e-16,3.6905e-16
1398.8,-183.07,330.29,9.1794,0.88958,-0.46887,-0.060458,3.1391,-7.6886e-16,3.6905e-16
1398.9,-183.15,330.36,9.1735,0.88056,-0.45581,-0.05626,3.1391,-7.6886e-16,3.6905e-16
1399,-183.22,330.42,9.1681,0.87161,-0.44383,-0.052183,3.1391,-7.6886e-16,3.6905e-16
1399.1,-183.29,330.49,9.1631,0.86276,-0.43286,-0.048226,3.1391,-7.6886e-16,3.6905e-16
1399.2,-183.36,330.55,9.1585,0.85401,-0.42286,-0.044386,3.1391,-7.6886e-16,3.6905e-16
1399.3,-183.43,330.61,9.1542,0.84537,-0.41375,-0.04066,3.1391,-7.6886e-16,3.6905e-16
1399.4,-183.5,330.68,9.1503,0.83686,-0.40551,-0.037044,3.1391,-7.6886e-16,3.6905e-16
1399.5,-183.57,330.74,9.1468,0.82847,-0.39808,-0.033534,3.1391,-7.6886e-16,3.6905e-16
1399.6,-183.64,330.8,9.1436,0.82022,-0.39142,-0.030128,3.1391,-7.6886e-16,3.6905e-16
1399.7,-183.71,330.86,9.1408,0.8121,-0.38548,-0.026821,3.1391,-7.6886e-16,3.6905e-16
1399.8,-183.78,330.92,9.1382,0.80413,-0.38025,-0.023613,3.1391,-7.6886e-16,3.6905e-16
1399.9,-183.84,330.98,9.136,0.7963,-0.37568,-0.020499,3.1391,-7.6886e-16,3.6905e-16
1400,-183.91,331.03,9.1341,0.78862,-0.37174,-0.017481,3.1391,-7.6886e-16,3.6905e-16
1400.1,-183.97,331.09,9.1325,0.78108,-0.3684,-0.014558,3.1391,-7.6886e-16,3.6905e-16
1400.2,-184.04,331.15,9.1312,0.77368,-0.36565,-0.011732,3.1391,-7.6886e-16,3.6905e-16
1400.3,-184.1,331.21,9.1302,0.76643,-0.36344,-0.0090036,3.1391,-7.6886e-16,3.6905e-16
1400.4,-184.16,331.26,9.1294,0.75932,-0.36176,-0.0063775,3.1391,-7.6886e-16,3.6905e-16
1400.5,-184.22,331.32,9.1289,0.75236,-0.36059,-0.0038583,3.1391,-7.6886e-16,3.6905e-16
1400.6,-184.28,331.38,9.1286,0.74553,-0.35989,-0.0014519,3.1391,-7.6886e-16,3.6905e-16
1400.7,-184.34,331.43,9.1286,0.73885,-0.35962,0.00084363,3.1391,-7.6886e-16,3.6905e-16
1400.8,-184.4,331.49,9.1288,0.7323,-0.35949,0.0031189,3.1391,-7.6886e-16,3.6905e-16
1400.9,-184.46,331.54,9.1292,0.72589,-0.35941,0.0053908,3.1391,-7.6886e-16,3.6905e-16
1401,-184.52,331.6,9.1299,0.7196,-0.35938,0.0076485,3.1391,-7.6886e-16,3.6905e-16
1401.1,-184.58,331.65,9.1308,0.71343,-0.35941,0.0098809,3.1391,-7.6886e-16,3.6905e-16
1401.2,-184.64,331.71,9.1319,0.70739,-0.35948,0.012076,3.1391,-7.6886e-16,3.6905e-16
1401.3,-184.7,331.76,9.1332,0.70146,-0.3596,0.014223,3.1391,-7.6886e-16,3.6905e-16
1401.4,-184.75,331.82,9.1347,0.69564,-0.35976,0.016309,3.1391,-7.6886e-16,3.6905e-16
1401.5,-184.81,331.87,9.1364,0.68993,-0.35996,0.018322,3.1391,-7.6886e-16,3.6905e-16
1401.6,-184.86,331.93,9.1384,0.68434,-0.36019,0.020252,3.1391,-7.6886e-16,3.6905e-16
1401.7,-184.92,331.98,9.1405,0.67885,-0.36046,0.022087,3.1391,-7.6886e-16,3.6905e-16
1401.8,-184.97,332.03,9.1428,0.67347,-0.36076,0.023818,3.1391,-7.6886e-16,3.6905e-16
1401.9,-185.03,332.09,9.1452,0.66819,-0.36108,0.025434,3.1391,-7.6886e-16,3.6905e-16
1402,-185.08,332.14,9.1479,0.66302,-0.36142,0.026929,3.1391,-7.6886e-16,3.6905e-16
1402.1,-185.14,332.19,9.1506,0.65796,-0.36178,0.028294,3.1391,-7.6886e-16,3.6905e-16
1402.2,-185.19,332.25,9.1535,0.653,-0.36215,0.029524,3.1391,-7.6886e-16,3.6905e-16
1402.3,-185.24,332.3,9.1565,0.64815,-0.36252,0.030613,3.1391,-7.6886e-16,3.6905e-16
1402.4,-185.3,332.35,9.1596,0.64341,-0.3629,0.031559,3.1391,-7.6886e-16,3.6905e-16
1402.5,-185.35,332.4,9.1628,0.63877,-0.36327,0.032358,3.1391,-7.6886e-16,3.6905e-16
1402.6,-185.4,332.45,9.1661,0.63425,-0.36364,0.033009,3.1391,-7.6886e-16,3.6905e-16
1402.7,-185.45,332.51,9.1694,0.62983,-0.36399,0.033512,3.1391,-7.6886e-16,3.6905e-16
1402.8,-185.5,332.56,9.1728,0.62553,-0.36433,0.033866,3.1391,-7.6886e-16,3.6905e-16
1402.9,-185.55,332.61,9.1762,0.62133,-0.36466,0.034074,3.1391,-7.6886e-16,3.6905e-16
1403,-185.61,332.66,9.1796,0.61725,-0.36496,0.034137,3.1391,-7.6886e-16,3.6905e-16
1403.1,-185.66,332.71,9.183,0.61329,-0.36523,0.034058,3.1391,-7.6886e-16,3.6905e-16
1403.2,-185.71,332.76,9.1864,0.60943,-0.36548,0.03384,3.1391,-7.6886e-16,3.6905e-16
1403.3,-185.76,332.81,9.1898,0.6057,-0.36569,0.033487,3.1391,-7.6886e-16,3.6905e-16
1403.4,-185.81,332.86,9.1931,0.60207,-0.36588,0.033003,3.1391,-7.6886e-16,3.6905e-16
1403.5,-185.86,332.91,9.1964,0.59857,-0.36603,0.032391,3.1391,-7.6886e-16,3.6905e-16
1403.6,-185.91,332.96,9.1996,0.59518,-0.36614,0.031656,3.1391,-7.6886e-16,3.6905e-16
1403.7,-185.96,333,9.2027,0.59191,-0.36621,0.030803,3.1391,-7.6886e-16,3.6905e-16
1403.8,-186.01,333.05,9.2057,0.58876,-0.36624,0.029834,3.1391,-7.6886e-16,3.6905e-16
1403.9,-186.06,333.1,9.2087,0.58572,-0.36623,0.028755,3.1391,-7.6886e-16,3.6905e-16
1404,-186.11,333.15,9.2115,0.58281,-0.36618,0.02757,3.1391,-7.6886e-16,3.6905e-16
1404.1,-186.16,333.2,9.2142,0.58001,-0.36608,0.02628,3.1391,-7.6886e-16,3.6905e-16
1404.2,-186.2,333.25,9.2167,0.57733,-0.36594,0.024891,3.1391,-7.6886e-16,3.6905e-16
1404.3,-186.25,333.29,9.2192,0.57476,-0.36575,0.023404,3.1391,-7.6886e-16,3.6905e-16
1404.4,-186.3,333.34,9.2214,0.57232,-0.36552,0.021823,3.1391,-7.6886e-16,3.6905e-16
1404.5,-186.35,333.39,9.2235,0.56999,-0.36524,0.020148,3.1391,-7.6886e-16,3.6905e-16
1404.6,-186.4,333.43,9.2254,0.56778,-0.36492,0.018382,3.1391,-7.6886e-16,3.6905e-16
1404.7,-186.45,333.48,9.2272,0.56568,-0.36455,0.016524,3.1391,-7.6886e-16,3.6905e-16
1404.8,-186.5,333.53,9.2287,0.5637,-0.36413,0.014576,3.1391,-7.6886e-16,3.6905e-16
1404.9,-186.54,333.58,9.2301,0.56184,-0.36367,0.012535,3.1391,-7.6886e-16,3.6905e-16
1405,-186.59,333.62,9.2313,0.56009,-0.36316,0.010402,3.1391,-7.6886e-16,3.6905e-16
1405.1,-186.64,333.67,9.2322,0.55846,-0.3626,0.0081729,3.1391,-7.6886e-16,3.6905e-16
1405.2,-186.69,333.71,9.2329,0.55694,-0.362,0.005845,3.1391,-7.6886e-16,3.6905e-16
1405.3,-186.74,333.76,9.2333,0.55554,-0.36134,0.0034138,3.1391,-7.6886e-16,3.6905e-16
1405.4,-186.78,333.81,9.2336,0.55426,-0.36064,0.00087349,3.1391,-7.6886e-16,3.6905e-16
1405.5,-186.83,333.85,9.2335,0.55309,-0.35979,-0.0017461,3.1391,-7.6886e-16,3.6905e-16
1405.6,-186.88,333.9,9.2332,0.55203,-0.35847,-0.004315,3.1391,-7.6886e-16,3.6905e-16
1405.7,-186.93,333.94,9.2327,0.55108,-0.35667,-0.0067957,3.1391,-7.6886e-16,3.6905e-16
1405.8,-186.97,333.99,9.2319,0.55023,-0.3544,-0.0091628,3.1391,-7.6886e-16,3.6905e-16
1405.9,-187.02,334.03,9.2308,0.54947,-0.35168,-0.011394,3.1391,-7.6886e-16,3.6905e-16
1406,-187.07,334.08,9.2296,0.54879,-0.34856,-0.013472,3.1391,-7.6886e-16,3.6905e-16
1406.1,-187.11,334.12,9.2281,0.54819,-0.34504,-0.015384,3.1391,-7.6886e-16,3.6905e-16
1406.2,-187.16,334.17,9.2265,0.54766,-0.34118,-0.017118,3.1391,-7.6886e-16,3.6905e-16
1406.3,-187.21,334.21,9.2247,0.54718,-0.33701,-0.01867,3.1391,-7.6886e-16,3.6905e-16
1406.4,-187.25,334.26,9.2228,0.54675,-0.33256,-0.020038,3.1391,-7.6886e-16,3.6905e-16
1406.5,-187.3,334.3,9.2207,0.54637,-0.32787,-0.021221,3.1391,-7.6886e-16,3.6905e-16
1406.6,-187.35,334.34,9.2185,0.54601,-0.32298,-0.022223,3.1391,-7.6886e-16,3.6905e-16
1406.7,-187.4,334.39,9.2163,0.54568,-0.31793,-0.02305,3.1391,-7.6886e-16,3.6905e-16
1406.8,-187.44,334.43,9.2139,0.54538,-0.31275,-0.023708,3.1391,-7.6886e-16,3.6905e-16
1406.9,-187.49,334.47,9.2115,0.54508,-0.30747,-0.024206,3.1391,-7.6886e-16,3.6905e-16
1407,-187.54,334.51,9.2091,0.54479,-0.30212,-0.024552,3.1391,-7.6886e-16,3.6905e-16
1407.1,-187.58,334.55,9.2066,0.54451,-0.29674,-0.024757,3.1391,-7.6886e-16,3.6905e-16
1407.2,-187.63,334.59,9.2042,0.54422,-0.29134,-0.02483,3.1391,-7.6886e-16,3.6905e-16
1407.3,-187.68,334.63,9.2017,0.54393,-0.28596,-0.024782,3.1391,-7.6886e-16,3.6905e-16
1407.4,-187.72,334.67,9.1992,0.54364,-0.2806,-0.024621,3.1391,-7.6886e-16,3.6905e-16
1407.5,-187.77,334.71,9.1968,0.54333,-0.2753,-0.024357,3.1391,-7.6886e-16,3.6905e-16
1407.6,-187.82,334.75,9.1943,0.54301,-0.27006,-0.024,3.1391,-7.6886e-16,3.6905e-16
1407.7,-187.86,334.79,9.192,0.54269,-0.26491,-0.023557,3.1391,-7.6886e-16,3.6905e-16
1407.8,-187.91,334.83,9.1896,0.54234,-0.25985,-0.023037,3.1391,-7.6886e-16,3.6905e-16
1407.9,-187.96,334.86,9.1874,0.54199,-0.25489,-0.022446,3.1391,-7.6886e-16,3.6905e-16
1408,-188,334.9,9.1851,0.54161,-0.25005,-0.021792,3.1391,-7.6886e-16,3.6905e-16
1408.1,-188.05,334.94,9.183,0.54123,-0.24533,-0.021081,3.1391,-7.6886e-16,3.6905e-16
1408.2,-188.1,334.98,9.1809,0.54083,-0.24074,-0.020318,3.1391,-7.6886e-16,3.6905e-16
1408.3,-188.14,335.01,9.1789,0.54041,-0.23629,-0.019508,3.1391,-7.6886e-16,3.6905e-16
1408.4,-188.19,335.05,9.177,0.53998,-0.23198,-0.018655,3.1391,-7.6886e-16,3.6905e-16
1408.5,-188.24,335.08,9.1752,0.53954,-0.22781,-0.017764,3.1391,-7.6886e-16,3.6905e-16
1408.6,-188.28,335.12,9.1735,0.53908,-0.22379,-0.016836,3.1391,-7.6886e-16,3.6905e-16
1408.7,-188.33,335.15,9.1718,0.53861,-0.21992,-0.015877,3.1391,-7.6886e-16,3.6905e-16
1408.8,-188.38,335.19,9.1703,0.53812,-0.2162,-0.014887,3.1391,-7.6886e-16,3.6905e-16
1408.9,-188.42,335.22,9.1689,0.53763,-0.21263,-0.013869,3.1391,-7.6886e-16,3.6905e-16
1409,-188.47,335.26,9.1675,0.53712,-0.20921,-0.012825,3.1391,-7.6886e-16,3.6905e-16
1409.1,-188.52,335.29,9.1663,0.5366,-0.20596,-0.011756,3.1391,-7.6886e-16,3.6905e-16
1409.2,-188.56,335.32,9.1652,0.53608,-0.20285,-0.010662,3.1391,-7.6886e-16,3.6905e-16
1409.3,-188.61,335.36,9.1642,0.53554,-0.19991,-0.0095456,3.1391,-7.6886e-16,3.6905e-16
1409.4,-188.66,335.39,9.1633,0.535,-0.19712,-0.0084059,3.1391,-7.6886e-16,3.6905e-16
1409.5,-188.7,335.42,9.1625,0.53444,-0.19449,-0.0072433,4.7812,0.51216,-0.25121
1409.6,-188.75,335.45,9.1615,0.53759,-0.18945,-0.013133,4.7812,0.51216,-0.25121
1409.7,-188.8,335.49,9.1599,0.54076,-0.1837,-0.018934,4.7812,0.51216,-0.25121
1409.8,-188.84,335.52,9.1577,0.54392,-0.17728,-0.024625,4.7812,0.51216,-0.25121
1409.9,-188.89,335.55,9.1549,0.54709,-0.17023,-0.030192,4.7812,0.51216,-0.25121
1410,-188.94,335.58,9.1517,0.55023,-0.16259,-0.035631,4.7812,0.51216,-0.25121
1410.1,-188.99,335.61,9.1478,0.55335,-0.1544,-0.040942,4.7812,0.51216,-0.25121
1410.2,-189.04,335.64,9.1435,0.55643,-0.14573,-0.046132,4.7812,0.51216,-0.25121
1410.3,-189.09,335.67,9.1386,0.55947,-0.13662,-0.051213,4.7812,0.51216,-0.25121
1410.4,-189.14,335.7,9.1332,0.56245,-0.12711,-0.056201,4.7812,0.51216,-0.25121
1410.5,-189.19,335.73,9.1274,0.56537,-0.11727,-0.061114,4.7812,0.51216,-0.25121
1410.6,-189.24,335.75,9.121,0.56821,-0.10714,-0.065975,4.7812,0.51216,-0.25121
1410.7,-189.29,335.78,9.1142,0.57097,-0.096771,-0.070806,4.7812,0.51216,-0.25121
1410.8,-189.34,335.81,9.1068,0.57364,-0.086199,-0.075628,4.7812,0.51216,-0.25121
1410.9,-189.39,335.83,9.099,0.57621,-0.075472,-0.080463,4.7812,0.51216,-0.25121
1411,-189.45,335.86,9.0908,0.57868,-0.06463,-0.085332,4.7812,0.51216,-0.25121
1411.1,-189.5,335.88,9.082,0.58103,-0.053711,-0.090252,4.7812,0.51216,-0.25121
1411.2,-189.55,335.91,9.0727,0.58327,-0.042752,-0.095237,4.7812,0.51216,-0.25121
1411.3,-189.61,335.93,9.0629,0.58538,-0.031787,-0.1003,4.7812,0.51216,-0.25121
1411.4,-189.66,335.95,9.0526,0.58737,-0.020849,-0.10545,4.7812,0.51216,-0.25121
1411.5,-189.71,335.98,9.0418,0.58922,-0.009972,-0.11069,4.7812,0.51216,-0.25121
1411.6,-189.77,336,9.0305,0.59093,0.00081547,-0.11601,4.7812,0.51216,-0.25121
1411.7,-189.82,336.02,9.0186,0.5925,0.011634,-0.12126,4.7812,0.51216,-0.25121
1411.8,-189.88,336.05,9.0063,0.59391,0.02257,-0.12628,4.7812,0.51216,-0.25121
1411.9,-189.93,336.07,8.9934,0.59517,0.033599,-0.13104,4.7812,0.51216,-0.25121
1412,-189.99,336.09,8.9801,0.59627,0.044694,-0.13552,4.7812,0.51216,-0.25121
1412.1,-190.04,336.11,8.9663,0.5972,0.055827,-0.13969,4.7812,0.51216,-0.25121
1412.2,-190.1,336.13,8.9521,0.59796,0.066973,-0.14356,4.7812,0.51216,-0.25121
1412.3,-190.16,336.15,8.9376,0.59854,0.078102,-0.1471,4.7812,0.51216,-0.25121
1412.4,-190.21,336.17,8.9227,0.59896,0.089189,-0.15032,4.7812,0.51216,-0.25121
1412.5,-190.27,336.2,8.9075,0.5992,0.10021,-0.15322,4.7812,0.51216,-0.25121
1412.6,-190.33,336.22,8.8921,0.59927,0.11114,-0.15579,4.7812,0.51216,-0.25121
1412.7,-190.39,336.24,8.8764,0.59918,0.12196,-0.15806,4.7812,0.51216,-0.25121
1412.8,-190.44,336.26,8.8605,0.59893,0.13264,-0.16002,4.7812,0.51216,-0.25121
1412.9,-190.5,336.28,8.8444,0.59851,0.14318,-0.1617,4.7812,0.51216,-0.25121
1413,-190.56,336.3,8.8282,0.59795,0.15355,-0.16309,4.7812,0.51216,-0.25121
1413.1,-190.62,336.32,8.8118,0.59724,0.16374,-0.16422,4.7812,0.51216,-0.25121
1413.2,-190.68,336.34,8.7953,0.5964,0.17374,-0.1651,4.7812,0.51216,-0.25121
1413.3,-190.73,336.36,8.7788,0.59542,0.18353,-0.16574,4.7812,0.51216,-0.25121
1413.4,-190.79,336.38,8.7622,0.59433,0.19312,-0.16615,4.7812,0.51216,-0.25121
1413.5,-190.85,336.41,8.7455,0.59312,0.20249,-0.16636,4.7812,0.51216,-0.25121
1413.6,-190.91,336.43,8.7289,0.59181,0.21164,-0.16637,4.7812,0.51216,-0.25121
1413.7,-190.97,336.45,8.7123,0.5904,0.22057,-0.16619,4.7812,0.51216,-0.25121
1413.8,-191.03,336.47,8.6957,0.58891,0.22927,-0.16584,4.7812,0.51216,-0.25121
1413.9,-191.09,336.49,8.6791,0.58734,0.23774,-0.16533,4.7812,0.51216,-0.25121
1414,-191.15,336.52,8.6626,0.58571,0.24599,-0.16468,4.7812,0.51216,-0.25121
1414.1,-191.21,336.54,8.6462,0.58401,0.25401,-0.16389,4.7812,0.51216,-0.25121
1414.2,-191.27,336.56,8.6298,0.58226,0.2618,-0.16297,4.7812,0.51216,-0.25121
1414.3,-191.33,336.58,8.6136,0.58047,0.26937,-0.16193,4.7812,0.51216,-0.25121
1414.4,-191.38,336.61,8.5975,0.57864,0.27673,-0.16079,4.7812,0.51216,-0.25121
1414.5,-191.44,336.63,8.5814,0.57678,0.28387,-0.15955,4.7812,0.51216,-0.25121
1414.6,-191.5,336.66,8.5656,0.5749,0.2908,-0.15822,4.7812,0.51216,-0.25121
1414.7,-191.56,336.68,8.5498,0.57301,0.29753,-0.15681,4.7812,0.51216,-0.25121
1414.8,-191.62,336.71,8.5342,0.57111,0.30405,-0.15532,4.7812,0.51216,-0.25121
1414.9,-191.68,336.73,8.5187,0.56921,0.31039,-0.15376,4.7812,0.51216,-0.25121
1415,-191.74,336.76,8.5034,0.56732,0.31653,-0.15214,4.7812,0.51216,-0.25121
1415.1,-191.8,336.78,8.4883,0.56543,0.3225,-0.15046,4.7812,0.51216,-0.25121
1415.2,-191.86,336.81,8.4734,0.56356,0.32828,-0.14873,4.7812,0.51216,-0.25121
1415.3,-191.92,336.84,8.4586,0.56171,0.3339,-0.14695,4.7812,0.51216,-0.25121
1415.4,-191.98,336.87,8.444,0.55989,0.33936,-0.14513,4.7812,0.51216,-0.25121
1415.5,-192.04,336.89,8.4295,0.55809,0.34465,-0.14327,4.7812,0.51216,-0.25121
1415.6,-192.1,336.92,8.4153,0.55633,0.3498,-0.14138,4.7812,0.51216,-0.25121
1415.7,-192.16,336.95,8.4013,0.5546,0.3548,-0.13946,4.7812,0.51216,-0.25121
1415.8,-192.22,336.98,8.3874,0.55291,0.35966,-0.13751,4.7812,0.51216,-0.25121
1415.9,-192.28,337.01,8.3738,0.55126,0.36439,-0.13553,4.7812,0.51216,-0.25121
1416,-192.33,337.04,8.3603,0.54966,0.36899,-0.13353,4.7812,0.51216,-0.25121
1416.1,-192.39,337.07,8.3471,0.54811,0.37348,-0.13151,4.7812,0.51216,-0.25121
1416.2,-192.45,337.1,8.334,0.54661,0.37784,-0.12948,4.7812,0.51216,-0.25121
1416.3,-192.51,337.13,8.3212,0.54516,0.3821,-0.12742,6.2051,-1.5198e-15,7.6031e-16
1416.4,-192.57,337.16,8.3089,0.54705,0.38407,-0.1188,6.2051,-1.5198e-15,7.6031e-16
1416.5,-192.63,337.2,8.2974,0.54912,0.38582,-0.11113,6.2051,-1.5198e-15,7.6031e-16
1416.6,-192.69,337.23,8.2866,0.55135,0.3874,-0.10423,6.2051,-1.5198e-15,7.6031e-16
1416.7,-192.74,337.26,8.2765,0.55373,0.38884,-0.098002,6.2051,-1.5198e-15,7.6031e-16
1416.8,-192.8,337.3,8.267,0.55621,0.39016,-0.09233,6.2051,-1.5198e-15,7.6031e-16
1416.9,-192.86,337.33,8.258,0.5588,0.39138,-0.087137,6.2051,-1.5198e-15,7.6031e-16
1417,-192.92,337.37,8.2496,0.56147,0.39251,-0.082358,6.2051,-1.5198e-15,7.6031e-16
1417.1,-192.98,337.41,8.2415,0.56422,0.39358,-0.07794,6.2051,-1.5198e-15,7.6031e-16
1417.2,-193.03,337.44,8.234,0.56703,0.39458,-0.073839,6.2051,-1.5198e-15,7.6031e-16
1417.3,-193.09,337.48,8.2268,0.56988,0.39552,-0.070016,6.2051,-1.5198e-15,7.6031e-16
1417.4,-193.15,337.52,8.2199,0.57278,0.39643,-0.06644,6.2051,-1.5198e-15,7.6031e-16
1417.5,-193.21,337.56,8.2135,0.57571,0.39729,-0.063085,6.2051,-1.5198e-15,7.6031e-16
1417.6,-193.26,337.6,8.2073,0.57867,0.39811,-0.059926,6.2051,-1.5198e-15,7.6031e-16
1417.7,-193.32,337.64,8.2015,0.58165,0.39891,-0.056944,6.2051,-1.5198e-15,7.6031e-16
1417.8,-193.38,337.68,8.1959,0.58464,0.39968,-0.054121,6.2051,-1.5198e-15,7.6031e-16
1417.9,-193.44,337.73,8.1907,0.58764,0.40042,-0.051442,6.2051,-1.5198e-15,7.6031e-16
1418,-193.49,337.77,8.1856,0.59065,0.40115,-0.048893,6.2051,-1.5198e-15,7.6031e-16
1418.1,-193.55,337.81,8.1809,0.59365,0.40185,-0.046462,6.2051,-1.5198e-15,7.6031e-16
1418.2,-193.61,337.86,8.1763,0.59665,0.40254,-0.044137,6.2051,-1.5198e-15,7.6031e-16
1418.3,-193.66,337.9,8.172,0.59965,0.40321,-0.04191,6.2051,-1.5198e-15,7.6031e-16
1418.4,-193.72,337.94,8.168,0.60263,0.40387,-0.03977,6.2051,-1.5198e-15,7.6031e-16
1418.5,-193.78,337.99,8.1641,0.60561,0.40452,-0.037711,6.2051,-1.5198e-15,7.6031e-16
1418.6,-193.84,338.03,8.1604,0.60857,0.40516,-0.035725,6.2051,-1.5198e-15,7.6031e-16
1418.7,-193.89,338.08,8.1569,0.61151,0.40578,-0.033804,6.2051,-1.5198e-15,7.6031e-16
1418.8,-193.95,338.13,8.1536,0.61444,0.4064,-0.031942,6.2051,-1.5198e-15,7.6031e-16
1418.9,-194.01,338.17,8.1505,0.61734,0.40701,-0.030134,6.2051,-1.5198e-15,7.6031e-16
1419,-194.06,338.22,8.1476,0.62023,0.40761,-0.028374,6.2051,-1.5198e-15,7.6031e-16
1419.1,-194.12,338.27,8.1449,0.62309,0.4082,-0.026656,6.2051,-1.5198e-15,7.6031e-16
1419.2,-194.18,338.32,8.1423,0.62594,0.40878,-0.024975,6.2051,-1.5198e-15,7.6031e-16
1419.3,-194.23,338.37,8.1399,0.62876,0.40935,-0.023326,6.2051,-1.5198e-15,7.6031e-16
1419.4,-194.29,338.41,8.1376,0.63155,0.40992,-0.021705,6.2051,-1.5198e-15,7.6031e-16
1419.5,-194.35,338.46,8.1355,0.63432,0.41048,-0.020107,6.2051,-1.5198e-15,7.6031e-16
1419.6,-194.41,338.51,8.1336,0.63707,0.41104,-0.018528,6.2051,-1.5198e-15,7.6031e-16
1419.7,-194.46,338.56,8.1318,0.6398,0.41158,-0.016962,6.2051,-1.5198e-15,7.6031e-16
1419.8,-194.52,338.61,8.1302,0.6425,0.41212,-0.015404,6.2051,-1.5198e-15,7.6031e-16
1419.9,-194.58,338.67,8.1287,0.64518,0.41264,-0.013852,6.2051,-1.5198e-15,7.6031e-16
1420,-194.63,338.72,8.1274,0.64784,0.41316,-0.012298,6.2051,-1.5198e-15,7.6031e-16
1420.1,-194.69,338.77,8.1263,0.65048,0.41367,-0.01074,6.2051,-1.5198e-15,7.6031e-16
1420.2,-194.75,338.82,8.1253,0.6531,0.41417,-0.0091708,6.2051,-1.5198e-15,7.6031e-16
1420.3,-194.81,338.87,8.1245,0.65569,0.41466,-0.0075858,6.2051,-1.5198e-15,7.6031e-16
1420.4,-194.86,338.92,8.1238,0.65827,0.41514,-0.0059792,6.2051,-1.5198e-15,7.6031e-16
1420.5,-194.92,338.98,8.1233,0.66084,0.4156,-0.0043449,6.2051,-1.5198e-15,7.6031e-16
1420.6,-194.98,339.03,8.1229,0.66338,0.41605,-0.0026764,6.2051,-1.5198e-15,7.6031e-16
1420.7,-195.04,339.08,8.1227,0.66592,0.41649,-0.00096667,6.2051,-1.5198e-15,7.6031e-16
1420.8,-195.09,339.14,8.1227,0.66844,0.41687,0.00077962,6.2051,-1.5198e-15,7.6031e-16
1420.9,-195.15,339.19,8.1229,0.67095,0.41695,0.0024682,6.2051,-1.5198e-15,7.6031e-16
1421,-195.21,339.24,8.1232,0.67345,0.41667,0.0040649,6.2051,-1.5198e-15,7.6031e-16
1421.1,-195.27,339.3,8.1237,0.67593,0.41606,0.0055554,6.2051,-1.5198e-15,7.6031e-16
1421.2,-195.33,339.35,8.1243,0.67839,0.41514,0.0069273,6.2051,-1.5198e-15,7.6031e-16
1421.3,-195.39,339.4,8.1251,0.68082,0.41392,0.0081703,6.2051,-1.5198e-15,7.6031e-16
1421.4,-195.44,339.46,8.1259,0.68322,0.41244,0.009276,6.2051,-1.5198e-15,7.6031e-16
1421.5,-195.5,339.51,8.1269,0.68559,0.41071,0.010238,6.2051,-1.5198e-15,7.6031e-16
1421.6,-195.56,339.57,8.128,0.68792,0.40877,0.011053,6.2051,-1.5198e-15,7.6031e-16
1421.7,-195.62,339.62,8.1291,0.6902,0.40665,0.011719,6.2051,-1.5198e-15,7.6031e-16
1421.8,-195.68,339.68,8.1303,0.69243,0.40439,0.012234,6.2051,-1.5198e-15,7.6031e-16
1421.9,-195.73,339.74,8.1316,0.69461,0.402,0.0126,6.2051,-1.5198e-15,7.6031e-16
1422,-195.79,339.79,8.1328,0.69673,0.39953,0.012819,6.2051,-1.5198e-15,7.6031e-16
1422.1,-195.85,339.85,8.1341,0.69879,0.397,0.012894,6.2051,-1.5198e-15,7.6031e-16
1422.2,-195.91,339.9,8.1354,0.70078,0.39445,0.012831,6.2051,-1.5198e-15,7.6031e-16
1422.3,-195.96,339.96,8.1367,0.70271,0.3919,0.012632,6.2051,-1.5198e-15,7.6031e-16
1422.4,-196.02,340.02,8.1379,0.70457,0.38938,0.012305,6.2051,-1.5198e-15,7.6031e-16
1422.5,-196.08,340.07,8.1391,0.70635,0.38693,0.011854,6.2051,-1.5198e-15,7.6031e-16
1422.6,-196.13,340.13,8.1403,0.70806,0.38456,0.011287,6.2051,-1.5198e-15,7.6031e-16
1422.7,-196.19,340.19,8.1414,0.70969,0.3823,0.010608,6.2051,-1.5198e-15,7.6031e-16
1422.8,-196.25,340.25,8.1424,0.71125,0.38017,0.0098242,6.2051,-1.5198e-15,7.6031e-16
1422.9,-196.3,340.3,8.1434,0.71273,0.37821,0.008942,6.2051,-1.5198e-15,7.6031e-16
1423,-196.36,340.36,8.1442,0.71413,0.37641,0.0079675,6.2051,-1.5198e-15,7.6031e-16
1423.1,-196.42,340.42,8.1449,0.71546,0.37482,0.0069069,6.2051,-1.5198e-15,7.6031e-16
1423.2,-196.47,340.48,8.1456,0.7167,0.37344,0.0057661,6.2051,-1.5198e-15,7.6031e-16
1423.3,-196.53,340.53,8.1461,0.71787,0.37229,0.0045515,6.2051,-1.5198e-15,7.6031e-16
1423.4,-196.59,340.59,8.1465,0.71897,0.37139,0.0032692,6.2051,-1.5198e-15,7.6031e-16
1423.5,-196.64,340.65,8.1467,0.71998,0.37075,0.0019253,6.2051,-1.5198e-15,7.6031e-16
1423.6,-196.7,340.71,8.1469,0.72092,0.3704,0.00052652,6.2051,-1.5198e-15,7.6031e-16
1423.7,-196.76,340.77,8.1469,0.72179,0.37029,-0.00093877,6.2051,-1.5198e-15,7.6031e-16
1423.8,-196.81,340.83,8.1467,0.72257,0.37024,-0.002535,6.2051,-1.5198e-15,7.6031e-16
1423.9,-196.87,340.88,8.1463,0.72328,0.37025,-0.0042714,6.2051,-1.5198e-15,7.6031e-16
1424,-196.92,340.94,8.1458,0.72391,0.37032,-0.0061508,6.2051,-1.5198e-15,7.6031e-16
1424.1,-196.98,341,8.1451,0.72446,0.37045,-0.0081744,6.2051,-1.5198e-15,7.6031e-16
1424.2,-197.04,341.06,8.1442,0.72492,0.37065,-0.010342,6.2051,-1.5198e-15,7.6031e-16
1424.3,-197.09,341.12,8.143,0.7253,0.37094,-0.012653,6.2051,-1.5198e-15,7.6031e-16
1424.4,-197.15,341.18,8.1416,0.72559,0.37131,-0.015103,6.2051,-1.5198e-15,7.6031e-16
1424.5,-197.21,341.24,8.14,0.72578,0.37176,-0.017688,6.2051,-1.5198e-15,7.6031e-16
1424.6,-197.26,341.3,8.1381,0.72589,0.37232,-0.020399,6.2051,-1.5198e-15,7.6031e-16
1424.7,-197.32,341.36,8.1359,0.7259,0.37298,-0.023229,6.2051,-1.5198e-15,7.6031e-16
1424.8,-197.37,341.41,8.1335,0.72581,0.37374,-0.026164,6.2051,-1.5198e-15,7.6031e-16
1424.9,-197.43,341.47,8.1307,0.72564,0.37461,-0.029191,6.2051,-1.5198e-15,7.6031e-16
1425,-197.49,341.53,8.1276,0.72536,0.3756,-0.032294,6.2051,-1.5198e-15,7.6031e-16
1425.1,-197.54,341.59,8.1242,0.72499,0.37672,-0.035456,6.2051,-1.5198e-15,7.6031e-16
1425.2,-197.6,341.65,8.1205,0.72453,0.37795,-0.038656,6.2051,-1.5198e-15,7.6031e-16
1425.3,-197.65,341.71,8.1165,0.72397,0.37931,-0.041874,6.2051,-1.5198e-15,7.6031e-16
1425.4,-197.71,341.77,8.1121,0.72332,0.38079,-0.045087,6.2051,-1.5198e-15,7.6031e-16
1425.5,-197.76,341.83,8.1075,0.72257,0.38239,-0.048272,6.2051,-1.5198e-15,7.6031e-16
1425.6,-197.82,341.89,8.1025,0.72175,0.38413,-0.051407,6.2051,-1.5198e-15,7.6031e-16
1425.7,-197.87,341.96,8.0972,0.72084,0.38598,-0.054468,6.2051,-1.5198e-15,7.6031e-16
1425.8,-197.93,342.02,8.0916,0.71984,0.38795,-0.057434,6.2051,-1.5198e-15,7.6031e-16
1425.9,-197.98,342.08,8.0857,0.71878,0.39003,-0.060283,6.2051,-1.5198e-15,7.6031e-16
1426,-198.04,342.14,8.0796,0.71764,0.39223,-0.062997,6.2051,-1.5198e-15,7.6031e-16
1426.1,-198.09,342.2,8.0731,0.71644,0.39452,-0.065557,6.2051,-1.5198e-15,7.6031e-16
1426.2,-198.14,342.26,8.0664,0.71518,0.39691,-0.067948,6.2051,-1.5198e-15,7.6031e-16
1426.3,-198.2,342.32,8.0595,0.71387,0.39939,-0.070156,6.2051,-1.5198e-15,7.6031e-16
1426.4,-198.25,342.38,8.0524,0.71251,0.40195,-0.072171,6.2051,-1.5198e-15,7.6031e-16
1426.5,-198.3,342.45,8.0451,0.71111,0.40458,-0.073983,6.2051,-1.5198e-15,7.6031e-16
1426.6,-198.36,342.51,8.0376,0.70968,0.40728,-0.075587,6.2051,-1.5198e-15,7.6031e-16
1426.7,-198.41,342.57,8.03,0.70822,0.41003,-0.076978,6.2051,-1.5198e-15,7.6031e-16
1426.8,-198.46,342.63,8.0222,0.70675,0.41282,-0.078154,6.2051,-1.5198e-15,7.6031e-16
1426.9,-198.52,342.7,8.0144,0.70526,0.41566,-0.079114,6.2051,-1.5198e-15,7.6031e-16
1427,-198.57,342.76,8.0064,0.70377,0.41853,-0.079861,6.2051,-1.5198e-15,7.6031e-16
1427.1,-198.62,342.82,7.9984,0.70228,0.42142,-0.080397,6.2051,-1.5198e-15,7.6031e-16
1427.2,-198.67,342.89,7.9904,0.70081,0.42432,-0.080727,6.2051,-1.5198e-15,7.6031e-16
1427.3,-198.72,342.95,7.9823,0.69934,0.42724,-0.080854,6.2051,-1.5198e-15,7.6031e-16
1427.4,-198.77,343.01,7.9742,0.6979,0.43016,-0.080786,6.2051,-1.5198e-15,7.6031e-16
1427.5,-198.83,343.08,7.9661,0.69649,0.43307,-0.080529,6.2051,-1.5198e-15,7.6031e-16
1427.6,-198.88,343.14,7.9581,0.69512,0.43598,-0.080089,6.2051,-1.5198e-15,7.6031e-16
1427.7,-198.93,343.21,7.9501,0.69378,0.43888,-0.079473,6.2051,-1.5198e-15,7.6031e-16
1427.8,-198.98,343.27,7.9422,0.69249,0.44177,-0.078688,6.2051,-1.5198e-15,7.6031e-16
1427.9,-199.03,343.34,7.9344,0.69125,0.44463,-0.077741,6.2051,-1.5198e-15,7.6031e-16
1428,-199.08,343.4,7.9267,0.69007,0.44748,-0.076639,6.2051,-1.5198e-15,7.6031e-16
1428.1,-199.13,343.47,7.9191,0.68895,0.4503,-0.075388,6.2051,-1.5198e-15,7.6031e-16
1428.2,-199.18,343.53,7.9116,0.68789,0.4531,-0.073993,6.2051,-1.5198e-15,7.6031e-16
1428.3,-199.22,343.6,7.9043,0.6869,0.45587,-0.07246,6.2051,-1.5198e-15,7.6031e-16
1428.4,-199.27,343.67,7.8971,0.68599,0.45861,-0.070794,6.2051,-1.5198e-15,7.6031e-16
1428.5,-199.32,343.73,7.8901,0.68515,0.46133,-0.068998,6.2051,-1.5198e-15,7.6031e-16
1428.6,-199.37,343.8,7.8833,0.6844,0.46402,-0.067076,6.2051,-1.5198e-15,7.6031e-16
1428.7,-199.42,343.87,7.8767,0.68373,0.46668,-0.065031,6.2051,-1.5198e-15,7.6031e-16
1428.8,-199.47,343.94,7.8703,0.68315,0.46932,-0.062864,6.2051,-1.5198e-15,7.6031e-16
1428.9,-199.51,344,7.8641,0.68266,0.47193,-0.060577,6.2051,-1.5198e-15,7.6031e-16
1429,-199.56,344.07,7.8582,0.68226,0.47451,-0.058169,6.2051,-1.5198e-15,7.6031e-16
1429.1,-199.61,344.14,7.8525,0.68196,0.47708,-0.055639,6.2051,-1.5198e-15,7.6031e-16
1429.2,-199.66,344.21,7.8471,0.68177,0.47962,-0.052985,6.2051,-1.5198e-15,7.6031e-16
1429.3,-199.71,344.28,7.8419,0.68168,0.48214,-0.050204,6.2051,-1.5198e-15,7.6031e-16
1429.4,-199.75,344.35,7.837,0.6817,0.48464,-0.047292,6.2051,-1.5198e-15,7.6031e-16
1429.5,-199.8,344.41,7.8325,0.68183,0.48712,-0.044241,6.2051,-1.5198e-15,7.6031e-16
1429.6,-199.85,344.48,7.8282,0.68208,0.48959,-0.041045,6.2051,-1.5198e-15,7.6031e-16
1429.7,-199.89,344.55,7.8242,0.68245,0.49204,-0.037693,6.2051,-1.5198e-15,7.6031e-16
1429.8,-199.94,344.62,7.8207,0.68295,0.49449,-0.034174,6.2051,-1.5198e-15,7.6031e-16
1429.9,-199.99,344.69,7.8174,0.68357,0.49692,-0.030474,6.2051,-1.5198e-15,7.6031e-16
1430,-200.04,344.76,7.8146,0.68434,0.49936,-0.026574,6.2051,-1.5198e-15,7.6031e-16
1430.1,-200.08,344.83,7.8121,0.68525,0.50178,-0.022454,1.1131,0.05822,-0.028557
1430.2,-200.13,344.9,7.81,0.675,0.50442,-0.018675,1.1131,0.05822,-0.028557
1430.3,-200.18,344.97,7.8084,0.66523,0.50701,-0.014187,1.1131,0.05822,-0.028557
1430.4,-200.23,345.04,7.8072,0.65595,0.50955,-0.0089705,1.1131,0.05822,-0.028557
1430.5,-200.27,345.11,7.8066,0.64719,0.51206,-0.002991,1.1131,0.05822,-0.028557
1430.6,-200.32,345.18,7.8067,0.63897,0.51432,0.0037089,1.1131,0.05822,-0.028557
1430.7,-200.37,345.24,7.8074,0.6313,0.51506,0.010615,1.1131,0.05822,-0.028557
1430.8,-200.42,345.31,7.8088,0.62415,0.51406,0.017465,1.1131,0.05822,-0.028557
1430.9,-200.47,345.37,7.8109,0.61751,0.51135,0.024066,1.1131,0.05822,-0.028557
1431,-200.52,345.43,7.8136,0.61134,0.507,0.030256,1.1131,0.05822,-0.028557
1431.1,-200.56,345.5,7.8169,0.60559,0.50111,0.035908,1.1131,0.05822,-0.028557
1431.2,-200.61,345.56,7.8207,0.60022,0.49386,0.040934,1.1131,0.05822,-0.028557
1431.3,-200.66,345.62,7.8251,0.59518,0.48541,0.045284,1.1131,0.05822,-0.028557
1431.4,-200.7,345.68,7.8298,0.59041,0.47596,0.048941,1.1131,0.05822,-0.028557
1431.5,-200.75,345.74,7.8348,0.58588,0.4657,0.051917,1.1131,0.05822,-0.028557
1431.6,-200.8,345.8,7.8401,0.58152,0.45481,0.054244,1.1131,0.05822,-0.028557
1431.7,-200.84,345.86,7.8457,0.57732,0.44347,0.05597,1.1131,0.05822,-0.028557
1431.8,-200.88,345.92,7.8513,0.57323,0.43182,0.05715,1.1131,0.05822,-0.028557
1431.9,-200.93,345.97,7.8571,0.56922,0.42001,0.057844,1.1131,0.05822,-0.028557
1432,-200.97,346.03,7.8629,0.56528,0.40816,0.058112,1.1131,0.05822,-0.028557
1432.1,-201.01,346.09,7.8687,0.56139,0.39635,0.058013,1.1131,0.05822,-0.028557
1432.2,-201.05,346.14,7.8745,0.55753,0.38468,0.0576,1.1131,0.05822,-0.028557
1432.3,-201.09,346.2,7.8802,0.5537,0.3732,0.056924,1.1131,0.05822,-0.028557
1432.4,-201.13,346.25,7.8858,0.54988,0.36197,0.056029,1.1131,0.05822,-0.028557
1432.5,-201.16,346.3,7.8914,0.54607,0.35103,0.054954,1.1131,0.05822,-0.028557
1432.6,-201.2,346.36,7.8968,0.54227,0.3404,0.053733,1.1131,0.05822,-0.028557
1432.7,-201.24,346.41,7.9021,0.53848,0.33011,0.052397,1.1131,0.05822,-0.028557
1432.8,-201.27,346.46,7.9073,0.5347,0.32018,0.050969,1.1131,0.05822,-0.028557
1432.9,-201.31,346.51,7.9123,0.53093,0.3106,0.049473,1.1131,0.05822,-0.028557
1433,-201.34,346.56,7.9172,0.52717,0.30138,0.047924,1.1131,0.05822,-0.028557
1433.1,-201.37,346.61,7.9219,0.52342,0.29253,0.046339,1.1131,0.05822,-0.028557
1433.2,-201.41,346.66,7.9265,0.51969,0.28403,0.044731,1.1131,0.05822,-0.028557
1433.3,-201.44,346.71,7.9309,0.51598,0.27589,0.043109,1.1131,0.05822,-0.028557
1433.4,-201.47,346.76,7.9351,0.51229,0.2681,0.041481,1.1131,0.05822,-0.028557
1433.5,-201.5,346.81,7.9392,0.50862,0.26064,0.039856,1.1131,0.05822,-0.028557
1433.6,-201.53,346.86,7.9431,0.50498,0.2535,0.038237,1.1131,0.05822,-0.028557
1433.7,-201.56,346.91,7.9468,0.50137,0.24669,0.03663,1.1131,0.05822,-0.028557
1433.8,-201.59,346.95,7.9504,0.49779,0.24018,0.035038,1.1131,0.05822,-0.028557
1433.9,-201.62,347,7.9538,0.49424,0.23397,0.033464,1.1131,0.05822,-0.028557
1434,-201.64,347.05,7.9571,0.49073,0.22804,0.031909,1.1131,0.05822,-0.028557
1434.1,-201.67,347.09,7.9602,0.48725,0.22239,0.030375,1.1131,0.05822,-0.028557
1434.2,-201.7,347.14,7.9632,0.48381,0.21701,0.028863,1.1131,0.05822,-0.028557
1434.3,-201.72,347.19,7.966,0.4804,0.21188,0.027373,1.1131,0.05822,-0.028557
1434.4,-201.75,347.23,7.9686,0.47704,0.20699,0.025906,1.1131,0.05822,-0.028557
1434.5,-201.78,347.28,7.9711,0.47372,0.20234,0.024462,1.1131,0.05822,-0.028557
1434.6,-201.8,347.32,7.9735,0.47044,0.19792,0.02304,1.1131,0.05822,-0.028557
1434.7,-201.83,347.36,7.9758,0.4672,0.19371,0.02164,1.1131,0.05822,-0.028557
1434.8,-201.85,347.41,7.9778,0.46401,0.18971,0.020262,1.1131,0.05822,-0.028557
1434.9,-201.88,347.45,7.9798,0.46085,0.18592,0.018905,1.1131,0.05822,-0.028557
1435,-201.9,347.49,7.9816,0.45774,0.18231,0.017568,1.1131,0.05822,-0.028557
1435.1,-201.92,347.54,7.9833,0.45468,0.1789,0.016251,1.1131,0.05822,-0.028557
1435.2,-201.95,347.58,7.9849,0.45166,0.17566,0.014953,1.1131,0.05822,-0.028557
1435.3,-201.97,347.62,7.9863,0.44868,0.17259,0.013673,1.1131,0.05822,-0.028557
1435.4,-201.99,347.66,7.9876,0.44575,0.16969,0.012411,1.1131,0.05822,-0.028557
1435.5,-202.02,347.71,7.9888,0.44285,0.16695,0.011164,1.1131,0.05822,-0.028557
1435.6,-202.04,347.75,7.9898,0.44001,0.16436,0.0099337,1.1131,0.05822,-0.028557
1435.7,-202.06,347.79,7.9908,0.4372,0.16192,0.008718,1.1131,0.05822,-0.028557
1435.8,-202.08,347.83,7.9916,0.43444,0.15963,0.0075163,1.1131,0.05822,-0.028557
1435.9,-202.1,347.87,7.9923,0.43172,0.15747,0.0063278,1.1131,0.05822,-0.028557
1436,-202.13,347.91,7.9929,0.42904,0.15545,0.005152,1.1131,0.05822,-0.028557
1436.1,-202.15,347.95,7.9933,0.4264,0.15356,0.0039879,1.1131,0.05822,-0.028557
1436.2,-202.17,347.99,7.9937,0.42381,0.1518,0.0028351,1.1131,0.05822,-0.028557
1436.3,-202.19,348.03,7.9939,0.42125,0.15016,0.0016927,1.1131,0.05822,-0.028557
1436.4,-202.21,348.07,7.994,0.41873,0.14863,0.00056019,1.1131,0.05822,-0.028557
1436.5,-202.23,348.11,7.994,0.41625,0.14722,-0.00056639,1.1131,0.05822,-0.028557
1436.6,-202.25,348.15,7.9939,0.41381,0.14584,-0.001707,1.1131,0.05822,-0.028557
1436.7,-202.27,348.19,7.9937,0.41141,0.14451,-0.0028629,1.1131,0.05822,-0.028557
1436.8,-202.29,348.23,7.9933,0.40904,0.14321,-0.004032,1.1131,0.05822,-0.028557
1436.9,-202.31,348.27,7.9928,0.40671,0.14195,-0.0052118,1.1131,0.05822,-0.028557
1437,-202.33,348.3,7.9923,0.40441,0.14072,-0.0063998,1.1131,0.05822,-0.028557
1437.1,-202.35,348.34,7.9916,0.40215,0.13954,-0.0075935,1.1131,0.05822,-0.028557
1437.2,-202.37,348.38,7.9907,0.39992,0.13839,-0.0087904,1.1131,0.05822,-0.028557
1437.3,-202.39,348.42,7.9898,0.39772,0.13728,-0.0099876,1.1131,0.05822,-0.028557
1437.4,-202.41,348.45,7.9888,0.39555,0.1362,-0.011182,1.1131,0.05822,-0.028557
1437.5,-202.43,348.49,7.9876,0.39342,0.13516,-0.012372,1.1131,0.05822,-0.028557
1437.6,-202.44,348.53,7.9863,0.39131,0.13416,-0.013555,1.1131,0.05822,-0.028557
1437.7,-202.46,348.57,7.9849,0.38924,0.1332,-0.014726,1.1131,0.05822,-0.028557
1437.8,-202.48,348.6,7.9833,0.38719,0.13227,-0.015885,1.1131,0.05822,-0.028557
1437.9,-202.5,348.64,7.9817,0.38518,0.13138,-0.017029,1.1131,0.05822,-0.028557
1438,-202.52,348.68,7.9799,0.38319,0.13052,-0.018154,1.1131,0.05822,-0.028557
1438.1,-202.53,348.71,7.9781,0.38123,0.12969,-0.01926,1.1131,0.05822,-0.028557
1438.2,-202.55,348.75,7.9761,0.37931,0.1289,-0.020343,2.1564,-5.2817e-16,2.5175e-16
1438.3,-202.57,348.78,7.974,0.37974,0.1279,-0.020615,2.1564,-5.2817e-16,2.5175e-16
1438.4,-202.59,348.82,7.972,0.38016,0.12691,-0.020901,2.1564,-5.2817e-16,2.5175e-16
1438.5,-202.6,348.86,7.9698,0.38057,0.12594,-0.0212,2.1564,-5.2817e-16,2.5175e-16
1438.6,-202.62,348.89,7.9677,0.38097,0.12499,-0.021513,2.1564,-5.2817e-16,2.5175e-16
1438.7,-202.64,348.93,7.9655,0.38136,0.12407,-0.021838,2.1564,-5.2817e-16,2.5175e-16
1438.8,-202.65,348.97,7.9633,0.38174,0.12316,-0.022174,2.1564,-5.2817e-16,2.5175e-16
1438.9,-202.67,349,7.9611,0.38211,0.12228,-0.02252,2.1564,-5.2817e-16,2.5175e-16
1439,-202.69,349.04,7.9588,0.38248,0.12142,-0.022877,2.1564,-5.2817e-16,2.5175e-16
1439.1,-202.7,349.08,7.9565,0.38283,0.12057,-0.023243,2.1564,-5.2817e-16,2.5175e-16
1439.2,-202.72,349.11,7.9542,0.38318,0.11975,-0.023617,2.1564,-5.2817e-16,2.5175e-16
1439.3,-202.73,349.15,7.9518,0.38351,0.11896,-0.024,2.1564,-5.2817e-16,2.5175e-16
1439.4,-202.75,349.19,7.9494,0.38384,0.11818,-0.024389,2.1564,-5.2817e-16,2.5175e-16
1439.5,-202.76,349.22,7.9469,0.38416,0.11743,-0.024785,2.1564,-5.2817e-16,2.5175e-16
1439.6,-202.78,349.26,7.9444,0.38447,0.1167,-0.025187,2.1564,-5.2817e-16,2.5175e-16
1439.7,-202.79,349.3,7.9419,0.38477,0.11599,-0.025594,2.1564,-5.2817e-16,2.5175e-16
1439.8,-202.81,349.34,7.9393,0.38506,0.1153,-0.026006,2.1564,-5.2817e-16,2.5175e-16
1439.9,-202.82,349.37,7.9367,0.38535,0.11464,-0.026421,2.1564,-5.2817e-16,2.5175e-16
1440,-202.84,349.41,7.934,0.38562,0.114,-0.02684,2.1564,-5.2817e-16,2.5175e-16
1440.1,-202.85,349.45,7.9313,0.38589,0.11338,-0.027261,2.1564,-5.2817e-16,2.5175e-16
1440.2,-202.87,349.49,7.9286,0.38615,0.11278,-0.027685,2.1564,-5.2817e-16,2.5175e-16
1440.3,-202.88,349.52,7.9258,0.3864,0.1122,-0.02811,2.1564,-5.2817e-16,2.5175e-16
1440.4,-202.89,349.56,7.923,0.38665,0.11165,-0.028536,2.1564,-5.2817e-16,2.5175e-16
1440.5,-202.91,349.6,7.9201,0.38689,0.11112,-0.028962,2.1564,-5.2817e-16,2.5175e-16
1440.6,-202.92,349.64,7.9172,0.38712,0.11061,-0.029388,2.1564,-5.2817e-16,2.5175e-16
1440.7,-202.94,349.68,7.9142,0.38734,0.11012,-0.029813,2.1564,-5.2817e-16,2.5175e-16
1440.8,-202.95,349.71,7.9112,0.38756,0.10965,-0.030237,2.1564,-5.2817e-16,2.5175e-16
1440.9,-202.96,349.75,7.9082,0.38777,0.10921,-0.03066,2.1564,-5.2817e-16,2.5175e-16
1441,-202.97,349.79,7.9051,0.38797,0.10878,-0.031081,2.1564,-5.2817e-16,2.5175e-16
1441.1,-202.99,349.83,7.9019,0.38816,0.10837,-0.031499,2.1564,-5.2817e-16,2.5175e-16
1441.2,-203,349.87,7.8988,0.38835,0.10799,-0.031914,2.1564,-5.2817e-16,2.5175e-16
1441.3,-203.01,349.9,7.8956,0.38853,0.10762,-0.032325,2.1564,-5.2817e-16,2.5175e-16
1441.4,-203.02,349.94,7.8923,0.38871,0.10728,-0.032733,2.1564,-5.2817e-16,2.5175e-16
1441.5,-203.04,349.98,7.889,0.38888,0.10695,-0.033137,2.1564,-5.2817e-16,2.5175e-16
1441.6,-203.05,350.02,7.8857,0.38904,0.10665,-0.033537,2.1564,-5.2817e-16,2.5175e-16
1441.7,-203.06,350.06,7.8823,0.3892,0.10636,-0.033932,2.1564,-5.2817e-16,2.5175e-16
1441.8,-203.07,350.1,7.8789,0.38936,0.10609,-0.034322,2.1564,-5.2817e-16,2.5175e-16
1441.9,-203.08,350.14,7.8754,0.3895,0.10583,-0.034706,2.1564,-5.2817e-16,2.5175e-16
1442,-203.09,350.17,7.8719,0.38964,0.1056,-0.035085,2.1564,-5.2817e-16,2.5175e-16
1442.1,-203.11,350.21,7.8684,0.38978,0.10538,-0.035459,2.1564,-5.2817e-16,2.5175e-16
1442.2,-203.12,350.25,7.8649,0.38991,0.10518,-0.035826,2.1564,-5.2817e-16,2.5175e-16
1442.3,-203.13,350.29,7.8613,0.39004,0.10499,-0.036187,2.1564,-5.2817e-16,2.5175e-16
1442.4,-203.14,350.33,7.8576,0.39016,0.10482,-0.036542,2.1564,-5.2817e-16,2.5175e-16
1442.5,-203.15,350.37,7.8539,0.39027,0.10467,-0.03689,2.1564,-5.2817e-16,2.5175e-16
1442.6,-203.16,350.41,7.8502,0.39038,0.10453,-0.037232,2.1564,-5.2817e-16,2.5175e-16
1442.7,-203.17,350.45,7.8465,0.39049,0.10441,-0.037567,2.1564,-5.2817e-16,2.5175e-16
1442.8,-203.18,350.49,7.8427,0.39059,0.1043,-0.037894,2.1564,-5.2817e-16,2.5175e-16
1442.9,-203.19,350.53,7.8389,0.39069,0.1042,-0.038215,2.1564,-5.2817e-16,2.5175e-16
1443,-203.2,350.56,7.8351,0.39078,0.10412,-0.038529,2.1564,-5.2817e-16,2.5175e-16
1443.1,-203.21,350.6,7.8312,0.39087,0.10404,-0.038836,2.1564,-5.2817e-16,2.5175e-16
1443.2,-203.22,350.64,7.8273,0.39095,0.10399,-0.039136,2.1564,-5.2817e-16,2.5175e-16
1443.3,-203.23,350.68,7.8234,0.39103,0.10394,-0.039428,2.1564,-5.2817e-16,2.5175e-16
1443.4,-203.24,350.72,7.8194,0.39111,0.1039,-0.039713,2.1564,-5.2817e-16,2.5175e-16
1443.5,-203.25,350.76,7.8154,0.39118,0.10388,-0.039991,2.1564,-5.2817e-16,2.5175e-16
1443.6,-203.25,350.8,7.8114,0.39125,0.10387,-0.040261,2.1564,-5.2817e-16,2.5175e-16
1443.7,-203.26,350.84,7.8074,0.39132,0.10386,-0.040525,2.1564,-5.2817e-16,2.5175e-16
1443.8,-203.27,350.88,7.8033,0.39138,0.10387,-0.040781,2.1564,-5.2817e-16,2.5175e-16
1443.9,-203.28,350.92,7.7992,0.39144,0.10389,-0.04103,2.1564,-5.2817e-16,2.5175e-16
1444,-203.29,350.96,7.7951,0.39149,0.10391,-0.041272,2.1564,-5.2817e-16,2.5175e-16
1444.1,-203.3,351,7.791,0.39155,0.10394,-0.041507,2.1564,-5.2817e-16,2.5175e-16
1444.2,-203.3,351.04,7.7868,0.3916,0.10399,-0.041734,2.1564,-5.2817e-16,2.5175e-16
1444.3,-203.31,351.08,7.7826,0.39164,0.10404,-0.041955,2.1564,-5.2817e-16,2.5175e-16
1444.4,-203.32,351.12,7.7784,0.39169,0.10409,-0.042169,2.1564,-5.2817e-16,2.5175e-16
1444.5,-203.33,351.16,7.7742,0.39173,0.10416,-0.042376,2.1564,-5.2817e-16,2.5175e-16
1444.6,-203.33,351.2,7.77,0.39176,0.10423,-0.042577,2.1564,-5.2817e-16,2.5175e-16
1444.7,-203.34,351.24,7.7657,0.3918,0.10431,-0.04277,2.1564,-5.2817e-16,2.5175e-16
1444.8,-203.35,351.28,7.7614,0.39183,0.10439,-0.042958,2.1564,-5.2817e-16,2.5175e-16
1444.9,-203.35,351.32,7.7571,0.39186,0.10448,-0.043139,2.1564,-5.2817e-16,2.5175e-16
1445,-203.36,351.36,7.7528,0.39189,0.10457,-0.043313,2.1564,-5.2817e-16,2.5175e-16
1445.1,-203.37,351.4,7.7484,0.39191,0.10467,-0.043481,2.1564,-5.2817e-16,2.5175e-16
1445.2,-203.37,351.44,7.7441,0.39194,0.10478,-0.043643,2.1564,-5.2817e-16,2.5175e-16
1445.3,-203.38,351.48,7.7397,0.39196,0.10489,-0.0438,2.1564,-5.2817e-16,2.5175e-16
1445.4,-203.39,351.52,7.7353,0.39197,0.105,-0.04395,2.1564,-5.2817e-16,2.5175e-16
1445.5,-203.39,351.56,7.7309,0.39199,0.10512,-0.044094,2.1564,-5.2817e-16,2.5175e-16
1445.6,-203.4,351.6,7.7265,0.392,0.10524,-0.044233,2.1564,-5.2817e-16,2.5175e-16
1445.7,-203.4,351.64,7.7221,0.39202,0.10536,-0.044366,2.1564,-5.2817e-16,2.5175e-16
1445.8,-203.41,351.68,7.7176,0.39203,0.10549,-0.044494,2.1564,-5.2817e-16,2.5175e-16
1445.9,-203.41,351.72,7.7132,0.39204,0.10562,-0.044617,2.1564,-5.2817e-16,2.5175e-16
1446,-203.42,351.76,7.7087,0.39204,0.10575,-0.044734,2.1564,-5.2817e-16,2.5175e-16
1446.1,-203.42,351.8,7.7042,0.39205,0.10588,-0.044847,2.1564,-5.2817e-16,2.5175e-16
1446.2,-203.43,351.84,7.6997,0.39205,0.10602,-0.044954,2.1564,-5.2817e-16,2.5175e-16
1446.3,-203.43,351.88,7.6952,0.39206,0.10616,-0.045057,2.1564,-5.2817e-16,2.5175e-16
1446.4,-203.43,351.92,7.6907,0.39206,0.1063,-0.045155,2.1564,-5.2817e-16,2.5175e-16
1446.5,-203.44,351.96,7.6862,0.39206,0.10644,-0.045248,2.1564,-5.2817e-16,2.5175e-16
1446.6,-203.44,352,7.6817,0.39205,0.10658,-0.045338,2.1564,-5.2817e-16,2.5175e-16
1446.7,-203.45,352.04,7.6771,0.39205,0.10672,-0.045422,2.1564,-5.2817e-16,2.5175e-16
1446.8,-203.45,352.08,7.6726,0.39205,0.10687,-0.045503,2.1564,-5.2817e-16,2.5175e-16
1446.9,-203.45,352.12,7.668,0.39204,0.10701,-0.045579,2.1564,-5.2817e-16,2.5175e-16
1447,-203.46,352.16,7.6635,0.39204,0.10716,-0.045652,2.1564,-5.2817e-16,2.5175e-16
1447.1,-203.46,352.2,7.6589,0.39203,0.10731,-0.045721,2.1564,-5.2817e-16,2.5175e-16
1447.2,-203.46,352.25,7.6543,0.39202,0.10745,-0.045786,2.1564,-5.2817e-16,2.5175e-16
1447.3,-203.47,352.29,7.6498,0.39201,0.1076,-0.045847,2.1564,-5.2817e-16,2.5175e-16
1447.4,-203.47,352.33,7.6452,0.392,0.10775,-0.045905,2.1564,-5.2817e-16,2.5175e-16
1447.5,-203.47,352.37,7.6406,0.39199,0.10789,-0.045959,2.1564,-5.2817e-16,2.5175e-16
1447.6,-203.47,352.41,7.636,0.39198,0.10804,-0.04601,2.1564,-5.2817e-16,2.5175e-16
1447.7,-203.47,352.45,7.6314,0.39196,0.10819,-0.046059,2.1564,-5.2817e-16,2.5175e-16
1447.8,-203.48,352.49,7.6268,0.39195,0.10833,-0.046103,2.1564,-5.2817e-16,2.5175e-16
1447.9,-203.48,352.53,7.6221,0.39194,0.10848,-0.046145,2.1564,-5.2817e-16,2.5175e-16
1448,-203.48,352.57,7.6175,0.39192,0.10862,-0.046185,2.1564,-5.2817e-16,2.5175e-16
1448.1,-203.48,352.61,7.6129,0.39191,0.10876,-0.046221,2.1564,-5.2817e-16,2.5175e-16
1448.2,-203.48,352.65,7.6083,0.39189,0.10891,-0.046255,2.1564,-5.2817e-16,2.5175e-16
1448.3,-203.48,352.69,7.6037,0.39187,0.10905,-0.046286,2.1564,-5.2817e-16,2.5175e-16
1448.4,-203.48,352.73,7.599,0.39186,0.10919,-0.046314,2.1564,-5.2817e-16,2.5175e-16
1448.5,-203.48,352.77,7.5944,0.39184,0.10933,-0.046341,2.1564,-5.2817e-16,2.5175e-16
1448.6,-203.48,352.81,7.5898,0.39182,0.10946,-0.046364,2.1564,-5.2817e-16,2.5175e-16
1448.7,-203.48,352.85,7.5851,0.3918,0.1096,-0.046386,2.1564,-5.2817e-16,2.5175e-16
1448.8,-203.48,352.9,7.5805,0.39178,0.10974,-0.046406,2.1564,-5.2817e-16,2.5175e-16
1448.9,-203.48,352.94,7.5758,0.39176,0.10987,-0.046423,2.1564,-5.2817e-16,2.5175e-16
1449,-203.48,352.98,7.5712,0.39174,0.11,-0.046439,2.1564,-5.2817e-16,2.5175e-16
1449.1,-203.48,353.02,7.5666,0.39172,0.11013,-0.046452,2.1564,-5.2817e-16,2.5175e-16
1449.2,-203.48,353.06,7.5619,0.3917,0.11026,-0.046464,2.1564,-5.2817e-16,2.5175e-16
1449.3,-203.48,353.1,7.5573,0.39168,0.11039,-0.046474,12.489,-0.3963,0.19439
1449.4,-203.48,353.14,7.5529,0.41473,0.10885,-0.041275,12.489,-0.3963,0.19439
1449.5,-203.48,353.18,7.549,0.43734,0.10726,-0.036577,12.489,-0.3963,0.19439
1449.6,-203.47,353.23,7.5456,0.4595,0.10563,-0.032288,12.489,-0.3963,0.19439
1449.7,-203.47,353.28,7.5425,0.48119,0.10393,-0.028332,12.489,-0.3963,0.19439
1449.8,-203.47,353.33,7.5399,0.50241,0.10217,-0.024644,12.489,-0.3963,0.19439
1449.9,-203.46,353.38,7.5376,0.52314,0.10034,-0.021165,12.489,-0.3963,0.19439
1450,-203.45,353.43,7.5356,0.54338,0.098436,-0.017843,12.489,-0.3963,0.19439
1450.1,-203.44,353.49,7.534,0.56314,0.09644,-0.01463,12.489,-0.3963,0.19439
1450.2,-203.43,353.55,7.5327,0.5824,0.094346,-0.01148,12.489,-0.3963,0.19439
1450.3,-203.42,353.61,7.5317,0.60117,0.092143,-0.0083442,12.489,-0.3963,0.19439
1450.4,-203.41,353.67,7.531,0.61945,0.089817,-0.0051767,12.489,-0.3963,0.19439
1450.5,-203.4,353.73,7.5307,0.63725,0.087352,-0.0019264,12.489,-0.3963,0.19439
1450.6,-203.39,353.79,7.5307,0.65456,0.084717,0.0014576,12.489,-0.3963,0.19439
1450.7,-203.38,353.86,7.531,0.67139,0.081788,0.004987,12.489,-0.3963,0.19439
1450.8,-203.36,353.93,7.5317,0.68775,0.078522,0.0086899,12.489,-0.3963,0.19439
1450.9,-203.35,353.99,7.5327,0.70365,0.074895,0.012604,12.489,-0.3963,0.19439
1451,-203.33,354.06,7.5342,0.71909,0.070882,0.016771,12.489,-0.3963,0.19439
1451.1,-203.32,354.14,7.5361,0.73407,0.066455,0.021235,12.489,-0.3963,0.19439
1451.2,-203.3,354.21,7.5385,0.74861,0.061584,0.026042,12.489,-0.3963,0.19439
1451.3,-203.28,354.28,7.5413,0.76272,0.056235,0.031244,12.489,-0.3963,0.19439
1451.4,-203.26,354.36,7.5447,0.77638,0.050374,0.036892,12.489,-0.3963,0.19439
1451.5,-203.24,354.43,7.5487,0.78962,0.043964,0.04304,12.489,-0.3963,0.19439
1451.6,-203.22,354.51,7.5533,0.80244,0.036969,0.049741,12.489,-0.3963,0.19439
1451.7,-203.2,354.59,7.5587,0.81484,0.029352,0.057051,12.489,-0.3963,0.19439
1451.8,-203.18,354.67,7.5648,0.82682,0.021077,0.065019,12.489,-0.3963,0.19439
1451.9,-203.16,354.75,7.5717,0.83838,0.012114,0.073692,12.489,-0.3963,0.19439
1452,-203.14,354.83,7.5795,0.84952,0.0024364,0.083107,12.489,-0.3963,0.19439
1452.1,-203.11,354.91,7.5883,0.86023,-0.0080312,0.093231,12.489,-0.3963,0.19439
1452.2,-203.09,354.99,7.5982,0.8705,-0.019455,0.10388,12.489,-0.3963,0.19439
1452.3,-203.07,355.08,7.6091,0.88032,-0.031883,0.11495,12.489,-0.3963,0.19439
1452.4,-203.04,355.16,7.6212,0.88967,-0.045345,0.12632,12.489,-0.3963,0.19439
1452.5,-203.02,355.25,7.6344,0.89853,-0.059852,0.13785,12.489,-0.3963,0.19439
1452.6,-202.99,355.34,7.6488,0.90688,-0.075395,0.14939,12.489,-0.3963,0.19439
1452.7,-202.97,355.42,7.6643,0.91469,-0.091948,0.16079,12.489,-0.3963,0.19439
1452.8,-202.94,355.51,7.6809,0.92193,-0.10946,0.1719,12.489,-0.3963,0.19439
1452.9,-202.91,355.6,7.6986,0.92859,-0.12787,0.18258,12.489,-0.3963,0.19439
1453,-202.89,355.69,7.7174,0.93463,-0.1471,0.19271,12.489,-0.3963,0.19439
1453.1,-202.86,355.78,7.7372,0.94005,-0.16704,0.20217,12.489,-0.3963,0.19439
1453.2,-202.83,355.88,7.7578,0.94483,-0.1876,0.21089,12.489,-0.3963,0.19439
1453.3,-202.8,355.97,7.7793,0.94895,-0.20865,0.2188,12.489,-0.3963,0.19439
1453.4,-202.77,356.06,7.8016,0.95242,-0.2301,0.22586,12.489,-0.3963,0.19439
1453.5,-202.75,356.16,7.8245,0.95524,-0.25183,0.23205,12.489,-0.3963,0.19439
1453.6,-202.72,356.25,7.8479,0.95742,-0.27373,0.23735,12.489,-0.3963,0.19439
1453.7,-202.69,356.35,7.8719,0.95897,-0.2957,0.24179,12.489,-0.3963,0.19439
1453.8,-202.66,356.44,7.8963,0.95993,-0.31764,0.24537,12.489,-0.3963,0.19439
1453.9,-202.64,356.54,7.9209,0.9603,-0.33948,0.24813,12.489,-0.3963,0.19439
1454,-202.61,356.64,7.9459,0.96014,-0.36113,0.25009,12.489,-0.3963,0.19439
1454.1,-202.58,356.74,7.9709,0.95947,-0.38254,0.2513,12.489,-0.3963,0.19439
1454.2,-202.55,356.84,7.9961,0.95833,-0.40365,0.25179,12.489,-0.3963,0.19439
1454.3,-202.53,356.94,8.0213,0.95677,-0.42442,0.25161,12.489,-0.3963,0.19439
1454.4,-202.5,357.04,8.0464,0.95482,-0.44481,0.25079,12.489,-0.3963,0.19439
1454.5,-202.48,357.14,8.0714,0.95254,-0.4648,0.24937,12.489,-0.3963,0.19439
1454.6,-202.45,357.25,8.0963,0.94997,-0.48437,0.24739,12.489,-0.3963,0.19439
1454.7,-202.43,357.35,8.1209,0.94716,-0.50352,0.24488,12.489,-0.3963,0.19439
1454.8,-202.41,357.46,8.1452,0.94415,-0.52223,0.24187,12.489,-0.3963,0.19439
1454.9,-202.38,357.56,8.1692,0.94098,-0.54053,0.2384,12.489,-0.3963,0.19439
1455,-202.36,357.67,8.1929,0.93771,-0.55841,0.23449,12.489,-0.3963,0.19439
1455.1,-202.34,357.78,8.2161,0.93437,-0.57589,0.23017,12.489,-0.3963,0.19439
1455.2,-202.32,357.89,8.2389,0.931,-0.59299,0.22545,12.489,-0.3963,0.19439
1455.3,-202.3,357.99,8.2612,0.92765,-0.60974,0.22036,12.489,-0.3963,0.19439
1455.4,-202.28,358.1,8.283,0.92436,-0.62617,0.21489,12.489,-0.3963,0.19439
1455.5,-202.26,358.21,8.3042,0.92115,-0.6423,0.20907,12.489,-0.3963,0.19439
1455.6,-202.25,358.33,8.3248,0.91808,-0.65818,0.20289,12.489,-0.3963,0.19439
1455.7,-202.23,358.44,8.3447,0.91518,-0.67384,0.19636,12.489,-0.3963,0.19439
1455.8,-202.21,358.55,8.364,0.91247,-0.68932,0.18947,12.489,-0.3963,0.19439
1455.9,-202.2,358.66,8.3826,0.91001,-0.70468,0.18221,12.489,-0.3963,0.19439
1456,-202.18,358.78,8.4005,0.90782,-0.71995,0.17455,12.489,-0.3963,0.19439
1456.1,-202.17,358.89,8.4175,0.90593,-0.7352,0.16647,12.489,-0.3963,0.19439
1456.2,-202.16,359.01,8.4337,0.9044,-0.75047,0.15793,12.489,-0.3963,0.19439
1456.3,-202.14,359.13,8.4491,0.90326,-0.76584,0.14889,12.489,-0.3963,0.19439
1456.4,-202.13,359.25,8.4635,0.90255,-0.78137,0.13927,12.489,-0.3963,0.19439
1456.5,-202.12,359.37,8.4769,0.90232,-0.79714,0.12901,12.489,-0.3963,0.19439
1456.6,-202.11,359.49,8.4893,0.90264,-0.81323,0.11799,12.489,-0.3963,0.19439
1456.7,-202.09,359.61,8.5005,0.90357,-0.82974,0.10608,12.489,-0.3963,0.19439
1456.8,-202.08,359.73,8.5104,0.90518,-0.84679,0.093111,12.489,-0.3963,0.19439
1456.9,-202.07,359.85,8.5191,0.90758,-0.8645,0.078848,12.489,-0.3963,0.19439
1457,-202.06,359.98,8.5262,0.91088,-0.88304,0.062983,12.489,-0.3963,0.19439
1457.1,-202.05,360.11,8.5316,0.91525,-0.90261,0.045095,12.489,-0.3963,0.19439
1457.2,-202.03,360.24,8.5351,0.92087,-0.92344,0.024591,12.489,-0.3963,0.19439
1457.3,-202.02,360.37,8.5364,0.92804,-0.94586,0.00060838,12.489,-0.3963,0.19439
1457.4,-202,360.5,8.5351,0.93706,-0.96446,-0.025554,12.489,-0.3963,0.19439
1457.5,-201.99,360.63,8.5313,0.94796,-0.97266,-0.050188,12.489,-0.3963,0.19439
1457.6,-201.97,360.77,8.5252,0.96047,-0.97078,-0.07151,12.489,-0.3963,0.19439
1457.7,-201.95,360.9,8.5172,0.97415,-0.96009,-0.088456,12.489,-0.3963,0.19439
1457.8,-201.94,361.04,8.5077,0.98848,-0.94241,-0.1007,12.489,-0.3963,0.19439
1457.9,-201.92,361.18,8.4972,1.003,-0.91974,-0.10849,12.489,-0.3963,0.19439
1458,-201.91,361.31,8.4861,1.0172,-0.89398,-0.11239,12.489,-0.3963,0.19439
1458.1,-201.9,361.45,8.4748,1.0308,-0.86673,-0.11308,12.489,-0.3963,0.19439
1458.2,-201.89,361.58,8.4636,1.0436,-0.83927,-0.11124,12.489,-0.3963,0.19439
1458.3,-201.88,361.71,8.4526,1.0555,-0.81259,-0.10747,12.489,-0.3963,0.19439
1458.4,-201.88,361.85,8.4421,1.0663,-0.78738,-0.10225,12.489,-0.3963,0.19439
1458.5,-201.87,361.98,8.4322,1.0762,-0.76414,-0.095969,10.483,-2.5676e-15,1.2484e-15
1458.6,-201.86,362.11,8.4227,1.0807,-0.74052,-0.094109,10.483,-2.5676e-15,1.2484e-15
1458.7,-201.86,362.24,8.4134,1.0848,-0.71755,-0.091144,10.483,-2.5676e-15,1.2484e-15
1458.8,-201.86,362.37,8.4045,1.0883,-0.69559,-0.087315,10.483,-2.5676e-15,1.2484e-15
1458.9,-201.86,362.5,8.396,1.0912,-0.67493,-0.082818,10.483,-2.5676e-15,1.2484e-15
1459,-201.86,362.63,8.388,1.0936,-0.65578,-0.077807,10.483,-2.5676e-15,1.2484e-15
1459.1,-201.85,362.75,8.3804,1.0955,-0.63826,-0.072401,10.483,-2.5676e-15,1.2484e-15
1459.2,-201.85,362.88,8.3735,1.0969,-0.62249,-0.066688,10.483,-2.5676e-15,1.2484e-15
1459.3,-201.86,363,8.3671,1.0979,-0.60853,-0.060734,10.483,-2.5676e-15,1.2484e-15
1459.4,-201.86,363.13,8.3613,1.0984,-0.59643,-0.054584,10.483,-2.5676e-15,1.2484e-15
1459.5,-201.86,363.25,8.3562,1.0984,-0.58624,-0.048271,10.483,-2.5676e-15,1.2484e-15
1459.6,-201.86,363.38,8.3517,1.0982,-0.578,-0.041815,10.483,-2.5676e-15,1.2484e-15
1459.7,-201.86,363.5,8.3478,1.0975,-0.57174,-0.035232,10.483,-2.5676e-15,1.2484e-15
1459.8,-201.86,363.63,8.3447,1.0966,-0.56751,-0.028534,10.483,-2.5676e-15,1.2484e-15
1459.9,-201.86,363.75,8.3421,1.0953,-0.56536,-0.021734,10.483,-2.5676e-15,1.2484e-15
1460,-201.87,363.87,8.3403,1.0937,-0.56534,-0.014851,10.483,-2.5676e-15,1.2484e-15
1460.1,-201.87,364,8.3392,1.0919,-0.56753,-0.0079085,10.483,-2.5676e-15,1.2484e-15
1460.2,-201.87,364.12,8.3387,1.0898,-0.572,-0.00094813,10.483,-2.5676e-15,1.2484e-15
1460.3,-201.87,364.24,8.339,1.0874,-0.57811,0.0062223,10.483,-2.5676e-15,1.2484e-15
1460.4,-201.87,364.37,8.34,1.0847,-0.58476,0.01396,10.483,-2.5676e-15,1.2484e-15
1460.5,-201.86,364.49,8.3418,1.0817,-0.59195,0.0222,10.483,-2.5676e-15,1.2484e-15
1460.6,-201.86,364.61,8.3444,1.0783,-0.59972,0.030839,10.483,-2.5676e-15,1.2484e-15
1460.7,-201.86,364.74,8.348,1.0746,-0.60808,0.039739,10.483,-2.5676e-15,1.2484e-15
1460.8,-201.86,364.86,8.3524,1.0705,-0.61705,0.04873,10.483,-2.5676e-15,1.2484e-15
1460.9,-201.85,364.98,8.3577,1.0661,-0.62663,0.057619,10.483,-2.5676e-15,1.2484e-15
1461,-201.85,365.11,8.3639,1.0613,-0.63681,0.066196,10.483,-2.5676e-15,1.2484e-15
1461.1,-201.85,365.23,8.3709,1.0562,-0.64758,0.074247,10.483,-2.5676e-15,1.2484e-15
1461.2,-201.84,365.35,8.3787,1.0508,-0.6589,0.081564,10.483,-2.5676e-15,1.2484e-15
1461.3,-201.84,365.48,8.3872,1.0451,-0.67075,0.087955,10.483,-2.5676e-15,1.2484e-15
1461.4,-201.83,365.6,8.3963,1.0391,-0.68306,0.093254,10.483,-2.5676e-15,1.2484e-15
1461.5,-201.83,365.73,8.4058,1.0331,-0.69581,0.097325,10.483,-2.5676e-15,1.2484e-15
1461.6,-201.82,365.85,8.4157,1.0269,-0.70894,0.10006,10.483,-2.5676e-15,1.2484e-15
1461.7,-201.82,365.98,8.4258,1.0207,-0.72242,0.10138,10.483,-2.5676e-15,1.2484e-15
1461.8,-201.81,366.1,8.4359,1.0146,-0.73621,0.10124,10.483,-2.5676e-15,1.2484e-15
1461.9,-201.81,366.23,8.446,1.0086,-0.75029,0.099586,10.483,-2.5676e-15,1.2484e-15
1462,-201.8,366.35,8.4558,1.0029,-0.76464,0.096399,10.483,-2.5676e-15,1.2484e-15
1462.1,-201.79,366.48,8.4652,0.99752,-0.77929,0.091642,10.483,-2.5676e-15,1.2484e-15
1462.2,-201.79,366.6,8.4741,0.99258,-0.79423,0.085267,10.483,-2.5676e-15,1.2484e-15
1462.3,-201.78,366.73,8.4822,0.9882,-0.80953,0.077201,10.483,-2.5676e-15,1.2484e-15
1462.4,-201.77,366.86,8.4895,0.98448,-0.82524,0.067326,10.483,-2.5676e-15,1.2484e-15
1462.5,-201.76,366.99,8.4956,0.98158,-0.84144,0.055465,10.483,-2.5676e-15,1.2484e-15
1462.6,-201.76,367.12,8.5005,0.97963,-0.85827,0.041348,10.483,-2.5676e-15,1.2484e-15
1462.7,-201.75,367.25,8.5038,0.97884,-0.87586,0.024568,10.483,-2.5676e-15,1.2484e-15
1462.8,-201.73,367.38,8.5053,0.97944,-0.89445,0.0045176,10.483,-2.5676e-15,1.2484e-15
1462.9,-201.72,367.51,8.5046,0.9817,-0.91109,-0.018382,10.483,-2.5676e-15,1.2484e-15
1463,-201.71,367.65,8.5016,0.98573,-0.91893,-0.040895,10.483,-2.5676e-15,1.2484e-15
1463.1,-201.69,367.78,8.4965,0.99138,-0.91768,-0.061332,10.483,-2.5676e-15,1.2484e-15
1463.2,-201.68,367.92,8.4895,0.99832,-0.90809,-0.078545,10.483,-2.5676e-15,1.2484e-15
1463.3,-201.67,368.05,8.4809,1.0062,-0.89149,-0.091958,10.483,-2.5676e-15,1.2484e-15
1463.4,-201.65,368.18,8.4712,1.0145,-0.86949,-0.10152,10.483,-2.5676e-15,1.2484e-15
1463.5,-201.64,368.32,8.4607,1.0229,-0.84373,-0.10752,10.483,-2.5676e-15,1.2484e-15
1463.6,-201.63,368.45,8.4498,1.0311,-0.81568,-0.11047,10.483,-2.5676e-15,1.2484e-15
1463.7,-201.62,368.58,8.4387,1.0388,-0.78657,-0.11092,10.483,-2.5676e-15,1.2484e-15
1463.8,-201.62,368.71,8.4277,1.046,-0.75737,-0.1094,10.483,-2.5676e-15,1.2484e-15
1463.9,-201.61,368.84,8.4169,1.0524,-0.72881,-0.10638,10.483,-2.5676e-15,1.2484e-15
1464,-201.6,368.96,8.4064,1.0582,-0.7014,-0.10224,10.483,-2.5676e-15,1.2484e-15
1464.1,-201.6,369.09,8.3965,1.0631,-0.6755,-0.097272,10.483,-2.5676e-15,1.2484e-15
1464.2,-201.6,369.21,8.387,1.0674,-0.65133,-0.091712,10.483,-2.5676e-15,1.2484e-15
1464.3,-201.6,369.34,8.3781,1.071,-0.62906,-0.085725,10.483,-2.5676e-15,1.2484e-15
1464.4,-201.6,369.46,8.3699,1.0739,-0.60876,-0.079432,10.483,-2.5676e-15,1.2484e-15
1464.5,-201.6,369.59,8.3622,1.0763,-0.59048,-0.072913,10.483,-2.5676e-15,1.2484e-15
1464.6,-201.6,369.71,8.3553,1.0781,-0.57424,-0.066222,10.483,-2.5676e-15,1.2484e-15
1464.7,-201.6,369.83,8.349,1.0794,-0.56006,-0.059389,10.483,-2.5676e-15,1.2484e-15
1464.8,-201.6,369.95,8.3434,1.0803,-0.54794,-0.052426,10.483,-2.5676e-15,1.2484e-15
1464.9,-201.6,370.07,8.3385,1.0807,-0.53789,-0.045335,10.483,-2.5676e-15,1.2484e-15
1465,-201.61,370.19,8.3344,1.0807,-0.52993,-0.038108,10.483,-2.5676e-15,1.2484e-15
1465.1,-201.61,370.31,8.3309,1.0804,-0.5241,-0.030732,10.483,-2.5676e-15,1.2484e-15
1465.2,-201.61,370.43,8.3282,1.0797,-0.52044,-0.023189,10.483,-2.5676e-15,1.2484e-15
1465.3,-201.62,370.55,8.3263,1.0786,-0.51901,-0.015466,10.483,-2.5676e-15,1.2484e-15
1465.4,-201.62,370.67,8.3251,1.0773,-0.51991,-0.0075492,10.483,-2.5676e-15,1.2484e-15
1465.5,-201.62,370.79,8.3248,1.0756,-0.52322,0.00056416,10.483,-2.5676e-15,1.2484e-15
1465.6,-201.62,370.91,8.3253,1.0737,-0.52793,0.0092648,10.483,-2.5676e-15,1.2484e-15
1465.7,-201.63,371.03,8.3267,1.0713,-0.53321,0.018826,10.483,-2.5676e-15,1.2484e-15
1465.8,-201.63,371.15,8.3291,1.0686,-0.53912,0.029168,10.483,-2.5676e-15,1.2484e-15
1465.9,-201.63,371.27,8.3325,1.0655,-0.5457,0.04016,10.483,-2.5676e-15,1.2484e-15
1466,-201.63,371.39,8.3371,1.0619,-0.553,0.051619,10.483,-2.5676e-15,1.2484e-15
1466.1,-201.63,371.51,8.3428,1.0579,-0.56104,0.063315,10.483,-2.5676e-15,1.2484e-15
1466.2,-201.63,371.63,8.3498,1.0534,-0.56982,0.07498,10.483,-2.5676e-15,1.2484e-15
1466.3,-201.63,371.75,8.3578,1.0485,-0.57934,0.086329,10.483,-2.5676e-15,1.2484e-15
1466.4,-201.63,371.87,8.367,1.0431,-0.58957,0.097075,10.483,-2.5676e-15,1.2484e-15
1466.5,-201.63,371.99,8.3772,1.0374,-0.60046,0.10695,10.483,-2.5676e-15,1.2484e-15
1466.6,-201.63,372.11,8.3884,1.0312,-0.61195,0.11572,10.483,-2.5676e-15,1.2484e-15
1466.7,-201.63,372.23,8.4003,1.0248,-0.62396,0.1232,10.483,-2.5676e-15,1.2484e-15
1466.8,-201.63,372.35,8.413,1.0181,-0.63642,0.12926,10.483,-2.5676e-15,1.2484e-15
1466.9,-201.63,372.47,8.4261,1.0112,-0.64925,0.13382,10.483,-2.5676e-15,1.2484e-15
1467,-201.63,372.59,8.4397,1.0042,-0.66236,0.13684,10.483,-2.5676e-15,1.2484e-15
1467.1,-201.63,372.71,8.4534,0.99717,-0.6757,0.13833,10.483,-2.5676e-15,1.2484e-15
1467.2,-201.63,372.83,8.4673,0.99019,-0.68919,0.13833,10.483,-2.5676e-15,1.2484e-15
1467.3,-201.63,372.95,8.4811,0.98334,-0.70281,0.13687,10.483,-2.5676e-15,1.2484e-15
1467.4,-201.63,373.07,8.4946,0.9767,-0.71652,0.13403,10.483,-2.5676e-15,1.2484e-15
1467.5,-201.63,373.19,8.5078,0.97034,-0.7303,0.12984,10.483,-2.5676e-15,1.2484e-15
1467.6,-201.63,373.32,8.5205,0.96435,-0.74416,0.12437,10.483,-2.5676e-15,1.2484e-15
1467.7,-201.63,373.44,8.5326,0.9588,-0.75812,0.11763,10.483,-2.5676e-15,1.2484e-15
1467.8,-201.63,373.56,8.544,0.95377,-0.77222,0.10964,10.483,-2.5676e-15,1.2484e-15
1467.9,-201.64,373.68,8.5545,0.94935,-0.78649,0.10037,10.483,-2.5676e-15,1.2484e-15
1468,-201.64,373.81,8.564,0.94562,-0.801,0.08975,10.483,-2.5676e-15,1.2484e-15
1468.1,-201.64,373.93,8.5724,0.94268,-0.81585,0.077672,10.483,-2.5676e-15,1.2484e-15
1468.2,-201.64,374.06,8.5795,0.94064,-0.83113,0.063955,10.483,-2.5676e-15,1.2484e-15
1468.3,-201.64,374.18,8.5852,0.93963,-0.84698,0.048326,10.483,-2.5676e-15,1.2484e-15
1468.4,-201.64,374.31,8.5891,0.93981,-0.86357,0.030388,10.483,-2.5676e-15,1.2484e-15
1468.5,-201.64,374.44,8.5911,0.94139,-0.88109,0.0095477,10.483,-2.5676e-15,1.2484e-15
1468.6,-201.63,374.57,8.5909,0.94463,-0.89803,-0.014347,10.483,-2.5676e-15,1.2484e-15
1468.7,-201.63,374.7,8.5883,0.94967,-0.90655,-0.038037,10.483,-2.5676e-15,1.2484e-15
1468.8,-201.63,374.83,8.5834,0.95635,-0.90573,-0.059537,10.483,-2.5676e-15,1.2484e-15
1468.9,-201.62,374.96,8.5765,0.96436,-0.89633,-0.07763,10.483,-2.5676e-15,1.2484e-15
1469,-201.62,375.09,8.568,0.97328,-0.87972,-0.091724,10.483,-2.5676e-15,1.2484e-15
1469.1,-201.62,375.22,8.5583,0.98268,-0.85757,-0.10177,10.483,-2.5676e-15,1.2484e-15
1469.2,-201.62,375.35,8.5478,0.99216,-0.83156,-0.10811,10.483,-2.5676e-15,1.2484e-15
1469.3,-201.62,375.48,8.5368,1.0014,-0.80322,-0.11128,10.483,-2.5676e-15,1.2484e-15
1469.4,-201.62,375.61,8.5256,1.0101,-0.77378,-0.11187,10.483,-2.5676e-15,1.2484e-15
1469.5,-201.62,375.74,8.5145,1.0183,-0.74425,-0.11045,10.483,-2.5676e-15,1.2484e-15
1469.6,-201.63,375.86,8.5035,1.0257,-0.71534,-0.10748,10.483,-2.5676e-15,1.2484e-15
1469.7,-201.63,375.99,8.493,1.0323,-0.68757,-0.10339,10.483,-2.5676e-15,1.2484e-15
1469.8,-201.64,376.11,8.4829,1.0382,-0.6613,-0.098465,10.483,-2.5676e-15,1.2484e-15
1469.9,-201.65,376.23,8.4733,1.0433,-0.63675,-0.09295,10.483,-2.5676e-15,1.2484e-15
1470,-201.66,376.35,8.4643,1.0477,-0.61406,-0.087013,10.483,-2.5676e-15,1.2484e-15
1470.1,-201.67,376.47,8.4559,1.0515,-0.59331,-0.080778,10.483,-2.5676e-15,1.2484e-15
1470.2,-201.68,376.59,8.4482,1.0546,-0.57454,-0.074326,10.483,-2.5676e-15,1.2484e-15
1470.3,-201.69,376.71,8.4411,1.0572,-0.55777,-0.067709,10.483,-2.5676e-15,1.2484e-15
1470.4,-201.7,376.83,8.4346,1.0592,-0.543,-0.060956,10.483,-2.5676e-15,1.2484e-15
1470.5,-201.71,376.95,8.4289,1.0608,-0.53023,-0.054078,10.483,-2.5676e-15,1.2484e-15
1470.6,-201.73,377.07,8.4238,1.0619,-0.51946,-0.047074,10.483,-2.5676e-15,1.2484e-15
1470.7,-201.74,377.18,8.4195,1.0627,-0.51071,-0.039931,10.483,-2.5676e-15,1.2484e-15
1470.8,-201.75,377.3,8.4158,1.063,-0.50401,-0.032629,10.483,-2.5676e-15,1.2484e-15
1470.9,-201.77,377.42,8.413,1.063,-0.49939,-0.025147,10.483,-2.5676e-15,1.2484e-15
1471,-201.78,377.53,8.4108,1.0626,-0.49692,-0.017456,10.483,-2.5676e-15,1.2484e-15
1471.1,-201.8,377.65,8.4095,1.0619,-0.49668,-0.0095334,10.483,-2.5676e-15,1.2484e-15
1471.2,-201.81,377.77,8.4089,1.0609,-0.49876,-0.0013572,10.483,-2.5676e-15,1.2484e-15
1471.3,-201.82,377.88,8.4092,1.0596,-0.50262,0.0073255,10.483,-2.5676e-15,1.2484e-15
1471.4,-201.84,378,8.4104,1.0579,-0.50706,0.016939,10.483,-2.5676e-15,1.2484e-15
1471.5,-201.85,378.12,8.4126,1.0558,-0.51212,0.02743,10.483,-2.5676e-15,1.2484e-15
1471.6,-201.86,378.23,8.4159,1.0533,-0.51787,0.038683,10.483,-2.5676e-15,1.2484e-15
1471.7,-201.87,378.35,8.4204,1.0503,-0.52435,0.050526,10.483,-2.5676e-15,1.2484e-15
1471.8,-201.89,378.47,8.426,1.0469,-0.53159,0.062735,10.483,-2.5676e-15,1.2484e-15
1471.9,-201.9,378.58,8.4329,1.043,-0.53961,0.075043,10.483,-2.5676e-15,1.2484e-15
1472,-201.91,378.7,8.4411,1.0387,-0.54841,0.087155,10.483,-2.5676e-15,1.2484e-15
1472.1,-201.92,378.82,8.4504,1.0338,-0.55797,0.09877,10.483,-2.5676e-15,1.2484e-15
1472.2,-201.93,378.93,8.4608,1.0286,-0.56825,0.1096,10.483,-2.5676e-15,1.2484e-15
1472.3,-201.95,379.05,8.4722,1.0229,-0.57919,0.1194,10.483,-2.5676e-15,1.2484e-15
1472.4,-201.96,379.17,8.4846,1.0169,-0.5907,0.12795,10.483,-2.5676e-15,1.2484e-15
1472.5,-201.97,379.29,8.4978,1.0106,-0.60271,0.13511,10.483,-2.5676e-15,1.2484e-15
1472.6,-201.98,379.4,8.5116,1.0041,-0.61512,0.14079,10.483,-2.5676e-15,1.2484e-15
1472.7,-202,379.52,8.5259,0.99733,-0.62785,0.14494,10.483,-2.5676e-15,1.2484e-15
1472.8,-202.01,379.64,8.5405,0.99052,-0.64081,0.14758,9.2035,0.09919,-0.048653
1472.9,-202.02,379.75,8.5553,0.98088,-0.65345,0.14732,9.2035,0.09919,-0.048653
1473,-202.04,379.87,8.5699,0.97148,-0.66607,0.1456,9.2035,0.09919,-0.048653
1473.1,-202.05,379.99,8.5844,0.96239,-0.67862,0.14251,9.2035,0.09919,-0.048653
1473.2,-202.06,380.11,8.5984,0.95367,-0.6911,0.13814,9.2035,0.09919,-0.048653
1473.3,-202.08,380.22,8.6119,0.9454,-0.70348,0.13257,9.2035,0.09919,-0.048653
1473.4,-202.09,380.34,8.6249,0.93764,-0.71579,0.12586,9.2035,0.09919,-0.048653
1473.5,-202.1,380.46,8.6371,0.93045,-0.72805,0.11806,9.2035,0.09919,-0.048653
1473.6,-202.12,380.57,8.6485,0.92389,-0.74029,0.10918,9.2035,0.09919,-0.048653
1473.7,-202.13,380.69,8.6589,0.91803,-0.75257,0.099204,9.2035,0.09919,-0.048653
1473.8,-202.15,380.81,8.6683,0.91295,-0.76496,0.088082,9.2035,0.09919,-0.048653
1473.9,-202.16,380.93,8.6765,0.9087,-0.77753,0.075716,9.2035,0.09919,-0.048653
1474,-202.17,381.05,8.6834,0.90539,-0.79037,0.061948,9.2035,0.09919,-0.048653
1474.1,-202.19,381.17,8.6888,0.90311,-0.8036,0.046545,9.2035,0.09919,-0.048653
1474.2,-202.2,381.29,8.6926,0.90199,-0.81735,0.029161,9.2035,0.09919,-0.048653
1474.3,-202.21,381.41,8.6945,0.90219,-0.83181,0.0092974,9.2035,0.09919,-0.048653
1474.4,-202.22,381.53,8.6944,0.90391,-0.84565,-0.013172,9.2035,0.09919,-0.048653
1474.5,-202.23,381.66,8.6919,0.90726,-0.85197,-0.035376,9.2035,0.09919,-0.048653
1474.6,-202.24,381.78,8.6874,0.9121,-0.84995,-0.055592,9.2035,0.09919,-0.048653
1474.7,-202.25,381.9,8.6809,0.91815,-0.84027,-0.072776,9.2035,0.09919,-0.048653
1474.8,-202.27,382.03,8.6729,0.92506,-0.8241,-0.086403,9.2035,0.09919,-0.048653
1474.9,-202.28,382.15,8.6637,0.93246,-0.80286,-0.096412,9.2035,0.09919,-0.048653
1475,-202.29,382.27,8.6537,0.94001,-0.778,-0.10307,9.2035,0.09919,-0.048653
1475.1,-202.3,382.39,8.6432,0.94742,-0.75083,-0.10684,9.2035,0.09919,-0.048653
1475.2,-202.32,382.51,8.6325,0.95448,-0.72245,-0.10822,9.2035,0.09919,-0.048653
1475.3,-202.33,382.63,8.6216,0.96106,-0.69375,-0.10772,9.2035,0.09919,-0.048653
1475.4,-202.35,382.75,8.611,0.96705,-0.66538,-0.10577,9.2035,0.09919,-0.048653
1475.5,-202.37,382.86,8.6005,0.97242,-0.63782,-0.10274,9.2035,0.09919,-0.048653
1475.6,-202.39,382.98,8.5904,0.97715,-0.61138,-0.098923,9.2035,0.09919,-0.048653
1475.7,-202.41,383.09,8.5808,0.98127,-0.58628,-0.094551,9.2035,0.09919,-0.048653
1475.8,-202.43,383.2,8.5715,0.9848,-0.56266,-0.089793,9.2035,0.09919,-0.048653
1475.9,-202.46,383.31,8.5628,0.98778,-0.54056,-0.084775,9.2035,0.09919,-0.048653
1476,-202.48,383.42,8.5546,0.99024,-0.52003,-0.079586,9.2035,0.09919,-0.048653
1476.1,-202.5,383.53,8.5469,0.99223,-0.50106,-0.074289,9.2035,0.09919,-0.048653
1476.2,-202.53,383.64,8.5397,0.99378,-0.48364,-0.068923,9.2035,0.09919,-0.048653
1476.3,-202.56,383.75,8.5331,0.99495,-0.46774,-0.06351,9.2035,0.09919,-0.048653
1476.4,-202.58,383.85,8.527,0.99576,-0.45333,-0.05806,9.2035,0.09919,-0.048653
1476.5,-202.61,383.96,8.5215,0.99625,-0.44038,-0.05257,9.2035,0.09919,-0.048653
1476.6,-202.64,384.06,8.5165,0.99645,-0.42887,-0.04703,9.2035,0.09919,-0.048653
1476.7,-202.66,384.17,8.5121,0.99638,-0.41878,-0.041423,9.2035,0.09919,-0.048653
1476.8,-202.69,384.27,8.5082,0.99607,-0.41011,-0.035726,9.2035,0.09919,-0.048653
1476.9,-202.72,384.38,8.505,0.99554,-0.40284,-0.02991,9.2035,0.09919,-0.048653
1477,-202.75,384.48,8.5023,0.99479,-0.39701,-0.023941,9.2035,0.09919,-0.048653
1477.1,-202.78,384.58,8.5002,0.99385,-0.39263,-0.017782,9.2035,0.09919,-0.048653
1477.2,-202.8,384.69,8.4987,0.99272,-0.38976,-0.01139,9.2035,0.09919,-0.048653
1477.3,-202.83,384.79,8.4979,0.99141,-0.38844,-0.0047193,9.2035,0.09919,-0.048653
1477.4,-202.86,384.89,8.4978,0.9899,-0.3887,0.0023029,9.2035,0.09919,-0.048653
1477.5,-202.89,384.99,8.4984,0.98821,-0.38969,0.01004,9.2035,0.09919,-0.048653
1477.6,-202.92,385.1,8.4998,0.98629,-0.39116,0.018594,9.2035,0.09919,-0.048653
1477.7,-202.95,385.2,8.5021,0.98414,-0.39319,0.02793,9.2035,0.09919,-0.048653
1477.8,-202.97,385.3,8.5054,0.98173,-0.39581,0.037973,9.2035,0.09919,-0.048653
1477.9,-203,385.4,8.5098,0.97905,-0.39909,0.04861,9.2035,0.09919,-0.048653
1478,-203.03,385.5,8.5152,0.97607,-0.40307,0.059686,9.2035,0.09919,-0.048653
1478.1,-203.06,385.61,8.5217,0.9728,-0.40777,0.071013,9.2035,0.09919,-0.048653
1478.2,-203.09,385.71,8.5294,0.96923,-0.41321,0.082377,9.2035,0.09919,-0.048653
1478.3,-203.12,385.81,8.5382,0.96535,-0.41939,0.093552,9.2035,0.09919,-0.048653
1478.4,-203.14,385.91,8.5481,0.96117,-0.42627,0.10431,9.2035,0.09919,-0.048653
1478.5,-203.17,386.01,8.559,0.95671,-0.43382,0.11445,9.2035,0.09919,-0.048653
1478.6,-203.2,386.11,8.5709,0.95198,-0.44198,0.12378,9.2035,0.09919,-0.048653
1478.7,-203.23,386.21,8.5837,0.947,-0.45068,0.13216,9.2035,0.09919,-0.048653
1478.8,-203.26,386.31,8.5973,0.94181,-0.45983,0.13948,9.2035,0.09919,-0.048653
1478.9,-203.29,386.41,8.6116,0.93643,-0.46937,0.14568,9.2035,0.09919,-0.048653
1479,-203.32,386.51,8.6264,0.9309,-0.47919,0.15074,9.2035,0.09919,-0.048653
1479.1,-203.35,386.61,8.6417,0.92527,-0.48921,0.15467,9.2035,0.09919,-0.048653
1479.2,-203.38,386.71,8.6573,0.91955,-0.49937,0.15749,9.2035,0.09919,-0.048653
1479.3,-203.42,386.81,8.6732,0.91381,-0.50958,0.15927,9.2035,0.09919,-0.048653
1479.4,-203.45,386.91,8.6891,0.90806,-0.5198,0.16007,9.2035,0.09919,-0.048653
1479.5,-203.48,387.01,8.7051,0.90236,-0.52996,0.15996,9.2035,0.09919,-0.048653
1479.6,-203.51,387.11,8.7211,0.89674,-0.54003,0.15901,9.2035,0.09919,-0.048653
1479.7,-203.55,387.21,8.7369,0.89122,-0.54998,0.15731,9.2035,0.09919,-0.048653
1479.8,-203.58,387.31,8.7525,0.88586,-0.55979,0.15492,9.2035,0.09919,-0.048653
1479.9,-203.62,387.41,8.7679,0.88067,-0.56943,0.1519,9.2035,0.09919,-0.048653
1480,-203.65,387.51,8.7829,0.87568,-0.57891,0.14831,9.2035,0.09919,-0.048653
1480.1,-203.69,387.61,8.7975,0.87093,-0.58823,0.14419,9.2035,0.09919,-0.048653
1480.2,-203.72,387.7,8.8117,0.86643,-0.59738,0.1396,9.2035,0.09919,-0.048653
1480.3,-203.76,387.8,8.8254,0.86221,-0.60638,0.13456,9.2035,0.09919,-0.048653
1480.4,-203.8,387.9,8.8386,0.85829,-0.61524,0.12909,9.2035,0.09919,-0.048653
1480.5,-203.83,388,8.8512,0.8547,-0.62398,0.12321,9.2035,0.09919,-0.048653
1480.6,-203.87,388.1,8.8633,0.85145,-0.63262,0.11693,0.51037,-1.25e-16,6.3415e-17
1480.7,-203.91,388.2,8.8747,0.82928,-0.64144,0.11094,0.51037,-1.25e-16,6.3415e-17
1480.8,-203.95,388.3,8.8854,0.80813,-0.64988,0.10327,0.51037,-1.25e-16,6.3415e-17
1480.9,-203.98,388.39,8.8953,0.78806,-0.658,0.094065,0.51037,-1.25e-16,6.3415e-17
1481,-204.02,388.49,8.9041,0.76912,-0.66585,0.083415,0.51037,-1.25e-16,6.3415e-17
1481.1,-204.05,388.58,8.9119,0.75137,-0.67351,0.071364,0.51037,-1.25e-16,6.3415e-17
1481.2,-204.08,388.68,8.9184,0.73487,-0.68107,0.057902,0.51037,-1.25e-16,6.3415e-17
1481.3,-204.11,388.78,8.9234,0.71968,-0.68867,0.042948,0.51037,-1.25e-16,6.3415e-17
1481.4,-204.14,388.87,8.9269,0.70586,-0.69642,0.026336,0.51037,-1.25e-16,6.3415e-17
1481.5,-204.17,388.96,8.9286,0.6935,-0.70451,0.0077863,0.51037,-1.25e-16,6.3415e-17
1481.6,-204.2,389.06,8.9284,0.68272,-0.7118,-0.012607,0.51037,-1.25e-16,6.3415e-17
1481.7,-204.22,389.15,8.9261,0.67354,-0.71321,-0.032527,0.51037,-1.25e-16,6.3415e-17
1481.8,-204.25,389.25,8.922,0.66582,-0.70837,-0.050685,0.51037,-1.25e-16,6.3415e-17
1481.9,-204.27,389.34,8.9161,0.65937,-0.6979,-0.066305,0.51037,-1.25e-16,6.3415e-17
1482,-204.29,389.44,8.9088,0.65391,-0.68268,-0.079006,0.51037,-1.25e-16,6.3415e-17
1482.1,-204.32,389.53,8.9004,0.64918,-0.66375,-0.08875,0.51037,-1.25e-16,6.3415e-17
1482.2,-204.34,389.62,8.8911,0.64493,-0.64214,-0.095742,0.51037,-1.25e-16,6.3415e-17
1482.3,-204.36,389.7,8.8813,0.64095,-0.61877,-0.10033,0.51037,-1.25e-16,6.3415e-17
1482.4,-204.39,389.79,8.8711,0.63707,-0.59443,-0.10291,0.51037,-1.25e-16,6.3415e-17
1482.5,-204.41,389.87,8.8608,0.63318,-0.56975,-0.10387,0.51037,-1.25e-16,6.3415e-17
1482.6,-204.43,389.95,8.8504,0.62919,-0.54519,-0.10358,0.51037,-1.25e-16,6.3415e-17
1482.7,-204.46,390.03,8.8401,0.62505,-0.5211,-0.10234,0.51037,-1.25e-16,6.3415e-17
1482.8,-204.48,390.11,8.83,0.62074,-0.49773,-0.1004,0.51037,-1.25e-16,6.3415e-17
1482.9,-204.5,390.18,8.82,0.61625,-0.47522,-0.097961,0.51037,-1.25e-16,6.3415e-17
1483,-204.53,390.26,8.8104,0.61158,-0.45367,-0.095182,0.51037,-1.25e-16,6.3415e-17
1483.1,-204.55,390.33,8.801,0.60674,-0.43313,-0.092184,0.51037,-1.25e-16,6.3415e-17
1483.2,-204.57,390.4,8.7919,0.60176,-0.41361,-0.08906,0.51037,-1.25e-16,6.3415e-17
1483.3,-204.6,390.47,8.7832,0.59664,-0.3951,-0.085881,0.51037,-1.25e-16,6.3415e-17
1483.4,-204.62,390.53,8.7748,0.59141,-0.37758,-0.082696,0.51037,-1.25e-16,6.3415e-17
1483.5,-204.65,390.6,8.7667,0.58609,-0.361,-0.079545,0.51037,-1.25e-16,6.3415e-17
1483.6,-204.67,390.66,8.7589,0.58069,-0.34534,-0.076453,0.51037,-1.25e-16,6.3415e-17
1483.7,-204.7,390.72,8.7514,0.57525,-0.33053,-0.073441,0.51037,-1.25e-16,6.3415e-17
1483.8,-204.72,390.78,8.7442,0.56976,-0.31653,-0.070521,0.51037,-1.25e-16,6.3415e-17
1483.9,-204.74,390.84,8.7373,0.56425,-0.30331,-0.0677,0.51037,-1.25e-16,6.3415e-17
1484,-204.77,390.9,8.7306,0.55873,-0.2908,-0.064984,0.51037,-1.25e-16,6.3415e-17
1484.1,-204.79,390.96,8.7243,0.55322,-0.27897,-0.062375,0.51037,-1.25e-16,6.3415e-17
1484.2,-204.82,391.02,8.7181,0.54772,-0.26778,-0.059873,0.51037,-1.25e-16,6.3415e-17
1484.3,-204.84,391.07,8.7123,0.54225,-0.25718,-0.057476,0.51037,-1.25e-16,6.3415e-17
1484.4,-204.87,391.13,8.7066,0.53681,-0.24713,-0.055182,0.51037,-1.25e-16,6.3415e-17
1484.5,-204.89,391.18,8.7012,0.5314,-0.23761,-0.052989,0.51037,-1.25e-16,6.3415e-17
1484.6,-204.91,391.23,8.696,0.52605,-0.22857,-0.050894,0.51037,-1.25e-16,6.3415e-17
1484.7,-204.94,391.28,8.6911,0.52075,-0.21999,-0.048891,0.51037,-1.25e-16,6.3415e-17
1484.8,-204.96,391.33,8.6863,0.5155,-0.21184,-0.046979,0.51037,-1.25e-16,6.3415e-17
1484.9,-204.99,391.38,8.6817,0.51031,-0.20409,-0.045152,0.51037,-1.25e-16,6.3415e-17
1485,-205.01,391.43,8.6772,0.50519,-0.19672,-0.043408,0.51037,-1.25e-16,6.3415e-17
1485.1,-205.03,391.48,8.673,0.50014,-0.1897,-0.041741,0.51037,-1.25e-16,6.3415e-17
1485.2,-205.06,391.53,8.6689,0.49515,-0.18301,-0.040149,0.51037,-1.25e-16,6.3415e-17
1485.3,-205.08,391.58,8.6649,0.49024,-0.17663,-0.038628,0.51037,-1.25e-16,6.3415e-17
1485.4,-205.1,391.62,8.6611,0.4854,-0.17055,-0.037175,0.51037,-1.25e-16,6.3415e-17
1485.5,-205.13,391.67,8.6575,0.48063,-0.16474,-0.035786,0.51037,-1.25e-16,6.3415e-17
1485.6,-205.15,391.71,8.654,0.47593,-0.15919,-0.034457,0.51037,-1.25e-16,6.3415e-17
1485.7,-205.17,391.76,8.6506,0.47131,-0.15389,-0.033187,0.51037,-1.25e-16,6.3415e-17
1485.8,-205.2,391.8,8.6473,0.46677,-0.14882,-0.031971,0.51037,-1.25e-16,6.3415e-17
1485.9,-205.22,391.84,8.6442,0.46229,-0.14396,-0.030808,0.51037,-1.25e-16,6.3415e-17
1486,-205.24,391.89,8.6412,0.4579,-0.13932,-0.029694,0.51037,-1.25e-16,6.3415e-17
1486.1,-205.26,391.93,8.6383,0.45357,-0.13486,-0.028628,0.51037,-1.25e-16,6.3415e-17
1486.2,-205.29,391.97,8.6355,0.44933,-0.13059,-0.027606,0.51037,-1.25e-16,6.3415e-17
1486.3,-205.31,392.01,8.6327,0.44515,-0.1265,-0.026627,0.51037,-1.25e-16,6.3415e-17
1486.4,-205.33,392.05,8.6301,0.44105,-0.12257,-0.025689,0.51037,-1.25e-16,6.3415e-17
1486.5,-205.35,392.09,8.6276,0.43702,-0.11879,-0.02479,0.51037,-1.25e-16,6.3415e-17
1486.6,-205.37,392.13,8.6252,0.43306,-0.11517,-0.023927,0.51037,-1.25e-16,6.3415e-17
1486.7,-205.4,392.17,8.6228,0.42917,-0.11168,-0.023099,0.51037,-1.25e-16,6.3415e-17
1486.8,-205.42,392.21,8.6206,0.42534,-0.10833,-0.022305,0.51037,-1.25e-16,6.3415e-17
1486.9,-205.44,392.25,8.6184,0.42159,-0.10511,-0.021542,0.51037,-1.25e-16,6.3415e-17
1487,-205.46,392.28,8.6162,0.41791,-0.10201,-0.020809,0.51037,-1.25e-16,6.3415e-17
1487.1,-205.48,392.32,8.6142,0.41429,-0.099022,-0.020106,0.51037,-1.25e-16,6.3415e-17
1487.2,-205.5,392.36,8.6122,0.41073,-0.096145,-0.01943,0.51037,-1.25e-16,6.3415e-17
1487.3,-205.52,392.39,8.6103,0.40724,-0.093372,-0.01878,0.51037,-1.25e-16,6.3415e-17
1487.4,-205.55,392.43,8.6085,0.40381,-0.090699,-0.018156,0.51037,-1.25e-16,6.3415e-17
1487.5,-205.57,392.46,8.6067,0.40045,-0.088122,-0.017555,0.51037,-1.25e-16,6.3415e-17
1487.6,-205.59,392.5,8.605,0.39714,-0.085634,-0.016977,0.51037,-1.25e-16,6.3415e-17
1487.7,-205.61,392.53,8.6033,0.3939,-0.083234,-0.016422,0.51037,-1.25e-16,6.3415e-17
1487.8,-205.63,392.57,8.6017,0.39071,-0.080916,-0.015887,0.51037,-1.25e-16,6.3415e-17
1487.9,-205.65,392.6,8.6001,0.38758,-0.078678,-0.015372,0.51037,-1.25e-16,6.3415e-17
1488,-205.67,392.64,8.5986,0.38451,-0.076515,-0.014876,0.51037,-1.25e-16,6.3415e-17
1488.1,-205.69,392.67,8.5971,0.38149,-0.074425,-0.014399,0.51037,-1.25e-16,6.3415e-17
1488.2,-205.71,392.7,8.5957,0.37852,-0.072404,-0.013939,0.51037,-1.25e-16,6.3415e-17
1488.3,-205.73,392.73,8.5943,0.37561,-0.070449,-0.013496,0.51037,-1.25e-16,6.3415e-17
1488.4,-205.75,392.77,8.593,0.37275,-0.068558,-0.013069,0.51037,-1.25e-16,6.3415e-17
1488.5,-205.77,392.8,8.5917,0.36994,-0.066729,-0.012658,0.51037,-1.25e-16,6.3415e-17
1488.6,-205.79,392.83,8.5905,0.36719,-0.064958,-0.012261,0.51037,-1.25e-16,6.3415e-17
1488.7,-205.81,392.86,8.5893,0.36448,-0.063243,-0.011879,0.51037,-1.25e-16,6.3415e-17
1488.8,-205.83,392.89,8.5881,0.36182,-0.061582,-0.01151,0.51037,-1.25e-16,6.3415e-17
1488.9,-205.85,392.92,8.587,0.3592,-0.059973,-0.011155,0.51037,-1.25e-16,6.3415e-17
1489,-205.87,392.96,8.5859,0.35663,-0.058413,-0.010812,0.51037,-1.25e-16,6.3415e-17
1489.1,-205.89,392.99,8.5848,0.35411,-0.056902,-0.010481,0.51037,-1.25e-16,6.3415e-17
1489.2,-205.91,393.02,8.5838,0.35163,-0.055437,-0.010161,0.51037,-1.25e-16,6.3415e-17
1489.3,-205.93,393.05,8.5828,0.34919,-0.054016,-0.0098531,0.51037,-1.25e-16,6.3415e-17
1489.4,-205.95,393.07,8.5818,0.3468,-0.052637,-0.0095555,0.51037,-1.25e-16,6.3415e-17
1489.5,-205.97,393.1,8.5809,0.34445,-0.0513,-0.0092683,0.51037,-1.25e-16,6.3415e-17
1489.6,-205.99,393.13,8.58,0.34214,-0.050002,-0.008991,0.51037,-1.25e-16,6.3415e-17
1489.7,-206,393.16,8.5791,0.33987,-0.048743,-0.0087232,0.51037,-1.25e-16,6.3415e-17
1489.8,-206.02,393.19,8.5782,0.33763,-0.04752,-0.0084646,0.51037,-1.25e-16,6.3415e-17
1489.9,-206.04,393.22,8.5774,0.33544,-0.046332,-0.0082148,0.51037,-1.25e-16,6.3415e-17
1490,-206.06,393.25,8.5766,0.33328,-0.045178,-0.0079735,0.51037,-1.25e-16,6.3415e-17
1490.1,-206.08,393.27,8.5758,0.33116,-0.044058,-0.0077403,0.51037,-1.25e-16,6.3415e-17
1490.2,-206.1,393.3,8.575,0.32908,-0.042969,-0.007515,0.51037,-1.25e-16,6.3415e-17
1490.3,-206.12,393.33,8.5743,0.32703,-0.041911,-0.0072974,0.51037,-1.25e-16,6.3415e-17
1490.4,-206.13,393.36,8.5736,0.32502,-0.040882,-0.007087,0.51037,-1.25e-16,6.3415e-17
1490.5,-206.15,393.38,8.5729,0.32304,-0.039883,-0.0068837,0.51037,-1.25e-16,6.3415e-17
1490.6,-206.17,393.41,8.5722,0.32109,-0.03891,-0.0066871,0.51037,-1.25e-16,6.3415e-17
1490.7,-206.19,393.44,8.5715,0.31918,-0.037965,-0.0064971,0.51037,-1.25e-16,6.3415e-17
1490.8,-206.21,393.46,8.5709,0.3173,-0.037045,-0.0063134,0.51037,-1.25e-16,6.3415e-17
1490.9,-206.23,393.49,8.5703,0.31544,-0.03615,-0.0061358,0.51037,-1.25e-16,6.3415e-17
1491,-206.24,393.52,8.5696,0.31362,-0.03528,-0.0059641,0.51037,-1.25e-16,6.3415e-17
1491.1,-206.26,393.54,8.5691,0.31183,-0.034432,-0.005798,0.51037,-1.25e-16,6.3415e-17
1491.2,-206.28,393.57,8.5685,0.31007,-0.033608,-0.0056374,0.51037,-1.25e-16,6.3415e-17
1491.3,-206.3,393.59,8.5679,0.30834,-0.032805,-0.0054821,0.51037,-1.25e-16,6.3415e-17
1491.4,-206.31,393.62,8.5674,0.30663,-0.032024,-0.0053318,0.51037,-1.25e-16,6.3415e-17
1491.5,-206.33,393.64,8.5669,0.30496,-0.031263,-0.0051864,0.51037,-1.25e-16,6.3415e-17
1491.6,-206.35,393.67,8.5664,0.30331,-0.030521,-0.0050458,0.51037,-1.25e-16,6.3415e-17
1491.7,-206.37,393.69,8.5659,0.30169,-0.0298,-0.0049098,3.3589,-0.13639,0.0669
1491.8,-206.38,393.72,8.5655,0.30645,-0.0297,-0.002884,3.3589,-0.13639,0.0669
1491.9,-206.4,393.74,8.5653,0.31113,-0.029692,-0.00085005,3.3589,-0.13639,0.0669
1492,-206.42,393.77,8.5653,0.31573,-0.029773,0.0012026,3.3589,-0.13639,0.0669
1492.1,-206.44,393.8,8.5655,0.32024,-0.029922,0.0032844,3.3589,-0.13639,0.0669
1492.2,-206.46,393.82,8.566,0.32467,-0.030139,0.0053943,3.3589,-0.13639,0.0669
1492.3,-206.48,393.85,8.5666,0.32902,-0.030428,0.00753,3.3589,-0.13639,0.0669
1492.4,-206.5,393.88,8.5675,0.33328,-0.030789,0.009689,3.3589,-0.13639,0.0669
1492.5,-206.52,393.9,8.5685,0.33746,-0.031226,0.011869,3.3589,-0.13639,0.0669
1492.6,-206.54,393.93,8.5698,0.34156,-0.031739,0.014066,3.3589,-0.13639,0.0669
1492.7,-206.56,393.96,8.5714,0.34558,-0.032331,0.016278,3.3589,-0.13639,0.0669
1492.8,-206.58,393.99,8.5731,0.34952,-0.033003,0.018502,3.3589,-0.13639,0.0669
1492.9,-206.6,394.02,8.5751,0.35338,-0.033756,0.020734,3.3589,-0.13639,0.0669
1493,-206.62,394.04,8.5772,0.35716,-0.034591,0.022971,3.3589,-0.13639,0.0669
1493.1,-206.64,394.07,8.5797,0.36086,-0.035508,0.025209,3.3589,-0.13639,0.0669
1493.2,-206.66,394.1,8.5823,0.36448,-0.036509,0.027444,3.3589,-0.13639,0.0669
1493.3,-206.68,394.13,8.5851,0.36803,-0.037593,0.029674,3.3589,-0.13639,0.0669
1493.4,-206.7,394.16,8.5882,0.3715,-0.038761,0.031894,3.3589,-0.13639,0.0669
1493.5,-206.73,394.19,8.5915,0.37489,-0.040011,0.0341,3.3589,-0.13639,0.0669
1493.6,-206.75,394.22,8.595,0.3782,-0.041344,0.03629,3.3589,-0.13639,0.0669
1493.7,-206.77,394.26,8.5988,0.38144,-0.042758,0.03846,3.3589,-0.13639,0.0669
1493.8,-206.79,394.29,8.6027,0.3846,-0.044253,0.040606,3.3589,-0.13639,0.0669
1493.9,-206.82,394.32,8.6069,0.38769,-0.045826,0.042725,3.3589,-0.13639,0.0669
1494,-206.84,394.35,8.6113,0.3907,-0.047477,0.044814,3.3589,-0.13639,0.0669
1494.1,-206.86,394.38,8.6159,0.39364,-0.049204,0.046871,3.3589,-0.13639,0.0669
1494.2,-206.89,394.41,8.6206,0.3965,-0.051004,0.048891,3.3589,-0.13639,0.0669
1494.3,-206.91,394.45,8.6256,0.39929,-0.052876,0.050874,3.3589,-0.13639,0.0669
1494.4,-206.94,394.48,8.6308,0.40201,-0.054816,0.052816,3.3589,-0.13639,0.0669
1494.5,-206.96,394.51,8.6362,0.40465,-0.056823,0.054715,3.3589,-0.13639,0.0669
1494.6,-206.98,394.54,8.6418,0.40723,-0.058893,0.056569,3.3589,-0.13639,0.0669
1494.7,-207.01,394.58,8.6475,0.40973,-0.061025,0.058376,3.3589,-0.13639,0.0669
1494.8,-207.03,394.61,8.6534,0.41216,-0.063214,0.060136,3.3589,-0.13639,0.0669
1494.9,-207.06,394.64,8.6595,0.41452,-0.065458,0.061846,3.3589,-0.13639,0.0669
1495,-207.09,394.68,8.6658,0.41681,-0.067753,0.063505,3.3589,-0.13639,0.0669
1495.1,-207.11,394.71,8.6722,0.41903,-0.070097,0.065114,3.3589,-0.13639,0.0669
1495.2,-207.14,394.74,8.6788,0.42118,-0.072486,0.06667,3.3589,-0.13639,0.0669
1495.3,-207.16,394.78,8.6856,0.42327,-0.074917,0.068173,3.3589,-0.13639,0.0669
1495.4,-207.19,394.81,8.6925,0.42529,-0.077387,0.069623,3.3589,-0.13639,0.0669
1495.5,-207.22,394.85,8.6995,0.42724,-0.079892,0.07102,3.3589,-0.13639,0.0669
1495.6,-207.24,394.88,8.7067,0.42912,-0.082429,0.072363,3.3589,-0.13639,0.0669
1495.7,-207.27,394.91,8.714,0.43094,-0.084995,0.073654,3.3589,-0.13639,0.0669
1495.8,-207.3,394.95,8.7214,0.4327,-0.087587,0.074891,3.3589,-0.13639,0.0669
1495.9,-207.32,394.98,8.7289,0.43439,-0.090201,0.076076,3.3589,-0.13639,0.0669
1496,-207.35,395.02,8.7366,0.43602,-0.092834,0.077208,3.3589,-0.13639,0.0669
1496.1,-207.38,395.05,8.7444,0.4376,-0.095484,0.078288,3.3589,-0.13639,0.0669
1496.2,-207.41,395.09,8.7523,0.43911,-0.098147,0.079318,3.3589,-0.13639,0.0669
1496.3,-207.44,395.12,8.7602,0.44056,-0.10082,0.080297,3.3589,-0.13639,0.0669
1496.4,-207.46,395.16,8.7683,0.44195,-0.1035,0.081227,3.3589,-0.13639,0.0669
1496.5,-207.49,395.19,8.7765,0.44329,-0.10619,0.082108,3.3589,-0.13639,0.0669
1496.6,-207.52,395.23,8.7847,0.44457,-0.10888,0.082941,3.3589,-0.13639,0.0669
1496.7,-207.55,395.26,8.7931,0.4458,-0.11157,0.083727,3.3589,-0.13639,0.0669
1496.8,-207.58,395.3,8.8015,0.44697,-0.11425,0.084467,3.3589,-0.13639,0.0669
1496.9,-207.61,395.34,8.81,0.44809,-0.11693,0.085162,0.16437,-4.026e-17,1.9575e-17
1497,-207.64,395.37,8.8184,0.44205,-0.11897,0.083916,0.16437,-4.026e-17,1.9575e-17
1497.1,-207.67,395.41,8.8267,0.43615,-0.12084,0.082615,0.16437,-4.026e-17,1.9575e-17
1497.2,-207.7,395.44,8.8349,0.43037,-0.12257,0.081268,0.16437,-4.026e-17,1.9575e-17
1497.3,-207.73,395.47,8.843,0.42472,-0.12415,0.079881,0.16437,-4.026e-17,1.9575e-17
1497.4,-207.76,395.51,8.8509,0.41919,-0.12558,0.078458,0.16437,-4.026e-17,1.9575e-17
1497.5,-207.79,395.54,8.8587,0.41379,-0.12688,0.077006,0.16437,-4.026e-17,1.9575e-17
1497.6,-207.81,395.57,8.8663,0.4085,-0.12804,0.07553,0.16437,-4.026e-17,1.9575e-17
1497.7,-207.84,395.61,8.8738,0.40333,-0.12908,0.074033,0.16437,-4.026e-17,1.9575e-17
1497.8,-207.87,395.64,8.8811,0.39828,-0.12999,0.072522,0.16437,-4.026e-17,1.9575e-17
1497.9,-207.9,395.67,8.8883,0.39334,-0.13079,0.070999,0.16437,-4.026e-17,1.9575e-17
1498,-207.92,395.7,8.8953,0.38852,-0.13147,0.069468,0.16437,-4.026e-17,1.9575e-17
1498.1,-207.95,395.73,8.9022,0.3838,-0.13205,0.067932,0.16437,-4.026e-17,1.9575e-17
1498.2,-207.98,395.76,8.9089,0.37919,-0.13252,0.066395,0.16437,-4.026e-17,1.9575e-17
1498.3,-208,395.79,8.9155,0.37468,-0.13289,0.06486,0.16437,-4.026e-17,1.9575e-17
1498.4,-208.03,395.82,8.9219,0.37027,-0.13317,0.063328,0.16437,-4.026e-17,1.9575e-17
1498.5,-208.05,395.85,8.9281,0.36597,-0.13335,0.061802,0.16437,-4.026e-17,1.9575e-17
1498.6,-208.08,395.88,8.9342,0.36176,-0.13345,0.060284,0.16437,-4.026e-17,1.9575e-17
1498.7,-208.11,395.91,8.9402,0.35765,-0.13347,0.058776,0.16437,-4.026e-17,1.9575e-17
1498.8,-208.13,395.94,8.946,0.35363,-0.13341,0.05728,0.16437,-4.026e-17,1.9575e-17
1498.9,-208.16,395.96,8.9516,0.34971,-0.13328,0.055797,0.16437,-4.026e-17,1.9575e-17
1499,-208.18,395.99,8.9571,0.34587,-0.13307,0.054328,0.16437,-4.026e-17,1.9575e-17
1499.1,-208.21,396.02,8.9625,0.34212,-0.1328,0.052875,0.16437,-4.026e-17,1.9575e-17
1499.2,-208.23,396.05,8.9677,0.33846,-0.13247,0.051438,0.16437,-4.026e-17,1.9575e-17
1499.3,-208.25,396.07,8.9728,0.33487,-0.13207,0.050019,0.16437,-4.026e-17,1.9575e-17
1499.4,-208.28,396.1,8.9777,0.33137,-0.13162,0.048618,0.16437,-4.026e-17,1.9575e-17
1499.5,-208.3,396.12,8.9825,0.32795,-0.13111,0.047236,0.16437,-4.026e-17,1.9575e-17
1499.6,-208.33,396.15,8.9872,0.32461,-0.13056,0.045873,0.16437,-4.026e-17,1.9575e-17
1499.7,-208.35,396.18,8.9917,0.32134,-0.12995,0.044531,0.16437,-4.026e-17,1.9575e-17
1499.8,-208.37,396.2,8.9961,0.31814,-0.1293,0.043209,0.16437,-4.026e-17,1.9575e-17
1499.9,-208.4,396.23,9.0003,0.31502,-0.12861,0.041908,0.16437,-4.026e-17,1.9575e-17
1500,-208.42,396.25,9.0045,0.31196,-0.12787,0.040628,0.16437,-4.026e-17,1.9575e-17
1500.1,-208.44,396.27,9.0085,0.30898,-0.1271,0.039369,0.16437,-4.026e-17,1.9575e-17
1500.2,-208.47,396.3,9.0123,0.30606,-0.12629,0.038132,0.16437,-4.026e-17,1.9575e-17
1500.3,-208.49,396.32,9.0161,0.3032,-0.12545,0.036916,0.16437,-4.026e-17,1.9575e-17
1500.4,-208.51,396.35,9.0197,0.3004,-0.12458,0.035722,0.16437,-4.026e-17,1.9575e-17
1500.5,-208.54,396.37,9.0232,0.29767,-0.12367,0.03455,0.16437,-4.026e-17,1.9575e-17
1500.6,-208.56,396.39,9.0266,0.295,-0.12274,0.0334,0.16437,-4.026e-17,1.9575e-17
1500.7,-208.58,396.41,9.0299,0.29238,-0.12179,0.032271,0.16437,-4.026e-17,1.9575e-17
1500.8,-208.6,396.44,9.0331,0.28982,-0.12081,0.031163,0.16437,-4.026e-17,1.9575e-17
1500.9,-208.63,396.46,9.0362,0.28731,-0.1198,0.030077,0.16437,-4.026e-17,1.9575e-17
1501,-208.65,396.48,9.0391,0.28486,-0.11878,0.029013,0.16437,-4.026e-17,1.9575e-17
1501.1,-208.67,396.5,9.042,0.28246,-0.11774,0.027969,0.16437,-4.026e-17,1.9575e-17
1501.2,-208.69,396.52,9.0447,0.28011,-0.11667,0.026947,0.16437,-4.026e-17,1.9575e-17
1501.3,-208.71,396.55,9.0473,0.27781,-0.1156,0.025945,0.16437,-4.026e-17,1.9575e-17
1501.4,-208.73,396.57,9.0499,0.27555,-0.1145,0.024964,0.16437,-4.026e-17,1.9575e-17
1501.5,-208.76,396.59,9.0523,0.27334,-0.1134,0.024003,0.16437,-4.026e-17,1.9575e-17
1501.6,-208.78,396.61,9.0547,0.27118,-0.11228,0.023063,0.16437,-4.026e-17,1.9575e-17
1501.7,-208.8,396.63,9.057,0.26906,-0.11115,0.022142,0.16437,-4.026e-17,1.9575e-17
1501.8,-208.82,396.65,9.0591,0.26699,-0.11,0.021241,0.16437,-4.026e-17,1.9575e-17
1501.9,-208.84,396.67,9.0612,0.26495,-0.10885,0.020359,0.16437,-4.026e-17,1.9575e-17
1502,-208.86,396.69,9.0632,0.26296,-0.10769,0.019497,0.16437,-4.026e-17,1.9575e-17
1502.1,-208.88,396.71,9.0651,0.261,-0.10653,0.018653,0.16437,-4.026e-17,1.9575e-17
1502.2,-208.9,396.72,9.0669,0.25908,-0.10535,0.017828,0.16437,-4.026e-17,1.9575e-17
1502.3,-208.92,396.74,9.0687,0.2572,-0.10417,0.017022,0.16437,-4.026e-17,1.9575e-17
1502.4,-208.94,396.76,9.0703,0.25536,-0.10299,0.016233,0.16437,-4.026e-17,1.9575e-17
1502.5,-208.96,396.78,9.0719,0.25355,-0.1018,0.015463,0.16437,-4.026e-17,1.9575e-17
1502.6,-208.98,396.8,9.0734,0.25177,-0.10061,0.014709,0.16437,-4.026e-17,1.9575e-17
1502.7,-209,396.82,9.0749,0.25003,-0.099411,0.013973,0.16437,-4.026e-17,1.9575e-17
1502.8,-209.02,396.83,9.0762,0.24832,-0.098214,0.013254,0.16437,-4.026e-17,1.9575e-17
1502.9,-209.04,396.85,9.0775,0.24665,-0.097015,0.012552,0.16437,-4.026e-17,1.9575e-17
1503,-209.06,396.87,9.0787,0.245,-0.095816,0.011866,0.16437,-4.026e-17,1.9575e-17
1503.1,-209.08,396.89,9.0799,0.24338,-0.094617,0.011196,0.16437,-4.026e-17,1.9575e-17
1503.2,-209.1,396.9,9.081,0.24179,-0.093418,0.010542,0.16437,-4.026e-17,1.9575e-17
1503.3,-209.12,396.92,9.082,0.24023,-0.09222,0.0099037,0.16437,-4.026e-17,1.9575e-17
1503.4,-209.14,396.94,9.083,0.2387,-0.091024,0.0092805,0.16437,-4.026e-17,1.9575e-17
1503.5,-209.16,396.95,9.0838,0.23719,-0.089829,0.0086723,0.16437,-4.026e-17,1.9575e-17
1503.6,-209.18,396.97,9.0847,0.23571,-0.088637,0.0080789,0.16437,-4.026e-17,1.9575e-17
1503.7,-209.2,396.99,9.0855,0.23426,-0.087448,0.0075,0.16437,-4.026e-17,1.9575e-17
1503.8,-209.22,397,9.0862,0.23283,-0.086262,0.0069353,0.16437,-4.026e-17,1.9575e-17
1503.9,-209.24,397.02,9.0869,0.23142,-0.08508,0.0063846,0.16437,-4.026e-17,1.9575e-17
1504,-209.26,397.03,9.0875,0.23004,-0.083902,0.0058476,0.16437,-4.026e-17,1.9575e-17
1504.1,-209.28,397.05,9.088,0.22868,-0.082729,0.0053241,0.16437,-4.026e-17,1.9575e-17
1504.2,-209.29,397.06,9.0885,0.22734,-0.08156,0.0048137,0.16437,-4.026e-17,1.9575e-17
1504.3,-209.31,397.08,9.089,0.22602,-0.080397,0.0043164,0.16437,-4.026e-17,1.9575e-17
1504.4,-209.33,397.09,9.0894,0.22473,-0.079239,0.0038317,0.16437,-4.026e-17,1.9575e-17
1504.5,-209.35,397.11,9.0898,0.22346,-0.078087,0.0033596,0.16437,-4.026e-17,1.9575e-17
1504.6,-209.37,397.12,9.0901,0.2222,-0.076941,0.0028997,0.16437,-4.026e-17,1.9575e-17
1504.7,-209.39,397.14,9.0903,0.22097,-0.075802,0.0024518,0.16437,-4.026e-17,1.9575e-17
1504.8,-209.41,397.15,9.0906,0.21975,-0.074669,0.0020157,0.16437,-4.026e-17,1.9575e-17
1504.9,-209.42,397.17,9.0907,0.21855,-0.073542,0.0015912,0.16437,-4.026e-17,1.9575e-17
1505,-209.44,397.18,9.0909,0.21737,-0.072423,0.001178,0.16437,-4.026e-17,1.9575e-17
1505.1,-209.46,397.19,9.091,0.21621,-0.071312,0.00077602,0.16437,-4.026e-17,1.9575e-17
1505.2,-209.48,397.21,9.091,0.21506,-0.070208,0.00038493,0.16437,-4.026e-17,1.9575e-17
1505.3,-209.5,397.22,9.091,0.21394,-0.069111,4.5674e-06,0.16437,-4.026e-17,1.9575e-17
1505.4,-209.51,397.24,9.091,0.21282,-0.068017,-0.00036316,0.16437,-4.026e-17,1.9575e-17
1505.5,-209.53,397.25,9.091,0.21173,-0.06692,-0.00071613,0.16437,-4.026e-17,1.9575e-17
1505.6,-209.55,397.26,9.0909,0.21065,-0.06582,-0.0010544,0.16437,-4.026e-17,1.9575e-17
1505.7,-209.57,397.28,9.0908,0.20958,-0.06472,-0.0013782,0.16437,-4.026e-17,1.9575e-17
1505.8,-209.59,397.29,9.0906,0.20853,-0.063621,-0.0016877,0.16437,-4.026e-17,1.9575e-17
1505.9,-209.6,397.3,9.0904,0.2075,-0.062522,-0.0019829,0.16437,-4.026e-17,1.9575e-17
1506,-209.62,397.31,9.0902,0.20647,-0.061426,-0.0022643,0.16437,-4.026e-17,1.9575e-17
1506.1,-209.64,397.33,9.09,0.20547,-0.060333,-0.002532,0.16437,-4.026e-17,1.9575e-17
1506.2,-209.66,397.34,9.0897,0.20447,-0.059245,-0.0027863,0.16437,-4.026e-17,1.9575e-17
1506.3,-209.67,397.35,9.0894,0.20349,-0.058161,-0.0030275,0.16437,-4.026e-17,1.9575e-17
1506.4,-209.69,397.36,9.0891,0.20252,-0.057084,-0.003256,0.16437,-4.026e-17,1.9575e-17
1506.5,-209.71,397.37,9.0888,0.20156,-0.056013,-0.003472,0.16437,-4.026e-17,1.9575e-17
1506.6,-209.72,397.39,9.0884,0.20062,-0.054949,-0.0036759,0.16437,-4.026e-17,1.9575e-17
1506.7,-209.74,397.4,9.088,0.19968,-0.053894,-0.003868,0.16437,-4.026e-17,1.9575e-17
1506.8,-209.76,397.41,9.0876,0.19876,-0.052847,-0.0040488,0.16437,-4.026e-17,1.9575e-17
1506.9,-209.78,397.42,9.0872,0.19785,-0.05181,-0.0042185,0.16437,-4.026e-17,1.9575e-17
1507,-209.79,397.43,9.0868,0.19695,-0.050782,-0.0043775,0.16437,-4.026e-17,1.9575e-17
1507.1,-209.81,397.44,9.0863,0.19606,-0.049765,-0.0045262,0.16437,-4.026e-17,1.9575e-17
1507.2,-209.83,397.46,9.0859,0.19519,-0.048759,-0.0046649,0.16437,-4.026e-17,1.9575e-17
1507.3,-209.84,397.47,9.0854,0.19432,-0.047764,-0.004794,0.16437,-4.026e-17,1.9575e-17
1507.4,-209.86,397.48,9.0849,0.19346,-0.04678,-0.0049139,0.16437,-4.026e-17,1.9575e-17
1507.5,-209.88,397.49,9.0844,0.19261,-0.045808,-0.0050249,0.16437,-4.026e-17,1.9575e-17
1507.6,-209.89,397.5,9.0839,0.19177,-0.044849,-0.0051274,0.16437,-4.026e-17,1.9575e-17
1507.7,-209.91,397.51,9.0834,0.19095,-0.043902,-0.0052216,0.16437,-4.026e-17,1.9575e-17
1507.8,-209.93,397.52,9.0829,0.19013,-0.042968,-0.005308,0.16437,-4.026e-17,1.9575e-17
1507.9,-209.94,397.53,9.0823,0.18932,-0.042047,-0.0053868,0.16437,-4.026e-17,1.9575e-17
1508,-209.96,397.54,9.0818,0.18852,-0.041139,-0.0054584,0.16437,-4.026e-17,1.9575e-17
1508.1,-209.97,397.55,9.0813,0.18772,-0.040245,-0.0055231,0.16437,-4.026e-17,1.9575e-17
1508.2,-209.99,397.56,9.0807,0.18694,-0.039364,-0.0055811,0.16437,-4.026e-17,1.9575e-17
1508.3,-210.01,397.57,9.0801,0.18616,-0.038496,-0.0056329,0.16437,-4.026e-17,1.9575e-17
1508.4,-210.02,397.58,9.0796,0.1854,-0.037643,-0.0056787,0.16437,-4.026e-17,1.9575e-17
1508.5,-210.04,397.59,9.079,0.18464,-0.036803,-0.0057186,0.16437,-4.026e-17,1.9575e-17
1508.6,-210.06,397.6,9.0784,0.18389,-0.035977,-0.0057532,0.16437,-4.026e-17,1.9575e-17
1508.7,-210.07,397.61,9.0779,0.18315,-0.035164,-0.0057825,0.16437,-4.026e-17,1.9575e-17
1508.8,-210.09,397.62,9.0773,0.18241,-0.034366,-0.0058068,0.16437,-4.026e-17,1.9575e-17
1508.9,-210.1,397.63,9.0767,0.18168,-0.033581,-0.0058264,0.16437,-4.026e-17,1.9575e-17
1509,-210.12,397.64,9.0761,0.18096,-0.03281,-0.0058415,0.16437,-4.026e-17,1.9575e-17
1509.1,-210.14,397.65,9.0755,0.18025,-0.032053,-0.0058523,0.16437,-4.026e-17,1.9575e-17
1509.2,-210.15,397.66,9.0749,0.17955,-0.031309,-0.0058591,6.6849,-0.55099,0.27026
1509.3,-210.17,397.67,9.0747,0.19345,-0.032967,0.0016953,6.6849,-0.55099,0.27026
1509.4,-210.19,397.68,9.0753,0.20717,-0.034776,0.0091484,6.6849,-0.55099,0.27026
1509.5,-210.2,397.69,9.0766,0.22071,-0.036724,0.01649,6.6849,-0.55099,0.27026
1509.6,-210.22,397.7,9.0786,0.23404,-0.038834,0.023688,6.6849,-0.55099,0.27026
1509.7,-210.25,397.71,9.0813,0.24717,-0.041122,0.030714,6.6849,-0.55099,0.27026
1509.8,-210.27,397.72,9.0847,0.26009,-0.043605,0.037543,6.6849,-0.55099,0.27026
1509.9,-210.29,397.73,9.0888,0.2728,-0.046294,0.044155,6.6849,-0.55099,0.27026
1510,-210.32,397.75,9.0935,0.28527,-0.0492,0.050534,6.6849,-0.55099,0.27026
1510.1,-210.34,397.76,9.0989,0.29752,-0.052327,0.056667,6.6849,-0.55099,0.27026
1510.2,-210.37,397.78,9.1049,0.30953,-0.05568,0.062547,6.6849,-0.55099,0.27026
1510.3,-210.4,397.79,9.1114,0.32129,-0.05926,0.06817,6.6849,-0.55099,0.27026
1510.4,-210.43,397.81,9.1185,0.33281,-0.063066,0.073535,6.6849,-0.55099,0.27026
1510.5,-210.46,397.82,9.1261,0.34408,-0.067095,0.078646,6.6849,-0.55099,0.27026
1510.6,-210.49,397.84,9.1342,0.35509,-0.071343,0.083507,6.6849,-0.55099,0.27026
1510.7,-210.52,397.86,9.1428,0.36584,-0.075803,0.088125,6.6849,-0.55099,0.27026
1510.8,-210.56,397.88,9.1518,0.37633,-0.080468,0.092509,6.6849,-0.55099,0.27026
1510.9,-210.59,397.89,9.1613,0.38655,-0.085331,0.096668,6.6849,-0.55099,0.27026
1511,-210.63,397.91,9.1711,0.3965,-0.090383,0.10061,6.6849,-0.55099,0.27026
1511.1,-210.66,397.93,9.1814,0.40618,-0.095616,0.10435,6.6849,-0.55099,0.27026
1511.2,-210.7,397.95,9.192,0.41558,-0.10102,0.1079,6.6849,-0.55099,0.27026
1511.3,-210.74,397.97,9.203,0.42472,-0.10658,0.11126,6.6849,-0.55099,0.27026
1511.4,-210.78,397.99,9.2143,0.43357,-0.1123,0.11444,6.6849,-0.55099,0.27026
1511.5,-210.82,398.01,9.2258,0.44215,-0.11816,0.11746,6.6849,-0.55099,0.27026
1511.6,-210.86,398.03,9.2377,0.45046,-0.12415,0.12032,6.6849,-0.55099,0.27026
1511.7,-210.9,398.05,9.2499,0.45849,-0.13026,0.12303,6.6849,-0.55099,0.27026
1511.8,-210.95,398.07,9.2623,0.46625,-0.13649,0.1256,6.6849,-0.55099,0.27026
1511.9,-210.99,398.09,9.275,0.47373,-0.14282,0.12803,6.6849,-0.55099,0.27026
1512,-211.03,398.12,9.2879,0.48095,-0.14925,0.13032,6.6849,-0.55099,0.27026
1512.1,-211.08,398.14,9.3011,0.4879,-0.15577,0.13249,6.6849,-0.55099,0.27026
1512.2,-211.13,398.16,9.3144,0.49458,-0.16236,0.13454,6.6849,-0.55099,0.27026
1512.3,-211.18,398.18,9.328,0.501,-0.16903,0.13646,6.6849,-0.55099,0.27026
1512.4,-211.22,398.2,9.3417,0.50716,-0.17575,0.13827,6.6849,-0.55099,0.27026
1512.5,-211.27,398.22,9.3556,0.51307,-0.18253,0.13997,6.6849,-0.55099,0.27026
1512.6,-211.32,398.25,9.3697,0.51872,-0.18936,0.14155,6.6849,-0.55099,0.27026
1512.7,-211.38,398.27,9.3839,0.52413,-0.19623,0.14302,6.6849,-0.55099,0.27026
1512.8,-211.43,398.29,9.3983,0.5293,-0.20312,0.14439,6.6849,-0.55099,0.27026
1512.9,-211.48,398.31,9.4128,0.53422,-0.21004,0.14565,6.6849,-0.55099,0.27026
1513,-211.53,398.33,9.4274,0.53892,-0.21698,0.1468,6.6849,-0.55099,0.27026
1513.1,-211.59,398.35,9.4422,0.54339,-0.22393,0.14785,6.6849,-0.55099,0.27026
1513.2,-211.64,398.37,9.457,0.54764,-0.23088,0.1488,6.6849,-0.55099,0.27026
1513.3,-211.7,398.4,9.4719,0.55167,-0.23784,0.14965,6.6849,-0.55099,0.27026
1513.4,-211.76,398.42,9.4869,0.55549,-0.24478,0.15039,6.6849,-0.55099,0.27026
1513.5,-211.81,398.44,9.502,0.5591,-0.25171,0.15104,6.6849,-0.55099,0.27026
1513.6,-211.87,398.46,9.5171,0.56252,-0.25863,0.15159,6.6849,-0.55099,0.27026
1513.7,-211.93,398.48,9.5323,0.56575,-0.26552,0.15204,6.6849,-0.55099,0.27026
1513.8,-211.99,398.5,9.5475,0.56879,-0.27238,0.1524,6.6849,-0.55099,0.27026
1513.9,-212.05,398.52,9.5628,0.57165,-0.27921,0.15266,6.6849,-0.55099,0.27026
1514,-212.11,398.54,9.5781,0.57434,-0.28601,0.15282,6.6849,-0.55099,0.27026
1514.1,-212.17,398.56,9.5934,0.57687,-0.29276,0.1529,6.6849,-0.55099,0.27026
1514.2,-212.23,398.58,9.6086,0.57923,-0.29947,0.15289,1.4129,-3.4606e-16,1.6504e-16
1514.3,-212.3,398.6,9.6236,0.56983,-0.30358,0.14545,1.4129,-3.4606e-16,1.6504e-16
1514.4,-212.36,398.61,9.6378,0.5608,-0.30714,0.13848,1.4129,-3.4606e-16,1.6504e-16
1514.5,-212.42,398.63,9.6513,0.55213,-0.31021,0.1319,1.4129,-3.4606e-16,1.6504e-16
1514.6,-212.48,398.65,9.6641,0.54381,-0.31284,0.12566,1.4129,-3.4606e-16,1.6504e-16
1514.7,-212.54,398.67,9.6764,0.53583,-0.31509,0.1197,1.4129,-3.4606e-16,1.6504e-16
1514.8,-212.6,398.68,9.6881,0.52818,-0.31698,0.114,1.4129,-3.4606e-16,1.6504e-16
1514.9,-212.66,398.7,9.6992,0.52085,-0.31855,0.10852,1.4129,-3.4606e-16,1.6504e-16
1515,-212.72,398.72,9.7098,0.51382,-0.31983,0.10325,1.4129,-3.4606e-16,1.6504e-16
1515.1,-212.77,398.73,9.7199,0.50709,-0.32084,0.098147,1.4129,-3.4606e-16,1.6504e-16
1515.2,-212.83,398.75,9.7294,0.50065,-0.32161,0.093209,1.4129,-3.4606e-16,1.6504e-16
1515.3,-212.89,398.76,9.7385,0.49449,-0.32217,0.088418,1.4129,-3.4606e-16,1.6504e-16
1515.4,-212.95,398.78,9.7471,0.4886,-0.32252,0.083761,1.4129,-3.4606e-16,1.6504e-16
1515.5,-213,398.8,9.7553,0.48297,-0.32269,0.079227,1.4129,-3.4606e-16,1.6504e-16
1515.6,-213.06,398.81,9.763,0.4776,-0.32269,0.074806,1.4129,-3.4606e-16,1.6504e-16
1515.7,-213.11,398.82,9.7702,0.47246,-0.32253,0.070489,1.4129,-3.4606e-16,1.6504e-16
1515.8,-213.17,398.84,9.7771,0.46757,-0.32223,0.066268,1.4129,-3.4606e-16,1.6504e-16
1515.9,-213.22,398.85,9.7835,0.4629,-0.3218,0.062134,1.4129,-3.4606e-16,1.6504e-16
1516,-213.28,398.87,9.7895,0.45845,-0.32125,0.058081,1.4129,-3.4606e-16,1.6504e-16
1516.1,-213.33,398.88,9.7951,0.45421,-0.32058,0.054103,1.4129,-3.4606e-16,1.6504e-16
1516.2,-213.39,398.89,9.8003,0.45019,-0.31982,0.050191,1.4129,-3.4606e-16,1.6504e-16
1516.3,-213.44,398.91,9.8052,0.44636,-0.31896,0.046342,1.4129,-3.4606e-16,1.6504e-16
1516.4,-213.49,398.92,9.8096,0.44272,-0.31801,0.042547,1.4129,-3.4606e-16,1.6504e-16
1516.5,-213.55,398.93,9.8137,0.43927,-0.31698,0.0388,1.4129,-3.4606e-16,1.6504e-16
1516.6,-213.6,398.94,9.8174,0.436,-0.31587,0.035096,1.4129,-3.4606e-16,1.6504e-16
1516.7,-213.65,398.96,9.8207,0.43291,-0.31469,0.031428,1.4129,-3.4606e-16,1.6504e-16
1516.8,-213.7,398.97,9.8236,0.42998,-0.31345,0.02779,1.4129,-3.4606e-16,1.6504e-16
1516.9,-213.75,398.98,9.8262,0.42722,-0.31215,0.024174,1.4129,-3.4606e-16,1.6504e-16
1517,-213.8,398.99,9.8285,0.42462,-0.31079,0.020573,1.4129,-3.4606e-16,1.6504e-16
1517.1,-213.86,399.01,9.8304,0.42218,-0.30938,0.01698,1.4129,-3.4606e-16,1.6504e-16
1517.2,-213.91,399.02,9.8319,0.41988,-0.30792,0.013387,1.4129,-3.4606e-16,1.6504e-16
1517.3,-213.96,399.03,9.833,0.41774,-0.30641,0.0097853,1.4129,-3.4606e-16,1.6504e-16
1517.4,-214.01,399.04,9.8338,0.41573,-0.30485,0.0061653,1.4129,-3.4606e-16,1.6504e-16
1517.5,-214.06,399.05,9.8343,0.41387,-0.30326,0.0025167,1.4129,-3.4606e-16,1.6504e-16
1517.6,-214.11,399.06,9.8343,0.41214,-0.3016,-0.0011621,1.4129,-3.4606e-16,1.6504e-16
1517.7,-214.16,399.07,9.834,0.41055,-0.29951,-0.0047329,1.4129,-3.4606e-16,1.6504e-16
1517.8,-214.21,399.08,9.8334,0.40908,-0.29688,-0.0081209,1.4129,-3.4606e-16,1.6504e-16
1517.9,-214.26,399.1,9.8324,0.40773,-0.29376,-0.011299,1.4129,-3.4606e-16,1.6504e-16
1518,-214.31,399.11,9.8311,0.40648,-0.29018,-0.014246,1.4129,-3.4606e-16,1.6504e-16
1518.1,-214.35,399.12,9.8296,0.40533,-0.28618,-0.016949,1.4129,-3.4606e-16,1.6504e-16
1518.2,-214.4,399.13,9.8278,0.40426,-0.28181,-0.0194,1.4129,-3.4606e-16,1.6504e-16
1518.3,-214.45,399.14,9.8257,0.40326,-0.27712,-0.021597,1.4129,-3.4606e-16,1.6504e-16
1518.4,-214.5,399.15,9.8235,0.40233,-0.27214,-0.023542,1.4129,-3.4606e-16,1.6504e-16
1518.5,-214.55,399.16,9.821,0.40145,-0.26693,-0.025244,1.4129,-3.4606e-16,1.6504e-16
1518.6,-214.59,399.16,9.8184,0.40061,-0.26153,-0.026711,1.4129,-3.4606e-16,1.6504e-16
1518.7,-214.64,399.17,9.8157,0.39981,-0.25598,-0.027955,1.4129,-3.4606e-16,1.6504e-16
1518.8,-214.69,399.18,9.8128,0.39904,-0.25031,-0.028992,1.4129,-3.4606e-16,1.6504e-16
1518.9,-214.73,399.19,9.8099,0.39829,-0.24456,-0.029835,1.4129,-3.4606e-16,1.6504e-16
1519,-214.78,399.2,9.8069,0.39756,-0.23876,-0.030501,1.4129,-3.4606e-16,1.6504e-16
1519.1,-214.82,399.2,9.8038,0.39684,-0.23294,-0.031004,1.4129,-3.4606e-16,1.6504e-16
1519.2,-214.87,399.21,9.8007,0.39613,-0.22713,-0.031361,1.4129,-3.4606e-16,1.6504e-16
1519.3,-214.91,399.22,9.7975,0.39542,-0.22134,-0.031584,1.4129,-3.4606e-16,1.6504e-16
1519.4,-214.96,399.22,9.7944,0.39471,-0.21559,-0.03169,1.4129,-3.4606e-16,1.6504e-16
1519.5,-215,399.23,9.7912,0.39401,-0.20991,-0.03169,1.4129,-3.4606e-16,1.6504e-16
1519.6,-215.05,399.23,9.788,0.3933,-0.2043,-0.031597,1.4129,-3.4606e-16,1.6504e-16
1519.7,-215.09,399.24,9.7849,0.39259,-0.19878,-0.031423,1.4129,-3.4606e-16,1.6504e-16
1519.8,-215.14,399.24,9.7817,0.39187,-0.19336,-0.031177,1.4129,-3.4606e-16,1.6504e-16
1519.9,-215.18,399.25,9.7786,0.39115,-0.18803,-0.030869,1.4129,-3.4606e-16,1.6504e-16
1520,-215.22,399.25,9.7756,0.39042,-0.18282,-0.030508,1.4129,-3.4606e-16,1.6504e-16
1520.1,-215.26,399.26,9.7725,0.38969,-0.17772,-0.030102,1.4129,-3.4606e-16,1.6504e-16
1520.2,-215.31,399.26,9.7696,0.38895,-0.17274,-0.029657,1.4129,-3.4606e-16,1.6504e-16
1520.3,-215.35,399.26,9.7666,0.38821,-0.16788,-0.02918,1.4129,-3.4606e-16,1.6504e-16
1520.4,-215.39,399.26,9.7637,0.38746,-0.16314,-0.028676,1.4129,-3.4606e-16,1.6504e-16
1520.5,-215.43,399.27,9.7609,0.3867,-0.15853,-0.028151,1.4129,-3.4606e-16,1.6504e-16
1520.6,-215.48,399.27,9.7581,0.38595,-0.15404,-0.027608,1.4129,-3.4606e-16,1.6504e-16
1520.7,-215.52,399.27,9.7554,0.38519,-0.14966,-0.027051,1.4129,-3.4606e-16,1.6504e-16
1520.8,-215.56,399.27,9.7527,0.38442,-0.14542,-0.026484,1.4129,-3.4606e-16,1.6504e-16
1520.9,-215.6,399.27,9.7501,0.38366,-0.14129,-0.025911,1.4129,-3.4606e-16,1.6504e-16
1521,-215.64,399.27,9.7475,0.38289,-0.13728,-0.025332,1.4129,-3.4606e-16,1.6504e-16
1521.1,-215.68,399.28,9.745,0.38212,-0.13338,-0.024751,1.4129,-3.4606e-16,1.6504e-16
1521.2,-215.72,399.28,9.7425,0.38136,-0.1296,-0.02417,1.4129,-3.4606e-16,1.6504e-16
1521.3,-215.76,399.28,9.7402,0.38059,-0.12593,-0.023591,1.4129,-3.4606e-16,1.6504e-16
1521.4,-215.8,399.28,9.7378,0.37982,-0.12238,-0.023014,1.4129,-3.4606e-16,1.6504e-16
1521.5,-215.84,399.28,9.7356,0.37906,-0.11892,-0.022441,1.4129,-3.4606e-16,1.6504e-16
1521.6,-215.88,399.28,9.7333,0.37829,-0.11558,-0.021874,1.4129,-3.4606e-16,1.6504e-16
1521.7,-215.92,399.28,9.7312,0.37753,-0.11233,-0.021313,1.4129,-3.4606e-16,1.6504e-16
1521.8,-215.96,399.27,9.7291,0.37678,-0.10918,-0.020759,1.4129,-3.4606e-16,1.6504e-16
1521.9,-216,399.27,9.727,0.37602,-0.10613,-0.020212,1.4129,-3.4606e-16,1.6504e-16
1522,-216.04,399.27,9.725,0.37528,-0.10317,-0.019673,1.4129,-3.4606e-16,1.6504e-16
1522.1,-216.08,399.27,9.7231,0.37453,-0.10031,-0.019144,1.4129,-3.4606e-16,1.6504e-16
1522.2,-216.11,399.27,9.7212,0.37379,-0.097527,-0.018622,1.4129,-3.4606e-16,1.6504e-16
1522.3,-216.15,399.27,9.7194,0.37306,-0.094833,-0.018111,1.4129,-3.4606e-16,1.6504e-16
1522.4,-216.19,399.27,9.7176,0.37233,-0.092222,-0.017608,1.4129,-3.4606e-16,1.6504e-16
1522.5,-216.23,399.26,9.7158,0.37161,-0.089692,-0.017115,1.4129,-3.4606e-16,1.6504e-16
1522.6,-216.27,399.26,9.7142,0.37089,-0.087239,-0.016632,1.4129,-3.4606e-16,1.6504e-16
1522.7,-216.31,399.26,9.7125,0.37018,-0.084861,-0.016158,1.4129,-3.4606e-16,1.6504e-16
1522.8,-216.34,399.26,9.7109,0.36948,-0.082557,-0.015694,1.4129,-3.4606e-16,1.6504e-16
1522.9,-216.38,399.25,9.7094,0.36878,-0.080323,-0.015239,1.4129,-3.4606e-16,1.6504e-16
1523,-216.42,399.25,9.7079,0.36809,-0.078158,-0.014794,1.4129,-3.4606e-16,1.6504e-16
1523.1,-216.46,399.25,9.7064,0.36741,-0.07606,-0.014359,1.4129,-3.4606e-16,1.6504e-16
1523.2,-216.49,399.25,9.705,0.36674,-0.074025,-0.013933,1.4129,-3.4606e-16,1.6504e-16
1523.3,-216.53,399.24,9.7036,0.36607,-0.072053,-0.013516,1.4129,-3.4606e-16,1.6504e-16
1523.4,-216.57,399.24,9.7023,0.36541,-0.070142,-0.013108,1.4129,-3.4606e-16,1.6504e-16
1523.5,-216.6,399.24,9.701,0.36476,-0.068288,-0.012709,1.4129,-3.4606e-16,1.6504e-16
1523.6,-216.64,399.23,9.6998,0.36412,-0.066491,-0.012319,1.4129,-3.4606e-16,1.6504e-16
1523.7,-216.68,399.23,9.6985,0.36349,-0.064749,-0.011938,1.4129,-3.4606e-16,1.6504e-16
1523.8,-216.72,399.23,9.6974,0.36286,-0.06306,-0.011565,1.4129,-3.4606e-16,1.6504e-16
1523.9,-216.75,399.22,9.6962,0.36224,-0.061422,-0.011201,1.4129,-3.4606e-16,1.6504e-16
1524,-216.79,399.22,9.6951,0.36163,-0.059834,-0.010844,1.4129,-3.4606e-16,1.6504e-16
1524.1,-216.82,399.21,9.6941,0.36103,-0.058294,-0.010496,1.4129,-3.4606e-16,1.6504e-16
1524.2,-216.86,399.21,9.693,0.36043,-0.056801,-0.010155,1.4129,-3.4606e-16,1.6504e-16
1524.3,-216.9,399.21,9.692,0.35985,-0.055353,-0.0098212,1.4129,-3.4606e-16,1.6504e-16
1524.4,-216.93,399.2,9.6911,0.35927,-0.053949,-0.0094951,1.4129,-3.4606e-16,1.6504e-16
1524.5,-216.97,399.2,9.6901,0.3587,-0.052587,-0.009176,1.4129,-3.4606e-16,1.6504e-16
1524.6,-217.01,399.19,9.6892,0.35814,-0.051266,-0.0088639,1.4129,-3.4606e-16,1.6504e-16
1524.7,-217.04,399.19,9.6884,0.35759,-0.049985,-0.0085585,1.4129,-3.4606e-16,1.6504e-16
1524.8,-217.08,399.18,9.6875,0.35704,-0.048743,-0.0082595,1.4129,-3.4606e-16,1.6504e-16
1524.9,-217.11,399.18,9.6867,0.35651,-0.047538,-0.0079669,1.4129,-3.4606e-16,1.6504e-16
1525,-217.15,399.17,9.6859,0.35598,-0.04637,-0.0076804,1.4129,-3.4606e-16,1.6504e-16
1525.1,-217.18,399.17,9.6852,0.35546,-0.045237,-0.0073998,1.4129,-3.4606e-16,1.6504e-16
1525.2,-217.22,399.17,9.6844,0.35494,-0.044138,-0.007125,1.4129,-3.4606e-16,1.6504e-16
1525.3,-217.25,399.16,9.6837,0.35444,-0.043072,-0.0068557,1.4129,-3.4606e-16,1.6504e-16
1525.4,-217.29,399.16,9.6831,0.35394,-0.042038,-0.0065918,1.4129,-3.4606e-16,1.6504e-16
1525.5,-217.33,399.15,9.6824,0.35345,-0.041036,-0.006333,1.4129,-3.4606e-16,1.6504e-16
1525.6,-217.36,399.15,9.6818,0.35297,-0.040064,-0.0060793,1.4129,-3.4606e-16,1.6504e-16
1525.7,-217.4,399.14,9.6812,0.3525,-0.039121,-0.0058303,1.4129,-3.4606e-16,1.6504e-16
1525.8,-217.43,399.14,9.6806,0.35203,-0.038207,-0.005586,1.4129,-3.4606e-16,1.6504e-16
1525.9,-217.47,399.13,9.6801,0.35157,-0.037321,-0.0053462,1.4129,-3.4606e-16,1.6504e-16
1526,-217.5,399.12,9.6796,0.35112,-0.036461,-0.0051107,1.4129,-3.4606e-16,1.6504e-16
1526.1,-217.54,399.12,9.6791,0.35067,-0.035628,-0.0048793,1.4129,-3.4606e-16,1.6504e-16
1526.2,-217.57,399.11,9.6786,0.35024,-0.03482,-0.0046519,1.4129,-3.4606e-16,1.6504e-16
1526.3,-217.61,399.11,9.6781,0.3498,-0.034037,-0.0044284,1.4129,-3.4606e-16,1.6504e-16
1526.4,-217.64,399.1,9.6777,0.34938,-0.033278,-0.0042084,1.4129,-3.4606e-16,1.6504e-16
1526.5,-217.67,399.1,9.6773,0.34896,-0.032542,-0.003992,1.4129,-3.4606e-16,1.6504e-16
1526.6,-217.71,399.09,9.6769,0.34856,-0.031829,-0.0037789,1.4129,-3.4606e-16,1.6504e-16
1526.7,-217.74,399.09,9.6765,0.34815,-0.031138,-0.003569,1.4129,-3.4606e-16,1.6504e-16
1526.8,-217.78,399.08,9.6762,0.34776,-0.030469,-0.0033622,1.4129,-3.4606e-16,1.6504e-16
1526.9,-217.81,399.07,9.6759,0.34737,-0.029821,-0.0031582,1.4129,-3.4606e-16,1.6504e-16
1527,-217.85,399.07,9.6756,0.34698,-0.029193,-0.002957,1.4129,-3.4606e-16,1.6504e-16
1527.1,-217.88,399.06,9.6753,0.34661,-0.028585,-0.0027584,1.4129,-3.4606e-16,1.6504e-16
1527.2,-217.92,399.06,9.675,0.34623,-0.027996,-0.0025622,1.4129,-3.4606e-16,1.6504e-16
1527.3,-217.95,399.05,9.6748,0.34587,-0.027426,-0.0023684,1.4129,-3.4606e-16,1.6504e-16
1527.4,-217.98,399.05,9.6745,0.34551,-0.026875,-0.0021768,1.4129,-3.4606e-16,1.6504e-16
1527.5,-218.02,399.04,9.6743,0.34516,-0.026342,-0.0019872,0.44198,-0.063777,0.031283
1527.6,-218.05,399.03,9.6742,0.34264,-0.026109,-0.000912,0.44198,-0.063777,0.031283
1527.7,-218.09,399.03,9.6742,0.34017,-0.025931,0.00016885,0.44198,-0.063777,0.031283
1527.8,-218.12,399.02,9.6742,0.33774,-0.025797,0.0012586,0.44198,-0.063777,0.031283
1527.9,-218.15,399.02,9.6744,0.33536,-0.025703,0.0023573,0.44198,-0.063777,0.031283
1528,-218.19,399.01,9.6747,0.33301,-0.025646,0.0034627,0.44198,-0.063777,0.031283
1528.1,-218.22,399,9.6751,0.3307,-0.025628,0.0045725,0.44198,-0.063777,0.031283
1528.2,-218.25,399,9.6756,0.32843,-0.025646,0.0056847,0.44198,-0.063777,0.031283
1528.3,-218.28,398.99,9.6762,0.3262,-0.025701,0.0067968,0.44198,-0.063777,0.031283
1528.4,-218.32,398.99,9.677,0.324,-0.02579,0.0079065,0.44198,-0.063777,0.031283
1528.5,-218.35,398.98,9.6778,0.32185,-0.025913,0.0090117,0.44198,-0.063777,0.031283
1528.6,-218.38,398.98,9.6788,0.31972,-0.02607,0.01011,0.44198,-0.063777,0.031283
1528.7,-218.41,398.97,9.6798,0.31763,-0.026258,0.011199,0.44198,-0.063777,0.031283
1528.8,-218.44,398.97,9.681,0.31558,-0.026477,0.012276,0.44198,-0.063777,0.031283
1528.9,-218.47,398.96,9.6823,0.31355,-0.026725,0.01334,0.44198,-0.063777,0.031283
1529,-218.5,398.95,9.6837,0.31156,-0.027002,0.014389,0.44198,-0.063777,0.031283
1529.1,-218.53,398.95,9.6852,0.3096,-0.027305,0.015419,0.44198,-0.063777,0.031283
1529.2,-218.56,398.94,9.6868,0.30767,-0.027633,0.016431,0.44198,-0.063777,0.031283
1529.3,-218.6,398.94,9.6885,0.30577,-0.027986,0.017421,0.44198,-0.063777,0.031283
1529.4,-218.63,398.93,9.6902,0.3039,-0.028361,0.018388,0.44198,-0.063777,0.031283
1529.5,-218.66,398.93,9.6921,0.30206,-0.028757,0.019331,0.44198,-0.063777,0.031283
1529.6,-218.69,398.92,9.6941,0.30024,-0.029172,0.020248,0.44198,-0.063777,0.031283
1529.7,-218.71,398.92,9.6962,0.29845,-0.029606,0.021138,0.44198,-0.063777,0.031283
1529.8,-218.74,398.91,9.6983,0.29669,-0.030056,0.022,0.44198,-0.063777,0.031283
1529.9,-218.77,398.91,9.7006,0.29496,-0.030522,0.022833,0.44198,-0.063777,0.031283
1530,-218.8,398.9,9.7029,0.29325,-0.031001,0.023636,0.44198,-0.063777,0.031283
1530.1,-218.83,398.9,9.7053,0.29156,-0.031492,0.024409,0.44198,-0.063777,0.031283
1530.2,-218.86,398.89,9.7078,0.2899,-0.031994,0.025151,0.44198,-0.063777,0.031283
1530.3,-218.89,398.89,9.7103,0.28826,-0.032505,0.025861,0.44198,-0.063777,0.031283
1530.4,-218.92,398.88,9.713,0.28665,-0.033025,0.02654,0.44198,-0.063777,0.031283
1530.5,-218.95,398.88,9.7156,0.28506,-0.033551,0.027188,0.44198,-0.063777,0.031283
1530.6,-218.97,398.87,9.7184,0.28349,-0.034082,0.027803,0.44198,-0.063777,0.031283
1530.7,-219,398.87,9.7212,0.28194,-0.034617,0.028387,0.44198,-0.063777,0.031283
1530.8,-219.03,398.86,9.7241,0.28042,-0.035156,0.02894,0.44198,-0.063777,0.031283
1530.9,-219.06,398.86,9.727,0.27891,-0.035696,0.029462,0.44198,-0.063777,0.031283
1531,-219.09,398.85,9.73,0.27743,-0.036236,0.029953,0.44198,-0.063777,0.031283
1531.1,-219.11,398.85,9.733,0.27596,-0.036776,0.030414,0.44198,-0.063777,0.031283
1531.2,-219.14,398.84,9.736,0.27452,-0.037315,0.030845,0.44198,-0.063777,0.031283
1531.3,-219.17,398.84,9.7391,0.2731,-0.037851,0.031248,0.44198,-0.063777,0.031283
1531.4,-219.19,398.83,9.7423,0.27169,-0.038383,0.031622,0.44198,-0.063777,0.031283
1531.5,-219.22,398.83,9.7455,0.2703,-0.038912,0.031968,0.44198,-0.063777,0.031283
1531.6,-219.25,398.82,9.7487,0.26894,-0.039435,0.032288,0.44198,-0.063777,0.031283
1531.7,-219.28,398.82,9.7519,0.26759,-0.039952,0.032581,0.44198,-0.063777,0.031283
1531.8,-219.3,398.81,9.7552,0.26625,-0.040463,0.03285,0.44198,-0.063777,0.031283
1531.9,-219.33,398.81,9.7585,0.26494,-0.040967,0.033093,0.44198,-0.063777,0.031283
1532,-219.35,398.8,9.7618,0.26364,-0.041463,0.033314,0.44198,-0.063777,0.031283
1532.1,-219.38,398.8,9.7652,0.26236,-0.041951,0.033511,0.44198,-0.063777,0.031283
1532.2,-219.41,398.8,9.7685,0.2611,-0.04243,0.033687,0.44198,-0.063777,0.031283
1532.3,-219.43,398.79,9.7719,0.25985,-0.0429,0.033842,0.44198,-0.063777,0.031283
1532.4,-219.46,398.79,9.7753,0.25862,-0.04336,0.033977,0.44198,-0.063777,0.031283
1532.5,-219.48,398.78,9.7787,0.25741,-0.04381,0.034092,0.44198,-0.063777,0.031283
1532.6,-219.51,398.78,9.7821,0.25621,-0.044249,0.034189,0.44198,-0.063777,0.031283
1532.7,-219.54,398.77,9.7855,0.25503,-0.044678,0.034269,0.44198,-0.063777,0.031283
1532.8,-219.56,398.77,9.789,0.25387,-0.045097,0.034332,0.40865,-1.0009e-16,4.8922e-17
1532.9,-219.59,398.76,9.7923,0.25264,-0.045229,0.033516,0.40865,-1.0009e-16,4.8922e-17
1533,-219.61,398.76,9.7957,0.25144,-0.045332,0.032724,0.40865,-1.0009e-16,4.8922e-17
1533.1,-219.64,398.75,9.7989,0.25025,-0.045406,0.031956,0.40865,-1.0009e-16,4.8922e-17
1533.2,-219.66,398.75,9.802,0.24909,-0.045454,0.03121,0.40865,-1.0009e-16,4.8922e-17
1533.3,-219.69,398.74,9.8051,0.24794,-0.045477,0.030485,0.40865,-1.0009e-16,4.8922e-17
1533.4,-219.71,398.74,9.8081,0.24681,-0.045475,0.029781,0.40865,-1.0009e-16,4.8922e-17
1533.5,-219.73,398.73,9.8111,0.2457,-0.045452,0.029095,0.40865,-1.0009e-16,4.8922e-17
1533.6,-219.76,398.73,9.814,0.24461,-0.045407,0.028429,0.40865,-1.0009e-16,4.8922e-17
1533.7,-219.78,398.72,9.8168,0.24354,-0.045341,0.027779,0.40865,-1.0009e-16,4.8922e-17
1533.8,-219.81,398.72,9.8195,0.24248,-0.045257,0.027147,0.40865,-1.0009e-16,4.8922e-17
1533.9,-219.83,398.71,9.8222,0.24144,-0.045154,0.026531,0.40865,-1.0009e-16,4.8922e-17
1534,-219.86,398.71,9.8248,0.24042,-0.045035,0.025931,0.40865,-1.0009e-16,4.8922e-17
1534.1,-219.88,398.7,9.8274,0.23941,-0.044899,0.025346,0.40865,-1.0009e-16,4.8922e-17
1534.2,-219.9,398.7,9.8299,0.23842,-0.044748,0.024776,0.40865,-1.0009e-16,4.8922e-17
1534.3,-219.93,398.69,9.8323,0.23744,-0.044583,0.024219,0.40865,-1.0009e-16,4.8922e-17
1534.4,-219.95,398.68,9.8347,0.23648,-0.044404,0.023676,0.40865,-1.0009e-16,4.8922e-17
1534.5,-219.97,398.68,9.8371,0.23554,-0.044212,0.023146,0.40865,-1.0009e-16,4.8922e-17
1534.6,-220,398.67,9.8394,0.23461,-0.044008,0.022628,0.40865,-1.0009e-16,4.8922e-17
1534.7,-220.02,398.67,9.8416,0.23369,-0.043792,0.022123,0.40865,-1.0009e-16,4.8922e-17
1534.8,-220.04,398.66,9.8438,0.23279,-0.043565,0.021629,0.40865,-1.0009e-16,4.8922e-17
1534.9,-220.07,398.66,9.8459,0.23191,-0.043329,0.021147,0.40865,-1.0009e-16,4.8922e-17
1535,-220.09,398.65,9.848,0.23103,-0.043082,0.020676,0.40865,-1.0009e-16,4.8922e-17
1535.1,-220.11,398.65,9.8501,0.23017,-0.042827,0.020216,0.40865,-1.0009e-16,4.8922e-17
1535.2,-220.13,398.64,9.8521,0.22933,-0.042563,0.019766,0.40865,-1.0009e-16,4.8922e-17
1535.3,-220.16,398.64,9.854,0.2285,-0.042291,0.019326,0.40865,-1.0009e-16,4.8922e-17
1535.4,-220.18,398.63,9.8559,0.22768,-0.042012,0.018897,0.40865,-1.0009e-16,4.8922e-17
1535.5,-220.2,398.62,9.8578,0.22687,-0.041726,0.018476,0.40865,-1.0009e-16,4.8922e-17
1535.6,-220.22,398.62,9.8596,0.22608,-0.041433,0.018065,0.40865,-1.0009e-16,4.8922e-17
1535.7,-220.25,398.61,9.8614,0.22529,-0.041134,0.017663,0.40865,-1.0009e-16,4.8922e-17
1535.8,-220.27,398.61,9.8632,0.22452,-0.040829,0.01727,0.40865,-1.0009e-16,4.8922e-17
1535.9,-220.29,398.6,9.8649,0.22376,-0.040519,0.016885,0.40865,-1.0009e-16,4.8922e-17
1536,-220.31,398.59,9.8665,0.22302,-0.040204,0.016509,0.40865,-1.0009e-16,4.8922e-17
1536.1,-220.33,398.59,9.8682,0.22228,-0.039884,0.016141,0.40865,-1.0009e-16,4.8922e-17
1536.2,-220.36,398.58,9.8698,0.22156,-0.03956,0.015781,0.40865,-1.0009e-16,4.8922e-17
1536.3,-220.38,398.58,9.8713,0.22084,-0.039232,0.015428,0.40865,-1.0009e-16,4.8922e-17
1536.4,-220.4,398.57,9.8729,0.22014,-0.038901,0.015083,0.40865,-1.0009e-16,4.8922e-17
1536.5,-220.42,398.56,9.8743,0.21945,-0.038566,0.014746,0.40865,-1.0009e-16,4.8922e-17
1536.6,-220.44,398.56,9.8758,0.21876,-0.038228,0.014415,0.40865,-1.0009e-16,4.8922e-17
1536.7,-220.46,398.55,9.8772,0.21809,-0.037888,0.014092,0.40865,-1.0009e-16,4.8922e-17
1536.8,-220.49,398.55,9.8786,0.21743,-0.037545,0.013775,0.40865,-1.0009e-16,4.8922e-17
1536.9,-220.51,398.54,9.88,0.21678,-0.0372,0.013465,0.40865,-1.0009e-16,4.8922e-17
1537,-220.53,398.53,9.8813,0.21613,-0.036853,0.013162,0.40865,-1.0009e-16,4.8922e-17
1537.1,-220.55,398.53,9.8826,0.2155,-0.036504,0.012865,0.40865,-1.0009e-16,4.8922e-17
1537.2,-220.57,398.52,9.8839,0.21488,-0.036154,0.012574,0.40865,-1.0009e-16,4.8922e-17
1537.3,-220.59,398.52,9.8851,0.21426,-0.035802,0.01229,0.40865,-1.0009e-16,4.8922e-17
1537.4,-220.61,398.51,9.8864,0.21365,-0.035449,0.012011,0.40865,-1.0009e-16,4.8922e-17
1537.5,-220.63,398.5,9.8875,0.21306,-0.035096,0.011738,0.40865,-1.0009e-16,4.8922e-17
1537.6,-220.65,398.5,9.8887,0.21247,-0.034741,0.011471,0.40865,-1.0009e-16,4.8922e-17
1537.7,-220.67,398.49,9.8898,0.21189,-0.034387,0.011209,0.40865,-1.0009e-16,4.8922e-17
1537.8,-220.69,398.48,9.8909,0.21131,-0.034031,0.010953,0.40865,-1.0009e-16,4.8922e-17
1537.9,-220.71,398.48,9.892,0.21075,-0.033676,0.010703,0.40865,-1.0009e-16,4.8922e-17
1538,-220.73,398.47,9.8931,0.21019,-0.033321,0.010457,0.40865,-1.0009e-16,4.8922e-17
1538.1,-220.75,398.46,9.8941,0.20964,-0.032966,0.010217,0.40865,-1.0009e-16,4.8922e-17
1538.2,-220.77,398.46,9.8951,0.2091,-0.032611,0.0099811,0.40865,-1.0009e-16,4.8922e-17
1538.3,-220.79,398.45,9.8961,0.20857,-0.032256,0.0097506,0.40865,-1.0009e-16,4.8922e-17
1538.4,-220.81,398.44,9.8971,0.20804,-0.031902,0.0095248,0.40865,-1.0009e-16,4.8922e-17
1538.5,-220.83,398.44,9.898,0.20752,-0.031549,0.0093037,0.40865,-1.0009e-16,4.8922e-17
1538.6,-220.85,398.43,9.8989,0.20701,-0.031196,0.0090872,0.40865,-1.0009e-16,4.8922e-17
1538.7,-220.87,398.42,9.8998,0.20651,-0.030844,0.0088752,0.40865,-1.0009e-16,4.8922e-17
1538.8,-220.89,398.42,9.9007,0.20601,-0.030494,0.0086677,0.40865,-1.0009e-16,4.8922e-17
1538.9,-220.91,398.41,9.9016,0.20552,-0.030144,0.0084644,0.40865,-1.0009e-16,4.8922e-17
1539,-220.93,398.4,9.9024,0.20503,-0.029796,0.0082653,0.40865,-1.0009e-16,4.8922e-17
1539.1,-220.95,398.4,9.9032,0.20456,-0.029449,0.0080704,0.40865,-1.0009e-16,4.8922e-17
1539.2,-220.97,398.39,9.904,0.20408,-0.029103,0.0078795,0.40865,-1.0009e-16,4.8922e-17
1539.3,-220.99,398.38,9.9048,0.20362,-0.028759,0.0076926,0.40865,-1.0009e-16,4.8922e-17
1539.4,-221.01,398.38,9.9056,0.20316,-0.028417,0.0075096,0.40865,-1.0009e-16,4.8922e-17
1539.5,-221.03,398.37,9.9063,0.20271,-0.028076,0.0073304,0.40865,-1.0009e-16,4.8922e-17
1539.6,-221.05,398.36,9.907,0.20226,-0.027737,0.0071549,0.40865,-1.0009e-16,4.8922e-17
1539.7,-221.07,398.36,9.9077,0.20182,-0.027399,0.0069831,0.40865,-1.0009e-16,4.8922e-17
1539.8,-221.09,398.35,9.9084,0.20139,-0.027064,0.0068148,0.40865,-1.0009e-16,4.8922e-17
1539.9,-221.11,398.34,9.9091,0.20096,-0.02673,0.0066501,0.40865,-1.0009e-16,4.8922e-17
1540,-221.13,398.34,9.9097,0.20053,-0.026398,0.0064887,0.40865,-1.0009e-16,4.8922e-17
1540.1,-221.14,398.33,9.9104,0.20012,-0.026069,0.0063308,0.40865,-1.0009e-16,4.8922e-17
1540.2,-221.16,398.32,9.911,0.1997,-0.025741,0.0061762,0.40865,-1.0009e-16,4.8922e-17
1540.3,-221.18,398.31,9.9116,0.1993,-0.025416,0.0060248,0.40865,-1.0009e-16,4.8922e-17
1540.4,-221.2,398.31,9.9122,0.1989,-0.025093,0.0058765,0.40865,-1.0009e-16,4.8922e-17
1540.5,-221.22,398.3,9.9128,0.1985,-0.024772,0.0057314,0.40865,-1.0009e-16,4.8922e-17
1540.6,-221.24,398.29,9.9134,0.19811,-0.024453,0.0055893,0.40865,-1.0009e-16,4.8922e-17
1540.7,-221.26,398.29,9.9139,0.19772,-0.024137,0.0054502,0.40865,-1.0009e-16,4.8922e-17
1540.8,-221.28,398.28,9.9145,0.19734,-0.023823,0.005314,0.40865,-1.0009e-16,4.8922e-17
1540.9,-221.29,398.27,9.915,0.19696,-0.023511,0.0051807,0.40865,-1.0009e-16,4.8922e-17
1541,-221.31,398.26,9.9155,0.19659,-0.023202,0.0050502,0.40865,-1.0009e-16,4.8922e-17
1541.1,-221.33,398.26,9.916,0.19622,-0.022895,0.0049225,0.40865,-1.0009e-16,4.8922e-17
1541.2,-221.35,398.25,9.9165,0.19586,-0.022591,0.0047974,0.40865,-1.0009e-16,4.8922e-17
1541.3,-221.37,398.24,9.917,0.1955,-0.022289,0.004675,0.40865,-1.0009e-16,4.8922e-17
1541.4,-221.39,398.23,9.9174,0.19515,-0.02199,0.0045552,0.40865,-1.0009e-16,4.8922e-17
1541.5,-221.4,398.23,9.9179,0.1948,-0.021693,0.004438,0.40865,-1.0009e-16,4.8922e-17
1541.6,-221.42,398.22,9.9183,0.19446,-0.021399,0.0043232,0.40865,-1.0009e-16,4.8922e-17
1541.7,-221.44,398.21,9.9187,0.19412,-0.021107,0.0042108,0.40865,-1.0009e-16,4.8922e-17
1541.8,-221.46,398.21,9.9191,0.19378,-0.020818,0.0041009,0.40865,-1.0009e-16,4.8922e-17
1541.9,-221.48,398.2,9.9195,0.19345,-0.020532,0.0039933,0.40865,-1.0009e-16,4.8922e-17
1542,-221.49,398.19,9.9199,0.19312,-0.020248,0.003888,0.40865,-1.0009e-16,4.8922e-17
1542.1,-221.51,398.18,9.9203,0.1928,-0.019967,0.003785,0.40865,-1.0009e-16,4.8922e-17
1542.2,-221.53,398.18,9.9207,0.19248,-0.019689,0.0036841,0.40865,-1.0009e-16,4.8922e-17
1542.3,-221.55,398.17,9.9211,0.19216,-0.019413,0.0035855,0.40865,-1.0009e-16,4.8922e-17
1542.4,-221.57,398.16,9.9214,0.19185,-0.01914,0.0034889,0.40865,-1.0009e-16,4.8922e-17
1542.5,-221.58,398.15,9.9218,0.19154,-0.018869,0.0033945,0.40865,-1.0009e-16,4.8922e-17
1542.6,-221.6,398.15,9.9221,0.19124,-0.018602,0.0033021,0.40865,-1.0009e-16,4.8922e-17
1542.7,-221.62,398.14,9.9224,0.19093,-0.018336,0.0032117,0.40865,-1.0009e-16,4.8922e-17
1542.8,-221.64,398.13,9.9227,0.19064,-0.018074,0.0031232,0.40865,-1.0009e-16,4.8922e-17
1542.9,-221.65,398.12,9.923,0.19034,-0.017814,0.0030367,0.40865,-1.0009e-16,4.8922e-17
1543,-221.67,398.12,9.9233,0.19005,-0.017557,0.0029521,0.40865,-1.0009e-16,4.8922e-17
1543.1,-221.69,398.11,9.9236,0.18977,-0.017303,0.0028693,0.40865,-1.0009e-16,4.8922e-17
1543.2,-221.71,398.1,9.9239,0.18948,-0.017051,0.0027883,0.40865,-1.0009e-16,4.8922e-17
1543.3,-221.72,398.09,9.9242,0.1892,-0.016802,0.0027091,0.40865,-1.0009e-16,4.8922e-17
1543.4,-221.74,398.09,9.9245,0.18893,-0.016556,0.0026316,0.40865,-1.0009e-16,4.8922e-17
1543.5,-221.76,398.08,9.9247,0.18865,-0.016312,0.0025559,0.40865,-1.0009e-16,4.8922e-17
1543.6,-221.78,398.07,9.925,0.18838,-0.016072,0.0024818,0.40865,-1.0009e-16,4.8922e-17
1543.7,-221.79,398.06,9.9252,0.18812,-0.015833,0.0024093,0.40865,-1.0009e-16,4.8922e-17
1543.8,-221.81,398.06,9.9255,0.18785,-0.015598,0.0023385,0.40865,-1.0009e-16,4.8922e-17
1543.9,-221.83,398.05,9.9257,0.18759,-0.015365,0.0022693,0.40865,-1.0009e-16,4.8922e-17
1544,-221.85,398.04,9.9259,0.18733,-0.015134,0.0022016,0.40865,-1.0009e-16,4.8922e-17
1544.1,-221.86,398.03,9.9261,0.18708,-0.014906,0.0021354,0.40865,-1.0009e-16,4.8922e-17
1544.2,-221.88,398.02,9.9263,0.18683,-0.014681,0.0020707,0.40865,-1.0009e-16,4.8922e-17
1544.3,-221.9,398.02,9.9265,0.18658,-0.014459,0.0020074,0.40865,-1.0009e-16,4.8922e-17
1544.4,-221.91,398.01,9.9267,0.18633,-0.014239,0.0019456,0.40865,-1.0009e-16,4.8922e-17
1544.5,-221.93,398,9.9269,0.18609,-0.014021,0.0018851,2.3004,0.00181,-0.0008878
1544.6,-221.95,397.99,9.9271,0.19009,-0.0138,0.001804,2.3004,0.00181,-0.0008878
1544.7,-221.97,397.99,9.9273,0.19404,-0.013581,0.00173,2.3004,0.00181,-0.0008878
1544.8,-221.98,397.98,9.9275,0.19795,-0.013367,0.0016627,2.3004,0.00181,-0.0008878
1544.9,-222,397.97,9.9276,0.20181,-0.013156,0.0016017,2.3004,0.00181,-0.0008878
1545,-222.02,397.96,9.9278,0.20563,-0.012948,0.0015467,2.3004,0.00181,-0.0008878
1545.1,-222.04,397.95,9.9279,0.2094,-0.012744,0.0014973,2.3004,0.00181,-0.0008878
1545.2,-222.06,397.94,9.9281,0.21312,-0.012543,0.0014532,2.3004,0.00181,-0.0008878
1545.3,-222.08,397.93,9.9282,0.2168,-0.012346,0.0014142,2.3004,0.00181,-0.0008878
1545.4,-222.1,397.92,9.9284,0.22044,-0.012153,0.0013799,2.3004,0.00181,-0.0008878
1545.5,-222.12,397.91,9.9285,0.22402,-0.011963,0.0013501,2.3004,0.00181,-0.0008878
1545.6,-222.14,397.9,9.9286,0.22756,-0.011776,0.0013246,2.3004,0.00181,-0.0008878
1545.7,-222.16,397.89,9.9288,0.23105,-0.011593,0.0013032,2.3004,0.00181,-0.0008878
1545.8,-222.18,397.88,9.9289,0.2345,-0.011414,0.0012856,2.3004,0.00181,-0.0008878
1545.9,-222.2,397.87,9.929,0.2379,-0.011238,0.0012717,2.3004,0.00181,-0.0008878
1546,-222.22,397.86,9.9291,0.24126,-0.011065,0.0012613,2.3004,0.00181,-0.0008878
1546.1,-222.24,397.85,9.9293,0.24457,-0.010896,0.0012542,2.3004,0.00181,-0.0008878
1546.2,-222.27,397.84,9.9294,0.24783,-0.010731,0.0012503,2.3004,0.00181,-0.0008878
1546.3,-222.29,397.83,9.9295,0.25104,-0.010569,0.0012494,2.3004,0.00181,-0.0008878
1546.4,-222.31,397.82,9.9296,0.25422,-0.01041,0.0012515,2.3004,0.00181,-0.0008878
1546.5,-222.33,397.81,9.9298,0.25734,-0.010256,0.0012563,2.3004,0.00181,-0.0008878
1546.6,-222.36,397.8,9.9299,0.26042,-0.010104,0.0012639,2.3004,0.00181,-0.0008878
1546.7,-222.38,397.78,9.93,0.26346,-0.0099566,0.001274,2.3004,0.00181,-0.0008878
1546.8,-222.4,397.77,9.9302,0.26645,-0.0098124,0.0012866,2.3004,0.00181,-0.0008878
1546.9,-222.43,397.76,9.9303,0.26939,-0.0096717,0.0013016,2.3004,0.00181,-0.0008878
1547,-222.45,397.75,9.9304,0.27229,-0.0095345,0.0013189,2.3004,0.00181,-0.0008878
1547.1,-222.48,397.73,9.9305,0.27515,-0.0094009,0.0013386,2.3004,0.00181,-0.0008878
1547.2,-222.5,397.72,9.9307,0.27796,-0.0092708,0.0013604,2.3004,0.00181,-0.0008878
1547.3,-222.53,397.71,9.9308,0.28073,-0.0091443,0.0013843,2.3004,0.00181,-0.0008878
1547.4,-222.55,397.7,9.931,0.28346,-0.0090214,0.0014104,2.3004,0.00181,-0.0008878
1547.5,-222.58,397.68,9.9311,0.28614,-0.008902,0.0014385,2.3004,0.00181,-0.0008878
1547.6,-222.6,397.67,9.9312,0.28878,-0.0087862,0.0014686,2.3004,0.00181,-0.0008878
1547.7,-222.63,397.66,9.9314,0.29138,-0.0086739,0.0015006,2.3004,0.00181,-0.0008878
1547.8,-222.65,397.64,9.9315,0.29394,-0.0085653,0.0015347,2.3004,0.00181,-0.0008878
1547.9,-222.68,397.63,9.9317,0.29646,-0.0084602,0.0015706,2.3004,0.00181,-0.0008878
1548,-222.71,397.62,9.9319,0.29893,-0.0083587,0.0016085,2.3004,0.00181,-0.0008878
1548.1,-222.73,397.6,9.932,0.30137,-0.0082608,0.0016483,2.3004,0.00181,-0.0008878
1548.2,-222.76,397.59,9.9322,0.30376,-0.0081665,0.00169,2.3004,0.00181,-0.0008878
1548.3,-222.79,397.57,9.9324,0.30612,-0.0080758,0.0017336,2.3004,0.00181,-0.0008878
1548.4,-222.81,397.56,9.9325,0.30843,-0.0079888,0.001779,2.3004,0.00181,-0.0008878
1548.5,-222.84,397.55,9.9327,0.31071,-0.0079054,0.0018264,2.3004,0.00181,-0.0008878
1548.6,-222.87,397.53,9.9329,0.31295,-0.0078257,0.0018757,2.3004,0.00181,-0.0008878
1548.7,-222.9,397.52,9.9331,0.31515,-0.0077497,0.0019269,2.3004,0.00181,-0.0008878
1548.8,-222.92,397.5,9.9333,0.31731,-0.0076773,0.00198,2.3004,0.00181,-0.0008878
1548.9,-222.95,397.49,9.9335,0.31944,-0.0076087,0.0020352,2.3004,0.00181,-0.0008878
1549,-222.98,397.47,9.9337,0.32152,-0.0075438,0.0020923,2.3004,0.00181,-0.0008878
1549.1,-223.01,397.46,9.9339,0.32358,-0.0074827,0.0021515,2.3004,0.00181,-0.0008878
1549.2,-223.04,397.44,9.9341,0.32559,-0.0074253,0.0022127,2.3004,0.00181,-0.0008878
1549.3,-223.07,397.43,9.9344,0.32757,-0.0073718,0.002276,2.3004,0.00181,-0.0008878
1549.4,-223.1,397.41,9.9346,0.32952,-0.007322,0.0023415,2.3004,0.00181,-0.0008878
1549.5,-223.13,397.4,9.9348,0.33143,-0.0072762,0.0024091,2.3004,0.00181,-0.0008878
1549.6,-223.15,397.38,9.9351,0.33331,-0.0072342,0.002479,2.3004,0.00181,-0.0008878
1549.7,-223.18,397.36,9.9353,0.33515,-0.0071961,0.0025512,2.3004,0.00181,-0.0008878
1549.8,-223.21,397.35,9.9356,0.33696,-0.0071621,0.0026257,2.3004,0.00181,-0.0008878
1549.9,-223.24,397.33,9.9358,0.33874,-0.007132,0.0027027,2.3004,0.00181,-0.0008878
1550,-223.27,397.32,9.9361,0.34049,-0.007106,0.0027821,2.3004,0.00181,-0.0008878
1550.1,-223.3,397.3,9.9364,0.3422,-0.007084,0.0028641,2.3004,0.00181,-0.0008878
1550.2,-223.33,397.28,9.9367,0.34389,-0.0070662,0.0029487,2.3004,0.00181,-0.0008878
1550.3,-223.36,397.27,9.937,0.34554,-0.0070526,0.003036,2.3004,0.00181,-0.0008878
1550.4,-223.39,397.25,9.9373,0.34716,-0.0070432,0.0031261,2.3004,0.00181,-0.0008878
1550.5,-223.43,397.24,9.9376,0.34875,-0.0070381,0.003219,2.3004,0.00181,-0.0008878
1550.6,-223.46,397.22,9.9379,0.35031,-0.0070374,0.0033149,2.3004,0.00181,-0.0008878
1550.7,-223.49,397.2,9.9383,0.35185,-0.0070411,0.0034138,2.3004,0.00181,-0.0008878
1550.8,-223.52,397.19,9.9386,0.35335,-0.0070493,0.0035158,2.3004,0.00181,-0.0008878
1550.9,-223.55,397.17,9.939,0.35483,-0.007062,0.0036211,2.3004,0.00181,-0.0008878
1551,-223.58,397.15,9.9393,0.35628,-0.0070794,0.0037297,2.3004,0.00181,-0.0008878
1551.1,-223.61,397.13,9.9397,0.3577,-0.0071014,0.0038417,2.3004,0.00181,-0.0008878
1551.2,-223.64,397.12,9.9401,0.35909,-0.0071283,0.0039573,2.3004,0.00181,-0.0008878
1551.3,-223.68,397.1,9.9405,0.36046,-0.00716,0.0040765,2.3004,0.00181,-0.0008878
1551.4,-223.71,397.08,9.9409,0.3618,-0.0071967,0.0041994,2.3004,0.00181,-0.0008878
1551.5,-223.74,397.07,9.9414,0.36312,-0.0072384,0.0043263,1.5352,-3.7602e-16,1.9355e-16
1551.6,-223.77,397.05,9.9418,0.3627,-0.0072928,0.0044813,1.5352,-3.7602e-16,1.9355e-16
1551.7,-223.8,397.03,9.9423,0.36229,-0.0073523,0.0046386,1.5352,-3.7602e-16,1.9355e-16
1551.8,-223.83,397.01,9.9427,0.36189,-0.0074169,0.0047981,1.5352,-3.7602e-16,1.9355e-16
1551.9,-223.87,397,9.9432,0.3615,-0.0074866,0.0049598,1.5352,-3.7602e-16,1.9355e-16
1552,-223.9,396.98,9.9437,0.36111,-0.0075614,0.0051239,1.5352,-3.7602e-16,1.9355e-16
1552.1,-223.93,396.96,9.9442,0.36073,-0.0076413,0.0052903,1.5352,-3.7602e-16,1.9355e-16
1552.2,-223.96,396.95,9.9448,0.36036,-0.0077263,0.0054591,1.5352,-3.7602e-16,1.9355e-16
1552.3,-223.99,396.93,9.9453,0.36,-0.0078165,0.0056303,1.5352,-3.7602e-16,1.9355e-16
1552.4,-224.02,396.91,9.9459,0.35964,-0.0079117,0.0058038,1.5352,-3.7602e-16,1.9355e-16
1552.5,-224.06,396.89,9.9465,0.35929,-0.008012,0.0059798,1.5352,-3.7602e-16,1.9355e-16
1552.6,-224.09,396.88,9.9471,0.35894,-0.0081175,0.0061583,1.5352,-3.7602e-16,1.9355e-16
1552.7,-224.12,396.86,9.9477,0.3586,-0.008228,0.0063391,1.5352,-3.7602e-16,1.9355e-16
1552.8,-224.15,396.84,9.9484,0.35827,-0.0083436,0.0065225,1.5352,-3.7602e-16,1.9355e-16
1552.9,-224.18,396.82,9.949,0.35794,-0.0084644,0.0067084,1.5352,-3.7602e-16,1.9355e-16
1553,-224.21,396.81,9.9497,0.35762,-0.0085903,0.0068967,1.5352,-3.7602e-16,1.9355e-16
1553.1,-224.25,396.79,9.9504,0.35731,-0.0087212,0.0070875,1.5352,-3.7602e-16,1.9355e-16
1553.2,-224.28,396.77,9.9511,0.357,-0.0088573,0.0072808,1.5352,-3.7602e-16,1.9355e-16
1553.3,-224.31,396.76,9.9519,0.3567,-0.0089986,0.0074766,1.5352,-3.7602e-16,1.9355e-16
1553.4,-224.34,396.74,9.9526,0.3564,-0.0091449,0.007675,1.5352,-3.7602e-16,1.9355e-16
1553.5,-224.37,396.72,9.9534,0.35611,-0.0092964,0.0078758,1.5352,-3.7602e-16,1.9355e-16
1553.6,-224.4,396.7,9.9542,0.35582,-0.009453,0.0080791,1.5352,-3.7602e-16,1.9355e-16
1553.7,-224.43,396.69,9.955,0.35554,-0.0096147,0.0082848,1.5352,-3.7602e-16,1.9355e-16
1553.8,-224.46,396.67,9.9559,0.35526,-0.0097815,0.008493,1.5352,-3.7602e-16,1.9355e-16
1553.9,-224.49,396.65,9.9567,0.35499,-0.0099535,0.0087037,1.5352,-3.7602e-16,1.9355e-16
1554,-224.53,396.64,9.9576,0.35472,-0.010131,0.0089168,1.5352,-3.7602e-16,1.9355e-16
1554.1,-224.56,396.62,9.9585,0.35446,-0.010313,0.0091323,1.5352,-3.7602e-16,1.9355e-16
1554.2,-224.59,396.6,9.9594,0.3542,-0.0105,0.0093501,1.5352,-3.7602e-16,1.9355e-16
1554.3,-224.62,396.58,9.9604,0.35395,-0.010693,0.0095703,1.5352,-3.7602e-16,1.9355e-16
1554.4,-224.65,396.57,9.9613,0.3537,-0.01089,0.0097929,1.5352,-3.7602e-16,1.9355e-16
1554.5,-224.68,396.55,9.9623,0.35345,-0.011093,0.010018,1.5352,-3.7602e-16,1.9355e-16
1554.6,-224.71,396.53,9.9633,0.35321,-0.011301,0.010245,1.5352,-3.7602e-16,1.9355e-16
1554.7,-224.74,396.52,9.9644,0.35298,-0.011513,0.010474,1.5352,-3.7602e-16,1.9355e-16
1554.8,-224.77,396.5,9.9654,0.35274,-0.011731,0.010705,1.5352,-3.7602e-16,1.9355e-16
1554.9,-224.8,396.48,9.9665,0.35252,-0.011954,0.010939,1.5352,-3.7602e-16,1.9355e-16
1555,-224.84,396.46,9.9676,0.35229,-0.012182,0.011174,1.5352,-3.7602e-16,1.9355e-16
1555.1,-224.87,396.45,9.9687,0.35207,-0.012415,0.011412,1.5352,-3.7602e-16,1.9355e-16
1555.2,-224.9,396.43,9.9699,0.35185,-0.012653,0.011652,1.5352,-3.7602e-16,1.9355e-16
1555.3,-224.93,396.41,9.9711,0.35164,-0.012896,0.011893,1.5352,-3.7602e-16,1.9355e-16
1555.4,-224.96,396.4,9.9723,0.35143,-0.013144,0.012136,1.5352,-3.7602e-16,1.9355e-16
1555.5,-224.99,396.38,9.9735,0.35122,-0.013397,0.012381,1.5352,-3.7602e-16,1.9355e-16
1555.6,-225.02,396.36,9.9748,0.35102,-0.013655,0.012628,1.5352,-3.7602e-16,1.9355e-16
1555.7,-225.05,396.34,9.976,0.35082,-0.013918,0.012877,1.5352,-3.7602e-16,1.9355e-16
1555.8,-225.08,396.33,9.9773,0.35063,-0.014186,0.013126,1.5352,-3.7602e-16,1.9355e-16
1555.9,-225.11,396.31,9.9787,0.35043,-0.014458,0.013378,1.5352,-3.7602e-16,1.9355e-16
1556,-225.14,396.29,9.98,0.35024,-0.014735,0.013631,1.5352,-3.7602e-16,1.9355e-16
1556.1,-225.17,396.28,9.9814,0.35005,-0.015017,0.013885,1.5352,-3.7602e-16,1.9355e-16
1556.2,-225.2,396.26,9.9828,0.34987,-0.015303,0.01414,1.5352,-3.7602e-16,1.9355e-16
1556.3,-225.23,396.24,9.9842,0.34969,-0.015595,0.014397,1.5352,-3.7602e-16,1.9355e-16
1556.4,-225.26,396.22,9.9857,0.34951,-0.01589,0.014654,1.5352,-3.7602e-16,1.9355e-16
1556.5,-225.29,396.21,9.9871,0.34933,-0.016191,0.014913,1.5352,-3.7602e-16,1.9355e-16
1556.6,-225.32,396.19,9.9886,0.34916,-0.016496,0.015172,1.5352,-3.7602e-16,1.9355e-16
1556.7,-225.36,396.17,9.9902,0.34899,-0.016805,0.015432,1.5352,-3.7602e-16,1.9355e-16
1556.8,-225.39,396.15,9.9917,0.34882,-0.017119,0.015693,1.5352,-3.7602e-16,1.9355e-16
1556.9,-225.42,396.14,9.9933,0.34865,-0.017437,0.015955,1.5352,-3.7602e-16,1.9355e-16
1557,-225.45,396.12,9.9949,0.34849,-0.017759,0.016217,1.5352,-3.7602e-16,1.9355e-16
1557.1,-225.48,396.1,9.9966,0.34832,-0.018085,0.016479,1.5352,-3.7602e-16,1.9355e-16
1557.2,-225.51,396.09,9.9982,0.34816,-0.018416,0.016742,1.5352,-3.7602e-16,1.9355e-16
1557.3,-225.54,396.07,9.9999,0.34801,-0.01875,0.017004,1.5352,-3.7602e-16,1.9355e-16
1557.4,-225.57,396.05,10.002,0.34785,-0.019089,0.017267,1.5352,-3.7602e-16,1.9355e-16
1557.5,-225.6,396.03,10.003,0.3477,-0.019431,0.01753,1.5352,-3.7602e-16,1.9355e-16
1557.6,-225.63,396.02,10.005,0.34754,-0.019777,0.017793,1.5352,-3.7602e-16,1.9355e-16
1557.7,-225.66,396,10.007,0.34739,-0.020127,0.018055,1.5352,-3.7602e-16,1.9355e-16
1557.8,-225.69,395.98,10.009,0.34725,-0.02048,0.018317,1.5352,-3.7602e-16,1.9355e-16
1557.9,-225.72,395.96,10.011,0.3471,-0.020837,0.018579,1.5352,-3.7602e-16,1.9355e-16
1558,-225.75,395.95,10.012,0.34696,-0.021198,0.01884,1.5352,-3.7602e-16,1.9355e-16
1558.1,-225.78,395.93,10.014,0.34681,-0.021562,0.019101,1.5352,-3.7602e-16,1.9355e-16
1558.2,-225.81,395.91,10.016,0.34667,-0.021929,0.01936,1.5352,-3.7602e-16,1.9355e-16
1558.3,-225.84,395.89,10.018,0.34653,-0.022299,0.019619,1.5352,-3.7602e-16,1.9355e-16
1558.4,-225.87,395.88,10.02,0.34639,-0.022672,0.019877,1.5352,-3.7602e-16,1.9355e-16
1558.5,-225.9,395.86,10.022,0.34626,-0.023048,0.020134,1.5352,-3.7602e-16,1.9355e-16
1558.6,-225.93,395.84,10.024,0.34612,-0.023427,0.020389,1.5352,-3.7602e-16,1.9355e-16
1558.7,-225.96,395.82,10.026,0.34599,-0.023809,0.020643,1.5352,-3.7602e-16,1.9355e-16
1558.8,-225.99,395.81,10.028,0.34586,-0.024193,0.020896,1.5352,-3.7602e-16,1.9355e-16
1558.9,-226.02,395.79,10.03,0.34572,-0.02458,0.021147,1.5352,-3.7602e-16,1.9355e-16
1559,-226.05,395.77,10.033,0.3456,-0.024969,0.021397,1.5352,-3.7602e-16,1.9355e-16
1559.1,-226.08,395.75,10.035,0.34547,-0.025361,0.021645,1.5352,-3.7602e-16,1.9355e-16
1559.2,-226.11,395.74,10.037,0.34534,-0.025754,0.021891,1.5352,-3.7602e-16,1.9355e-16
1559.3,-226.14,395.72,10.039,0.34521,-0.02615,0.022136,1.5352,-3.7602e-16,1.9355e-16
1559.4,-226.17,395.7,10.041,0.34509,-0.026547,0.022378,1.5352,-3.7602e-16,1.9355e-16
1559.5,-226.2,395.68,10.044,0.34496,-0.026947,0.022619,1.5352,-3.7602e-16,1.9355e-16
1559.6,-226.23,395.66,10.046,0.34484,-0.027348,0.022857,1.5352,-3.7602e-16,1.9355e-16
1559.7,-226.26,395.65,10.048,0.34472,-0.02775,0.023093,1.5352,-3.7602e-16,1.9355e-16
1559.8,-226.28,395.63,10.05,0.3446,-0.028154,0.023326,1.5352,-3.7602e-16,1.9355e-16
1559.9,-226.31,395.61,10.053,0.34448,-0.02856,0.023558,1.5352,-3.7602e-16,1.9355e-16
1560,-226.34,395.59,10.055,0.34436,-0.028966,0.023786,1.5352,-3.7602e-16,1.9355e-16
1560.1,-226.37,395.57,10.058,0.34424,-0.029374,0.024013,1.5352,-3.7602e-16,1.9355e-16
1560.2,-226.4,395.56,10.06,0.34412,-0.029782,0.024236,1.5352,-3.7602e-16,1.9355e-16
1560.3,-226.43,395.54,10.062,0.344,-0.030192,0.024457,1.5352,-3.7602e-16,1.9355e-16
1560.4,-226.46,395.52,10.065,0.34389,-0.030601,0.024676,1.5352,-3.7602e-16,1.9355e-16
1560.5,-226.49,395.5,10.067,0.34377,-0.031012,0.024891,1.5352,-3.7602e-16,1.9355e-16
1560.6,-226.52,395.48,10.07,0.34366,-0.031423,0.025104,1.5352,-3.7602e-16,1.9355e-16
1560.7,-226.55,395.47,10.072,0.34354,-0.031834,0.025314,1.5352,-3.7602e-16,1.9355e-16
1560.8,-226.58,395.45,10.075,0.34343,-0.032246,0.02552,1.5352,-3.7602e-16,1.9355e-16
1560.9,-226.61,395.43,10.077,0.34332,-0.032657,0.025724,1.5352,-3.7602e-16,1.9355e-16
1561,-226.64,395.41,10.08,0.34321,-0.033068,0.025925,1.5352,-3.7602e-16,1.9355e-16
1561.1,-226.67,395.39,10.083,0.34309,-0.03348,0.026122,1.5352,-3.7602e-16,1.9355e-16
1561.2,-226.7,395.37,10.085,0.34298,-0.03389,0.026317,1.5352,-3.7602e-16,1.9355e-16
1561.3,-226.73,395.36,10.088,0.34287,-0.034301,0.026508,1.5352,-3.7602e-16,1.9355e-16
1561.4,-226.75,395.34,10.091,0.34276,-0.034711,0.026696,1.5352,-3.7602e-16,1.9355e-16
1561.5,-226.78,395.32,10.093,0.34266,-0.03512,0.026881,1.5352,-3.7602e-16,1.9355e-16
1561.6,-226.81,395.3,10.096,0.34255,-0.035528,0.027063,1.5352,-3.7602e-16,1.9355e-16
1561.7,-226.84,395.28,10.099,0.34244,-0.035936,0.027241,1.5352,-3.7602e-16,1.9355e-16
1561.8,-226.87,395.26,10.101,0.34233,-0.036342,0.027416,1.5352,-3.7602e-16,1.9355e-16
1561.9,-226.9,395.25,10.104,0.34223,-0.036748,0.027587,1.5352,-3.7602e-16,1.9355e-16
1562,-226.93,395.23,10.107,0.34212,-0.037152,0.027756,1.5352,-3.7602e-16,1.9355e-16
1562.1,-226.96,395.21,10.11,0.34201,-0.037555,0.027921,1.5352,-3.7602e-16,1.9355e-16
1562.2,-226.99,395.19,10.113,0.34191,-0.037956,0.028082,1.5352,-3.7602e-16,1.9355e-16
1562.3,-227.01,395.17,10.115,0.3418,-0.038356,0.02824,1.5352,-3.7602e-16,1.9355e-16
1562.4,-227.04,395.15,10.118,0.3417,-0.038754,0.028395,1.5352,-3.7602e-16,1.9355e-16
1562.5,-227.07,395.13,10.121,0.34159,-0.03915,0.028547,1.5352,-3.7602e-16,1.9355e-16
1562.6,-227.1,395.11,10.124,0.34149,-0.039545,0.028695,1.5352,-3.7602e-16,1.9355e-16
1562.7,-227.13,395.09,10.127,0.34139,-0.039937,0.02884,1.5352,-3.7602e-16,1.9355e-16
1562.8,-227.16,395.08,10.13,0.34129,-0.040328,0.028981,1.5352,-3.7602e-16,1.9355e-16
1562.9,-227.19,395.06,10.133,0.34118,-0.040716,0.029119,1.5352,-3.7602e-16,1.9355e-16
1563,-227.22,395.04,10.135,0.34108,-0.041102,0.029254,10.753,-0.10692,0.052445
1563.1,-227.24,395.02,10.138,0.36156,-0.041992,0.030937,10.753,-0.10692,0.052445
1563.2,-227.28,395,10.142,0.38163,-0.043009,0.03276,10.753,-0.10692,0.052445
1563.3,-227.31,394.97,10.145,0.4013,-0.044165,0.034728,10.753,-0.10692,0.052445
1563.4,-227.34,394.95,10.149,0.42056,-0.045469,0.036847,10.753,-0.10692,0.052445
1563.5,-227.38,394.93,10.152,0.43939,-0.046934,0.039122,10.753,-0.10692,0.052445
1563.6,-227.41,394.9,10.156,0.45779,-0.048573,0.041559,10.753,-0.10692,0.052445
1563.7,-227.45,394.87,10.161,0.47575,-0.050399,0.044165,10.753,-0.10692,0.052445
1563.8,-227.49,394.84,10.165,0.49328,-0.052425,0.046943,10.753,-0.10692,0.052445
1563.9,-227.53,394.81,10.17,0.51037,-0.054666,0.0499,10.753,-0.10692,0.052445
1564,-227.57,394.78,10.175,0.52702,-0.057137,0.05304,10.753,-0.10692,0.052445
1564.1,-227.62,394.75,10.181,0.54322,-0.059854,0.056364,10.753,-0.10692,0.052445
1564.2,-227.66,394.72,10.187,0.55897,-0.062834,0.059876,10.753,-0.10692,0.052445
1564.3,-227.71,394.68,10.193,0.57429,-0.066091,0.063576,10.753,-0.10692,0.052445
1564.4,-227.75,394.65,10.199,0.58915,-0.069643,0.067462,10.753,-0.10692,0.052445
1564.5,-227.8,394.61,10.206,0.60357,-0.073505,0.071531,10.753,-0.10692,0.052445
1564.6,-227.85,394.57,10.214,0.61755,-0.077694,0.075778,10.753,-0.10692,0.052445
1564.7,-227.9,394.53,10.221,0.63109,-0.082224,0.080195,10.753,-0.10692,0.052445
1564.8,-227.95,394.49,10.23,0.64418,-0.08711,0.084771,10.753,-0.10692,0.052445
1564.9,-228,394.45,10.238,0.65683,-0.092364,0.089493,10.753,-0.10692,0.052445
1565,-228.05,394.41,10.248,0.66904,-0.097999,0.094345,10.753,-0.10692,0.052445
1565.1,-228.1,394.37,10.257,0.68081,-0.10402,0.099309,10.753,-0.10692,0.052445
1565.2,-228.16,394.32,10.267,0.69214,-0.11045,0.10436,10.753,-0.10692,0.052445
1565.3,-228.21,394.28,10.278,0.70303,-0.11727,0.10949,10.753,-0.10692,0.052445
1565.4,-228.27,394.23,10.289,0.71348,-0.1245,0.11465,10.753,-0.10692,0.052445
1565.5,-228.33,394.19,10.301,0.72349,-0.13214,0.11984,10.753,-0.10692,0.052445
1565.6,-228.38,394.14,10.313,0.73307,-0.14017,0.12501,10.753,-0.10692,0.052445
1565.7,-228.44,394.09,10.326,0.7422,-0.14861,0.13014,10.753,-0.10692,0.052445
1565.8,-228.5,394.04,10.339,0.7509,-0.15743,0.1352,10.753,-0.10692,0.052445
1565.9,-228.56,393.99,10.353,0.75917,-0.16662,0.14017,10.753,-0.10692,0.052445
1566,-228.61,393.94,10.367,0.767,-0.17617,0.14501,10.753,-0.10692,0.052445
1566.1,-228.67,393.89,10.382,0.77439,-0.18607,0.1497,10.753,-0.10692,0.052445
1566.2,-228.73,393.83,10.397,0.78136,-0.19628,0.15421,10.753,-0.10692,0.052445
1566.3,-228.79,393.78,10.413,0.78791,-0.20679,0.15852,10.753,-0.10692,0.052445
1566.4,-228.86,393.72,10.429,0.79403,-0.21758,0.16262,10.753,-0.10692,0.052445
1566.5,-228.92,393.67,10.445,0.79973,-0.22861,0.16647,10.753,-0.10692,0.052445
1566.6,-228.98,393.61,10.462,0.80503,-0.23986,0.17008,10.753,-0.10692,0.052445
1566.7,-229.04,393.55,10.479,0.80992,-0.2513,0.17341,10.753,-0.10692,0.052445
1566.8,-229.1,393.5,10.497,0.81442,-0.26291,0.17647,10.753,-0.10692,0.052445
1566.9,-229.16,393.44,10.515,0.81853,-0.27466,0.17924,10.753,-0.10692,0.052445
1567,-229.23,393.38,10.533,0.82227,-0.28651,0.18172,10.753,-0.10692,0.052445
1567.1,-229.29,393.31,10.551,0.82565,-0.29844,0.1839,10.753,-0.10692,0.052445
1567.2,-229.35,393.25,10.57,0.82868,-0.31043,0.18579,10.753,-0.10692,0.052445
1567.3,-229.41,393.19,10.588,0.83137,-0.32245,0.18737,10.753,-0.10692,0.052445
1567.4,-229.48,393.13,10.607,0.83375,-0.33447,0.18866,10.753,-0.10692,0.052445
1567.5,-229.54,393.06,10.626,0.83581,-0.34648,0.18966,10.753,-0.10692,0.052445
1567.6,-229.6,392.99,10.645,0.83759,-0.35846,0.19037,10.753,-0.10692,0.052445
1567.7,-229.66,392.93,10.664,0.83909,-0.37037,0.19079,10.753,-0.10692,0.052445
1567.8,-229.73,392.86,10.683,0.84033,-0.38222,0.19094,10.753,-0.10692,0.052445
1567.9,-229.79,392.79,10.702,0.84134,-0.39398,0.19081,10.753,-0.10692,0.052445
1568,-229.85,392.72,10.721,0.84213,-0.40564,0.19042,10.753,-0.10692,0.052445
1568.1,-229.91,392.65,10.74,0.84271,-0.41719,0.18978,10.753,-0.10692,0.052445
1568.2,-229.97,392.58,10.759,0.84311,-0.42862,0.18888,10.753,-0.10692,0.052445
1568.3,-230.03,392.51,10.778,0.84334,-0.43993,0.18774,10.753,-0.10692,0.052445
1568.4,-230.1,392.43,10.797,0.84342,-0.4511,0.18637,10.753,-0.10692,0.052445
1568.5,-230.16,392.36,10.815,0.84337,-0.46213,0.18477,10.753,-0.10692,0.052445
1568.6,-230.22,392.28,10.834,0.84321,-0.47303,0.18295,10.753,-0.10692,0.052445
1568.7,-230.28,392.21,10.852,0.84296,-0.48379,0.18092,10.753,-0.10692,0.052445
1568.8,-230.34,392.13,10.87,0.84262,-0.49441,0.17867,10.753,-0.10692,0.052445
1568.9,-230.4,392.05,10.888,0.84223,-0.50489,0.17623,10.753,-0.10692,0.052445
1569,-230.46,391.97,10.905,0.84179,-0.51525,0.17359,10.753,-0.10692,0.052445
1569.1,-230.51,391.9,10.922,0.84132,-0.52547,0.17076,10.753,-0.10692,0.052445
1569.2,-230.57,391.81,10.939,0.84084,-0.53558,0.16773,10.753,-0.10692,0.052445
1569.3,-230.63,391.73,10.956,0.84037,-0.54557,0.16452,10.753,-0.10692,0.052445
1569.4,-230.69,391.65,10.972,0.83991,-0.55546,0.16112,10.753,-0.10692,0.052445
1569.5,-230.75,391.57,10.988,0.83949,-0.56525,0.15754,10.753,-0.10692,0.052445
1569.6,-230.8,391.48,11.004,0.83912,-0.57496,0.15376,10.753,-0.10692,0.052445
1569.7,-230.86,391.4,11.019,0.83881,-0.58459,0.14979,10.753,-0.10692,0.052445
1569.8,-230.92,391.31,11.034,0.83859,-0.59417,0.14563,10.753,-0.10692,0.052445
1569.9,-230.97,391.23,11.048,0.83846,-0.6037,0.14126,10.753,-0.10692,0.052445
1570,-231.03,391.14,11.062,0.83844,-0.61319,0.13669,10.753,-0.10692,0.052445
1570.1,-231.08,391.05,11.075,0.83854,-0.62268,0.13188,10.753,-0.10692,0.052445
1570.2,-231.14,390.96,11.088,0.83879,-0.63216,0.12684,10.753,-0.10692,0.052445
1570.3,-231.19,390.87,11.101,0.83919,-0.64167,0.12155,10.753,-0.10692,0.052445
1570.4,-231.25,390.78,11.112,0.83978,-0.65122,0.11598,10.753,-0.10692,0.052445
1570.5,-231.3,390.69,11.124,0.84055,-0.66083,0.1101,10.753,-0.10692,0.052445
1570.6,-231.36,390.6,11.134,0.84155,-0.67053,0.1039,10.753,-0.10692,0.052445
1570.7,-231.41,390.51,11.145,0.84278,-0.68035,0.097311,10.753,-0.10692,0.052445
1570.8,-231.47,390.41,11.154,0.84428,-0.69031,0.090305,10.753,-0.10692,0.052445
1570.9,-231.52,390.32,11.163,0.84608,-0.70044,0.082817,10.753,-0.10692,0.052445
1571,-231.58,390.22,11.17,0.8482,-0.71079,0.074775,10.753,-0.10692,0.052445
1571.1,-231.63,390.13,11.178,0.85069,-0.72139,0.066088,10.753,-0.10692,0.052445
1571.2,-231.69,390.03,11.184,0.8536,-0.73229,0.056642,10.753,-0.10692,0.052445
1571.3,-231.74,389.93,11.189,0.85697,-0.74354,0.046288,10.753,-0.10692,0.052445
1571.4,-231.8,389.83,11.193,0.86088,-0.75522,0.034838,10.753,-0.10692,0.052445
1571.5,-231.86,389.73,11.196,0.86542,-0.76739,0.022041,10.753,-0.10692,0.052445
1571.6,-231.92,389.63,11.197,0.87069,-0.78016,0.007556,10.753,-0.10692,0.052445
1571.7,-231.98,389.53,11.197,0.87682,-0.79277,-0.008744,10.753,-0.10692,0.052445
1571.8,-232.04,389.43,11.195,0.88389,-0.80049,-0.025021,10.753,-0.10692,0.052445
1571.9,-232.1,389.33,11.192,0.89184,-0.80252,-0.040185,10.753,-0.10692,0.052445
1572,-232.16,389.22,11.188,0.90054,-0.79914,-0.053546,10.753,-0.10692,0.052445
1572.1,-232.22,389.12,11.182,0.90977,-0.79094,-0.064664,11.884,-2.9107e-15,1.3466e-15
1572.2,-232.28,389.01,11.175,0.92187,-0.778,-0.07467,11.884,-2.9107e-15,1.3466e-15
1572.3,-232.34,388.91,11.167,0.93406,-0.76148,-0.081948,11.884,-2.9107e-15,1.3466e-15
1572.4,-232.4,388.8,11.158,0.9461,-0.74238,-0.086702,11.884,-2.9107e-15,1.3466e-15
1572.5,-232.46,388.7,11.149,0.95781,-0.72163,-0.08924,11.884,-2.9107e-15,1.3466e-15
1572.6,-232.51,388.59,11.141,0.96904,-0.70002,-0.089902,11.884,-2.9107e-15,1.3466e-15
1572.7,-232.57,388.49,11.132,0.9797,-0.6782,-0.089021,11.884,-2.9107e-15,1.3466e-15
1572.8,-232.62,388.38,11.123,0.98971,-0.65671,-0.086897,11.884,-2.9107e-15,1.3466e-15
1572.9,-232.67,388.27,11.114,0.99906,-0.63593,-0.083787,11.884,-2.9107e-15,1.3466e-15
1573,-232.72,388.17,11.106,1.0077,-0.61617,-0.079898,11.884,-2.9107e-15,1.3466e-15
1573.1,-232.77,388.06,11.098,1.0157,-0.59765,-0.075396,11.884,-2.9107e-15,1.3466e-15
1573.2,-232.82,387.95,11.091,1.023,-0.58053,-0.070407,11.884,-2.9107e-15,1.3466e-15
1573.3,-232.87,387.84,11.084,1.0297,-0.56494,-0.065022,11.884,-2.9107e-15,1.3466e-15
1573.4,-232.92,387.74,11.078,1.0358,-0.55096,-0.059307,11.884,-2.9107e-15,1.3466e-15
1573.5,-232.96,387.63,11.072,1.0413,-0.53867,-0.053304,11.884,-2.9107e-15,1.3466e-15
1573.6,-233.01,387.52,11.067,1.0463,-0.52814,-0.047035,11.884,-2.9107e-15,1.3466e-15
1573.7,-233.05,387.41,11.063,1.0507,-0.51942,-0.040508,11.884,-2.9107e-15,1.3466e-15
1573.8,-233.1,387.3,11.059,1.0546,-0.51259,-0.033722,11.884,-2.9107e-15,1.3466e-15
1573.9,-233.14,387.2,11.056,1.0581,-0.50772,-0.026662,11.884,-2.9107e-15,1.3466e-15
1574,-233.19,387.09,11.054,1.0611,-0.5049,-0.019312,11.884,-2.9107e-15,1.3466e-15
1574.1,-233.23,386.98,11.052,1.0637,-0.50425,-0.011648,11.884,-2.9107e-15,1.3466e-15
1574.2,-233.27,386.87,11.052,1.0658,-0.50589,-0.0036492,11.884,-2.9107e-15,1.3466e-15
1574.3,-233.32,386.76,11.052,1.0675,-0.50966,0.0048113,11.884,-2.9107e-15,1.3466e-15
1574.4,-233.36,386.65,11.053,1.0687,-0.5142,0.014263,11.884,-2.9107e-15,1.3466e-15
1574.5,-233.41,386.54,11.055,1.0694,-0.51938,0.024743,11.884,-2.9107e-15,1.3466e-15
1574.6,-233.46,386.43,11.058,1.0696,-0.52528,0.036167,11.884,-2.9107e-15,1.3466e-15
1574.7,-233.5,386.32,11.062,1.0692,-0.53196,0.048385,11.884,-2.9107e-15,1.3466e-15
1574.8,-233.55,386.21,11.067,1.0683,-0.53947,0.061185,11.884,-2.9107e-15,1.3466e-15
1574.9,-233.59,386.1,11.074,1.0667,-0.54786,0.074297,11.884,-2.9107e-15,1.3466e-15
1575,-233.64,385.99,11.082,1.0645,-0.55714,0.087409,11.884,-2.9107e-15,1.3466e-15
1575.1,-233.69,385.88,11.091,1.0618,-0.56731,0.10018,11.884,-2.9107e-15,1.3466e-15
1575.2,-233.73,385.77,11.102,1.0584,-0.57834,0.11229,11.884,-2.9107e-15,1.3466e-15
1575.3,-233.78,385.65,11.114,1.0545,-0.59017,0.12343,11.884,-2.9107e-15,1.3466e-15
1575.4,-233.82,385.54,11.127,1.0501,-0.60273,0.13333,11.884,-2.9107e-15,1.3466e-15
1575.5,-233.87,385.43,11.141,1.0452,-0.61594,0.1418,11.884,-2.9107e-15,1.3466e-15
1575.6,-233.92,385.32,11.155,1.04,-0.62968,0.14869,11.884,-2.9107e-15,1.3466e-15
1575.7,-233.96,385.21,11.17,1.0345,-0.64387,0.15395,11.884,-2.9107e-15,1.3466e-15
1575.8,-234.01,385.09,11.186,1.0287,-0.6584,0.15756,11.884,-2.9107e-15,1.3466e-15
1575.9,-234.05,384.98,11.202,1.0228,-0.6732,0.15953,11.884,-2.9107e-15,1.3466e-15
1576,-234.1,384.86,11.218,1.0168,-0.68818,0.15992,11.884,-2.9107e-15,1.3466e-15
1576.1,-234.14,384.75,11.234,1.0108,-0.70328,0.15882,11.884,-2.9107e-15,1.3466e-15
1576.2,-234.19,384.63,11.249,1.005,-0.71848,0.15629,11.884,-2.9107e-15,1.3466e-15
1576.3,-234.23,384.52,11.265,0.99932,-0.73375,0.15241,11.884,-2.9107e-15,1.3466e-15
1576.4,-234.27,384.4,11.28,0.99395,-0.74907,0.14726,11.884,-2.9107e-15,1.3466e-15
1576.5,-234.32,384.29,11.294,0.98893,-0.76446,0.14088,11.884,-2.9107e-15,1.3466e-15
1576.6,-234.36,384.17,11.308,0.98434,-0.77996,0.1333,11.884,-2.9107e-15,1.3466e-15
1576.7,-234.41,384.05,11.321,0.98027,-0.7956,0.12452,11.884,-2.9107e-15,1.3466e-15
1576.8,-234.45,383.93,11.333,0.97681,-0.81144,0.11451,11.884,-2.9107e-15,1.3466e-15
1576.9,-234.5,383.81,11.344,0.97404,-0.82756,0.10319,11.884,-2.9107e-15,1.3466e-15
1577,-234.54,383.69,11.353,0.97207,-0.84406,0.090444,11.884,-2.9107e-15,1.3466e-15
1577.1,-234.59,383.57,11.362,0.97101,-0.86106,0.07607,11.884,-2.9107e-15,1.3466e-15
1577.2,-234.63,383.45,11.369,0.971,-0.87871,0.05978,11.884,-2.9107e-15,1.3466e-15
1577.3,-234.68,383.33,11.374,0.97221,-0.89719,0.041152,11.884,-2.9107e-15,1.3466e-15
1577.4,-234.73,383.2,11.377,0.97487,-0.91674,0.019564,11.884,-2.9107e-15,1.3466e-15
1577.5,-234.78,383.08,11.377,0.97928,-0.93739,-0.0058153,11.884,-2.9107e-15,1.3466e-15
1577.6,-234.83,382.95,11.375,0.98569,-0.95119,-0.032418,11.884,-2.9107e-15,1.3466e-15
1577.7,-234.88,382.82,11.371,0.99406,-0.95415,-0.057068,11.884,-2.9107e-15,1.3466e-15
1577.8,-234.93,382.7,11.364,1.004,-0.94687,-0.078087,11.884,-2.9107e-15,1.3466e-15
1577.9,-234.98,382.57,11.356,1.0152,-0.93084,-0.094565,11.884,-2.9107e-15,1.3466e-15
1578,-235.03,382.44,11.345,1.0269,-0.90802,-0.10633,11.884,-2.9107e-15,1.3466e-15
1578.1,-235.08,382.31,11.334,1.0388,-0.88045,-0.11372,11.884,-2.9107e-15,1.3466e-15
1578.2,-235.13,382.19,11.323,1.0504,-0.85001,-0.11738,11.884,-2.9107e-15,1.3466e-15
1578.3,-235.18,382.06,11.311,1.0614,-0.81823,-0.11802,11.884,-2.9107e-15,1.3466e-15
1578.4,-235.22,381.93,11.299,1.0716,-0.78633,-0.11632,11.884,-2.9107e-15,1.3466e-15
1578.5,-235.26,381.81,11.288,1.0809,-0.75518,-0.11286,11.884,-2.9107e-15,1.3466e-15
1578.6,-235.3,381.68,11.277,1.0893,-0.7254,-0.10811,11.884,-2.9107e-15,1.3466e-15
1578.7,-235.34,381.56,11.266,1.0968,-0.69741,-0.10244,11.884,-2.9107e-15,1.3466e-15
1578.8,-235.38,381.43,11.256,1.1034,-0.67146,-0.096117,11.884,-2.9107e-15,1.3466e-15
1578.9,-235.41,381.31,11.247,1.1092,-0.64773,-0.089323,11.884,-2.9107e-15,1.3466e-15
1579,-235.45,381.19,11.238,1.1142,-0.6263,-0.082195,11.884,-2.9107e-15,1.3466e-15
1579.1,-235.48,381.06,11.231,1.1184,-0.60724,-0.074815,11.884,-2.9107e-15,1.3466e-15
1579.2,-235.52,380.94,11.223,1.1219,-0.59055,-0.067234,11.884,-2.9107e-15,1.3466e-15
1579.3,-235.55,380.82,11.217,1.1248,-0.57627,-0.059474,11.884,-2.9107e-15,1.3466e-15
1579.4,-235.58,380.7,11.212,1.1272,-0.56442,-0.051539,11.884,-2.9107e-15,1.3466e-15
1579.5,-235.61,380.57,11.207,1.129,-0.55502,-0.043417,11.884,-2.9107e-15,1.3466e-15
1579.6,-235.64,380.45,11.203,1.1303,-0.54812,-0.035086,11.884,-2.9107e-15,1.3466e-15
1579.7,-235.67,380.33,11.2,1.1311,-0.54379,-0.02652,11.884,-2.9107e-15,1.3466e-15
1579.8,-235.7,380.21,11.198,1.1314,-0.54214,-0.017688,11.884,-2.9107e-15,1.3466e-15
1579.9,-235.73,380.09,11.196,1.1314,-0.54328,-0.0085645,11.884,-2.9107e-15,1.3466e-15
1580,-235.76,379.97,11.196,1.1308,-0.54736,0.00087148,11.884,-2.9107e-15,1.3466e-15
1580.1,-235.79,379.84,11.197,1.1299,-0.55311,0.011125,11.884,-2.9107e-15,1.3466e-15
1580.2,-235.83,379.72,11.198,1.1284,-0.55959,0.022513,11.884,-2.9107e-15,1.3466e-15
1580.3,-235.86,379.6,11.201,1.1264,-0.5669,0.034929,11.884,-2.9107e-15,1.3466e-15
1580.4,-235.89,379.48,11.205,1.1238,-0.57509,0.048184,11.884,-2.9107e-15,1.3466e-15
1580.5,-235.92,379.36,11.211,1.1207,-0.58422,0.062012,11.884,-2.9107e-15,1.3466e-15
1580.6,-235.96,379.23,11.218,1.1169,-0.59432,0.076075,11.884,-2.9107e-15,1.3466e-15
1580.7,-235.99,379.11,11.226,1.1124,-0.60541,0.089987,11.884,-2.9107e-15,1.3466e-15
1580.8,-236.02,378.99,11.236,1.1073,-0.61745,0.10334,11.884,-2.9107e-15,1.3466e-15
1580.9,-236.06,378.87,11.247,1.1017,-0.6304,0.11575,11.884,-2.9107e-15,1.3466e-15
1581,-236.09,378.75,11.259,1.0954,-0.64419,0.12685,11.884,-2.9107e-15,1.3466e-15
1581.1,-236.12,378.62,11.272,1.0887,-0.65871,0.13637,11.884,-2.9107e-15,1.3466e-15
1581.2,-236.16,378.5,11.286,1.0816,-0.67386,0.1441,11.884,-2.9107e-15,1.3466e-15
1581.3,-236.19,378.38,11.301,1.0742,-0.68953,0.14992,11.884,-2.9107e-15,1.3466e-15
1581.4,-236.23,378.25,11.316,1.0666,-0.7056,0.15376,11.884,-2.9107e-15,1.3466e-15
1581.5,-236.26,378.13,11.331,1.0589,-0.72199,0.15564,11.884,-2.9107e-15,1.3466e-15
1581.6,-236.29,378.01,11.347,1.0511,-0.73861,0.15561,11.884,-2.9107e-15,1.3466e-15
1581.7,-236.32,377.88,11.362,1.0435,-0.7554,0.15373,11.884,-2.9107e-15,1.3466e-15
1581.8,-236.36,377.76,11.378,1.0361,-0.77234,0.1501,11.884,-2.9107e-15,1.3466e-15
1581.9,-236.39,377.63,11.392,1.0291,-0.7894,0.14478,11.884,-2.9107e-15,1.3466e-15
1582,-236.42,377.51,11.406,1.0224,-0.8066,0.13783,11.884,-2.9107e-15,1.3466e-15
1582.1,-236.46,377.38,11.42,1.0164,-0.82398,0.12928,11.884,-2.9107e-15,1.3466e-15
1582.2,-236.49,377.25,11.432,1.011,-0.8416,0.11911,11.884,-2.9107e-15,1.3466e-15
1582.3,-236.52,377.13,11.444,1.0064,-0.85955,0.10728,11.884,-2.9107e-15,1.3466e-15
1582.4,-236.56,377,11.454,1.0027,-0.87794,0.093634,11.884,-2.9107e-15,1.3466e-15
1582.5,-236.59,376.87,11.462,1.0001,-0.89691,0.077967,11.884,-2.9107e-15,1.3466e-15
1582.6,-236.63,376.74,11.469,0.99877,-0.91666,0.059933,11.884,-2.9107e-15,1.3466e-15
1582.7,-236.67,376.61,11.474,0.9989,-0.93743,0.039006,11.884,-2.9107e-15,1.3466e-15
1582.8,-236.7,376.47,11.477,1.0008,-0.95953,0.014387,11.884,-2.9107e-15,1.3466e-15
1582.9,-236.74,376.34,11.477,1.0048,-0.98171,-0.014503,11.884,-2.9107e-15,1.3466e-15
1583,-236.78,376.21,11.474,1.0113,-0.9935,-0.04352,11.884,-2.9107e-15,1.3466e-15
1583.1,-236.83,376.07,11.468,1.0199,-0.99294,-0.069602,11.884,-2.9107e-15,1.3466e-15
1583.2,-236.87,375.93,11.46,1.0304,-0.98114,-0.091015,11.884,-2.9107e-15,1.3466e-15
1583.3,-236.91,375.8,11.45,1.0419,-0.96017,-0.10702,11.884,-2.9107e-15,1.3466e-15
1583.4,-236.95,375.66,11.439,1.0539,-0.93246,-0.11771,11.884,-2.9107e-15,1.3466e-15
1583.5,-236.99,375.53,11.427,1.0659,-0.9004,-0.12372,11.884,-2.9107e-15,1.3466e-15
1583.6,-237.02,375.39,11.414,1.0774,-0.86602,-0.12589,11.884,-2.9107e-15,1.3466e-15
1583.7,-237.06,375.26,11.402,1.0881,-0.83093,-0.12506,11.884,-2.9107e-15,1.3466e-15
1583.8,-237.09,375.13,11.389,1.098,-0.79633,-0.12201,11.884,-2.9107e-15,1.3466e-15
1583.9,-237.12,375,11.377,1.1068,-0.76304,-0.11734,11.884,-2.9107e-15,1.3466e-15
1584,-237.15,374.87,11.366,1.1146,-0.7316,-0.11153,11.884,-2.9107e-15,1.3466e-15
1584.1,-237.18,374.74,11.355,1.1214,-0.70238,-0.10493,11.884,-2.9107e-15,1.3466e-15
1584.2,-237.2,374.61,11.345,1.1273,-0.67557,-0.097792,11.884,-2.9107e-15,1.3466e-15
1584.3,-237.23,374.48,11.336,1.1323,-0.65128,-0.090286,11.884,-2.9107e-15,1.3466e-15
1584.4,-237.25,374.35,11.327,1.1364,-0.62956,-0.082524,11.884,-2.9107e-15,1.3466e-15
1584.5,-237.27,374.22,11.319,1.1399,-0.61044,-0.074572,11.884,-2.9107e-15,1.3466e-15
1584.6,-237.29,374.09,11.312,1.1426,-0.59391,-0.066463,11.884,-2.9107e-15,1.3466e-15
1584.7,-237.31,373.97,11.306,1.1447,-0.57997,-0.058208,11.884,-2.9107e-15,1.3466e-15
1584.8,-237.33,373.84,11.3,1.1463,-0.56864,-0.049796,0.40545,-0.056531,0.027728
1584.9,-237.35,373.72,11.296,1.1219,-0.56026,-0.040847,0.40545,-0.056531,0.027728
1585,-237.37,373.59,11.292,1.0979,-0.55453,-0.03255,0.40545,-0.056531,0.027728
1585.1,-237.39,373.47,11.289,1.0745,-0.55118,-0.024908,0.40545,-0.056531,0.027728
1585.2,-237.42,373.36,11.287,1.0515,-0.55001,-0.017949,0.40545,-0.056531,0.027728
1585.3,-237.44,373.24,11.286,1.029,-0.5508,-0.011718,0.40545,-0.056531,0.027728
1585.4,-237.46,373.13,11.285,1.0071,-0.55332,-0.0062808,0.40545,-0.056531,0.027728
1585.5,-237.49,373.02,11.284,0.98573,-0.55735,-0.001715,0.40545,-0.056531,0.027728
1585.6,-237.51,372.91,11.284,0.96491,-0.5625,0.0019433,0.40545,-0.056531,0.027728
1585.7,-237.54,372.8,11.285,0.94466,-0.56791,0.0048379,0.40545,-0.056531,0.027728
1585.8,-237.57,372.69,11.285,0.925,-0.57345,0.0068803,0.40545,-0.056531,0.027728
1585.9,-237.6,372.59,11.286,0.90593,-0.5791,0.0079565,0.40545,-0.056531,0.027728
1586,-237.63,372.49,11.287,0.8875,-0.58481,0.0079614,0.40545,-0.056531,0.027728
1586.1,-237.66,372.38,11.288,0.86972,-0.59058,0.0067968,0.40545,-0.056531,0.027728
1586.2,-237.69,372.28,11.288,0.85263,-0.5964,0.0043677,0.40545,-0.056531,0.027728
1586.3,-237.72,372.19,11.289,0.83627,-0.60225,0.00057644,0.40545,-0.056531,0.027728
1586.4,-237.76,372.09,11.288,0.8207,-0.60761,-0.0044719,0.40545,-0.056531,0.027728
1586.5,-237.79,371.99,11.288,0.80593,-0.6114,-0.010362,0.40545,-0.056531,0.027728
1586.6,-237.83,371.9,11.286,0.79198,-0.61336,-0.01685,0.40545,-0.056531,0.027728
1586.7,-237.87,371.81,11.284,0.77884,-0.61331,-0.02367,0.40545,-0.056531,0.027728
1586.8,-237.9,371.72,11.282,0.76649,-0.61114,-0.030553,0.40545,-0.056531,0.027728
1586.9,-237.94,371.63,11.278,0.7549,-0.60685,-0.037244,0.40545,-0.056531,0.027728
1587,-237.98,371.54,11.274,0.74401,-0.60052,-0.043525,0.40545,-0.056531,0.027728
1587.1,-238.01,371.45,11.269,0.73374,-0.5923,-0.049226,0.40545,-0.056531,0.027728
1587.2,-238.05,371.36,11.264,0.72405,-0.58241,-0.054228,0.40545,-0.056531,0.027728
1587.3,-238.09,371.28,11.259,0.71484,-0.57108,-0.058466,0.40545,-0.056531,0.027728
1587.4,-238.12,371.2,11.253,0.70605,-0.55858,-0.061919,0.40545,-0.056531,0.027728
1587.5,-238.16,371.11,11.246,0.69761,-0.54515,-0.064603,0.40545,-0.056531,0.027728
1587.6,-238.19,371.03,11.24,0.68946,-0.53105,-0.066563,0.40545,-0.056531,0.027728
1587.7,-238.23,370.95,11.233,0.68154,-0.5165,-0.067859,0.40545,-0.056531,0.027728
1587.8,-238.26,370.88,11.226,0.67383,-0.50169,-0.068563,0.40545,-0.056531,0.027728
1587.9,-238.3,370.8,11.219,0.66627,-0.48681,-0.06875,0.40545,-0.056531,0.027728
1588,-238.33,370.73,11.212,0.65884,-0.47198,-0.068493,0.40545,-0.056531,0.027728
1588.1,-238.36,370.65,11.206,0.65152,-0.45733,-0.067863,0.40545,-0.056531,0.027728
1588.2,-238.39,370.58,11.199,0.6443,-0.44295,-0.066923,0.40545,-0.056531,0.027728
1588.3,-238.42,370.51,11.192,0.63715,-0.42891,-0.065732,0.40545,-0.056531,0.027728
1588.4,-238.45,370.44,11.186,0.63008,-0.41525,-0.064338,0.40545,-0.056531,0.027728
1588.5,-238.48,370.37,11.179,0.62308,-0.40203,-0.062787,0.40545,-0.056531,0.027728
1588.6,-238.51,370.3,11.173,0.61615,-0.38927,-0.061115,0.40545,-0.056531,0.027728
1588.7,-238.53,370.23,11.167,0.60928,-0.37697,-0.059353,0.40545,-0.056531,0.027728
1588.8,-238.56,370.17,11.161,0.60248,-0.36515,-0.057528,0.40545,-0.056531,0.027728
1588.9,-238.59,370.1,11.156,0.59575,-0.35381,-0.055661,0.40545,-0.056531,0.027728
1589,-238.61,370.04,11.15,0.58908,-0.34295,-0.05377,0.40545,-0.056531,0.027728
1589.1,-238.64,369.98,11.145,0.58249,-0.33255,-0.05187,0.40545,-0.056531,0.027728
1589.2,-238.66,369.91,11.14,0.57597,-0.3226,-0.049973,0.40545,-0.056531,0.027728
1589.3,-238.68,369.85,11.135,0.56953,-0.3131,-0.048087,0.40545,-0.056531,0.027728
1589.4,-238.71,369.79,11.13,0.56316,-0.30403,-0.046221,0.40545,-0.056531,0.027728
1589.5,-238.73,369.73,11.126,0.55688,-0.29537,-0.044381,0.40545,-0.056531,0.027728
1589.6,-238.75,369.67,11.121,0.55068,-0.28711,-0.04257,0.40545,-0.056531,0.027728
1589.7,-238.77,369.62,11.117,0.54456,-0.27922,-0.040793,0.40545,-0.056531,0.027728
1589.8,-238.79,369.56,11.113,0.53853,-0.27171,-0.039051,0.40545,-0.056531,0.027728
1589.9,-238.81,369.5,11.109,0.53258,-0.26454,-0.037346,0.40545,-0.056531,0.027728
1590,-238.83,369.45,11.106,0.52672,-0.2577,-0.03568,0.40545,-0.056531,0.027728
1590.1,-238.85,369.39,11.102,0.52096,-0.25119,-0.034053,0.40545,-0.056531,0.027728
1590.2,-238.87,369.34,11.099,0.51527,-0.24497,-0.032466,0.40545,-0.056531,0.027728
1590.3,-238.89,369.28,11.096,0.50968,-0.23905,-0.030917,0.40545,-0.056531,0.027728
1590.4,-238.91,369.23,11.093,0.50418,-0.2334,-0.029408,0.40545,-0.056531,0.027728
1590.5,-238.93,369.18,11.09,0.49876,-0.22802,-0.027937,0.40545,-0.056531,0.027728
1590.6,-238.94,369.13,11.087,0.49344,-0.22289,-0.026503,0.40545,-0.056531,0.027728
1590.7,-238.96,369.08,11.085,0.4882,-0.21799,-0.025107,0.40545,-0.056531,0.027728
1590.8,-238.98,369.03,11.082,0.48305,-0.21333,-0.023746,0.40545,-0.056531,0.027728
1590.9,-239,368.98,11.08,0.47798,-0.20888,-0.022421,0.40545,-0.056531,0.027728
1591,-239.01,368.93,11.078,0.473,-0.20463,-0.02113,0.40545,-0.056531,0.027728
1591.1,-239.03,368.88,11.076,0.46811,-0.20059,-0.019872,3.0901,-7.5685e-16,3.7385e-16
1591.2,-239.05,368.83,11.074,0.46928,-0.19645,-0.019387,3.0901,-7.5685e-16,3.7385e-16
1591.3,-239.06,368.78,11.072,0.47042,-0.19241,-0.018851,3.0901,-7.5685e-16,3.7385e-16
1591.4,-239.08,368.73,11.07,0.47151,-0.18846,-0.018267,3.0901,-7.5685e-16,3.7385e-16
1591.5,-239.09,368.69,11.068,0.47255,-0.18462,-0.017642,3.0901,-7.5685e-16,3.7385e-16
1591.6,-239.11,368.64,11.066,0.47356,-0.18089,-0.016979,3.0901,-7.5685e-16,3.7385e-16
1591.7,-239.12,368.59,11.065,0.47453,-0.17727,-0.016281,3.0901,-7.5685e-16,3.7385e-16
1591.8,-239.14,368.54,11.063,0.47546,-0.17377,-0.015551,3.0901,-7.5685e-16,3.7385e-16
1591.9,-239.15,368.49,11.062,0.47635,-0.17037,-0.014792,3.0901,-7.5685e-16,3.7385e-16
1592,-239.16,368.44,11.06,0.4772,-0.1671,-0.014007,3.0901,-7.5685e-16,3.7385e-16
1592.1,-239.18,368.39,11.059,0.47802,-0.16394,-0.013196,3.0901,-7.5685e-16,3.7385e-16
1592.2,-239.19,368.35,11.057,0.4788,-0.1609,-0.012362,3.0901,-7.5685e-16,3.7385e-16
1592.3,-239.2,368.3,11.056,0.47955,-0.15797,-0.011506,3.0901,-7.5685e-16,3.7385e-16
1592.4,-239.22,368.25,11.055,0.48026,-0.15517,-0.010629,3.0901,-7.5685e-16,3.7385e-16
1592.5,-239.23,368.2,11.054,0.48095,-0.15248,-0.009731,3.0901,-7.5685e-16,3.7385e-16
1592.6,-239.24,368.15,11.053,0.4816,-0.14991,-0.0088128,3.0901,-7.5685e-16,3.7385e-16
1592.7,-239.25,368.1,11.052,0.48222,-0.14746,-0.0078744,3.0901,-7.5685e-16,3.7385e-16
1592.8,-239.26,368.05,11.052,0.48282,-0.14513,-0.0069157,3.0901,-7.5685e-16,3.7385e-16
1592.9,-239.28,368,11.051,0.48338,-0.14292,-0.0059364,3.0901,-7.5685e-16,3.7385e-16
1593,-239.29,367.95,11.05,0.48392,-0.14083,-0.0049359,3.0901,-7.5685e-16,3.7385e-16
1593.1,-239.3,367.91,11.05,0.48443,-0.13886,-0.0039134,3.0901,-7.5685e-16,3.7385e-16
1593.2,-239.31,367.86,11.05,0.48492,-0.137,-0.002868,3.0901,-7.5685e-16,3.7385e-16
1593.3,-239.32,367.81,11.049,0.48538,-0.13527,-0.0017985,3.0901,-7.5685e-16,3.7385e-16
1593.4,-239.33,367.76,11.049,0.48582,-0.13365,-0.00070345,3.0901,-7.5685e-16,3.7385e-16
1593.5,-239.34,367.71,11.049,0.48624,-0.13215,0.00042035,3.0901,-7.5685e-16,3.7385e-16
1593.6,-239.35,367.66,11.049,0.48663,-0.13072,0.001592,3.0901,-7.5685e-16,3.7385e-16
1593.7,-239.36,367.61,11.05,0.487,-0.12934,0.002816,3.0901,-7.5685e-16,3.7385e-16
1593.8,-239.37,367.56,11.05,0.48734,-0.12802,0.0040917,3.0901,-7.5685e-16,3.7385e-16
1593.9,-239.38,367.51,11.05,0.48767,-0.12676,0.0054183,3.0901,-7.5685e-16,3.7385e-16
1594,-239.39,367.46,11.051,0.48797,-0.12556,0.0067945,3.0901,-7.5685e-16,3.7385e-16
1594.1,-239.4,367.41,11.052,0.48825,-0.12442,0.008219,3.0901,-7.5685e-16,3.7385e-16
1594.2,-239.41,367.36,11.053,0.48851,-0.12335,0.00969,3.0901,-7.5685e-16,3.7385e-16
1594.3,-239.42,367.31,11.054,0.48875,-0.12235,0.011205,3.0901,-7.5685e-16,3.7385e-16
1594.4,-239.43,367.26,11.055,0.48896,-0.12141,0.012763,3.0901,-7.5685e-16,3.7385e-16
1594.5,-239.44,367.21,11.056,0.48916,-0.12055,0.014361,3.0901,-7.5685e-16,3.7385e-16
1594.6,-239.45,367.16,11.058,0.48934,-0.11977,0.015995,3.0901,-7.5685e-16,3.7385e-16
1594.7,-239.46,367.12,11.059,0.48949,-0.11905,0.017663,3.0901,-7.5685e-16,3.7385e-16
1594.8,-239.47,367.07,11.061,0.48963,-0.11842,0.019361,3.0901,-7.5685e-16,3.7385e-16
1594.9,-239.48,367.02,11.063,0.48974,-0.11786,0.021085,3.0901,-7.5685e-16,3.7385e-16
1595,-239.48,366.97,11.066,0.48984,-0.11738,0.022832,3.0901,-7.5685e-16,3.7385e-16
1595.1,-239.49,366.92,11.068,0.48992,-0.11699,0.024598,3.0901,-7.5685e-16,3.7385e-16
1595.2,-239.5,366.87,11.07,0.48998,-0.11667,0.026378,3.0901,-7.5685e-16,3.7385e-16
1595.3,-239.51,366.82,11.073,0.49002,-0.11643,0.028168,3.0901,-7.5685e-16,3.7385e-16
1595.4,-239.52,366.77,11.076,0.49005,-0.11627,0.029964,3.0901,-7.5685e-16,3.7385e-16
1595.5,-239.52,366.72,11.079,0.49005,-0.1162,0.03176,3.0901,-7.5685e-16,3.7385e-16
1595.6,-239.53,366.67,11.082,0.49004,-0.1162,0.033553,3.0901,-7.5685e-16,3.7385e-16
1595.7,-239.54,366.62,11.086,0.49002,-0.11628,0.035337,3.0901,-7.5685e-16,3.7385e-16
1595.8,-239.55,366.57,11.09,0.48997,-0.11644,0.037108,3.0901,-7.5685e-16,3.7385e-16
1595.9,-239.55,366.52,11.093,0.48991,-0.11668,0.038861,3.0901,-7.5685e-16,3.7385e-16
1596,-239.56,366.47,11.097,0.48984,-0.11699,0.040594,3.0901,-7.5685e-16,3.7385e-16
1596.1,-239.57,366.42,11.101,0.48975,-0.11738,0.0423,3.0901,-7.5685e-16,3.7385e-16
1596.2,-239.57,366.37,11.106,0.48964,-0.11784,0.043976,3.0901,-7.5685e-16,3.7385e-16
1596.3,-239.58,366.32,11.11,0.48952,-0.11836,0.04562,3.0901,-7.5685e-16,3.7385e-16
1596.4,-239.58,366.27,11.115,0.48938,-0.11895,0.047226,3.0901,-7.5685e-16,3.7385e-16
1596.5,-239.59,366.22,11.12,0.48923,-0.11961,0.048792,3.0901,-7.5685e-16,3.7385e-16
1596.6,-239.6,366.17,11.125,0.48906,-0.12033,0.050315,3.0901,-7.5685e-16,3.7385e-16
1596.7,-239.6,366.12,11.13,0.48888,-0.12111,0.051793,3.0901,-7.5685e-16,3.7385e-16
1596.8,-239.61,366.07,11.135,0.48869,-0.12194,0.053222,3.0901,-7.5685e-16,3.7385e-16
1596.9,-239.61,366.02,11.14,0.48849,-0.12282,0.054602,3.0901,-7.5685e-16,3.7385e-16
1597,-239.62,365.97,11.146,0.48827,-0.12376,0.055931,3.0901,-7.5685e-16,3.7385e-16
1597.1,-239.62,365.92,11.152,0.48804,-0.12474,0.057207,3.0901,-7.5685e-16,3.7385e-16
1597.2,-239.63,365.87,11.157,0.4878,-0.12576,0.058429,3.0901,-7.5685e-16,3.7385e-16
1597.3,-239.63,365.82,11.163,0.48754,-0.12682,0.059596,3.0901,-7.5685e-16,3.7385e-16
1597.4,-239.64,365.77,11.169,0.48728,-0.12792,0.060709,3.0901,-7.5685e-16,3.7385e-16
1597.5,-239.64,365.72,11.175,0.487,-0.12905,0.061766,3.0901,-7.5685e-16,3.7385e-16
1597.6,-239.64,365.67,11.182,0.48672,-0.13021,0.062768,3.0901,-7.5685e-16,3.7385e-16
1597.7,-239.65,365.62,11.188,0.48643,-0.1314,0.063715,3.0901,-7.5685e-16,3.7385e-16
1597.8,-239.65,365.57,11.194,0.48612,-0.13261,0.064608,3.0901,-7.5685e-16,3.7385e-16
1597.9,-239.65,365.52,11.201,0.48581,-0.13384,0.065447,3.0901,-7.5685e-16,3.7385e-16
1598,-239.66,365.47,11.207,0.48549,-0.13508,0.066233,3.0901,-7.5685e-16,3.7385e-16
1598.1,-239.66,365.42,11.214,0.48516,-0.13634,0.066967,3.0901,-7.5685e-16,3.7385e-16
1598.2,-239.66,365.36,11.221,0.48483,-0.13762,0.06765,3.0901,-7.5685e-16,3.7385e-16
1598.3,-239.66,365.31,11.228,0.48449,-0.1389,0.068283,3.0901,-7.5685e-16,3.7385e-16
1598.4,-239.67,365.26,11.234,0.48414,-0.14019,0.068869,3.0901,-7.5685e-16,3.7385e-16
1598.5,-239.67,365.21,11.241,0.48378,-0.14148,0.069407,3.0901,-7.5685e-16,3.7385e-16
1598.6,-239.67,365.16,11.248,0.48343,-0.14277,0.0699,3.0901,-7.5685e-16,3.7385e-16
1598.7,-239.67,365.11,11.255,0.48306,-0.14407,0.070349,3.0901,-7.5685e-16,3.7385e-16
1598.8,-239.67,365.06,11.262,0.48269,-0.14536,0.070755,3.0901,-7.5685e-16,3.7385e-16
1598.9,-239.68,365.01,11.27,0.48232,-0.14665,0.071121,3.0901,-7.5685e-16,3.7385e-16
1599,-239.68,364.96,11.277,0.48195,-0.14793,0.071448,3.0901,-7.5685e-16,3.7385e-16
1599.1,-239.68,364.91,11.284,0.48157,-0.1492,0.071737,3.0901,-7.5685e-16,3.7385e-16
1599.2,-239.68,364.86,11.291,0.48119,-0.15046,0.07199,3.0901,-7.5685e-16,3.7385e-16
1599.3,-239.68,364.81,11.298,0.48081,-0.15172,0.072208,3.0901,-7.5685e-16,3.7385e-16
1599.4,-239.68,364.76,11.305,0.48043,-0.15296,0.072394,3.0901,-7.5685e-16,3.7385e-16
1599.5,-239.68,364.71,11.313,0.48004,-0.15419,0.072548,3.0901,-7.5685e-16,3.7385e-16
1599.6,-239.68,364.66,11.32,0.47966,-0.1554,0.072673,3.0901,-7.5685e-16,3.7385e-16
1599.7,-239.68,364.61,11.327,0.47928,-0.1566,0.072769,3.0901,-7.5685e-16,3.7385e-16
1599.8,-239.68,364.56,11.334,0.47889,-0.15778,0.072838,3.0901,-7.5685e-16,3.7385e-16
1599.9,-239.67,364.51,11.342,0.47851,-0.15894,0.072882,3.0901,-7.5685e-16,3.7385e-16
1600,-239.67,364.46,11.349,0.47813,-0.16008,0.072902,3.0901,-7.5685e-16,3.7385e-16
1600.1,-239.67,364.41,11.356,0.47775,-0.16121,0.072899,3.0901,-7.5685e-16,3.7385e-16
1600.2,-239.67,364.36,11.364,0.47737,-0.16232,0.072875,3.0901,-7.5685e-16,3.7385e-16
1600.3,-239.67,364.31,11.371,0.477,-0.1634,0.072831,3.0901,-7.5685e-16,3.7385e-16
1600.4,-239.66,364.26,11.378,0.47662,-0.16447,0.072767,3.0901,-7.5685e-16,3.7385e-16
1600.5,-239.66,364.21,11.385,0.47625,-0.16552,0.072686,3.0901,-7.5685e-16,3.7385e-16
1600.6,-239.66,364.16,11.393,0.47589,-0.16654,0.072588,3.0901,-7.5685e-16,3.7385e-16
1600.7,-239.66,364.11,11.4,0.47552,-0.16754,0.072475,3.0901,-7.5685e-16,3.7385e-16
1600.8,-239.65,364.06,11.407,0.47516,-0.16853,0.072347,3.0901,-7.5685e-16,3.7385e-16
1600.9,-239.65,364,11.414,0.47481,-0.16949,0.072205,3.0901,-7.5685e-16,3.7385e-16
1601,-239.64,363.95,11.422,0.47446,-0.17042,0.072051,3.0901,-7.5685e-16,3.7385e-16
1601.1,-239.64,363.9,11.429,0.47411,-0.17134,0.071886,3.0901,-7.5685e-16,3.7385e-16
1601.2,-239.64,363.85,11.436,0.47377,-0.17224,0.071709,3.0901,-7.5685e-16,3.7385e-16
1601.3,-239.63,363.8,11.443,0.47343,-0.17311,0.071523,3.0901,-7.5685e-16,3.7385e-16
1601.4,-239.63,363.75,11.45,0.4731,-0.17396,0.071327,3.0901,-7.5685e-16,3.7385e-16
1601.5,-239.62,363.7,11.457,0.47277,-0.17479,0.071123,3.0901,-7.5685e-16,3.7385e-16
1601.6,-239.62,363.65,11.465,0.47245,-0.1756,0.070911,3.0901,-7.5685e-16,3.7385e-16
1601.7,-239.61,363.6,11.472,0.47213,-0.17638,0.070693,3.0901,-7.5685e-16,3.7385e-16
1601.8,-239.6,363.55,11.479,0.47182,-0.17715,0.070468,3.0901,-7.5685e-16,3.7385e-16
1601.9,-239.6,363.5,11.486,0.47152,-0.17789,0.070237,3.0901,-7.5685e-16,3.7385e-16
1602,-239.59,363.45,11.493,0.47122,-0.17861,0.070002,3.0901,-7.5685e-16,3.7385e-16
1602.1,-239.58,363.4,11.5,0.47093,-0.17931,0.069762,3.0901,-7.5685e-16,3.7385e-16
1602.2,-239.58,363.35,11.507,0.47064,-0.17999,0.069518,3.0901,-7.5685e-16,3.7385e-16
1602.3,-239.57,363.3,11.514,0.47036,-0.18065,0.069271,3.0901,-7.5685e-16,3.7385e-16
1602.4,-239.56,363.25,11.521,0.47009,-0.18129,0.069021,3.0901,-7.5685e-16,3.7385e-16
1602.5,-239.55,363.2,11.527,0.46982,-0.18191,0.068768,3.0901,-7.5685e-16,3.7385e-16
1602.6,-239.54,363.15,11.534,0.46956,-0.18251,0.068513,3.0901,-7.5685e-16,3.7385e-16
1602.7,-239.54,363.1,11.541,0.4693,-0.1831,0.068257,3.0901,-7.5685e-16,3.7385e-16
1602.8,-239.53,363.06,11.548,0.46905,-0.18366,0.068,3.0901,-7.5685e-16,3.7385e-16
1602.9,-239.52,363.01,11.555,0.46881,-0.1842,0.067742,3.0901,-7.5685e-16,3.7385e-16
1603,-239.51,362.96,11.562,0.46857,-0.18473,0.067483,3.0901,-7.5685e-16,3.7385e-16
1603.1,-239.5,362.91,11.568,0.46834,-0.18524,0.067225,3.0901,-7.5685e-16,3.7385e-16
1603.2,-239.49,362.86,11.575,0.46812,-0.18573,0.066967,3.0901,-7.5685e-16,3.7385e-16
1603.3,-239.48,362.81,11.582,0.4679,-0.1862,0.066709,3.0901,-7.5685e-16,3.7385e-16
1603.4,-239.47,362.76,11.588,0.46769,-0.18666,0.066452,3.0901,-7.5685e-16,3.7385e-16
1603.5,-239.46,362.71,11.595,0.46748,-0.1871,0.066196,3.0901,-7.5685e-16,3.7385e-16
1603.6,-239.45,362.66,11.602,0.46728,-0.18752,0.065942,3.0901,-7.5685e-16,3.7385e-16
1603.7,-239.44,362.61,11.608,0.46709,-0.18793,0.065689,3.0901,-7.5685e-16,3.7385e-16
1603.8,-239.42,362.56,11.615,0.4669,-0.18832,0.065438,3.0901,-7.5685e-16,3.7385e-16
1603.9,-239.41,362.51,11.621,0.46672,-0.1887,0.065189,3.0901,-7.5685e-16,3.7385e-16
1604,-239.4,362.46,11.628,0.46654,-0.18906,0.064942,3.0901,-7.5685e-16,3.7385e-16
1604.1,-239.39,362.42,11.634,0.46637,-0.18941,0.064698,3.0901,-7.5685e-16,3.7385e-16
1604.2,-239.37,362.37,11.641,0.46621,-0.18975,0.064456,3.0901,-7.5685e-16,3.7385e-16
1604.3,-239.36,362.32,11.647,0.46605,-0.19007,0.064217,1.5432,-0.063003,0.030903
1604.4,-239.35,362.27,11.654,0.46244,-0.19063,0.064786,1.5432,-0.063003,0.030903
1604.5,-239.34,362.22,11.66,0.45891,-0.19118,0.065228,1.5432,-0.063003,0.030903
1604.6,-239.32,362.17,11.667,0.45545,-0.19171,0.065549,1.5432,-0.063003,0.030903
1604.7,-239.31,362.13,11.673,0.45206,-0.19221,0.065757,1.5432,-0.063003,0.030903
1604.8,-239.3,362.08,11.68,0.44874,-0.19268,0.065861,1.5432,-0.063003,0.030903
1604.9,-239.28,362.03,11.686,0.44549,-0.19313,0.065868,1.5432,-0.063003,0.030903
1605,-239.27,361.99,11.693,0.44231,-0.19353,0.065786,1.5432,-0.063003,0.030903
1605.1,-239.25,361.94,11.699,0.43921,-0.1939,0.065621,1.5432,-0.063003,0.030903
1605.2,-239.24,361.89,11.706,0.43617,-0.19424,0.065382,1.5432,-0.063003,0.030903
1605.3,-239.23,361.85,11.713,0.4332,-0.19453,0.065074,1.5432,-0.063003,0.030903
1605.4,-239.21,361.8,11.719,0.4303,-0.19479,0.064705,1.5432,-0.063003,0.030903
1605.5,-239.2,361.76,11.726,0.42747,-0.19501,0.06428,1.5432,-0.063003,0.030903
1605.6,-239.19,361.71,11.732,0.4247,-0.19518,0.063805,1.5432,-0.063003,0.030903
1605.7,-239.17,361.67,11.738,0.422,-0.19531,0.063286,1.5432,-0.063003,0.030903
1605.8,-239.16,361.63,11.745,0.41937,-0.19541,0.062728,1.5432,-0.063003,0.030903
1605.9,-239.14,361.58,11.751,0.41681,-0.19546,0.062135,1.5432,-0.063003,0.030903
1606,-239.13,361.54,11.757,0.4143,-0.19547,0.061513,1.5432,-0.063003,0.030903
1606.1,-239.11,361.49,11.763,0.41186,-0.19545,0.060865,1.5432,-0.063003,0.030903
1606.2,-239.1,361.45,11.769,0.40948,-0.19538,0.060194,1.5432,-0.063003,0.030903
1606.3,-239.08,361.41,11.775,0.40717,-0.19528,0.059506,1.5432,-0.063003,0.030903
1606.4,-239.07,361.37,11.781,0.40491,-0.19513,0.058802,1.5432,-0.063003,0.030903
1606.5,-239.05,361.32,11.787,0.40271,-0.19496,0.058086,1.5432,-0.063003,0.030903
1606.6,-239.04,361.28,11.793,0.40057,-0.19474,0.057361,1.5432,-0.063003,0.030903
1606.7,-239.02,361.24,11.798,0.39849,-0.19449,0.056629,1.5432,-0.063003,0.030903
1606.8,-239.01,361.2,11.804,0.39646,-0.19421,0.055893,1.5432,-0.063003,0.030903
1606.9,-238.99,361.16,11.81,0.39449,-0.19389,0.055155,1.5432,-0.063003,0.030903
1607,-238.98,361.12,11.815,0.39257,-0.19354,0.054416,1.5432,-0.063003,0.030903
1607.1,-238.96,361.08,11.82,0.39071,-0.19317,0.053679,1.5432,-0.063003,0.030903
1607.2,-238.95,361.03,11.826,0.38889,-0.19276,0.052945,1.5432,-0.063003,0.030903
1607.3,-238.93,360.99,11.831,0.38713,-0.19232,0.052217,1.5432,-0.063003,0.030903
1607.4,-238.92,360.95,11.836,0.38541,-0.19185,0.051494,1.5432,-0.063003,0.030903
1607.5,-238.9,360.91,11.841,0.38374,-0.19136,0.050778,1.5432,-0.063003,0.030903
1607.6,-238.88,360.87,11.846,0.38212,-0.19085,0.050071,1.5432,-0.063003,0.030903
1607.7,-238.87,360.84,11.851,0.38055,-0.19031,0.049373,1.5432,-0.063003,0.030903
1607.8,-238.85,360.8,11.856,0.37902,-0.18974,0.048686,1.5432,-0.063003,0.030903
1607.9,-238.84,360.76,11.861,0.37753,-0.18916,0.04801,1.5432,-0.063003,0.030903
1608,-238.82,360.72,11.866,0.37608,-0.18855,0.047346,1.5432,-0.063003,0.030903
1608.1,-238.8,360.68,11.871,0.37468,-0.18792,0.046694,1.5432,-0.063003,0.030903
1608.2,-238.79,360.64,11.875,0.37331,-0.18727,0.046056,1.5432,-0.063003,0.030903
1608.3,-238.77,360.6,11.88,0.37199,-0.18661,0.045431,1.5432,-0.063003,0.030903
1608.4,-238.75,360.57,11.884,0.3707,-0.18592,0.04482,1.5432,-0.063003,0.030903
1608.5,-238.73,360.53,11.889,0.36945,-0.18522,0.044224,1.5432,-0.063003,0.030903
1608.6,-238.72,360.49,11.893,0.36824,-0.18451,0.043643,1.5432,-0.063003,0.030903
1608.7,-238.7,360.45,11.897,0.36706,-0.18378,0.043077,1.5432,-0.063003,0.030903
1608.8,-238.68,360.42,11.902,0.36592,-0.18303,0.042526,1.5432,-0.063003,0.030903
1608.9,-238.66,360.38,11.906,0.3648,-0.18228,0.04199,1.5432,-0.063003,0.030903
1609,-238.65,360.34,11.91,0.36373,-0.18151,0.041471,1.5432,-0.063003,0.030903
1609.1,-238.63,360.31,11.914,0.36268,-0.18073,0.040967,1.5432,-0.063003,0.030903
1609.2,-238.61,360.27,11.918,0.36166,-0.17994,0.040479,1.5432,-0.063003,0.030903
1609.3,-238.59,360.23,11.922,0.36067,-0.17914,0.040007,1.5432,-0.063003,0.030903
1609.4,-238.57,360.2,11.926,0.35971,-0.17833,0.039551,1.5432,-0.063003,0.030903
1609.5,-238.56,360.16,11.93,0.35878,-0.17751,0.039112,1.5432,-0.063003,0.030903
1609.6,-238.54,360.13,11.934,0.35787,-0.17668,0.038688,1.5432,-0.063003,0.030903
1609.7,-238.52,360.09,11.938,0.357,-0.17585,0.03828,1.5432,-0.063003,0.030903
1609.8,-238.5,360.06,11.942,0.35614,-0.17501,0.037888,1.5432,-0.063003,0.030903
1609.9,-238.48,360.02,11.946,0.35531,-0.17416,0.037512,1.5432,-0.063003,0.030903
1610,-238.46,359.99,11.949,0.35451,-0.17331,0.037152,1.5432,-0.063003,0.030903
1610.1,-238.44,359.95,11.953,0.35372,-0.17245,0.036808,1.5432,-0.063003,0.030903
1610.2,-238.43,359.92,11.957,0.35296,-0.17159,0.036479,1.5432,-0.063003,0.030903
1610.3,-238.41,359.88,11.96,0.35223,-0.17073,0.036165,1.5432,-0.063003,0.030903
1610.4,-238.39,359.85,11.964,0.35151,-0.16986,0.035866,1.5432,-0.063003,0.030903
1610.5,-238.37,359.82,11.967,0.35081,-0.16899,0.035583,1.5432,-0.063003,0.030903
1610.6,-238.35,359.78,11.971,0.35013,-0.16812,0.035314,1.5432,-0.063003,0.030903
1610.7,-238.33,359.75,11.975,0.34947,-0.16725,0.03506,1.5432,-0.063003,0.030903
1610.8,-238.31,359.71,11.978,0.34883,-0.16638,0.03482,1.5432,-0.063003,0.030903
1610.9,-238.29,359.68,11.982,0.34821,-0.1655,0.034594,1.5432,-0.063003,0.030903
1611,-238.27,359.65,11.985,0.3476,-0.16463,0.034383,1.5432,-0.063003,0.030903
1611.1,-238.25,359.62,11.988,0.34702,-0.16376,0.034185,1.5432,-0.063003,0.030903
1611.2,-238.23,359.58,11.992,0.34644,-0.16288,0.034,1.5432,-0.063003,0.030903
1611.3,-238.21,359.55,11.995,0.34589,-0.16201,0.033829,1.5432,-0.063003,0.030903
1611.4,-238.19,359.52,11.999,0.34534,-0.16114,0.03367,1.5432,-0.063003,0.030903
1611.5,-238.17,359.49,12.002,0.34482,-0.16028,0.033525,1.5432,-0.063003,0.030903
1611.6,-238.15,359.45,12.005,0.3443,-0.15941,0.033391,1.5432,-0.063003,0.030903
1611.7,-238.13,359.42,12.009,0.3438,-0.15855,0.03327,1.5432,-0.063003,0.030903
1611.8,-238.11,359.39,12.012,0.34332,-0.1577,0.033161,1.5432,-0.063003,0.030903
1611.9,-238.08,359.36,12.015,0.34284,-0.15684,0.033063,1.5432,-0.063003,0.030903
1612,-238.06,359.33,12.019,0.34238,-0.15599,0.032976,1.5432,-0.063003,0.030903
1612.1,-238.04,359.3,12.022,0.34193,-0.15515,0.032901,1.5432,-0.063003,0.030903
1612.2,-238.02,359.27,12.025,0.34149,-0.15431,0.032835,1.5432,-0.063003,0.030903
1612.3,-238,359.24,12.028,0.34107,-0.15347,0.032781,1.5432,-0.063003,0.030903
1612.4,-237.98,359.21,12.032,0.34065,-0.15264,0.032736,1.5432,-0.063003,0.030903
1612.5,-237.96,359.18,12.035,0.34025,-0.15182,0.032701,1.5432,-0.063003,0.030903
1612.6,-237.94,359.15,12.038,0.33985,-0.151,0.032676,1.5432,-0.063003,0.030903
1612.7,-237.91,359.11,12.041,0.33946,-0.15018,0.032659,1.5432,-0.063003,0.030903
1612.8,-237.89,359.09,12.045,0.33909,-0.14938,0.032652,1.5432,-0.063003,0.030903
1612.9,-237.87,359.06,12.048,0.33872,-0.14858,0.032653,1.5432,-0.063003,0.030903
1613,-237.85,359.03,12.051,0.33836,-0.14778,0.032662,1.5432,-0.063003,0.030903
1613.1,-237.82,359,12.055,0.33801,-0.147,0.032679,1.5432,-0.063003,0.030903
1613.2,-237.8,358.97,12.058,0.33767,-0.14622,0.032703,1.5432,-0.063003,0.030903
1613.3,-237.78,358.94,12.061,0.33734,-0.14545,0.032735,1.5432,-0.063003,0.030903
1613.4,-237.76,358.91,12.064,0.33701,-0.14468,0.032774,1.5432,-0.063003,0.030903
1613.5,-237.74,358.88,12.068,0.3367,-0.14393,0.03282,1.5432,-0.063003,0.030903
1613.6,-237.71,358.85,12.071,0.33639,-0.14318,0.032871,11.885,-2.9111e-15,1.4e-15
1613.7,-237.69,358.82,12.074,0.35918,-0.14222,0.032257,11.885,-2.9111e-15,1.4e-15
1613.8,-237.66,358.79,12.077,0.38154,-0.14137,0.032034,11.885,-2.9111e-15,1.4e-15
1613.9,-237.63,358.76,12.081,0.40347,-0.14063,0.032179,11.885,-2.9111e-15,1.4e-15
1614,-237.6,358.73,12.084,0.42494,-0.14001,0.032673,11.885,-2.9111e-15,1.4e-15
1614.1,-237.57,358.7,12.087,0.44594,-0.13952,0.033505,11.885,-2.9111e-15,1.4e-15
1614.2,-237.54,358.66,12.091,0.46646,-0.13916,0.034663,11.885,-2.9111e-15,1.4e-15
1614.3,-237.5,358.63,12.094,0.48649,-0.13896,0.036142,11.885,-2.9111e-15,1.4e-15
1614.4,-237.46,358.59,12.098,0.50603,-0.13894,0.037935,11.885,-2.9111e-15,1.4e-15
1614.5,-237.42,358.56,12.102,0.52507,-0.13909,0.040039,11.885,-2.9111e-15,1.4e-15
1614.6,-237.38,358.52,12.106,0.5436,-0.13946,0.042451,11.885,-2.9111e-15,1.4e-15
1614.7,-237.34,358.49,12.11,0.56163,-0.14005,0.04517,11.885,-2.9111e-15,1.4e-15
1614.8,-237.29,358.45,12.115,0.57914,-0.14088,0.048192,11.885,-2.9111e-15,1.4e-15
1614.9,-237.25,358.41,12.12,0.59615,-0.14198,0.051515,11.885,-2.9111e-15,1.4e-15
1615,-237.2,358.37,12.125,0.61264,-0.14338,0.055135,11.885,-2.9111e-15,1.4e-15
1615.1,-237.15,358.33,12.131,0.62862,-0.14509,0.059045,11.885,-2.9111e-15,1.4e-15
1615.2,-237.1,358.29,12.137,0.6441,-0.14714,0.063237,11.885,-2.9111e-15,1.4e-15
1615.3,-237.04,358.25,12.144,0.65907,-0.14955,0.067702,11.885,-2.9111e-15,1.4e-15
1615.4,-236.99,358.21,12.151,0.67353,-0.15235,0.072425,11.885,-2.9111e-15,1.4e-15
1615.5,-236.93,358.17,12.158,0.68748,-0.15556,0.077389,11.885,-2.9111e-15,1.4e-15
1615.6,-236.88,358.13,12.166,0.70094,-0.1592,0.082574,11.885,-2.9111e-15,1.4e-15
1615.7,-236.82,358.09,12.175,0.71389,-0.16329,0.087956,11.885,-2.9111e-15,1.4e-15
1615.8,-236.76,358.04,12.184,0.72635,-0.16785,0.093509,11.885,-2.9111e-15,1.4e-15
1615.9,-236.69,358,12.193,0.73831,-0.17289,0.099199,11.885,-2.9111e-15,1.4e-15
1616,-236.63,357.96,12.203,0.74978,-0.17843,0.105,11.885,-2.9111e-15,1.4e-15
1616.1,-236.57,357.91,12.214,0.76075,-0.18447,0.11086,11.885,-2.9111e-15,1.4e-15
1616.2,-236.5,357.87,12.226,0.77124,-0.19101,0.11676,11.885,-2.9111e-15,1.4e-15
1616.3,-236.43,357.83,12.238,0.78123,-0.19806,0.12264,11.885,-2.9111e-15,1.4e-15
1616.4,-236.37,357.78,12.25,0.79074,-0.20562,0.12848,11.885,-2.9111e-15,1.4e-15
1616.5,-236.3,357.74,12.263,0.79976,-0.21366,0.13423,11.885,-2.9111e-15,1.4e-15
1616.6,-236.23,357.69,12.277,0.8083,-0.22219,0.13985,11.885,-2.9111e-15,1.4e-15
1616.7,-236.15,357.65,12.291,0.81637,-0.23117,0.14531,11.885,-2.9111e-15,1.4e-15
1616.8,-236.08,357.6,12.306,0.82395,-0.2406,0.15058,11.885,-2.9111e-15,1.4e-15
1616.9,-236.01,357.56,12.321,0.83107,-0.25044,0.15561,11.885,-2.9111e-15,1.4e-15
1617,-235.93,357.52,12.337,0.83773,-0.26067,0.16039,11.885,-2.9111e-15,1.4e-15
1617.1,-235.86,357.47,12.353,0.84392,-0.27125,0.16488,11.885,-2.9111e-15,1.4e-15
1617.2,-235.78,357.43,12.37,0.84967,-0.28216,0.16908,11.885,-2.9111e-15,1.4e-15
1617.3,-235.7,357.38,12.387,0.85497,-0.29337,0.17295,11.885,-2.9111e-15,1.4e-15
1617.4,-235.62,357.34,12.405,0.85984,-0.30483,0.17649,11.885,-2.9111e-15,1.4e-15
1617.5,-235.54,357.29,12.423,0.8643,-0.31651,0.17969,11.885,-2.9111e-15,1.4e-15
1617.6,-235.46,357.25,12.441,0.86834,-0.32839,0.18254,11.885,-2.9111e-15,1.4e-15
1617.7,-235.38,357.21,12.459,0.87199,-0.34041,0.18503,11.885,-2.9111e-15,1.4e-15
1617.8,-235.29,357.16,12.478,0.87526,-0.35257,0.18717,11.885,-2.9111e-15,1.4e-15
1617.9,-235.21,357.12,12.496,0.87817,-0.36481,0.18896,11.885,-2.9111e-15,1.4e-15
1618,-235.12,357.08,12.515,0.88073,-0.37712,0.19039,11.885,-2.9111e-15,1.4e-15
1618.1,-235.04,357.04,12.535,0.88296,-0.38946,0.19148,11.885,-2.9111e-15,1.4e-15
1618.2,-234.95,357,12.554,0.88488,-0.40181,0.19222,11.885,-2.9111e-15,1.4e-15
1618.3,-234.86,356.96,12.573,0.88651,-0.41415,0.19263,11.885,-2.9111e-15,1.4e-15
1618.4,-234.77,356.91,12.592,0.88787,-0.42646,0.19272,11.885,-2.9111e-15,1.4e-15
1618.5,-234.68,356.87,12.611,0.88897,-0.43872,0.19248,11.885,-2.9111e-15,1.4e-15
1618.6,-234.59,356.83,12.631,0.88985,-0.45091,0.19194,11.885,-2.9111e-15,1.4e-15
1618.7,-234.5,356.8,12.65,0.89052,-0.46302,0.19109,11.885,-2.9111e-15,1.4e-15
1618.8,-234.4,356.76,12.669,0.891,-0.47503,0.18995,11.885,-2.9111e-15,1.4e-15
1618.9,-234.31,356.72,12.688,0.89131,-0.48695,0.18853,11.885,-2.9111e-15,1.4e-15
1619,-234.22,356.68,12.707,0.89148,-0.49876,0.18683,11.885,-2.9111e-15,1.4e-15
1619.1,-234.12,356.65,12.725,0.89153,-0.51046,0.18487,11.885,-2.9111e-15,1.4e-15
1619.2,-234.02,356.61,12.744,0.89146,-0.52205,0.18264,11.885,-2.9111e-15,1.4e-15
1619.3,-233.93,356.57,12.762,0.89132,-0.53353,0.18015,11.885,-2.9111e-15,1.4e-15
1619.4,-233.83,356.54,12.78,0.89111,-0.54489,0.17742,11.885,-2.9111e-15,1.4e-15
1619.5,-233.73,356.51,12.797,0.89087,-0.55615,0.17444,11.885,-2.9111e-15,1.4e-15
1619.6,-233.63,356.47,12.814,0.89059,-0.56731,0.17122,11.885,-2.9111e-15,1.4e-15
1619.7,-233.53,356.44,12.831,0.89032,-0.57837,0.16775,11.885,-2.9111e-15,1.4e-15
1619.8,-233.43,356.41,12.848,0.89006,-0.58934,0.16405,11.885,-2.9111e-15,1.4e-15
1619.9,-233.32,356.38,12.864,0.88984,-0.60024,0.1601,11.885,-2.9111e-15,1.4e-15
1620,-233.22,356.34,12.88,0.88968,-0.61108,0.1559,11.885,-2.9111e-15,1.4e-15
1620.1,-233.12,356.31,12.895,0.88959,-0.62187,0.15145,11.885,-2.9111e-15,1.4e-15
1620.2,-233.01,356.28,12.91,0.88959,-0.63262,0.14674,11.885,-2.9111e-15,1.4e-15
1620.3,-232.91,356.26,12.925,0.88972,-0.64336,0.14175,11.885,-2.9111e-15,1.4e-15
1620.4,-232.8,356.23,12.939,0.88997,-0.6541,0.13648,11.885,-2.9111e-15,1.4e-15
1620.5,-232.69,356.2,12.952,0.89039,-0.66486,0.1309,11.885,-2.9111e-15,1.4e-15
1620.6,-232.59,356.17,12.965,0.89099,-0.67566,0.12499,11.885,-2.9111e-15,1.4e-15
1620.7,-232.48,356.14,12.977,0.89179,-0.68654,0.11872,11.885,-2.9111e-15,1.4e-15
1620.8,-232.37,356.12,12.989,0.89283,-0.69751,0.11205,11.885,-2.9111e-15,1.4e-15
1620.9,-232.26,356.09,12.999,0.89412,-0.70862,0.10493,11.885,-2.9111e-15,1.4e-15
1621,-232.15,356.06,13.01,0.89571,-0.71988,0.097319,11.885,-2.9111e-15,1.4e-15
1621.1,-232.03,356.04,13.019,0.89763,-0.73135,0.089135,11.885,-2.9111e-15,1.4e-15
1621.2,-231.92,356.01,13.027,0.89992,-0.74306,0.080292,11.885,-2.9111e-15,1.4e-15
1621.3,-231.81,355.98,13.035,0.90264,-0.75507,0.070679,11.885,-2.9111e-15,1.4e-15
1621.4,-231.69,355.96,13.041,0.90583,-0.76743,0.060153,11.885,-2.9111e-15,1.4e-15
1621.5,-231.57,355.93,13.047,0.90958,-0.78021,0.048529,11.885,-2.9111e-15,1.4e-15
1621.6,-231.46,355.9,13.051,0.91397,-0.79349,0.035561,11.885,-2.9111e-15,1.4e-15
1621.7,-231.34,355.87,13.054,0.91911,-0.80738,0.02092,11.885,-2.9111e-15,1.4e-15
1621.8,-231.22,355.84,13.055,0.92515,-0.82199,0.0041516,11.885,-2.9111e-15,1.4e-15
1621.9,-231.1,355.81,13.055,0.93225,-0.83525,-0.014466,11.885,-2.9111e-15,1.4e-15
1622,-230.98,355.78,13.052,0.94048,-0.84198,-0.032612,11.885,-2.9111e-15,1.4e-15
1622.1,-230.85,355.75,13.048,0.94971,-0.84198,-0.04918,11.885,-2.9111e-15,1.4e-15
1622.2,-230.73,355.72,13.043,0.95976,-0.83573,-0.063404,11.885,-2.9111e-15,1.4e-15
1622.3,-230.61,355.69,13.036,0.97036,-0.82407,-0.074855,11.885,-2.9111e-15,1.4e-15
1622.4,-230.48,355.66,13.028,0.98122,-0.80806,-0.083424,11.885,-2.9111e-15,1.4e-15
1622.5,-230.36,355.64,13.019,0.99209,-0.78883,-0.089243,11.885,-2.9111e-15,1.4e-15
1622.6,-230.24,355.61,13.01,1.0027,-0.76744,-0.092594,11.885,-2.9111e-15,1.4e-15
1622.7,-230.11,355.58,13.001,1.013,-0.74483,-0.09383,11.885,-2.9111e-15,1.4e-15
1622.8,-229.99,355.56,12.991,1.0227,-0.72178,-0.093314,11.885,-2.9111e-15,1.4e-15
1622.9,-229.87,355.54,12.982,1.0318,-0.69891,-0.091382,11.885,-2.9111e-15,1.4e-15
1623,-229.74,355.51,12.973,1.0402,-0.67672,-0.088327,11.885,-2.9111e-15,1.4e-15
1623.1,-229.62,355.49,12.964,1.0479,-0.65556,-0.084391,11.885,-2.9111e-15,1.4e-15
1623.2,-229.5,355.48,12.956,1.055,-0.63571,-0.079768,11.885,-2.9111e-15,1.4e-15
1623.3,-229.38,355.46,12.948,1.0614,-0.61736,-0.074606,11.885,-2.9111e-15,1.4e-15
1623.4,-229.26,355.44,12.941,1.0671,-0.60065,-0.069015,11.885,-2.9111e-15,1.4e-15
1623.5,-229.14,355.42,12.935,1.0722,-0.58569,-0.063075,11.885,-2.9111e-15,1.4e-15
1623.6,-229.01,355.41,12.929,1.0768,-0.57256,-0.056839,11.885,-2.9111e-15,1.4e-15
1623.7,-228.89,355.39,12.923,1.0808,-0.56133,-0.05034,11.885,-2.9111e-15,1.4e-15
1623.8,-228.77,355.38,12.919,1.0842,-0.55207,-0.043596,11.885,-2.9111e-15,1.4e-15
1623.9,-228.65,355.36,12.915,1.0872,-0.54483,-0.03661,11.885,-2.9111e-15,1.4e-15
1624,-228.53,355.35,12.911,1.0897,-0.53971,-0.029379,11.885,-2.9111e-15,1.4e-15
1624.1,-228.41,355.34,12.909,1.0917,-0.53678,-0.021896,11.885,-2.9111e-15,1.4e-15
1624.2,-228.29,355.32,12.907,1.0934,-0.53614,-0.014149,11.885,-2.9111e-15,1.4e-15
1624.3,-228.17,355.31,12.906,1.0945,-0.53793,-0.0061325,11.885,-2.9111e-15,1.4e-15
1624.4,-228.05,355.29,12.906,1.0953,-0.54222,0.0021769,11.885,-2.9111e-15,1.4e-15
1624.5,-227.93,355.28,12.906,1.0956,-0.54767,0.011286,11.885,-2.9111e-15,1.4e-15
1624.6,-227.8,355.26,12.908,1.0954,-0.55376,0.02137,11.885,-2.9111e-15,1.4e-15
1624.7,-227.68,355.25,12.911,1.0948,-0.56055,0.032347,11.885,-2.9111e-15,1.4e-15
1624.8,-227.56,355.23,12.914,1.0935,-0.56811,0.044074,11.885,-2.9111e-15,1.4e-15
1624.9,-227.44,355.22,12.919,1.0917,-0.57648,0.056347,11.885,-2.9111e-15,1.4e-15
1625,-227.32,355.2,12.926,1.0894,-0.5857,0.068904,11.885,-2.9111e-15,1.4e-15
1625.1,-227.19,355.18,12.933,1.0864,-0.59578,0.081441,11.885,-2.9111e-15,1.4e-15
1625.2,-227.07,355.17,12.942,1.0828,-0.60671,0.093627,11.885,-2.9111e-15,1.4e-15
1625.3,-226.95,355.15,12.952,1.0787,-0.61847,0.10513,11.885,-2.9111e-15,1.4e-15
1625.4,-226.82,355.13,12.963,1.074,-0.631,0.11566,11.885,-2.9111e-15,1.4e-15
1625.5,-226.7,355.12,12.975,1.0689,-0.64424,0.12492,11.885,-2.9111e-15,1.4e-15
1625.6,-226.58,355.1,12.988,1.0633,-0.6581,0.13273,11.885,-2.9111e-15,1.4e-15
1625.7,-226.45,355.08,13.002,1.0574,-0.67249,0.13894,11.885,-2.9111e-15,1.4e-15
1625.8,-226.33,355.07,13.016,1.0512,-0.68733,0.14345,11.885,-2.9111e-15,1.4e-15
1625.9,-226.2,355.05,13.03,1.0449,-0.70252,0.14623,11.885,-2.9111e-15,1.4e-15
1626,-226.08,355.03,13.045,1.0384,-0.718,0.1473,11.885,-2.9111e-15,1.4e-15
1626.1,-225.95,355.02,13.06,1.032,-0.7337,0.14669,11.885,-2.9111e-15,1.4e-15
1626.2,-225.83,355,13.074,1.0257,-0.74959,0.14445,11.885,-2.9111e-15,1.4e-15
1626.3,-225.7,354.99,13.088,1.0197,-0.76564,0.14064,11.885,-2.9111e-15,1.4e-15
1626.4,-225.57,354.97,13.102,1.0139,-0.78185,0.13531,11.885,-2.9111e-15,1.4e-15
1626.5,-225.45,354.96,13.115,1.0086,-0.79823,0.12848,11.885,-2.9111e-15,1.4e-15
1626.6,-225.32,354.94,13.128,1.0037,-0.81483,0.12017,11.885,-2.9111e-15,1.4e-15
1626.7,-225.19,354.92,13.139,0.99951,-0.8317,0.11034,11.885,-2.9111e-15,1.4e-15
1626.8,-225.06,354.91,13.15,0.99604,-0.84892,0.098914,11.885,-2.9111e-15,1.4e-15
1626.9,-224.93,354.89,13.159,0.99342,-0.8666,0.085746,2.5892,0.085483,-0.041929
1627,-224.8,354.88,13.167,0.97131,-0.88435,0.068642,2.5892,0.085483,-0.041929
1627.1,-224.67,354.86,13.173,0.95132,-0.90258,0.047708,2.5892,0.085483,-0.041929
1627.2,-224.54,354.84,13.176,0.93375,-0.92165,0.022403,2.5892,0.085483,-0.041929
1627.3,-224.41,354.81,13.177,0.91899,-0.94159,-0.008087,2.5892,0.085483,-0.041929
1627.4,-224.28,354.79,13.175,0.90738,-0.95263,-0.040237,2.5892,0.085483,-0.041929
1627.5,-224.15,354.76,13.169,0.89879,-0.95043,-0.069842,2.5892,0.085483,-0.041929
1627.6,-224.03,354.73,13.161,0.89274,-0.93608,-0.094636,2.5892,0.085483,-0.041929
1627.7,-223.9,354.7,13.15,0.88857,-0.9118,-0.11357,2.5892,0.085483,-0.041929
1627.8,-223.78,354.68,13.138,0.88557,-0.88024,-0.12667,2.5892,0.085483,-0.041929
1627.9,-223.66,354.65,13.125,0.88313,-0.84398,-0.13463,2.5892,0.085483,-0.041929
1628,-223.54,354.63,13.111,0.88078,-0.80522,-0.13841,2.5892,0.085483,-0.041929
1628.1,-223.42,354.61,13.098,0.87818,-0.76563,-0.13904,2.5892,0.085483,-0.041929
1628.2,-223.31,354.59,13.084,0.87516,-0.7264,-0.13737,2.5892,0.085483,-0.041929
1628.3,-223.2,354.57,13.07,0.8716,-0.68833,-0.13412,2.5892,0.085483,-0.041929
1628.4,-223.09,354.55,13.057,0.8675,-0.6519,-0.12983,2.5892,0.085483,-0.041929
1628.5,-222.98,354.53,13.044,0.86285,-0.61737,-0.12491,2.5892,0.085483,-0.041929
1628.6,-222.88,354.52,13.032,0.8577,-0.58488,-0.11964,2.5892,0.085483,-0.041929
1628.7,-222.78,354.51,13.02,0.85211,-0.55442,-0.11422,2.5892,0.085483,-0.041929
1628.8,-222.68,354.49,13.009,0.84614,-0.52595,-0.1088,2.5892,0.085483,-0.041929
1628.9,-222.58,354.48,12.999,0.83984,-0.49939,-0.10346,2.5892,0.085483,-0.041929
1629,-222.48,354.47,12.988,0.83329,-0.47464,-0.098282,2.5892,0.085483,-0.041929
1629.1,-222.39,354.47,12.979,0.82652,-0.45156,-0.09329,2.5892,0.085483,-0.041929
1629.2,-222.3,354.46,12.97,0.81959,-0.43006,-0.088509,2.5892,0.085483,-0.041929
1629.3,-222.2,354.45,12.961,0.81255,-0.41001,-0.083952,2.5892,0.085483,-0.041929
1629.4,-222.11,354.44,12.953,0.80542,-0.39129,-0.079619,2.5892,0.085483,-0.041929
1629.5,-222.03,354.44,12.945,0.79825,-0.37382,-0.07551,2.5892,0.085483,-0.041929
1629.6,-221.94,354.43,12.938,0.79107,-0.35748,-0.071619,2.5892,0.085483,-0.041929
1629.7,-221.85,354.43,12.931,0.7839,-0.34219,-0.067937,2.5892,0.085483,-0.041929
1629.8,-221.77,354.43,12.924,0.77675,-0.32786,-0.064456,2.5892,0.085483,-0.041929
1629.9,-221.68,354.42,12.918,0.76966,-0.31442,-0.061167,2.5892,0.085483,-0.041929
1630,-221.6,354.42,12.912,0.76263,-0.3018,-0.058058,2.5892,0.085483,-0.041929
1630.1,-221.52,354.42,12.906,0.75567,-0.28994,-0.055121,2.5892,0.085483,-0.041929
1630.2,-221.44,354.42,12.901,0.74881,-0.27877,-0.052344,2.5892,0.085483,-0.041929
1630.3,-221.36,354.41,12.896,0.74204,-0.26824,-0.04972,2.5892,0.085483,-0.041929
1630.4,-221.28,354.41,12.891,0.73538,-0.25831,-0.047239,2.5892,0.085483,-0.041929
1630.5,-221.2,354.41,12.886,0.72883,-0.24893,-0.044893,2.5892,0.085483,-0.041929
1630.6,-221.13,354.41,12.882,0.72239,-0.24007,-0.042673,2.5892,0.085483,-0.041929
1630.7,-221.05,354.41,12.878,0.71607,-0.23167,-0.040572,2.5892,0.085483,-0.041929
1630.8,-220.98,354.41,12.874,0.70987,-0.22371,-0.038584,2.5892,0.085483,-0.041929
1630.9,-220.9,354.41,12.87,0.7038,-0.21616,-0.036702,2.5892,0.085483,-0.041929
1631,-220.83,354.41,12.867,0.69785,-0.20899,-0.034919,2.5892,0.085483,-0.041929
1631.1,-220.76,354.41,12.863,0.69202,-0.20217,-0.033231,2.5892,0.085483,-0.041929
1631.2,-220.69,354.41,12.86,0.68633,-0.19569,-0.031632,2.5892,0.085483,-0.041929
1631.3,-220.61,354.41,12.857,0.68075,-0.18951,-0.030118,2.5892,0.085483,-0.041929
1631.4,-220.54,354.42,12.854,0.6753,-0.18361,-0.028683,2.5892,0.085483,-0.041929
1631.5,-220.47,354.42,12.851,0.66998,-0.17798,-0.027324,2.5892,0.085483,-0.041929
1631.6,-220.41,354.42,12.848,0.66477,-0.17261,-0.026038,2.5892,0.085483,-0.041929
1631.7,-220.34,354.42,12.846,0.65969,-0.16746,-0.02482,2.5892,0.085483,-0.041929
1631.8,-220.27,354.42,12.844,0.65473,-0.16253,-0.023667,2.5892,0.085483,-0.041929
1631.9,-220.2,354.43,12.841,0.64988,-0.15781,-0.022578,2.5892,0.085483,-0.041929
1632,-220.14,354.43,12.839,0.64515,-0.15328,-0.021548,2.5892,0.085483,-0.041929
1632.1,-220.07,354.43,12.837,0.64054,-0.14893,-0.020576,2.5892,0.085483,-0.041929
1632.2,-220,354.43,12.835,0.63603,-0.14475,-0.019659,2.5892,0.085483,-0.041929
1632.3,-219.94,354.44,12.833,0.63164,-0.14073,-0.018795,2.5892,0.085483,-0.041929
1632.4,-219.87,354.44,12.831,0.62735,-0.13685,-0.017983,2.5892,0.085483,-0.041929
1632.5,-219.81,354.44,12.829,0.62317,-0.13311,-0.01722,2.5892,0.085483,-0.041929
1632.6,-219.75,354.45,12.828,0.6191,-0.1295,-0.016506,2.5892,0.085483,-0.041929
1632.7,-219.68,354.45,12.826,0.61512,-0.12601,-0.015839,0.93833,-2.2982e-16,1.1018e-16
1632.8,-219.62,354.45,12.825,0.60757,-0.12305,-0.014029,0.93833,-2.2982e-16,1.1018e-16
1632.9,-219.56,354.46,12.823,0.6002,-0.12033,-0.012254,0.93833,-2.2982e-16,1.1018e-16
1633,-219.5,354.46,12.822,0.59302,-0.11783,-0.010509,0.93833,-2.2982e-16,1.1018e-16
1633.1,-219.44,354.47,12.821,0.58601,-0.11554,-0.0087882,0.93833,-2.2982e-16,1.1018e-16
1633.2,-219.38,354.47,12.82,0.57917,-0.11346,-0.0070873,0.93833,-2.2982e-16,1.1018e-16
1633.3,-219.32,354.47,12.82,0.5725,-0.11156,-0.0054016,0.93833,-2.2982e-16,1.1018e-16
1633.4,-219.26,354.48,12.819,0.56598,-0.10986,-0.0037267,0.93833,-2.2982e-16,1.1018e-16
1633.5,-219.21,354.48,12.819,0.55963,-0.10833,-0.0020585,0.93833,-2.2982e-16,1.1018e-16
1633.6,-219.15,354.48,12.819,0.55342,-0.10697,-0.00039296,0.93833,-2.2982e-16,1.1018e-16
1633.7,-219.09,354.49,12.819,0.54736,-0.10576,0.0012818,0.93833,-2.2982e-16,1.1018e-16
1633.8,-219.04,354.49,12.819,0.54144,-0.10463,0.0029846,0.93833,-2.2982e-16,1.1018e-16
1633.9,-218.98,354.49,12.82,0.53565,-0.10358,0.0047125,0.93833,-2.2982e-16,1.1018e-16
1634,-218.93,354.5,12.82,0.53,-0.10262,0.0064612,0.93833,-2.2982e-16,1.1018e-16
1634.1,-218.88,354.5,12.821,0.52448,-0.10174,0.008226,0.93833,-2.2982e-16,1.1018e-16
1634.2,-218.82,354.5,12.822,0.51908,-0.10093,0.010002,0.93833,-2.2982e-16,1.1018e-16
1634.3,-218.77,354.51,12.823,0.5138,-0.10021,0.011784,0.93833,-2.2982e-16,1.1018e-16
1634.4,-218.72,354.51,12.824,0.50864,-0.099559,0.013566,0.93833,-2.2982e-16,1.1018e-16
1634.5,-218.67,354.51,12.826,0.50359,-0.098987,0.015342,0.93833,-2.2982e-16,1.1018e-16
1634.6,-218.62,354.52,12.827,0.49864,-0.098488,0.017107,0.93833,-2.2982e-16,1.1018e-16
1634.7,-218.57,354.52,12.829,0.49381,-0.098061,0.018854,0.93833,-2.2982e-16,1.1018e-16
1634.8,-218.52,354.52,12.831,0.48907,-0.097702,0.020578,0.93833,-2.2982e-16,1.1018e-16
1634.9,-218.47,354.53,12.833,0.48444,-0.09741,0.022273,0.93833,-2.2982e-16,1.1018e-16
1635,-218.42,354.53,12.835,0.4799,-0.09718,0.023934,0.93833,-2.2982e-16,1.1018e-16
1635.1,-218.37,354.53,12.838,0.47546,-0.097011,0.025554,0.93833,-2.2982e-16,1.1018e-16
1635.2,-218.32,354.54,12.84,0.47111,-0.096898,0.02713,0.93833,-2.2982e-16,1.1018e-16
1635.3,-218.27,354.54,12.843,0.46685,-0.096839,0.028655,0.93833,-2.2982e-16,1.1018e-16
1635.4,-218.23,354.54,12.846,0.46267,-0.096829,0.030127,0.93833,-2.2982e-16,1.1018e-16
1635.5,-218.18,354.55,12.849,0.45858,-0.096865,0.031541,0.93833,-2.2982e-16,1.1018e-16
1635.6,-218.13,354.55,12.853,0.45457,-0.096943,0.032893,0.93833,-2.2982e-16,1.1018e-16
1635.7,-218.09,354.55,12.856,0.45064,-0.09706,0.034181,0.93833,-2.2982e-16,1.1018e-16
1635.8,-218.04,354.56,12.859,0.44679,-0.097211,0.035403,0.93833,-2.2982e-16,1.1018e-16
1635.9,-218,354.56,12.863,0.44302,-0.097392,0.036556,0.93833,-2.2982e-16,1.1018e-16
1636,-217.95,354.57,12.867,0.43932,-0.097601,0.03764,0.93833,-2.2982e-16,1.1018e-16
1636.1,-217.91,354.57,12.87,0.43569,-0.097833,0.038652,0.93833,-2.2982e-16,1.1018e-16
1636.2,-217.86,354.57,12.874,0.43214,-0.098084,0.039594,0.93833,-2.2982e-16,1.1018e-16
1636.3,-217.82,354.58,12.878,0.42865,-0.098351,0.040464,0.93833,-2.2982e-16,1.1018e-16
1636.4,-217.77,354.58,12.882,0.42523,-0.098631,0.041263,0.93833,-2.2982e-16,1.1018e-16
1636.5,-217.73,354.58,12.887,0.42188,-0.09892,0.041992,0.93833,-2.2982e-16,1.1018e-16
1636.6,-217.69,354.59,12.891,0.41859,-0.099216,0.042651,0.93833,-2.2982e-16,1.1018e-16
1636.7,-217.64,354.59,12.895,0.41537,-0.099515,0.043243,0.93833,-2.2982e-16,1.1018e-16
1636.8,-217.6,354.6,12.9,0.41221,-0.099814,0.043768,0.93833,-2.2982e-16,1.1018e-16
1636.9,-217.56,354.6,12.904,0.40912,-0.10011,0.04423,0.93833,-2.2982e-16,1.1018e-16
1637,-217.52,354.6,12.908,0.40608,-0.1004,0.044628,0.93833,-2.2982e-16,1.1018e-16
1637.1,-217.48,354.61,12.913,0.4031,-0.10069,0.044967,0.93833,-2.2982e-16,1.1018e-16
1637.2,-217.44,354.61,12.917,0.40018,-0.10096,0.045248,0.93833,-2.2982e-16,1.1018e-16
1637.3,-217.39,354.62,12.922,0.39732,-0.10123,0.045473,0.93833,-2.2982e-16,1.1018e-16
1637.4,-217.35,354.62,12.926,0.39451,-0.10148,0.045645,0.93833,-2.2982e-16,1.1018e-16
1637.5,-217.31,354.63,12.931,0.39176,-0.10172,0.045767,0.93833,-2.2982e-16,1.1018e-16
1637.6,-217.27,354.63,12.936,0.38906,-0.10194,0.045841,0.93833,-2.2982e-16,1.1018e-16
1637.7,-217.23,354.63,12.94,0.38642,-0.10215,0.04587,0.93833,-2.2982e-16,1.1018e-16
1637.8,-217.19,354.64,12.945,0.38382,-0.10234,0.045856,0.93833,-2.2982e-16,1.1018e-16
1637.9,-217.15,354.64,12.949,0.38128,-0.10251,0.045802,0.93833,-2.2982e-16,1.1018e-16
1638,-217.12,354.65,12.954,0.37879,-0.10266,0.045709,0.93833,-2.2982e-16,1.1018e-16
1638.1,-217.08,354.65,12.958,0.37635,-0.10279,0.045582,0.93833,-2.2982e-16,1.1018e-16
1638.2,-217.04,354.66,12.963,0.37396,-0.1029,0.045422,0.93833,-2.2982e-16,1.1018e-16
1638.3,-217,354.66,12.968,0.37161,-0.10298,0.04523,0.93833,-2.2982e-16,1.1018e-16
1638.4,-216.96,354.67,12.972,0.36931,-0.10305,0.045011,0.93833,-2.2982e-16,1.1018e-16
1638.5,-216.92,354.67,12.977,0.36706,-0.10309,0.044764,0.93833,-2.2982e-16,1.1018e-16
1638.6,-216.89,354.68,12.981,0.36485,-0.10311,0.044494,0.93833,-2.2982e-16,1.1018e-16
1638.7,-216.85,354.68,12.985,0.36269,-0.10311,0.044201,0.93833,-2.2982e-16,1.1018e-16
1638.8,-216.81,354.69,12.99,0.36057,-0.10309,0.043888,0.93833,-2.2982e-16,1.1018e-16
1638.9,-216.77,354.7,12.994,0.3585,-0.10304,0.043556,0.93833,-2.2982e-16,1.1018e-16
1639,-216.74,354.7,12.999,0.35647,-0.10297,0.043207,0.93833,-2.2982e-16,1.1018e-16
1639.1,-216.7,354.71,13.003,0.35447,-0.10288,0.042842,0.93833,-2.2982e-16,1.1018e-16
1639.2,-216.66,354.71,13.007,0.35252,-0.10277,0.042464,0.93833,-2.2982e-16,1.1018e-16
1639.3,-216.63,354.72,13.011,0.35061,-0.10264,0.042073,0.93833,-2.2982e-16,1.1018e-16
1639.4,-216.59,354.72,13.016,0.34874,-0.10248,0.041671,0.93833,-2.2982e-16,1.1018e-16
1639.5,-216.56,354.73,13.02,0.34691,-0.10231,0.04126,0.93833,-2.2982e-16,1.1018e-16
1639.6,-216.52,354.74,13.024,0.34511,-0.10211,0.04084,0.93833,-2.2982e-16,1.1018e-16
1639.7,-216.49,354.74,13.028,0.34336,-0.1019,0.040412,0.93833,-2.2982e-16,1.1018e-16
1639.8,-216.45,354.75,13.032,0.34164,-0.10167,0.039978,0.93833,-2.2982e-16,1.1018e-16
1639.9,-216.42,354.75,13.036,0.33995,-0.10141,0.039539,0.93833,-2.2982e-16,1.1018e-16
1640,-216.38,354.76,13.04,0.3383,-0.10114,0.039096,0.93833,-2.2982e-16,1.1018e-16
1640.1,-216.35,354.77,13.044,0.33668,-0.10085,0.038649,0.93833,-2.2982e-16,1.1018e-16
1640.2,-216.31,354.77,13.048,0.3351,-0.10055,0.038199,0.93833,-2.2982e-16,1.1018e-16
1640.3,-216.28,354.78,13.051,0.33355,-0.10022,0.037748,0.93833,-2.2982e-16,1.1018e-16
1640.4,-216.24,354.79,13.055,0.33204,-0.099885,0.037295,0.93833,-2.2982e-16,1.1018e-16
1640.5,-216.21,354.79,13.059,0.33055,-0.09953,0.036842,0.93833,-2.2982e-16,1.1018e-16
1640.6,-216.18,354.8,13.062,0.3291,-0.099159,0.036389,0.93833,-2.2982e-16,1.1018e-16
1640.7,-216.14,354.81,13.066,0.32767,-0.098774,0.035937,0.93833,-2.2982e-16,1.1018e-16
1640.8,-216.11,354.81,13.07,0.32628,-0.098374,0.035485,0.93833,-2.2982e-16,1.1018e-16
1640.9,-216.08,354.82,13.073,0.32492,-0.09796,0.035036,0.93833,-2.2982e-16,1.1018e-16
1641,-216.04,354.83,13.077,0.32358,-0.097534,0.034588,0.93833,-2.2982e-16,1.1018e-16
1641.1,-216.01,354.84,13.08,0.32227,-0.097094,0.034144,0.93833,-2.2982e-16,1.1018e-16
1641.2,-215.98,354.84,13.083,0.32099,-0.096643,0.033702,0.93833,-2.2982e-16,1.1018e-16
1641.3,-215.94,354.85,13.087,0.31974,-0.09618,0.033263,0.93833,-2.2982e-16,1.1018e-16
1641.4,-215.91,354.86,13.09,0.31852,-0.095706,0.032828,0.93833,-2.2982e-16,1.1018e-16
1641.5,-215.88,354.87,13.093,0.31731,-0.095221,0.032397,0.93833,-2.2982e-16,1.1018e-16
1641.6,-215.85,354.87,13.097,0.31614,-0.094726,0.03197,0.93833,-2.2982e-16,1.1018e-16
1641.7,-215.82,354.88,13.1,0.31499,-0.094221,0.031548,0.93833,-2.2982e-16,1.1018e-16
1641.8,-215.78,354.89,13.103,0.31386,-0.093707,0.03113,0.93833,-2.2982e-16,1.1018e-16
1641.9,-215.75,354.9,13.106,0.31276,-0.093185,0.030717,0.93833,-2.2982e-16,1.1018e-16
1642,-215.72,354.91,13.109,0.31168,-0.092654,0.030309,0.93833,-2.2982e-16,1.1018e-16
1642.1,-215.69,354.91,13.112,0.31063,-0.092115,0.029906,0.93833,-2.2982e-16,1.1018e-16
1642.2,-215.66,354.92,13.115,0.30959,-0.091569,0.029509,0.93833,-2.2982e-16,1.1018e-16
1642.3,-215.63,354.93,13.118,0.30858,-0.091017,0.029117,0.93833,-2.2982e-16,1.1018e-16
1642.4,-215.6,354.94,13.121,0.30759,-0.090457,0.02873,0.93833,-2.2982e-16,1.1018e-16
1642.5,-215.56,354.95,13.124,0.30662,-0.089892,0.028349,0.93833,-2.2982e-16,1.1018e-16
1642.6,-215.53,354.96,13.127,0.30567,-0.089321,0.027974,0.93833,-2.2982e-16,1.1018e-16
1642.7,-215.5,354.97,13.129,0.30474,-0.088744,0.027604,0.93833,-2.2982e-16,1.1018e-16
1642.8,-215.47,354.97,13.132,0.30383,-0.088163,0.02724,0.93833,-2.2982e-16,1.1018e-16
1642.9,-215.44,354.98,13.135,0.30294,-0.087576,0.026883,0.93833,-2.2982e-16,1.1018e-16
1643,-215.41,354.99,13.137,0.30207,-0.086986,0.026531,0.93833,-2.2982e-16,1.1018e-16
1643.1,-215.38,355,13.14,0.30122,-0.086392,0.026184,0.93833,-2.2982e-16,1.1018e-16
1643.2,-215.35,355.01,13.143,0.30038,-0.085795,0.025844,0.93833,-2.2982e-16,1.1018e-16
1643.3,-215.32,355.02,13.145,0.29956,-0.085194,0.02551,0.93833,-2.2982e-16,1.1018e-16
1643.4,-215.29,355.03,13.148,0.29876,-0.08459,0.025182,0.93833,-2.2982e-16,1.1018e-16
1643.5,-215.26,355.04,13.15,0.29797,-0.083984,0.024859,0.93833,-2.2982e-16,1.1018e-16
1643.6,-215.23,355.05,13.153,0.29721,-0.083376,0.024543,0.93833,-2.2982e-16,1.1018e-16
1643.7,-215.2,355.06,13.155,0.29645,-0.082765,0.024232,0.93833,-2.2982e-16,1.1018e-16
1643.8,-215.18,355.07,13.158,0.29572,-0.082153,0.023927,0.93833,-2.2982e-16,1.1018e-16
1643.9,-215.15,355.08,13.16,0.295,-0.08154,0.023628,0.93833,-2.2982e-16,1.1018e-16
1644,-215.12,355.09,13.162,0.29429,-0.080925,0.023335,0.93833,-2.2982e-16,1.1018e-16
1644.1,-215.09,355.1,13.165,0.2936,-0.08031,0.023047,0.93833,-2.2982e-16,1.1018e-16
1644.2,-215.06,355.11,13.167,0.29292,-0.079694,0.022765,0.93833,-2.2982e-16,1.1018e-16
1644.3,-215.03,355.12,13.169,0.29226,-0.079077,0.022489,0.93833,-2.2982e-16,1.1018e-16
1644.4,-215,355.13,13.171,0.29161,-0.078461,0.022218,0.93833,-2.2982e-16,1.1018e-16
1644.5,-214.97,355.14,13.174,0.29097,-0.077845,0.021953,0.93833,-2.2982e-16,1.1018e-16
1644.6,-214.95,355.15,13.176,0.29035,-0.077229,0.021693,0.93833,-2.2982e-16,1.1018e-16
1644.7,-214.92,355.16,13.178,0.28974,-0.076613,0.021439,0.93833,-2.2982e-16,1.1018e-16
1644.8,-214.89,355.17,13.18,0.28914,-0.075998,0.02119,0.93833,-2.2982e-16,1.1018e-16
1644.9,-214.86,355.18,13.182,0.28855,-0.075385,0.020946,0.93833,-2.2982e-16,1.1018e-16
1645,-214.83,355.19,13.184,0.28798,-0.074772,0.020707,0.93833,-2.2982e-16,1.1018e-16
1645.1,-214.81,355.2,13.186,0.28742,-0.07416,0.020474,0.93833,-2.2982e-16,1.1018e-16
1645.2,-214.78,355.21,13.188,0.28687,-0.073551,0.020245,0.93833,-2.2982e-16,1.1018e-16
1645.3,-214.75,355.22,13.19,0.28633,-0.072942,0.020022,0.93833,-2.2982e-16,1.1018e-16
1645.4,-214.72,355.23,13.192,0.2858,-0.072336,0.019803,0.93833,-2.2982e-16,1.1018e-16
1645.5,-214.7,355.24,13.194,0.28528,-0.071732,0.019589,0.93833,-2.2982e-16,1.1018e-16
1645.6,-214.67,355.25,13.196,0.28477,-0.07113,0.01938,0.93833,-2.2982e-16,1.1018e-16
1645.7,-214.64,355.26,13.198,0.28427,-0.07053,0.019176,0.93833,-2.2982e-16,1.1018e-16
1645.8,-214.61,355.28,13.2,0.28379,-0.069932,0.018976,0.93833,-2.2982e-16,1.1018e-16
1645.9,-214.59,355.29,13.202,0.28331,-0.069337,0.01878,0.93833,-2.2982e-16,1.1018e-16
1646,-214.56,355.3,13.204,0.28284,-0.068745,0.018589,0.93833,-2.2982e-16,1.1018e-16
1646.1,-214.53,355.31,13.206,0.28238,-0.068156,0.018403,0.93833,-2.2982e-16,1.1018e-16
1646.2,-214.51,355.32,13.208,0.28193,-0.067569,0.01822,0.93833,-2.2982e-16,1.1018e-16
1646.3,-214.48,355.33,13.209,0.28149,-0.066986,0.018042,0.93833,-2.2982e-16,1.1018e-16
1646.4,-214.45,355.34,13.211,0.28106,-0.066405,0.017868,0.93833,-2.2982e-16,1.1018e-16
1646.5,-214.43,355.36,13.213,0.28064,-0.065828,0.017698,0.93833,-2.2982e-16,1.1018e-16
1646.6,-214.4,355.37,13.215,0.28022,-0.065255,0.017532,0.93833,-2.2982e-16,1.1018e-16
1646.7,-214.38,355.38,13.216,0.27982,-0.064684,0.01737,0.93833,-2.2982e-16,1.1018e-16
1646.8,-214.35,355.39,13.218,0.27942,-0.064118,0.017211,0.93833,-2.2982e-16,1.1018e-16
1646.9,-214.32,355.4,13.22,0.27903,-0.063555,0.017056,0.93833,-2.2982e-16,1.1018e-16
1647,-214.3,355.41,13.222,0.27865,-0.062995,0.016905,0.93833,-2.2982e-16,1.1018e-16
1647.1,-214.27,355.43,13.223,0.27827,-0.06244,0.016758,0.93833,-2.2982e-16,1.1018e-16
1647.2,-214.25,355.44,13.225,0.2779,-0.061888,0.016614,0.93833,-2.2982e-16,1.1018e-16
1647.3,-214.22,355.45,13.227,0.27754,-0.06134,0.016473,9.1948,-0.58578,0.28733
1647.4,-214.19,355.46,13.229,0.29562,-0.063342,0.024436,9.1948,-0.58578,0.28733
1647.5,-214.17,355.48,13.232,0.31337,-0.065596,0.032341,9.1948,-0.58578,0.28733
1647.6,-214.14,355.49,13.235,0.33076,-0.068133,0.040158,9.1948,-0.58578,0.28733
1647.7,-214.11,355.51,13.24,0.3478,-0.070975,0.047856,9.1948,-0.58578,0.28733
1647.8,-214.07,355.52,13.245,0.36447,-0.074145,0.05541,9.1948,-0.58578,0.28733
1647.9,-214.04,355.54,13.251,0.38076,-0.077659,0.062796,9.1948,-0.58578,0.28733
1648,-214,355.56,13.257,0.39667,-0.08153,0.069992,9.1948,-0.58578,0.28733
1648.1,-213.97,355.58,13.265,0.41218,-0.085768,0.076982,9.1948,-0.58578,0.28733
1648.2,-213.93,355.6,13.273,0.4273,-0.090376,0.083751,9.1948,-0.58578,0.28733
1648.3,-213.89,355.62,13.281,0.44202,-0.095358,0.090289,9.1948,-0.58578,0.28733
1648.4,-213.85,355.64,13.291,0.45632,-0.10071,0.096588,9.1948,-0.58578,0.28733
1648.5,-213.81,355.67,13.301,0.47021,-0.10643,0.10264,9.1948,-0.58578,0.28733
1648.6,-213.77,355.69,13.311,0.48369,-0.11251,0.10845,9.1948,-0.58578,0.28733
1648.7,-213.72,355.72,13.322,0.49674,-0.11894,0.11401,9.1948,-0.58578,0.28733
1648.8,-213.68,355.74,13.334,0.50936,-0.1257,0.11933,9.1948,-0.58578,0.28733
1648.9,-213.63,355.77,13.346,0.52156,-0.13279,0.1244,9.1948,-0.58578,0.28733
1649,-213.59,355.8,13.359,0.53333,-0.1402,0.12923,9.1948,-0.58578,0.28733
1649.1,-213.54,355.82,13.372,0.54466,-0.14789,0.13383,9.1948,-0.58578,0.28733
1649.2,-213.49,355.85,13.386,0.55557,-0.15587,0.13819,9.1948,-0.58578,0.28733
1649.3,-213.44,355.88,13.4,0.56605,-0.16411,0.14233,9.1948,-0.58578,0.28733
1649.4,-213.39,355.92,13.414,0.5761,-0.17259,0.14624,9.1948,-0.58578,0.28733
1649.5,-213.34,355.95,13.429,0.58572,-0.1813,0.14993,9.1948,-0.58578,0.28733
1649.6,-213.28,355.98,13.444,0.59493,-0.19023,0.1534,9.1948,-0.58578,0.28733
1649.7,-213.23,356.02,13.46,0.60371,-0.19934,0.15666,9.1948,-0.58578,0.28733
1649.8,-213.18,356.05,13.475,0.61208,-0.20862,0.1597,9.1948,-0.58578,0.28733
1649.9,-213.12,356.09,13.492,0.62004,-0.21807,0.16254,9.1948,-0.58578,0.28733
1650,-213.07,356.12,13.508,0.6276,-0.22765,0.16517,9.1948,-0.58578,0.28733
1650.1,-213.01,356.16,13.525,0.63476,-0.23735,0.1676,9.1948,-0.58578,0.28733
1650.2,-212.96,356.2,13.541,0.64154,-0.24716,0.16983,9.1948,-0.58578,0.28733
1650.3,-212.9,356.24,13.558,0.64794,-0.25706,0.17186,9.1948,-0.58578,0.28733
1650.4,-212.84,356.28,13.576,0.65396,-0.26704,0.17369,9.1948,-0.58578,0.28733
1650.5,-212.78,356.32,13.593,0.65962,-0.27707,0.17532,9.1948,-0.58578,0.28733
1650.6,-212.73,356.36,13.611,0.66494,-0.28714,0.17675,9.1948,-0.58578,0.28733
1650.7,-212.67,356.41,13.629,0.66991,-0.29725,0.178,9.1948,-0.58578,0.28733
1650.8,-212.61,356.45,13.646,0.67455,-0.30738,0.17905,9.1948,-0.58578,0.28733
1650.9,-212.55,356.5,13.664,0.67887,-0.3175,0.17992,9.1948,-0.58578,0.28733
1651,-212.49,356.54,13.682,0.68289,-0.32763,0.18059,9.1948,-0.58578,0.28733
1651.1,-212.43,356.59,13.7,0.68661,-0.33773,0.18109,9.1948,-0.58578,0.28733
1651.2,-212.37,356.64,13.719,0.69005,-0.34781,0.1814,9.1948,-0.58578,0.28733
1651.3,-212.31,356.69,13.737,0.69322,-0.35786,0.18153,9.1948,-0.58578,0.28733
1651.4,-212.25,356.74,13.755,0.69613,-0.36786,0.18148,9.1948,-0.58578,0.28733
1651.5,-212.19,356.79,13.773,0.69881,-0.37781,0.18127,9.1948,-0.58578,0.28733
1651.6,-212.13,356.84,13.791,0.70125,-0.3877,0.18088,9.1948,-0.58578,0.28733
1651.7,-212.07,356.9,13.809,0.70348,-0.39753,0.18032,9.1948,-0.58578,0.28733
1651.8,-212.01,356.95,13.827,0.7055,-0.40729,0.1796,9.1948,-0.58578,0.28733
1651.9,-211.95,357.01,13.845,0.70734,-0.41698,0.17871,9.1948,-0.58578,0.28733
1652,-211.89,357.06,13.863,0.709,-0.4266,0.17767,9.1948,-0.58578,0.28733
1652.1,-211.83,357.12,13.881,0.7105,-0.43614,0.17647,9.1948,-0.58578,0.28733
1652.2,-211.77,357.18,13.898,0.71185,-0.44561,0.17512,9.1948,-0.58578,0.28733
1652.3,-211.71,357.24,13.916,0.71306,-0.455,0.17361,9.1948,-0.58578,0.28733
1652.4,-211.65,357.3,13.933,0.71416,-0.46432,0.17196,9.1948,-0.58578,0.28733
1652.5,-211.59,357.36,13.95,0.71514,-0.47356,0.17016,9.1948,-0.58578,0.28733
1652.6,-211.53,357.42,13.967,0.71603,-0.48273,0.16822,9.1948,-0.58578,0.28733
1652.7,-211.47,357.48,13.984,0.71683,-0.49184,0.16613,9.1948,-0.58578,0.28733
1652.8,-211.41,357.55,14,0.71757,-0.50088,0.1639,9.1948,-0.58578,0.28733
1652.9,-211.35,357.61,14.016,0.71824,-0.50986,0.16153,9.1948,-0.58578,0.28733
1653,-211.29,357.68,14.033,0.71887,-0.51878,0.15901,9.1948,-0.58578,0.28733
1653.1,-211.23,357.74,14.048,0.71947,-0.52766,0.15636,0.56407,-1.3816e-16,6.7781e-17
1653.2,-211.17,357.81,14.063,0.70109,-0.53373,0.14543,0.56407,-1.3816e-16,6.7781e-17
1653.3,-211.12,357.88,14.077,0.68367,-0.53915,0.13435,0.56407,-1.3816e-16,6.7781e-17
1653.4,-211.06,357.94,14.09,0.66721,-0.54399,0.12314,0.56407,-1.3816e-16,6.7781e-17
1653.5,-211,358,14.102,0.65169,-0.54835,0.11179,0.56407,-1.3816e-16,6.7781e-17
1653.6,-210.94,358.07,14.113,0.63711,-0.5523,0.10029,0.56407,-1.3816e-16,6.7781e-17
1653.7,-210.89,358.13,14.122,0.62345,-0.55593,0.088611,0.56407,-1.3816e-16,6.7781e-17
1653.8,-210.83,358.19,14.13,0.61069,-0.55931,0.076706,0.56407,-1.3816e-16,6.7781e-17
1653.9,-210.78,358.25,14.137,0.59885,-0.56251,0.064519,0.56407,-1.3816e-16,6.7781e-17
1654,-210.72,358.31,14.143,0.5879,-0.5656,0.051974,0.56407,-1.3816e-16,6.7781e-17
1654.1,-210.66,358.37,14.148,0.57785,-0.56865,0.038971,0.56407,-1.3816e-16,6.7781e-17
1654.2,-210.61,358.43,14.151,0.56872,-0.57175,0.025381,0.56407,-1.3816e-16,6.7781e-17
1654.3,-210.55,358.48,14.153,0.56052,-0.57498,0.011037,0.56407,-1.3816e-16,6.7781e-17
1654.4,-210.49,358.54,14.153,0.55327,-0.57826,-0.0042232,0.56407,-1.3816e-16,6.7781e-17
1654.5,-210.44,358.6,14.152,0.54699,-0.5787,-0.019313,0.56407,-1.3816e-16,6.7781e-17
1654.6,-210.38,358.65,14.149,0.54161,-0.57527,-0.033288,0.56407,-1.3816e-16,6.7781e-17
1654.7,-210.32,358.71,14.145,0.53704,-0.5683,-0.045699,0.56407,-1.3816e-16,6.7781e-17
1654.8,-210.27,358.76,14.14,0.53313,-0.55823,-0.056284,0.56407,-1.3816e-16,6.7781e-17
1654.9,-210.21,358.81,14.134,0.52974,-0.5456,-0.064956,0.56407,-1.3816e-16,6.7781e-17
1655,-210.16,358.87,14.127,0.52675,-0.53096,-0.071766,0.56407,-1.3816e-16,6.7781e-17
1655.1,-210.1,358.92,14.12,0.52401,-0.51484,-0.07686,0.56407,-1.3816e-16,6.7781e-17
1655.2,-210.05,358.97,14.112,0.52144,-0.49773,-0.080437,0.56407,-1.3816e-16,6.7781e-17
1655.3,-210,359.02,14.104,0.51894,-0.48004,-0.082716,0.56407,-1.3816e-16,6.7781e-17
1655.4,-209.95,359.07,14.095,0.51645,-0.4621,-0.083918,0.56407,-1.3816e-16,6.7781e-17
1655.5,-209.91,359.12,14.087,0.51392,-0.44418,-0.084243,0.56407,-1.3816e-16,6.7781e-17
1655.6,-209.86,359.17,14.079,0.51131,-0.42648,-0.08387,0.56407,-1.3816e-16,6.7781e-17
1655.7,-209.81,359.22,14.07,0.50862,-0.40916,-0.082954,0.56407,-1.3816e-16,6.7781e-17
1655.8,-209.77,359.26,14.062,0.50583,-0.39233,-0.081622,0.56407,-1.3816e-16,6.7781e-17
1655.9,-209.73,359.31,14.054,0.50293,-0.37606,-0.079981,0.56407,-1.3816e-16,6.7781e-17
1656,-209.69,359.36,14.046,0.49993,-0.36039,-0.078115,0.56407,-1.3816e-16,6.7781e-17
1656.1,-209.65,359.4,14.038,0.49684,-0.34535,-0.076093,0.56407,-1.3816e-16,6.7781e-17
1656.2,-209.61,359.45,14.031,0.49365,-0.33096,-0.07397,0.56407,-1.3816e-16,6.7781e-17
1656.3,-209.57,359.49,14.024,0.49038,-0.3172,-0.071788,0.56407,-1.3816e-16,6.7781e-17
1656.4,-209.53,359.54,14.017,0.48704,-0.30407,-0.069581,0.56407,-1.3816e-16,6.7781e-17
1656.5,-209.5,359.58,14.01,0.48365,-0.29154,-0.067374,0.56407,-1.3816e-16,6.7781e-17
1656.6,-209.46,359.63,14.003,0.48019,-0.27961,-0.065186,0.56407,-1.3816e-16,6.7781e-17
1656.7,-209.43,359.67,13.997,0.4767,-0.26825,-0.063033,0.56407,-1.3816e-16,6.7781e-17
1656.8,-209.4,359.71,13.99,0.47318,-0.25742,-0.060925,0.56407,-1.3816e-16,6.7781e-17
1656.9,-209.37,359.76,13.984,0.46963,-0.24712,-0.05887,0.56407,-1.3816e-16,6.7781e-17
1657,-209.34,359.8,13.979,0.46606,-0.2373,-0.056874,0.56407,-1.3816e-16,6.7781e-17
1657.1,-209.3,359.84,13.973,0.46249,-0.22795,-0.05494,0.56407,-1.3816e-16,6.7781e-17
1657.2,-209.28,359.88,13.968,0.45891,-0.21905,-0.053071,0.56407,-1.3816e-16,6.7781e-17
1657.3,-209.25,359.93,13.962,0.45534,-0.21056,-0.051266,0.56407,-1.3816e-16,6.7781e-17
1657.4,-209.22,359.97,13.957,0.45177,-0.20246,-0.049528,0.56407,-1.3816e-16,6.7781e-17
1657.5,-209.19,360.01,13.953,0.44822,-0.19475,-0.047855,0.56407,-1.3816e-16,6.7781e-17
1657.6,-209.16,360.05,13.948,0.44469,-0.18738,-0.046246,0.56407,-1.3816e-16,6.7781e-17
1657.7,-209.14,360.09,13.943,0.44118,-0.18035,-0.044699,0.56407,-1.3816e-16,6.7781e-17
1657.8,-209.11,360.13,13.939,0.4377,-0.17363,-0.043214,0.56407,-1.3816e-16,6.7781e-17
1657.9,-209.09,360.17,13.935,0.43424,-0.16722,-0.041789,0.56407,-1.3816e-16,6.7781e-17
1658,-209.06,360.21,13.931,0.43081,-0.16108,-0.040421,0.56407,-1.3816e-16,6.7781e-17
1658.1,-209.04,360.24,13.927,0.42742,-0.15522,-0.039108,0.56407,-1.3816e-16,6.7781e-17
1658.2,-209.01,360.28,13.923,0.42406,-0.1496,-0.03785,0.56407,-1.3816e-16,6.7781e-17
1658.3,-208.99,360.32,13.919,0.42074,-0.14423,-0.036642,0.56407,-1.3816e-16,6.7781e-17
1658.4,-208.97,360.36,13.915,0.41746,-0.13908,-0.035484,0.56407,-1.3816e-16,6.7781e-17
1658.5,-208.94,360.4,13.912,0.41422,-0.13415,-0.034374,0.56407,-1.3816e-16,6.7781e-17
1658.6,-208.92,360.43,13.909,0.41102,-0.12942,-0.033309,0.56407,-1.3816e-16,6.7781e-17
1658.7,-208.9,360.47,13.905,0.40785,-0.12488,-0.032288,0.56407,-1.3816e-16,6.7781e-17
1658.8,-208.88,360.51,13.902,0.40473,-0.12053,-0.031309,0.56407,-1.3816e-16,6.7781e-17
1658.9,-208.86,360.54,13.899,0.40166,-0.11635,-0.030369,0.56407,-1.3816e-16,6.7781e-17
1659,-208.84,360.58,13.896,0.39862,-0.11233,-0.029468,0.56407,-1.3816e-16,6.7781e-17
1659.1,-208.82,360.62,13.893,0.39563,-0.10847,-0.028604,0.56407,-1.3816e-16,6.7781e-17
1659.2,-208.8,360.65,13.89,0.39268,-0.10477,-0.027775,0.56407,-1.3816e-16,6.7781e-17
1659.3,-208.78,360.69,13.888,0.38977,-0.1012,-0.026979,0.56407,-1.3816e-16,6.7781e-17
1659.4,-208.76,360.72,13.885,0.38691,-0.097769,-0.026216,0.56407,-1.3816e-16,6.7781e-17
1659.5,-208.74,360.76,13.882,0.38409,-0.094467,-0.025483,0.56407,-1.3816e-16,6.7781e-17
1659.6,-208.72,360.79,13.88,0.38131,-0.091288,-0.024779,0.56407,-1.3816e-16,6.7781e-17
1659.7,-208.7,360.83,13.877,0.37858,-0.088225,-0.024104,0.56407,-1.3816e-16,6.7781e-17
1659.8,-208.68,360.86,13.875,0.37588,-0.085275,-0.023456,0.56407,-1.3816e-16,6.7781e-17
1659.9,-208.67,360.89,13.873,0.37323,-0.082431,-0.022833,0.56407,-1.3816e-16,6.7781e-17
1660,-208.65,360.93,13.87,0.37062,-0.079688,-0.022235,0.56407,-1.3816e-16,6.7781e-17
1660.1,-208.63,360.96,13.868,0.36805,-0.077043,-0.021661,0.56407,-1.3816e-16,6.7781e-17
1660.2,-208.61,360.99,13.866,0.36552,-0.074492,-0.021109,0.56407,-1.3816e-16,6.7781e-17
1660.3,-208.6,361.03,13.864,0.36303,-0.072029,-0.020579,0.56407,-1.3816e-16,6.7781e-17
1660.4,-208.58,361.06,13.862,0.36059,-0.069651,-0.02007,0.56407,-1.3816e-16,6.7781e-17
1660.5,-208.56,361.09,13.86,0.35818,-0.067354,-0.01958,0.56407,-1.3816e-16,6.7781e-17
1660.6,-208.55,361.13,13.858,0.35581,-0.065136,-0.01911,0.56407,-1.3816e-16,6.7781e-17
1660.7,-208.53,361.16,13.856,0.35347,-0.062993,-0.018658,0.56407,-1.3816e-16,6.7781e-17
1660.8,-208.52,361.19,13.854,0.35118,-0.060921,-0.018223,0.56407,-1.3816e-16,6.7781e-17
1660.9,-208.5,361.22,13.852,0.34892,-0.058918,-0.017805,0.56407,-1.3816e-16,6.7781e-17
1661,-208.48,361.25,13.851,0.3467,-0.056981,-0.017403,0.56407,-1.3816e-16,6.7781e-17
1661.1,-208.47,361.29,13.849,0.34451,-0.055108,-0.017017,0.56407,-1.3816e-16,6.7781e-17
1661.2,-208.45,361.32,13.847,0.34236,-0.053295,-0.016645,0.56407,-1.3816e-16,6.7781e-17
1661.3,-208.44,361.35,13.846,0.34024,-0.05154,-0.016288,0.56407,-1.3816e-16,6.7781e-17
1661.4,-208.43,361.38,13.844,0.33816,-0.049842,-0.015944,0.56407,-1.3816e-16,6.7781e-17
1661.5,-208.41,361.41,13.842,0.33612,-0.048198,-0.015613,0.56407,-1.3816e-16,6.7781e-17
1661.6,-208.4,361.44,13.841,0.3341,-0.046606,-0.015295,0.56407,-1.3816e-16,6.7781e-17
1661.7,-208.38,361.47,13.839,0.33212,-0.045064,-0.014988,0.56407,-1.3816e-16,6.7781e-17
1661.8,-208.37,361.5,13.838,0.33017,-0.043569,-0.014694,0.56407,-1.3816e-16,6.7781e-17
1661.9,-208.35,361.53,13.836,0.32825,-0.042122,-0.01441,0.56407,-1.3816e-16,6.7781e-17
1662,-208.34,361.56,13.835,0.32636,-0.040718,-0.014137,0.56407,-1.3816e-16,6.7781e-17
1662.1,-208.33,361.59,13.834,0.3245,-0.039358,-0.013874,0.56407,-1.3816e-16,6.7781e-17
1662.2,-208.31,361.62,13.832,0.32268,-0.038039,-0.013621,0.56407,-1.3816e-16,6.7781e-17
1662.3,-208.3,361.65,13.831,0.32088,-0.03676,-0.013377,0.56407,-1.3816e-16,6.7781e-17
1662.4,-208.29,361.68,13.83,0.31911,-0.03552,-0.013142,0.56407,-1.3816e-16,6.7781e-17
1662.5,-208.27,361.71,13.828,0.31737,-0.034317,-0.012917,0.56407,-1.3816e-16,6.7781e-17
1662.6,-208.26,361.74,13.827,0.31565,-0.033149,-0.012699,0.56407,-1.3816e-16,6.7781e-17
1662.7,-208.25,361.77,13.826,0.31397,-0.032017,-0.012489,0.56407,-1.3816e-16,6.7781e-17
1662.8,-208.24,361.8,13.825,0.31231,-0.030918,-0.012287,0.56407,-1.3816e-16,6.7781e-17
1662.9,-208.22,361.82,13.823,0.31068,-0.029851,-0.012093,0.56407,-1.3816e-16,6.7781e-17
1663,-208.21,361.85,13.822,0.30907,-0.028815,-0.011905,0.56407,-1.3816e-16,6.7781e-17
1663.1,-208.2,361.88,13.821,0.30749,-0.027809,-0.011724,0.56407,-1.3816e-16,6.7781e-17
1663.2,-208.19,361.91,13.82,0.30593,-0.026833,-0.01155,0.56407,-1.3816e-16,6.7781e-17
1663.3,-208.18,361.94,13.819,0.3044,-0.025885,-0.011382,0.56407,-1.3816e-16,6.7781e-17
1663.4,-208.16,361.97,13.817,0.30289,-0.024964,-0.01122,0.56407,-1.3816e-16,6.7781e-17
1663.5,-208.15,361.99,13.816,0.30141,-0.024069,-0.011064,0.56407,-1.3816e-16,6.7781e-17
1663.6,-208.14,362.02,13.815,0.29995,-0.0232,-0.010914,0.56407,-1.3816e-16,6.7781e-17
1663.7,-208.13,362.05,13.814,0.29851,-0.022356,-0.010769,0.56407,-1.3816e-16,6.7781e-17
1663.8,-208.12,362.08,13.813,0.29709,-0.021535,-0.010629,0.56407,-1.3816e-16,6.7781e-17
1663.9,-208.1,362.1,13.812,0.2957,-0.020738,-0.010493,0.56407,-1.3816e-16,6.7781e-17
1664,-208.09,362.13,13.811,0.29433,-0.019963,-0.010363,0.56407,-1.3816e-16,6.7781e-17
1664.1,-208.08,362.16,13.81,0.29298,-0.01921,-0.010237,0.56407,-1.3816e-16,6.7781e-17
1664.2,-208.07,362.19,13.809,0.29165,-0.018478,-0.010116,0.56407,-1.3816e-16,6.7781e-17
1664.3,-208.06,362.21,13.808,0.29034,-0.017767,-0.0099982,0.56407,-1.3816e-16,6.7781e-17
1664.4,-208.05,362.24,13.807,0.28905,-0.017075,-0.0098849,0.56407,-1.3816e-16,6.7781e-17
1664.5,-208.04,362.27,13.806,0.28778,-0.016403,-0.0097753,0.56407,-1.3816e-16,6.7781e-17
1664.6,-208.03,362.29,13.805,0.28653,-0.015749,-0.0096695,0.56407,-1.3816e-16,6.7781e-17
1664.7,-208.02,362.32,13.804,0.2853,-0.015113,-0.0095672,0.56407,-1.3816e-16,6.7781e-17
1664.8,-208.01,362.35,13.803,0.28409,-0.014495,-0.0094682,0.56407,-1.3816e-16,6.7781e-17
1664.9,-207.99,362.37,13.802,0.28289,-0.013893,-0.0093725,0.56407,-1.3816e-16,6.7781e-17
1665,-207.98,362.4,13.801,0.28172,-0.013309,-0.00928,0.56407,-1.3816e-16,6.7781e-17
1665.1,-207.97,362.42,13.8,0.28056,-0.01274,-0.0091904,0.56407,-1.3816e-16,6.7781e-17
1665.2,-207.96,362.45,13.799,0.27942,-0.012187,-0.0091036,0.56407,-1.3816e-16,6.7781e-17
1665.3,-207.95,362.48,13.798,0.2783,-0.011649,-0.0090196,0.56407,-1.3816e-16,6.7781e-17
1665.4,-207.94,362.5,13.798,0.27719,-0.011125,-0.0089382,0.56407,-1.3816e-16,6.7781e-17
1665.5,-207.93,362.53,13.797,0.2761,-0.010616,-0.0088594,0.56407,-1.3816e-16,6.7781e-17
1665.6,-207.92,362.55,13.796,0.27503,-0.010121,-0.0087829,0.56407,-1.3816e-16,6.7781e-17
1665.7,-207.91,362.58,13.795,0.27397,-0.0096394,-0.0087087,0.56407,-1.3816e-16,6.7781e-17
1665.8,-207.9,362.6,13.794,0.27293,-0.0091708,-0.0086367,0.29458,0.0095922,-0.004705
1665.9,-207.89,362.63,13.793,0.2713,-0.0086734,-0.008699,0.29458,0.0095922,-0.004705
1666,-207.88,362.66,13.792,0.26969,-0.0081851,-0.0087617,0.29458,0.0095922,-0.004705
1666.1,-207.87,362.68,13.791,0.26811,-0.0077059,-0.0088246,0.29458,0.0095922,-0.004705
1666.2,-207.86,362.71,13.791,0.26655,-0.0072355,-0.0088877,0.29458,0.0095922,-0.004705
1666.3,-207.85,362.73,13.79,0.26502,-0.0067739,-0.0089508,0.29458,0.0095922,-0.004705
1666.4,-207.84,362.75,13.789,0.26351,-0.0063209,-0.0090137,0.29458,0.0095922,-0.004705
1666.5,-207.83,362.78,13.788,0.26202,-0.0058764,-0.0090765,0.29458,0.0095922,-0.004705
1666.6,-207.82,362.8,13.787,0.26055,-0.0054403,-0.009139,0.29458,0.0095922,-0.004705
1666.7,-207.81,362.83,13.786,0.2591,-0.0050125,-0.009201,0.29458,0.0095922,-0.004705
1666.8,-207.81,362.85,13.785,0.25768,-0.0045928,-0.0092626,0.29458,0.0095922,-0.004705
1666.9,-207.8,362.88,13.784,0.25627,-0.0041811,-0.0093236,0.29458,0.0095922,-0.004705
1667,-207.79,362.9,13.783,0.25488,-0.0037774,-0.0093839,0.29458,0.0095922,-0.004705
1667.1,-207.78,362.92,13.782,0.25352,-0.0033815,-0.0094434,0.29458,0.0095922,-0.004705
1667.2,-207.77,362.95,13.781,0.25217,-0.0029933,-0.0095022,0.29458,0.0095922,-0.004705
1667.3,-207.76,362.97,13.78,0.25084,-0.0026127,-0.00956,0.29458,0.0095922,-0.004705
1667.4,-207.75,362.99,13.779,0.24953,-0.0022396,-0.0096169,0.29458,0.0095922,-0.004705
1667.5,-207.74,363.02,13.778,0.24824,-0.001874,-0.0096728,0.29458,0.0095922,-0.004705
1667.6,-207.73,363.04,13.778,0.24697,-0.0015156,-0.0097276,0.29458,0.0095922,-0.004705
1667.7,-207.72,363.06,13.777,0.24571,-0.0011645,-0.0097812,0.29458,0.0095922,-0.004705
1667.8,-207.72,363.09,13.776,0.24447,-0.00082056,-0.0098337,0.29458,0.0095922,-0.004705
1667.9,-207.71,363.11,13.775,0.24325,-0.00048363,-0.0098849,0.29458,0.0095922,-0.004705
1668,-207.7,363.13,13.774,0.24205,-0.00015367,-0.0099348,0.29458,0.0095922,-0.004705
1668.1,-207.69,363.15,13.773,0.24086,0.00016953,-0.0099834,0.29458,0.0095922,-0.004705
1668.2,-207.68,363.18,13.772,0.23969,0.00048653,-0.01003,0.29458,0.0095922,-0.004705
1668.3,-207.67,363.2,13.771,0.23853,0.00079749,-0.010074,0.29458,0.0095922,-0.004705
1668.4,-207.66,363.22,13.77,0.23739,0.0011024,-0.010116,0.29458,0.0095922,-0.004705
1668.5,-207.66,363.24,13.769,0.23626,0.0014015,-0.010156,0.29458,0.0095922,-0.004705
1668.6,-207.65,363.27,13.768,0.23515,0.0016946,-0.010194,0.29458,0.0095922,-0.004705
1668.7,-207.64,363.29,13.767,0.23405,0.0019819,-0.01023,0.29458,0.0095922,-0.004705
1668.8,-207.63,363.31,13.765,0.23297,0.0022635,-0.010263,0.29458,0.0095922,-0.004705
1668.9,-207.62,363.33,13.764,0.2319,0.0025393,-0.010294,0.29458,0.0095922,-0.004705
1669,-207.61,363.35,13.763,0.23085,0.0028094,-0.010322,0.29458,0.0095922,-0.004705
1669.1,-207.61,363.37,13.762,0.22981,0.003074,-0.010349,0.29458,0.0095922,-0.004705
1669.2,-207.6,363.4,13.761,0.22878,0.003333,-0.010372,0.29458,0.0095922,-0.004705
1669.3,-207.59,363.42,13.76,0.22777,0.0035864,-0.010394,0.29458,0.0095922,-0.004705
1669.4,-207.58,363.44,13.759,0.22677,0.0038344,-0.010413,0.29458,0.0095922,-0.004705
1669.5,-207.57,363.46,13.758,0.22578,0.0040771,-0.01043,0.29458,0.0095922,-0.004705
1669.6,-207.57,363.48,13.757,0.22481,0.0043143,-0.010445,0.29458,0.0095922,-0.004705
1669.7,-207.56,363.5,13.756,0.22384,0.0045463,-0.010458,0.29458,0.0095922,-0.004705
1669.8,-207.55,363.52,13.755,0.22289,0.004773,-0.010468,0.29458,0.0095922,-0.004705
1669.9,-207.54,363.54,13.754,0.22196,0.0049945,-0.010476,0.29458,0.0095922,-0.004705
1670,-207.53,363.56,13.753,0.22103,0.0052109,-0.010481,0.29458,0.0095922,-0.004705
1670.1,-207.53,363.58,13.752,0.22012,0.0054222,-0.010485,0.29458,0.0095922,-0.004705
1670.2,-207.52,363.6,13.751,0.21921,0.0056285,-0.010487,0.29458,0.0095922,-0.004705
1670.3,-207.51,363.63,13.75,0.21832,0.0058298,-0.010486,0.29458,0.0095922,-0.004705
1670.4,-207.5,363.65,13.749,0.21744,0.0060261,-0.010483,0.29458,0.0095922,-0.004705
1670.5,-207.5,363.67,13.748,0.21657,0.0062176,-0.010478,0.29458,0.0095922,-0.004705
1670.6,-207.49,363.69,13.747,0.21571,0.0064043,-0.010472,0.29458,0.0095922,-0.004705
1670.7,-207.48,363.71,13.746,0.21486,0.0065862,-0.010463,0.29458,0.0095922,-0.004705
1670.8,-207.47,363.73,13.745,0.21403,0.0067634,-0.010453,0.29458,0.0095922,-0.004705
1670.9,-207.47,363.75,13.744,0.2132,0.006936,-0.01044,0.29458,0.0095922,-0.004705
1671,-207.46,363.77,13.743,0.21238,0.007104,-0.010426,0.29458,0.0095922,-0.004705
1671.1,-207.45,363.79,13.742,0.21157,0.0072674,-0.01041,0.29458,0.0095922,-0.004705
1671.2,-207.44,363.81,13.74,0.21078,0.0074264,-0.010392,0.29458,0.0095922,-0.004705
1671.3,-207.44,363.83,13.739,0.20999,0.0075809,-0.010373,0.29458,0.0095922,-0.004705
1671.4,-207.43,363.85,13.738,0.20921,0.0077311,-0.010351,0.29458,0.0095922,-0.004705
1671.5,-207.42,363.86,13.737,0.20844,0.007877,-0.010329,0.29458,0.0095922,-0.004705
1671.6,-207.41,363.88,13.736,0.20768,0.0080186,-0.010304,0.29458,0.0095922,-0.004705
1671.7,-207.41,363.9,13.735,0.20693,0.0081561,-0.010279,0.29458,0.0095922,-0.004705
1671.8,-207.4,363.92,13.734,0.20619,0.0082894,-0.010252,0.29458,0.0095922,-0.004705
1671.9,-207.39,363.94,13.733,0.20545,0.0084187,-0.010223,0.29458,0.0095922,-0.004705
1672,-207.38,363.96,13.732,0.20473,0.0085439,-0.010193,0.29458,0.0095922,-0.004705
1672.1,-207.38,363.98,13.731,0.20402,0.0086652,-0.010162,0.29458,0.0095922,-0.004705
1672.2,-207.37,364,13.73,0.20331,0.0087827,-0.010129,0.29458,0.0095922,-0.004705
1672.3,-207.36,364.02,13.729,0.20261,0.0088963,-0.010096,0.29458,0.0095922,-0.004705
1672.4,-207.35,364.04,13.728,0.20192,0.0090061,-0.010061,0.29458,0.0095922,-0.004705
1672.5,-207.35,364.06,13.727,0.20124,0.0091122,-0.010025,0.29458,0.0095922,-0.004705
1672.6,-207.34,364.08,13.726,0.20056,0.0092147,-0.0099879,0.29458,0.0095922,-0.004705
1672.7,-207.33,364.09,13.725,0.1999,0.0093136,-0.0099498,0.29458,0.0095922,-0.004705
1672.8,-207.33,364.11,13.724,0.19924,0.009409,-0.0099108,0.29458,0.0095922,-0.004705
1672.9,-207.32,364.13,13.723,0.19859,0.0095009,-0.0098709,0.29458,0.0095922,-0.004705
1673,-207.31,364.15,13.722,0.19794,0.0095894,-0.0098301,0.29458,0.0095922,-0.004705
1673.1,-207.3,364.17,13.721,0.19731,0.0096745,-0.0097884,0.29458,0.0095922,-0.004705
1673.2,-207.3,364.19,13.72,0.19668,0.0097564,-0.009746,0.29458,0.0095922,-0.004705
1673.3,-207.29,364.21,13.719,0.19606,0.009835,-0.0097028,7.5994,-1.8613e-15,9.2478e-16
1673.4,-207.28,364.22,13.718,0.21181,0.0098788,-0.0095475,7.5994,-1.8613e-15,9.2478e-16
1673.5,-207.28,364.24,13.717,0.22736,0.0099357,-0.0094333,7.5994,-1.8613e-15,9.2478e-16
1673.6,-207.27,364.27,13.716,0.24271,0.010006,-0.0093583,7.5994,-1.8613e-15,9.2478e-16
1673.7,-207.26,364.29,13.715,0.25785,0.01009,-0.0093212,7.5994,-1.8613e-15,9.2478e-16
1673.8,-207.25,364.31,13.715,0.27276,0.010188,-0.009321,7.5994,-1.8613e-15,9.2478e-16
1673.9,-207.24,364.34,13.714,0.28746,0.010301,-0.009357,7.5994,-1.8613e-15,9.2478e-16
1674,-207.23,364.37,13.713,0.30191,0.010429,-0.0094288,7.5994,-1.8613e-15,9.2478e-16
1674.1,-207.21,364.4,13.712,0.31613,0.010574,-0.0095365,7.5994,-1.8613e-15,9.2478e-16
1674.2,-207.2,364.43,13.711,0.33011,0.010737,-0.0096802,7.5994,-1.8613e-15,9.2478e-16
1674.3,-207.19,364.46,13.71,0.34383,0.010918,-0.0098604,7.5994,-1.8613e-15,9.2478e-16
1674.4,-207.18,364.49,13.709,0.35731,0.011119,-0.010078,7.5994,-1.8613e-15,9.2478e-16
1674.5,-207.16,364.52,13.708,0.37053,0.011342,-0.010334,7.5994,-1.8613e-15,9.2478e-16
1674.6,-207.15,364.56,13.707,0.38349,0.011588,-0.01063,7.5994,-1.8613e-15,9.2478e-16
1674.7,-207.13,364.59,13.706,0.3962,0.011859,-0.010967,7.5994,-1.8613e-15,9.2478e-16
1674.8,-207.12,364.63,13.705,0.40864,0.012157,-0.011348,7.5994,-1.8613e-15,9.2478e-16
1674.9,-207.1,364.67,13.703,0.42083,0.012485,-0.011773,7.5994,-1.8613e-15,9.2478e-16
1675,-207.08,364.71,13.702,0.43275,0.012845,-0.012247,7.5994,-1.8613e-15,9.2478e-16
1675.1,-207.06,364.75,13.701,0.44441,0.013239,-0.012772,7.5994,-1.8613e-15,9.2478e-16
1675.2,-207.05,364.79,13.7,0.45581,0.013671,-0.01335,7.5994,-1.8613e-15,9.2478e-16
1675.3,-207.03,364.83,13.698,0.46695,0.014143,-0.013985,7.5994,-1.8613e-15,9.2478e-16
1675.4,-207.01,364.88,13.697,0.47783,0.01466,-0.014681,7.5994,-1.8613e-15,9.2478e-16
1675.5,-206.99,364.92,13.695,0.48846,0.015225,-0.015442,7.5994,-1.8613e-15,9.2478e-16
1675.6,-206.97,364.97,13.694,0.49883,0.015843,-0.016272,7.5994,-1.8613e-15,9.2478e-16
1675.7,-206.95,365.01,13.692,0.50894,0.016517,-0.017175,7.5994,-1.8613e-15,9.2478e-16
1675.8,-206.93,365.06,13.69,0.51881,0.017253,-0.018157,7.5994,-1.8613e-15,9.2478e-16
1675.9,-206.91,365.11,13.688,0.52843,0.018056,-0.019223,7.5994,-1.8613e-15,9.2478e-16
1676,-206.89,365.16,13.686,0.5378,0.018932,-0.020377,7.5994,-1.8613e-15,9.2478e-16
1676.1,-206.87,365.2,13.684,0.54693,0.019887,-0.021627,7.5994,-1.8613e-15,9.2478e-16
1676.2,-206.84,365.26,13.682,0.55582,0.020927,-0.022977,7.5994,-1.8613e-15,9.2478e-16
1676.3,-206.82,365.31,13.68,0.56447,0.022059,-0.024435,7.5994,-1.8613e-15,9.2478e-16
1676.4,-206.8,365.36,13.677,0.57289,0.023292,-0.026005,7.5994,-1.8613e-15,9.2478e-16
1676.5,-206.77,365.41,13.675,0.58108,0.024633,-0.027695,7.5994,-1.8613e-15,9.2478e-16
1676.6,-206.75,365.46,13.672,0.58905,0.026091,-0.02951,7.5994,-1.8613e-15,9.2478e-16
1676.7,-206.73,365.52,13.669,0.59679,0.027674,-0.031456,7.5994,-1.8613e-15,9.2478e-16
1676.8,-206.7,365.57,13.665,0.60431,0.029391,-0.033539,7.5994,-1.8613e-15,9.2478e-16
1676.9,-206.68,365.63,13.662,0.61161,0.031254,-0.035765,7.5994,-1.8613e-15,9.2478e-16
1677,-206.65,365.69,13.658,0.6187,0.033271,-0.038137,7.5994,-1.8613e-15,9.2478e-16
1677.1,-206.62,365.74,13.654,0.62558,0.035454,-0.04066,7.5994,-1.8613e-15,9.2478e-16
1677.2,-206.6,365.8,13.65,0.63225,0.037813,-0.043336,7.5994,-1.8613e-15,9.2478e-16
1677.3,-206.57,365.86,13.646,0.63872,0.040359,-0.046168,7.5994,-1.8613e-15,9.2478e-16
1677.4,-206.55,365.92,13.641,0.64498,0.043102,-0.049155,7.5994,-1.8613e-15,9.2478e-16
1677.5,-206.52,365.97,13.636,0.65104,0.046054,-0.052297,7.5994,-1.8613e-15,9.2478e-16
1677.6,-206.49,366.03,13.63,0.6569,0.049224,-0.055591,7.5994,-1.8613e-15,9.2478e-16
1677.7,-206.46,366.09,13.625,0.66256,0.052623,-0.059032,7.5994,-1.8613e-15,9.2478e-16
1677.8,-206.44,366.16,13.619,0.66803,0.056261,-0.062613,7.5994,-1.8613e-15,9.2478e-16
1677.9,-206.41,366.22,13.612,0.6733,0.060146,-0.066326,7.5994,-1.8613e-15,9.2478e-16
1678,-206.38,366.28,13.605,0.67838,0.064285,-0.07016,7.5994,-1.8613e-15,9.2478e-16
1678.1,-206.35,366.34,13.598,0.68327,0.068685,-0.074101,7.5994,-1.8613e-15,9.2478e-16
1678.2,-206.32,366.4,13.59,0.68796,0.073351,-0.078136,7.5994,-1.8613e-15,9.2478e-16
1678.3,-206.29,366.46,13.582,0.69246,0.078287,-0.082246,7.5994,-1.8613e-15,9.2478e-16
1678.4,-206.26,366.53,13.574,0.69676,0.083494,-0.086413,7.5994,-1.8613e-15,9.2478e-16
1678.5,-206.23,366.59,13.565,0.70088,0.088972,-0.090617,7.5994,-1.8613e-15,9.2478e-16
1678.6,-206.2,366.66,13.556,0.7048,0.09472,-0.094838,7.5994,-1.8613e-15,9.2478e-16
1678.7,-206.17,366.72,13.546,0.70852,0.10073,-0.099052,7.5994,-1.8613e-15,9.2478e-16
1678.8,-206.14,366.78,13.536,0.71205,0.107,-0.10324,7.5994,-1.8613e-15,9.2478e-16
1678.9,-206.11,366.85,13.526,0.71538,0.11353,-0.10737,7.5994,-1.8613e-15,9.2478e-16
1679,-206.07,366.91,13.515,0.71852,0.12029,-0.11143,7.5994,-1.8613e-15,9.2478e-16
1679.1,-206.04,366.98,13.503,0.72146,0.12728,-0.1154,7.5994,-1.8613e-15,9.2478e-16
1679.2,-206.01,367.05,13.492,0.7242,0.13449,-0.11926,7.5994,-1.8613e-15,9.2478e-16
1679.3,-205.98,367.11,13.479,0.72675,0.1419,-0.12298,7.5994,-1.8613e-15,9.2478e-16
1679.4,-205.94,367.18,13.467,0.7291,0.14949,-0.12655,7.5994,-1.8613e-15,9.2478e-16
1679.5,-205.91,367.24,13.454,0.73125,0.15724,-0.12995,7.5994,-1.8613e-15,9.2478e-16
1679.6,-205.87,367.31,13.441,0.73322,0.16514,-0.13318,7.5994,-1.8613e-15,9.2478e-16
1679.7,-205.84,367.38,13.428,0.73499,0.17317,-0.13621,7.5994,-1.8613e-15,9.2478e-16
1679.8,-205.8,367.45,13.414,0.73658,0.18131,-0.13905,7.5994,-1.8613e-15,9.2478e-16
1679.9,-205.77,367.51,13.4,0.73798,0.18953,-0.14168,7.5994,-1.8613e-15,9.2478e-16
1680,-205.73,367.58,13.385,0.7392,0.19783,-0.1441,7.5994,-1.8613e-15,9.2478e-16
1680.1,-205.7,367.65,13.371,0.74024,0.20617,-0.14631,7.5994,-1.8613e-15,9.2478e-16
1680.2,-205.66,367.72,13.356,0.74111,0.21455,-0.14829,7.5994,-1.8613e-15,9.2478e-16
1680.3,-205.62,367.78,13.341,0.74182,0.22294,-0.15007,7.5994,-1.8613e-15,9.2478e-16
1680.4,-205.59,367.85,13.326,0.74237,0.23132,-0.15162,7.5994,-1.8613e-15,9.2478e-16
1680.5,-205.55,367.92,13.311,0.74276,0.23968,-0.15297,7.5994,-1.8613e-15,9.2478e-16
1680.6,-205.51,367.99,13.296,0.74301,0.24801,-0.1541,7.5994,-1.8613e-15,9.2478e-16
1680.7,-205.47,368.06,13.28,0.74312,0.25628,-0.15503,7.5994,-1.8613e-15,9.2478e-16
1680.8,-205.43,368.12,13.265,0.7431,0.2645,-0.15577,7.5994,-1.8613e-15,9.2478e-16
1680.9,-205.39,368.19,13.249,0.74295,0.27263,-0.15631,7.5994,-1.8613e-15,9.2478e-16
1681,-205.35,368.26,13.233,0.74269,0.28068,-0.15666,7.5994,-1.8613e-15,9.2478e-16
1681.1,-205.31,368.33,13.218,0.74232,0.28863,-0.15683,7.5994,-1.8613e-15,9.2478e-16
1681.2,-205.27,368.4,13.202,0.74185,0.29648,-0.15683,7.5994,-1.8613e-15,9.2478e-16
1681.3,-205.22,368.46,13.186,0.7413,0.30422,-0.15666,7.5994,-1.8613e-15,9.2478e-16
1681.4,-205.18,368.53,13.171,0.74066,0.31183,-0.15634,7.5994,-1.8613e-15,9.2478e-16
1681.5,-205.14,368.6,13.155,0.73994,0.31933,-0.15586,7.5994,-1.8613e-15,9.2478e-16
1681.6,-205.09,368.67,13.139,0.73916,0.32669,-0.15524,7.5994,-1.8613e-15,9.2478e-16
1681.7,-205.05,368.73,13.124,0.73833,0.33393,-0.15448,7.5994,-1.8613e-15,9.2478e-16
1681.8,-205,368.8,13.109,0.73744,0.34102,-0.1536,7.5994,-1.8613e-15,9.2478e-16
1681.9,-204.96,368.87,13.093,0.73651,0.34799,-0.15258,7.5994,-1.8613e-15,9.2478e-16
1682,-204.91,368.94,13.078,0.73555,0.35481,-0.15146,7.5994,-1.8613e-15,9.2478e-16
1682.1,-204.86,369,13.063,0.73457,0.3615,-0.15022,7.5994,-1.8613e-15,9.2478e-16
1682.2,-204.82,369.07,13.048,0.73356,0.36805,-0.14887,7.5994,-1.8613e-15,9.2478e-16
1682.3,-204.77,369.14,13.033,0.73254,0.37446,-0.14743,7.5994,-1.8613e-15,9.2478e-16
1682.4,-204.72,369.2,13.019,0.73151,0.38074,-0.1459,7.5994,-1.8613e-15,9.2478e-16
1682.5,-204.67,369.27,13.004,0.73049,0.38688,-0.14427,7.5994,-1.8613e-15,9.2478e-16
1682.6,-204.62,369.33,12.99,0.72947,0.39289,-0.14257,7.5994,-1.8613e-15,9.2478e-16
1682.7,-204.57,369.4,12.976,0.72846,0.39877,-0.14078,7.5994,-1.8613e-15,9.2478e-16
1682.8,-204.52,369.46,12.962,0.72748,0.40453,-0.13892,7.5994,-1.8613e-15,9.2478e-16
1682.9,-204.47,369.53,12.948,0.72651,0.41016,-0.13699,7.5994,-1.8613e-15,9.2478e-16
1683,-204.41,369.59,12.934,0.72557,0.41568,-0.13499,7.5994,-1.8613e-15,9.2478e-16
1683.1,-204.36,369.66,12.921,0.72467,0.42108,-0.13292,7.5994,-1.8613e-15,9.2478e-16
1683.2,-204.31,369.72,12.908,0.7238,0.42636,-0.1308,7.5994,-1.8613e-15,9.2478e-16
1683.3,-204.25,369.79,12.895,0.72298,0.43154,-0.12861,7.5994,-1.8613e-15,9.2478e-16
1683.4,-204.2,369.85,12.882,0.7222,0.43662,-0.12637,7.5994,-1.8613e-15,9.2478e-16
1683.5,-204.14,369.92,12.869,0.72147,0.4416,-0.12408,7.5994,-1.8613e-15,9.2478e-16
1683.6,-204.09,369.98,12.857,0.72079,0.44648,-0.12173,7.5994,-1.8613e-15,9.2478e-16
1683.7,-204.03,370.04,12.845,0.72017,0.45127,-0.11933,7.5994,-1.8613e-15,9.2478e-16
1683.8,-203.97,370.11,12.833,0.71961,0.45597,-0.11688,7.5994,-1.8613e-15,9.2478e-16
1683.9,-203.91,370.17,12.822,0.71911,0.4606,-0.11438,7.5994,-1.8613e-15,9.2478e-16
1684,-203.86,370.23,12.81,0.71867,0.46515,-0.11182,7.5994,-1.8613e-15,9.2478e-16
1684.1,-203.8,370.29,12.799,0.71831,0.46962,-0.10922,1.1775,-0.039604,0.019426
1684.2,-203.74,370.36,12.788,0.70378,0.47374,-0.10566,1.1775,-0.039604,0.019426
1684.3,-203.68,370.42,12.778,0.68981,0.47755,-0.10142,1.1775,-0.039604,0.019426
1684.4,-203.62,370.48,12.768,0.67641,0.48104,-0.096557,1.1775,-0.039604,0.019426
1684.5,-203.57,370.54,12.759,0.66359,0.48424,-0.091156,1.1775,-0.039604,0.019426
1684.6,-203.51,370.6,12.75,0.65134,0.48716,-0.085271,1.1775,-0.039604,0.019426
1684.7,-203.46,370.66,12.742,0.63968,0.48982,-0.078948,1.1775,-0.039604,0.019426
1684.8,-203.4,370.72,12.734,0.62861,0.49224,-0.072222,1.1775,-0.039604,0.019426
1684.9,-203.35,370.78,12.727,0.61812,0.49444,-0.065116,1.1775,-0.039604,0.019426
1685,-203.3,370.83,12.721,0.60823,0.49647,-0.05764,1.1775,-0.039604,0.019426
1685.1,-203.25,370.89,12.716,0.59892,0.49833,-0.049796,1.1775,-0.039604,0.019426
1685.2,-203.19,370.95,12.711,0.5902,0.50007,-0.041568,1.1775,-0.039604,0.019426
1685.3,-203.14,371.01,12.708,0.58207,0.50172,-0.032929,1.1775,-0.039604,0.019426
1685.4,-203.09,371.07,12.705,0.57455,0.50329,-0.023837,1.1775,-0.039604,0.019426
1685.5,-203.04,371.12,12.703,0.56763,0.50484,-0.01423,1.1775,-0.039604,0.019426
1685.6,-202.99,371.18,12.702,0.56133,0.50639,-0.0040212,1.1775,-0.039604,0.019426
1685.7,-202.95,371.24,12.702,0.55566,0.50749,0.0067046,1.1775,-0.039604,0.019426
1685.8,-202.9,371.3,12.703,0.55061,0.50623,0.017128,1.1775,-0.039604,0.019426
1685.9,-202.85,371.36,12.705,0.54614,0.50254,0.02688,1.1775,-0.039604,0.019426
1686,-202.8,371.41,12.709,0.54219,0.49657,0.035729,1.1775,-0.039604,0.019426
1686.1,-202.76,371.47,12.713,0.53869,0.48858,0.043521,1.1775,-0.039604,0.019426
1686.2,-202.71,371.53,12.717,0.53556,0.47884,0.050182,1.1775,-0.039604,0.019426
1686.3,-202.67,371.58,12.723,0.53273,0.46768,0.055707,1.1775,-0.039604,0.019426
1686.4,-202.62,371.63,12.728,0.53012,0.45538,0.060142,1.1775,-0.039604,0.019426
1686.5,-202.58,371.69,12.735,0.52767,0.44224,0.063568,1.1775,-0.039604,0.019426
1686.6,-202.53,371.74,12.741,0.52533,0.42851,0.066089,1.1775,-0.039604,0.019426
1686.7,-202.49,371.79,12.748,0.52305,0.41442,0.067817,1.1775,-0.039604,0.019426
1686.8,-202.44,371.84,12.755,0.52079,0.40017,0.068866,1.1775,-0.039604,0.019426
1686.9,-202.4,371.89,12.761,0.51853,0.3859,0.069343,1.1775,-0.039604,0.019426
1687,-202.36,371.94,12.768,0.51625,0.37175,0.069346,1.1775,-0.039604,0.019426
1687.1,-202.31,371.98,12.775,0.51394,0.35781,0.068964,1.1775,-0.039604,0.019426
1687.2,-202.27,372.03,12.782,0.51157,0.34416,0.068272,1.1775,-0.039604,0.019426
1687.3,-202.23,372.07,12.789,0.50917,0.33085,0.067338,1.1775,-0.039604,0.019426
1687.4,-202.19,372.11,12.796,0.50671,0.31793,0.066215,1.1775,-0.039604,0.019426
1687.5,-202.14,372.16,12.802,0.5042,0.30542,0.064953,1.1775,-0.039604,0.019426
1687.6,-202.1,372.2,12.809,0.50165,0.29333,0.063588,1.1775,-0.039604,0.019426
1687.7,-202.06,372.24,12.815,0.49905,0.28167,0.062153,1.1775,-0.039604,0.019426
1687.8,-202.02,372.28,12.821,0.49642,0.27044,0.060674,1.1775,-0.039604,0.019426
1687.9,-201.98,372.31,12.827,0.49375,0.25965,0.059173,1.1775,-0.039604,0.019426
1688,-201.94,372.35,12.833,0.49106,0.24927,0.057667,1.1775,-0.039604,0.019426
1688.1,-201.9,372.39,12.839,0.48834,0.2393,0.056168,1.1775,-0.039604,0.019426
1688.2,-201.86,372.42,12.844,0.48561,0.22973,0.05469,1.1775,-0.039604,0.019426
1688.3,-201.82,372.46,12.85,0.48287,0.22054,0.053239,1.1775,-0.039604,0.019426
1688.4,-201.78,372.49,12.855,0.48012,0.21172,0.051823,1.1775,-0.039604,0.019426
1688.5,-201.74,372.53,12.86,0.47737,0.20326,0.050447,1.1775,-0.039604,0.019426
1688.6,-201.7,372.56,12.865,0.47462,0.19513,0.049115,1.1775,-0.039604,0.019426
1688.7,-201.66,372.59,12.87,0.47188,0.18733,0.047829,1.1775,-0.039604,0.019426
1688.8,-201.62,372.62,12.874,0.46915,0.17983,0.046592,1.1775,-0.039604,0.019426
1688.9,-201.58,372.65,12.879,0.46643,0.17263,0.045405,1.1775,-0.039604,0.019426
1689,-201.54,372.68,12.884,0.46372,0.16571,0.044269,1.1775,-0.039604,0.019426
1689.1,-201.5,372.71,12.888,0.46104,0.15905,0.043184,1.1775,-0.039604,0.019426
1689.2,-201.46,372.74,12.892,0.45837,0.15265,0.04215,1.1775,-0.039604,0.019426
1689.3,-201.42,372.77,12.896,0.45573,0.14649,0.041167,1.1775,-0.039604,0.019426
1689.4,-201.38,372.8,12.9,0.45311,0.14056,0.040235,1.1775,-0.039604,0.019426
1689.5,-201.35,372.83,12.904,0.45052,0.13484,0.039352,1.1775,-0.039604,0.019426
1689.6,-201.31,372.86,12.908,0.44796,0.12934,0.038519,1.1775,-0.039604,0.019426
1689.7,-201.27,372.88,12.912,0.44543,0.12403,0.037734,1.1775,-0.039604,0.019426
1689.8,-201.23,372.91,12.916,0.44292,0.1189,0.036997,1.1775,-0.039604,0.019426
1689.9,-201.2,372.94,12.919,0.44045,0.11396,0.036306,1.1775,-0.039604,0.019426
1690,-201.16,372.96,12.923,0.43801,0.10918,0.03566,1.1775,-0.039604,0.019426
1690.1,-201.12,372.99,12.927,0.43561,0.10456,0.035059,1.1775,-0.039604,0.019426
1690.2,-201.08,373.01,12.93,0.43323,0.1001,0.034502,1.1775,-0.039604,0.019426
1690.3,-201.05,373.04,12.934,0.43089,0.095783,0.033987,1.1775,-0.039604,0.019426
1690.4,-201.01,373.06,12.937,0.42859,0.091604,0.033513,1.1775,-0.039604,0.019426
1690.5,-200.97,373.09,12.94,0.42631,0.087557,0.03308,1.1775,-0.039604,0.019426
1690.6,-200.94,373.11,12.943,0.42407,0.083636,0.032687,1.1775,-0.039604,0.019426
1690.7,-200.9,373.13,12.947,0.42187,0.079835,0.032332,1.1775,-0.039604,0.019426
1690.8,-200.87,373.15,12.95,0.4197,0.076147,0.032015,1.1775,-0.039604,0.019426
1690.9,-200.83,373.18,12.953,0.41756,0.072569,0.031735,1.1775,-0.039604,0.019426
1691,-200.79,373.2,12.956,0.41546,0.069095,0.031491,1.1775,-0.039604,0.019426
1691.1,-200.76,373.22,12.959,0.41339,0.065719,0.031282,1.1775,-0.039604,0.019426
1691.2,-200.72,373.24,12.963,0.41135,0.062439,0.031107,1.1775,-0.039604,0.019426
1691.3,-200.69,373.27,12.966,0.40935,0.059249,0.030965,1.1775,-0.039604,0.019426
1691.4,-200.65,373.29,12.969,0.40738,0.056146,0.030856,1.1775,-0.039604,0.019426
1691.5,-200.62,373.31,12.972,0.40544,0.053126,0.030779,1.1775,-0.039604,0.019426
1691.6,-200.58,373.33,12.975,0.40354,0.050184,0.030733,10.967,-2.686e-15,1.3043e-15
1691.7,-200.54,373.35,12.978,0.42349,0.047468,0.030195,10.967,-2.686e-15,1.3043e-15
1691.8,-200.51,373.37,12.981,0.443,0.044792,0.029742,10.967,-2.686e-15,1.3043e-15
1691.9,-200.47,373.39,12.984,0.46207,0.042152,0.029377,10.967,-2.686e-15,1.3043e-15
1692,-200.43,373.42,12.987,0.48069,0.039542,0.029102,10.967,-2.686e-15,1.3043e-15
1692.1,-200.38,373.44,12.99,0.49887,0.036957,0.028922,10.967,-2.686e-15,1.3043e-15
1692.2,-200.34,373.46,12.993,0.5166,0.034391,0.02884,10.967,-2.686e-15,1.3043e-15
1692.3,-200.29,373.49,12.996,0.53388,0.031837,0.028864,10.967,-2.686e-15,1.3043e-15
1692.4,-200.24,373.51,12.998,0.55071,0.029287,0.028999,10.967,-2.686e-15,1.3043e-15
1692.5,-200.19,373.54,13.001,0.56711,0.026735,0.029254,10.967,-2.686e-15,1.3043e-15
1692.6,-200.14,373.57,13.004,0.58306,0.02417,0.029637,10.967,-2.686e-15,1.3043e-15
1692.7,-200.09,373.59,13.007,0.59858,0.021584,0.03016,10.967,-2.686e-15,1.3043e-15
1692.8,-200.04,373.62,13.01,0.61367,0.018966,0.030834,10.967,-2.686e-15,1.3043e-15
1692.9,-199.98,373.65,13.013,0.62833,0.016305,0.031673,10.967,-2.686e-15,1.3043e-15
1693,-199.92,373.68,13.017,0.64257,0.013589,0.03269,10.967,-2.686e-15,1.3043e-15
1693.1,-199.87,373.71,13.02,0.65639,0.010803,0.033904,10.967,-2.686e-15,1.3043e-15
1693.2,-199.81,373.74,13.023,0.66981,0.0079328,0.035332,10.967,-2.686e-15,1.3043e-15
1693.3,-199.75,373.77,13.027,0.68283,0.0049624,0.036995,10.967,-2.686e-15,1.3043e-15
1693.4,-199.69,373.8,13.031,0.69544,0.0018741,0.038915,10.967,-2.686e-15,1.3043e-15
1693.5,-199.62,373.83,13.035,0.70767,-0.0013535,0.041113,10.967,-2.686e-15,1.3043e-15
1693.6,-199.56,373.86,13.039,0.71952,-0.0047624,0.043589,10.967,-2.686e-15,1.3043e-15
1693.7,-199.49,373.9,13.044,0.73099,-0.0083822,0.046357,10.967,-2.686e-15,1.3043e-15
1693.8,-199.43,373.93,13.048,0.74209,-0.01224,0.049434,10.967,-2.686e-15,1.3043e-15
1693.9,-199.36,373.96,13.053,0.75283,-0.016363,0.052835,10.967,-2.686e-15,1.3043e-15
1694,-199.29,374,13.059,0.76321,-0.020783,0.056573,10.967,-2.686e-15,1.3043e-15
1694.1,-199.23,374.03,13.065,0.77323,-0.025529,0.060661,10.967,-2.686e-15,1.3043e-15
1694.2,-199.16,374.07,13.071,0.7829,-0.030635,0.065105,10.967,-2.686e-15,1.3043e-15
1694.3,-199.09,374.1,13.078,0.79223,-0.036131,0.069909,10.967,-2.686e-15,1.3043e-15
1694.4,-199.01,374.14,13.085,0.8012,-0.04205,0.07507,10.967,-2.686e-15,1.3043e-15
1694.5,-198.94,374.17,13.093,0.80984,-0.048424,0.080578,10.967,-2.686e-15,1.3043e-15
1694.6,-198.87,374.21,13.101,0.81813,-0.055281,0.086419,10.967,-2.686e-15,1.3043e-15
1694.7,-198.8,374.25,13.11,0.82607,-0.06265,0.092567,10.967,-2.686e-15,1.3043e-15
1694.8,-198.72,374.29,13.12,0.83367,-0.070553,0.098991,10.967,-2.686e-15,1.3043e-15
1694.9,-198.65,374.32,13.13,0.84092,-0.07901,0.10565,10.967,-2.686e-15,1.3043e-15
1695,-198.57,374.36,13.141,0.84781,-0.088035,0.1125,10.967,-2.686e-15,1.3043e-15
1695.1,-198.49,374.4,13.152,0.85434,-0.097637,0.11949,10.967,-2.686e-15,1.3043e-15
1695.2,-198.42,374.44,13.165,0.86051,-0.10782,0.12655,10.967,-2.686e-15,1.3043e-15
1695.3,-198.34,374.48,13.178,0.8663,-0.11857,0.13362,10.967,-2.686e-15,1.3043e-15
1695.4,-198.26,374.52,13.191,0.87172,-0.12987,0.14064,10.967,-2.686e-15,1.3043e-15
1695.5,-198.18,374.56,13.206,0.87675,-0.14172,0.14755,10.967,-2.686e-15,1.3043e-15
1695.6,-198.1,374.6,13.221,0.88139,-0.15407,0.15427,10.967,-2.686e-15,1.3043e-15
1695.7,-198.03,374.64,13.237,0.88563,-0.1669,0.16075,10.967,-2.686e-15,1.3043e-15
1695.8,-197.95,374.69,13.253,0.88948,-0.18017,0.16694,10.967,-2.686e-15,1.3043e-15
1695.9,-197.86,374.73,13.27,0.89292,-0.19383,0.17278,10.967,-2.686e-15,1.3043e-15
1696,-197.78,374.77,13.288,0.89596,-0.20782,0.17824,10.967,-2.686e-15,1.3043e-15
1696.1,-197.7,374.82,13.306,0.89859,-0.22211,0.18328,10.967,-2.686e-15,1.3043e-15
1696.2,-197.62,374.86,13.324,0.90083,-0.23663,0.18787,10.967,-2.686e-15,1.3043e-15
1696.3,-197.54,374.91,13.343,0.90268,-0.25134,0.192,10.967,-2.686e-15,1.3043e-15
1696.4,-197.46,374.95,13.363,0.90415,-0.26618,0.19565,10.967,-2.686e-15,1.3043e-15
1696.5,-197.37,375,13.382,0.90525,-0.2811,0.19881,10.967,-2.686e-15,1.3043e-15
1696.6,-197.29,375.04,13.402,0.90599,-0.29605,0.2015,10.967,-2.686e-15,1.3043e-15
1696.7,-197.21,375.09,13.423,0.90639,-0.31099,0.2037,10.967,-2.686e-15,1.3043e-15
1696.8,-197.13,375.14,13.443,0.90646,-0.32588,0.20543,10.967,-2.686e-15,1.3043e-15
1696.9,-197.04,375.19,13.464,0.90623,-0.34066,0.2067,10.967,-2.686e-15,1.3043e-15
1697,-196.96,375.24,13.484,0.90571,-0.35533,0.20752,10.967,-2.686e-15,1.3043e-15
1697.1,-196.88,375.29,13.505,0.90494,-0.36983,0.20792,10.967,-2.686e-15,1.3043e-15
1697.2,-196.79,375.34,13.526,0.90392,-0.38415,0.2079,10.967,-2.686e-15,1.3043e-15
1697.3,-196.71,375.39,13.547,0.90268,-0.39826,0.20749,10.967,-2.686e-15,1.3043e-15
1697.4,-196.63,375.45,13.568,0.90125,-0.41215,0.20671,10.967,-2.686e-15,1.3043e-15
1697.5,-196.54,375.5,13.588,0.89966,-0.4258,0.20556,10.967,-2.686e-15,1.3043e-15
1697.6,-196.46,375.56,13.609,0.89791,-0.43921,0.20408,10.967,-2.686e-15,1.3043e-15
1697.7,-196.38,375.61,13.629,0.89605,-0.45236,0.20228,10.967,-2.686e-15,1.3043e-15
1697.8,-196.29,375.67,13.649,0.89409,-0.46525,0.20017,10.967,-2.686e-15,1.3043e-15
1697.9,-196.21,375.73,13.669,0.89206,-0.47788,0.19777,10.967,-2.686e-15,1.3043e-15
1698,-196.13,375.79,13.689,0.88997,-0.49026,0.1951,10.967,-2.686e-15,1.3043e-15
1698.1,-196.05,375.84,13.708,0.88786,-0.50238,0.19217,10.967,-2.686e-15,1.3043e-15
1698.2,-195.96,375.9,13.727,0.88574,-0.51425,0.18899,10.967,-2.686e-15,1.3043e-15
1698.3,-195.88,375.97,13.746,0.88364,-0.52589,0.18557,10.967,-2.686e-15,1.3043e-15
1698.4,-195.8,376.03,13.764,0.88156,-0.5373,0.18192,10.967,-2.686e-15,1.3043e-15
1698.5,-195.72,376.09,13.782,0.87955,-0.54849,0.17806,10.967,-2.686e-15,1.3043e-15
1698.6,-195.63,376.15,13.8,0.8776,-0.55947,0.17398,10.967,-2.686e-15,1.3043e-15
1698.7,-195.55,376.22,13.817,0.87574,-0.57027,0.16969,10.967,-2.686e-15,1.3043e-15
1698.8,-195.47,376.29,13.834,0.874,-0.5809,0.16519,10.967,-2.686e-15,1.3043e-15
1698.9,-195.39,376.35,13.85,0.87238,-0.59137,0.16048,10.967,-2.686e-15,1.3043e-15
1699,-195.31,376.42,13.866,0.8709,-0.6017,0.15556,10.967,-2.686e-15,1.3043e-15
1699.1,-195.23,376.49,13.881,0.86958,-0.61192,0.15043,10.967,-2.686e-15,1.3043e-15
1699.2,-195.15,376.56,13.896,0.86843,-0.62204,0.14507,10.967,-2.686e-15,1.3043e-15
1699.3,-195.06,376.63,13.91,0.86748,-0.63208,0.13948,10.967,-2.686e-15,1.3043e-15
1699.4,-194.98,376.7,13.924,0.86674,-0.64207,0.13364,10.967,-2.686e-15,1.3043e-15
1699.5,-194.9,376.77,13.937,0.86622,-0.65204,0.12753,10.967,-2.686e-15,1.3043e-15
1699.6,-194.82,376.84,13.949,0.86595,-0.662,0.12113,10.967,-2.686e-15,1.3043e-15
1699.7,-194.74,376.91,13.961,0.86595,-0.67198,0.11442,10.967,-2.686e-15,1.3043e-15
1699.8,-194.66,376.99,13.972,0.86624,-0.68202,0.10734,10.967,-2.686e-15,1.3043e-15
1699.9,-194.58,377.06,13.982,0.86684,-0.69215,0.099863,10.967,-2.686e-15,1.3043e-15
1700,-194.5,377.14,13.992,0.86778,-0.7024,0.091928,10.967,-2.686e-15,1.3043e-15
1700.1,-194.41,377.21,14.001,0.8691,-0.7128,0.083466,10.967,-2.686e-15,1.3043e-15
1700.2,-194.33,377.29,14.009,0.87082,-0.72341,0.074389,10.967,-2.686e-15,1.3043e-15
1700.3,-194.25,377.37,14.016,0.873,-0.73427,0.064588,10.967,-2.686e-15,1.3043e-15
1700.4,-194.16,377.45,14.022,0.87569,-0.74543,0.053923,10.967,-2.686e-15,1.3043e-15
1700.5,-194.08,377.52,14.026,0.87895,-0.75696,0.042211,10.967,-2.686e-15,1.3043e-15
1700.6,-193.99,377.6,14.03,0.88286,-0.76894,0.029213,10.967,-2.686e-15,1.3043e-15
1700.7,-193.91,377.68,14.032,0.88753,-0.78145,0.014606,10.967,-2.686e-15,1.3043e-15
1700.8,-193.82,377.76,14.033,0.89308,-0.79458,-0.0020364,10.967,-2.686e-15,1.3043e-15
1700.9,-193.73,377.84,14.032,0.89964,-0.80434,-0.019529,10.967,-2.686e-15,1.3043e-15
1701,-193.64,377.93,14.029,0.9072,-0.80795,-0.036156,10.967,-2.686e-15,1.3043e-15
1701.1,-193.55,378.01,14.025,0.91563,-0.80559,-0.051075,10.967,-2.686e-15,1.3043e-15
1701.2,-193.46,378.09,14.019,0.92473,-0.79778,-0.06371,10.967,-2.686e-15,1.3043e-15
1701.3,-193.37,378.17,14.012,0.93425,-0.78535,-0.073776,10.967,-2.686e-15,1.3043e-15
1701.4,-193.28,378.26,14.004,0.94397,-0.76926,-0.081242,10.967,-2.686e-15,1.3043e-15
1701.5,-193.19,378.34,13.996,0.95366,-0.75047,-0.086265,10.967,-2.686e-15,1.3043e-15
1701.6,-193.11,378.42,13.987,0.96311,-0.72991,-0.089111,10.967,-2.686e-15,1.3043e-15
1701.7,-193.02,378.51,13.978,0.97219,-0.70836,-0.090097,10.967,-2.686e-15,1.3043e-15
1701.8,-192.93,378.59,13.969,0.9808,-0.68649,-0.089539,10.967,-2.686e-15,1.3043e-15
1701.9,-192.85,378.68,13.96,0.98885,-0.66483,-0.087731,10.967,-2.686e-15,1.3043e-15
1702,-192.77,378.76,13.952,0.99631,-0.64377,-0.084927,10.967,-2.686e-15,1.3043e-15
1702.1,-192.69,378.85,13.943,1.0032,-0.62364,-0.081338,10.967,-2.686e-15,1.3043e-15
1702.2,-192.61,378.94,13.935,1.0094,-0.60466,-0.077134,10.967,-2.686e-15,1.3043e-15
1702.3,-192.53,379.02,13.928,1.0151,-0.587,-0.072447,10.967,-2.686e-15,1.3043e-15
1702.4,-192.45,379.11,13.921,1.0202,-0.57078,-0.067376,10.967,-2.686e-15,1.3043e-15
1702.5,-192.37,379.2,13.914,1.0247,-0.55608,-0.061993,10.967,-2.686e-15,1.3043e-15
1702.6,-192.3,379.29,13.908,1.0288,-0.54297,-0.056349,10.967,-2.686e-15,1.3043e-15
1702.7,-192.22,379.37,13.903,1.0323,-0.53151,-0.050474,10.967,-2.686e-15,1.3043e-15
1702.8,-192.15,379.46,13.898,1.0354,-0.52174,-0.044386,10.967,-2.686e-15,1.3043e-15
1702.9,-192.07,379.55,13.894,1.0381,-0.5137,-0.038092,10.967,-2.686e-15,1.3043e-15
1703,-192,379.64,13.891,1.0403,-0.50746,-0.031587,10.967,-2.686e-15,1.3043e-15
1703.1,-191.92,379.73,13.888,1.0422,-0.50307,-0.024865,10.967,-2.686e-15,1.3043e-15
1703.2,-191.85,379.82,13.886,1.0436,-0.5006,-0.017911,10.967,-2.686e-15,1.3043e-15
1703.3,-191.77,379.91,13.884,1.0447,-0.50015,-0.010714,10.967,-2.686e-15,1.3043e-15
1703.4,-191.7,379.99,13.884,1.0455,-0.50181,-0.0032622,10.967,-2.686e-15,1.3043e-15
1703.5,-191.62,380.08,13.884,1.0459,-0.50542,0.0045549,10.967,-2.686e-15,1.3043e-15
1703.6,-191.55,380.17,13.885,1.0459,-0.5097,0.013211,10.967,-2.686e-15,1.3043e-15
1703.7,-191.47,380.26,13.886,1.0455,-0.51454,0.022731,8.6089,-0.5268,0.25839
1703.8,-191.4,380.35,13.89,1.0393,-0.52238,0.040507,8.6089,-0.5268,0.25839
1703.9,-191.32,380.44,13.894,1.0324,-0.53129,0.059039,8.6089,-0.5268,0.25839
1704,-191.24,380.52,13.901,1.0249,-0.54129,0.077759,8.6089,-0.5268,0.25839
1704.1,-191.17,380.61,13.91,1.0168,-0.55237,0.096037,8.6089,-0.5268,0.25839
1704.2,-191.09,380.7,13.921,1.008,-0.56449,0.11325,8.6089,-0.5268,0.25839
1704.3,-191.01,380.78,13.933,0.99866,-0.57753,0.12883,8.6089,-0.5268,0.25839
1704.4,-190.94,380.87,13.946,0.9888,-0.59138,0.14236,8.6089,-0.5268,0.25839
1704.5,-190.86,380.95,13.961,0.9785,-0.60586,0.15354,8.6089,-0.5268,0.25839
1704.6,-190.78,381.04,13.977,0.96788,-0.62084,0.16223,8.6089,-0.5268,0.25839
1704.7,-190.71,381.13,13.993,0.95704,-0.63614,0.16843,8.6089,-0.5268,0.25839
1704.8,-190.63,381.21,14.01,0.9461,-0.65162,0.17221,8.6089,-0.5268,0.25839
1704.9,-190.55,381.3,14.028,0.93517,-0.66718,0.17374,8.6089,-0.5268,0.25839
1705,-190.48,381.38,14.045,0.92436,-0.68273,0.1732,8.6089,-0.5268,0.25839
1705.1,-190.4,381.47,14.062,0.91378,-0.6982,0.17079,8.6089,-0.5268,0.25839
1705.2,-190.32,381.55,14.079,0.90351,-0.71357,0.1667,8.6089,-0.5268,0.25839
1705.3,-190.25,381.64,14.096,0.89367,-0.72884,0.16111,8.6089,-0.5268,0.25839
1705.4,-190.17,381.73,14.111,0.88433,-0.74402,0.15413,8.6089,-0.5268,0.25839
1705.5,-190.09,381.81,14.126,0.87558,-0.75915,0.14589,8.6089,-0.5268,0.25839
1705.6,-190.02,381.9,14.141,0.86749,-0.7743,0.13645,8.6089,-0.5268,0.25839
1705.7,-189.94,381.99,14.154,0.86015,-0.78955,0.12582,8.6089,-0.5268,0.25839
1705.8,-189.86,382.07,14.166,0.85363,-0.805,0.114,8.6089,-0.5268,0.25839
1705.9,-189.78,382.16,14.176,0.84803,-0.82075,0.1009,8.6089,-0.5268,0.25839
1706,-189.7,382.25,14.186,0.84343,-0.83696,0.086393,8.6089,-0.5268,0.25839
1706.1,-189.62,382.34,14.194,0.83996,-0.85379,0.070255,8.6089,-0.5268,0.25839
1706.2,-189.54,382.43,14.2,0.83775,-0.87145,0.052163,8.6089,-0.5268,0.25839
1706.3,-189.46,382.52,14.204,0.83698,-0.89019,0.031636,8.6089,-0.5268,0.25839
1706.4,-189.38,382.61,14.206,0.83789,-0.91033,0.0079637,8.6089,-0.5268,0.25839
1706.5,-189.29,382.7,14.205,0.84077,-0.92939,-0.018714,8.6089,-0.5268,0.25839
1706.6,-189.2,382.79,14.202,0.84574,-0.93881,-0.044457,8.6089,-0.5268,0.25839
1706.7,-189.11,382.88,14.197,0.85257,-0.9382,-0.067134,8.6089,-0.5268,0.25839
1706.8,-189.03,382.97,14.189,0.86085,-0.92869,-0.085515,8.6089,-0.5268,0.25839
1706.9,-188.94,383.06,14.18,0.87009,-0.912,-0.099152,8.6089,-0.5268,0.25839
1707,-188.85,383.15,14.169,0.87976,-0.89008,-0.10822,8.6089,-0.5268,0.25839
1707.1,-188.77,383.24,14.158,0.88944,-0.86479,-0.11326,8.6089,-0.5268,0.25839
1707.2,-188.68,383.33,14.147,0.89879,-0.83774,-0.11499,8.6089,-0.5268,0.25839
1707.3,-188.6,383.42,14.135,0.90757,-0.8102,-0.11409,8.6089,-0.5268,0.25839
1707.4,-188.52,383.51,14.124,0.91564,-0.78313,-0.11122,8.6089,-0.5268,0.25839
1707.5,-188.44,383.6,14.113,0.92291,-0.7572,-0.10687,8.6089,-0.5268,0.25839
1707.6,-188.36,383.69,14.103,0.92936,-0.7329,-0.10147,8.6089,-0.5268,0.25839
1707.7,-188.29,383.78,14.093,0.93499,-0.71052,-0.095326,8.6089,-0.5268,0.25839
1707.8,-188.21,383.87,14.084,0.93984,-0.69026,-0.08867,8.6089,-0.5268,0.25839
1707.9,-188.14,383.96,14.075,0.94394,-0.67222,-0.081675,8.6089,-0.5268,0.25839
1708,-188.07,384.05,14.067,0.94735,-0.65646,-0.074467,8.6089,-0.5268,0.25839
1708.1,-188,384.14,14.06,0.95012,-0.64301,-0.067135,8.6089,-0.5268,0.25839
1708.2,-187.92,384.23,14.054,0.95229,-0.63185,-0.059747,8.6089,-0.5268,0.25839
1708.3,-187.85,384.32,14.048,0.95392,-0.62299,-0.052355,8.6089,-0.5268,0.25839
1708.4,-187.78,384.41,14.043,0.95505,-0.6164,-0.045001,8.6089,-0.5268,0.25839
1708.5,-187.71,384.5,14.039,0.95571,-0.61208,-0.037728,8.6089,-0.5268,0.25839
1708.6,-187.64,384.59,14.036,0.95595,-0.60999,-0.030576,8.6089,-0.5268,0.25839
1708.7,-187.57,384.68,14.033,0.95579,-0.61014,-0.023595,8.6089,-0.5268,0.25839
1708.8,-187.5,384.77,14.031,0.95527,-0.6125,-0.016844,1.1326,-2.7741e-16,1.3528e-16
1708.9,-187.43,384.86,14.029,0.93808,-0.6136,-0.017916,1.1326,-2.7741e-16,1.3528e-16
1709,-187.36,384.94,14.028,0.92156,-0.61423,-0.019703,1.1326,-2.7741e-16,1.3528e-16
1709.1,-187.29,385.03,14.025,0.90573,-0.61415,-0.022116,1.1326,-2.7741e-16,1.3528e-16
1709.2,-187.22,385.11,14.023,0.89059,-0.61317,-0.025045,1.1326,-2.7741e-16,1.3528e-16
1709.3,-187.15,385.19,14.02,0.87613,-0.61115,-0.028364,1.1326,-2.7741e-16,1.3528e-16
1709.4,-187.08,385.27,14.017,0.86235,-0.60796,-0.031938,1.1326,-2.7741e-16,1.3528e-16
1709.5,-187,385.35,14.014,0.84922,-0.60356,-0.035631,1.1326,-2.7741e-16,1.3528e-16
1709.6,-186.93,385.42,14.01,0.8367,-0.5979,-0.039312,1.1326,-2.7741e-16,1.3528e-16
1709.7,-186.87,385.5,14.006,0.82478,-0.59103,-0.042865,1.1326,-2.7741e-16,1.3528e-16
1709.8,-186.8,385.57,14.002,0.8134,-0.583,-0.04619,1.1326,-2.7741e-16,1.3528e-16
1709.9,-186.73,385.64,13.997,0.80253,-0.57391,-0.049208,1.1326,-2.7741e-16,1.3528e-16
1710,-186.66,385.71,13.992,0.79211,-0.56387,-0.051864,1.1326,-2.7741e-16,1.3528e-16
1710.1,-186.59,385.78,13.987,0.78211,-0.55301,-0.054124,1.1326,-2.7741e-16,1.3528e-16
1710.2,-186.53,385.85,13.981,0.77248,-0.54149,-0.055971,1.1326,-2.7741e-16,1.3528e-16
1710.3,-186.46,385.92,13.975,0.76318,-0.52943,-0.057408,1.1326,-2.7741e-16,1.3528e-16
1710.4,-186.4,385.98,13.97,0.75417,-0.51696,-0.058447,1.1326,-2.7741e-16,1.3528e-16
1710.5,-186.34,386.05,13.964,0.74542,-0.50423,-0.059112,1.1326,-2.7741e-16,1.3528e-16
1710.6,-186.27,386.11,13.958,0.7369,-0.49134,-0.059433,1.1326,-2.7741e-16,1.3528e-16
1710.7,-186.21,386.18,13.952,0.72859,-0.47839,-0.059442,1.1326,-2.7741e-16,1.3528e-16
1710.8,-186.15,386.24,13.946,0.72046,-0.46548,-0.059176,1.1326,-2.7741e-16,1.3528e-16
1710.9,-186.09,386.3,13.94,0.71249,-0.45268,-0.058668,1.1326,-2.7741e-16,1.3528e-16
1711,-186.04,386.36,13.934,0.70468,-0.44006,-0.057953,1.1326,-2.7741e-16,1.3528e-16
1711.1,-185.98,386.42,13.928,0.69702,-0.42766,-0.057061,1.1326,-2.7741e-16,1.3528e-16
1711.2,-185.92,386.48,13.923,0.68948,-0.41552,-0.056023,1.1326,-2.7741e-16,1.3528e-16
1711.3,-185.87,386.54,13.917,0.68207,-0.40369,-0.054863,1.1326,-2.7741e-16,1.3528e-16
1711.4,-185.81,386.6,13.912,0.67478,-0.39218,-0.053606,1.1326,-2.7741e-16,1.3528e-16
1711.5,-185.76,386.65,13.907,0.66761,-0.381,-0.052272,1.1326,-2.7741e-16,1.3528e-16
1711.6,-185.71,386.71,13.901,0.66055,-0.37018,-0.050879,1.1326,-2.7741e-16,1.3528e-16
1711.7,-185.66,386.76,13.896,0.6536,-0.35971,-0.049444,1.1326,-2.7741e-16,1.3528e-16
1711.8,-185.61,386.82,13.891,0.64676,-0.3496,-0.047978,1.1326,-2.7741e-16,1.3528e-16
1711.9,-185.56,386.87,13.887,0.64003,-0.33985,-0.046493,1.1326,-2.7741e-16,1.3528e-16
1712,-185.51,386.93,13.882,0.63341,-0.33046,-0.045,1.1326,-2.7741e-16,1.3528e-16
1712.1,-185.46,386.98,13.878,0.62689,-0.32141,-0.043506,1.1326,-2.7741e-16,1.3528e-16
1712.2,-185.42,387.03,13.873,0.62049,-0.31271,-0.042017,1.1326,-2.7741e-16,1.3528e-16
1712.3,-185.37,387.08,13.869,0.61419,-0.30433,-0.04054,1.1326,-2.7741e-16,1.3528e-16
1712.4,-185.33,387.13,13.865,0.60799,-0.29629,-0.039079,1.1326,-2.7741e-16,1.3528e-16
1712.5,-185.28,387.18,13.862,0.6019,-0.28855,-0.037637,1.1326,-2.7741e-16,1.3528e-16
1712.6,-185.24,387.23,13.858,0.59592,-0.28112,-0.036217,1.1326,-2.7741e-16,1.3528e-16
1712.7,-185.19,387.28,13.854,0.59004,-0.27398,-0.034822,1.1326,-2.7741e-16,1.3528e-16
1712.8,-185.15,387.33,13.851,0.58427,-0.26713,-0.033453,1.1326,-2.7741e-16,1.3528e-16
1712.9,-185.11,387.38,13.848,0.5786,-0.26054,-0.032111,1.1326,-2.7741e-16,1.3528e-16
1713,-185.07,387.43,13.844,0.57303,-0.25422,-0.030798,1.1326,-2.7741e-16,1.3528e-16
1713.1,-185.03,387.47,13.841,0.56756,-0.24815,-0.029514,1.1326,-2.7741e-16,1.3528e-16
1713.2,-184.99,387.52,13.839,0.5622,-0.24232,-0.028259,1.1326,-2.7741e-16,1.3528e-16
1713.3,-184.95,387.57,13.836,0.55693,-0.23671,-0.027033,1.1326,-2.7741e-16,1.3528e-16
1713.4,-184.91,387.61,13.833,0.55177,-0.23134,-0.025836,1.1326,-2.7741e-16,1.3528e-16
1713.5,-184.87,387.66,13.831,0.5467,-0.22617,-0.024668,1.1326,-2.7741e-16,1.3528e-16
1713.6,-184.83,387.7,13.828,0.54173,-0.22121,-0.023529,1.1326,-2.7741e-16,1.3528e-16
1713.7,-184.8,387.75,13.826,0.53685,-0.21644,-0.022418,1.1326,-2.7741e-16,1.3528e-16
1713.8,-184.76,387.79,13.824,0.53207,-0.21186,-0.021334,1.1326,-2.7741e-16,1.3528e-16
1713.9,-184.72,387.84,13.822,0.52738,-0.20745,-0.020277,1.1326,-2.7741e-16,1.3528e-16
1714,-184.69,387.88,13.82,0.52278,-0.20322,-0.019246,1.1326,-2.7741e-16,1.3528e-16
1714.1,-184.65,387.92,13.818,0.51827,-0.19916,-0.018241,1.1326,-2.7741e-16,1.3528e-16
1714.2,-184.62,387.97,13.816,0.51385,-0.19525,-0.017261,1.1326,-2.7741e-16,1.3528e-16
1714.3,-184.58,388.01,13.814,0.50951,-0.19149,-0.016305,1.1326,-2.7741e-16,1.3528e-16
1714.4,-184.55,388.05,13.813,0.50526,-0.18787,-0.015372,1.1326,-2.7741e-16,1.3528e-16
1714.5,-184.51,388.09,13.811,0.50109,-0.1844,-0.014462,1.1326,-2.7741e-16,1.3528e-16
1714.6,-184.48,388.13,13.81,0.49701,-0.18106,-0.013574,1.1326,-2.7741e-16,1.3528e-16
1714.7,-184.45,388.17,13.809,0.49301,-0.17784,-0.012707,1.1326,-2.7741e-16,1.3528e-16
1714.8,-184.42,388.22,13.807,0.48908,-0.17475,-0.01186,1.1326,-2.7741e-16,1.3528e-16
1714.9,-184.38,388.26,13.806,0.48524,-0.17178,-0.011034,1.1326,-2.7741e-16,1.3528e-16
1715,-184.35,388.3,13.805,0.48147,-0.16892,-0.010226,1.1326,-2.7741e-16,1.3528e-16
1715.1,-184.32,388.34,13.804,0.47777,-0.16617,-0.0094371,1.1326,-2.7741e-16,1.3528e-16
1715.2,-184.29,388.38,13.803,0.47415,-0.16352,-0.0086659,1.1326,-2.7741e-16,1.3528e-16
1715.3,-184.26,388.41,13.802,0.47059,-0.16097,-0.007912,1.1326,-2.7741e-16,1.3528e-16
1715.4,-184.23,388.45,13.802,0.46711,-0.15852,-0.0071747,1.1326,-2.7741e-16,1.3528e-16
1715.5,-184.2,388.49,13.801,0.4637,-0.15616,-0.0064535,1.1326,-2.7741e-16,1.3528e-16
1715.6,-184.17,388.53,13.8,0.46035,-0.15389,-0.0057477,1.1326,-2.7741e-16,1.3528e-16
1715.7,-184.14,388.57,13.8,0.45707,-0.15171,-0.0050569,1.1326,-2.7741e-16,1.3528e-16
1715.8,-184.11,388.61,13.799,0.45386,-0.14961,-0.0043804,1.1326,-2.7741e-16,1.3528e-16
1715.9,-184.08,388.64,13.799,0.45071,-0.14759,-0.003718,1.1326,-2.7741e-16,1.3528e-16
1716,-184.05,388.68,13.799,0.44762,-0.14565,-0.0030689,1.1326,-2.7741e-16,1.3528e-16
1716.1,-184.02,388.72,13.798,0.44459,-0.14378,-0.0024328,1.1326,-2.7741e-16,1.3528e-16
1716.2,-183.99,388.76,13.798,0.44162,-0.14198,-0.0018093,1.1326,-2.7741e-16,1.3528e-16
1716.3,-183.97,388.79,13.798,0.4387,-0.14025,-0.0011979,1.1326,-2.7741e-16,1.3528e-16
1716.4,-183.94,388.83,13.798,0.43585,-0.13859,-0.00059821,1.1326,-2.7741e-16,1.3528e-16
1716.5,-183.91,388.87,13.798,0.43305,-0.137,-9.8421e-06,1.1326,-2.7741e-16,1.3528e-16
1716.6,-183.88,388.9,13.798,0.4303,-0.13544,0.00057384,1.1326,-2.7741e-16,1.3528e-16
1716.7,-183.86,388.94,13.798,0.42761,-0.13391,0.0011594,1.1326,-2.7741e-16,1.3528e-16
1716.8,-183.83,388.97,13.798,0.42496,-0.13241,0.0017463,1.1326,-2.7741e-16,1.3528e-16
1716.9,-183.8,389.01,13.798,0.42237,-0.13093,0.0023342,1.1326,-2.7741e-16,1.3528e-16
1717,-183.78,389.05,13.799,0.41983,-0.12948,0.0029226,1.1326,-2.7741e-16,1.3528e-16
1717.1,-183.75,389.08,13.799,0.41733,-0.12805,0.0035109,1.1326,-2.7741e-16,1.3528e-16
1717.2,-183.73,389.12,13.799,0.41489,-0.12664,0.0040986,1.1326,-2.7741e-16,1.3528e-16
1717.3,-183.7,389.15,13.8,0.41248,-0.12526,0.0046851,1.1326,-2.7741e-16,1.3528e-16
1717.4,-183.67,389.19,13.8,0.41013,-0.12391,0.00527,1.1326,-2.7741e-16,1.3528e-16
1717.5,-183.65,389.22,13.801,0.40781,-0.12258,0.0058526,1.1326,-2.7741e-16,1.3528e-16
1717.6,-183.62,389.25,13.801,0.40554,-0.12128,0.0064323,1.1326,-2.7741e-16,1.3528e-16
1717.7,-183.6,389.29,13.802,0.40331,-0.12,0.0070086,1.1326,-2.7741e-16,1.3528e-16
1717.8,-183.58,389.32,13.803,0.40113,-0.11874,0.0075808,1.1326,-2.7741e-16,1.3528e-16
1717.9,-183.55,389.36,13.804,0.39898,-0.11751,0.0081485,1.1326,-2.7741e-16,1.3528e-16
1718,-183.53,389.39,13.804,0.39687,-0.1163,0.0087111,1.1326,-2.7741e-16,1.3528e-16
1718.1,-183.5,389.42,13.805,0.3948,-0.11512,0.0092678,1.1326,-2.7741e-16,1.3528e-16
1718.2,-183.48,389.46,13.806,0.39277,-0.11396,0.0098184,1.1326,-2.7741e-16,1.3528e-16
1718.3,-183.46,389.49,13.807,0.39077,-0.11283,0.010362,1.1326,-2.7741e-16,1.3528e-16
1718.4,-183.43,389.52,13.808,0.38881,-0.11172,0.010898,1.1326,-2.7741e-16,1.3528e-16
1718.5,-183.41,389.56,13.809,0.38689,-0.11063,0.011427,1.1326,-2.7741e-16,1.3528e-16
1718.6,-183.39,389.59,13.811,0.385,-0.10957,0.011947,1.1326,-2.7741e-16,1.3528e-16
1718.7,-183.36,389.62,13.812,0.38314,-0.10852,0.012458,1.1326,-2.7741e-16,1.3528e-16
1718.8,-183.34,389.66,13.813,0.38132,-0.1075,0.012961,1.1326,-2.7741e-16,1.3528e-16
1718.9,-183.32,389.69,13.814,0.37953,-0.10651,0.013453,1.1326,-2.7741e-16,1.3528e-16
1719,-183.3,389.72,13.816,0.37777,-0.10553,0.013936,1.1326,-2.7741e-16,1.3528e-16
1719.1,-183.28,389.75,13.817,0.37605,-0.10457,0.014408,1.1326,-2.7741e-16,1.3528e-16
1719.2,-183.25,389.79,13.819,0.37435,-0.10364,0.014869,1.1326,-2.7741e-16,1.3528e-16
1719.3,-183.23,389.82,13.82,0.37269,-0.10272,0.015319,1.1326,-2.7741e-16,1.3528e-16
1719.4,-183.21,389.85,13.822,0.37106,-0.10183,0.015758,5.0827,-0.15861,0.077798
1719.5,-183.19,389.88,13.823,0.37825,-0.10165,0.018425,5.0827,-0.15861,0.077798
1719.6,-183.17,389.92,13.825,0.38529,-0.10159,0.021157,5.0827,-0.15861,0.077798
1719.7,-183.15,389.95,13.828,0.39216,-0.10163,0.023948,5.0827,-0.15861,0.077798
1719.8,-183.13,389.98,13.83,0.39886,-0.1018,0.026792,5.0827,-0.15861,0.077798
1719.9,-183.1,390.02,13.833,0.4054,-0.10209,0.029682,5.0827,-0.15861,0.077798
1720,-183.08,390.06,13.836,0.41179,-0.10251,0.032612,5.0827,-0.15861,0.077798
1720.1,-183.06,390.09,13.84,0.41801,-0.10306,0.035573,5.0827,-0.15861,0.077798
1720.2,-183.04,390.13,13.843,0.42407,-0.10374,0.038558,5.0827,-0.15861,0.077798
1720.3,-183.02,390.17,13.847,0.42997,-0.10457,0.041559,5.0827,-0.15861,0.077798
1720.4,-182.99,390.21,13.852,0.43572,-0.10553,0.044567,5.0827,-0.15861,0.077798
1720.5,-182.97,390.25,13.856,0.44132,-0.10664,0.047574,5.0827,-0.15861,0.077798
1720.6,-182.95,390.28,13.861,0.44675,-0.1079,0.050572,5.0827,-0.15861,0.077798
1720.7,-182.93,390.33,13.866,0.45204,-0.1093,0.053553,5.0827,-0.15861,0.077798
1720.8,-182.9,390.37,13.872,0.45717,-0.11084,0.056509,5.0827,-0.15861,0.077798
1720.9,-182.88,390.41,13.878,0.46216,-0.11252,0.059433,5.0827,-0.15861,0.077798
1721,-182.86,390.45,13.884,0.46699,-0.11435,0.062316,5.0827,-0.15861,0.077798
1721.1,-182.83,390.49,13.89,0.47168,-0.11632,0.065152,5.0827,-0.15861,0.077798
1721.2,-182.81,390.54,13.897,0.47622,-0.11843,0.067935,5.0827,-0.15861,0.077798
1721.3,-182.79,390.58,13.904,0.48062,-0.12067,0.070658,5.0827,-0.15861,0.077798
1721.4,-182.77,390.62,13.911,0.48487,-0.12304,0.073316,5.0827,-0.15861,0.077798
1721.5,-182.74,390.67,13.918,0.48899,-0.12554,0.075905,5.0827,-0.15861,0.077798
1721.6,-182.72,390.71,13.926,0.49296,-0.12816,0.078418,5.0827,-0.15861,0.077798
1721.7,-182.7,390.76,13.934,0.4968,-0.1309,0.080854,5.0827,-0.15861,0.077798
1721.8,-182.67,390.81,13.942,0.5005,-0.13375,0.083208,5.0827,-0.15861,0.077798
1721.9,-182.65,390.85,13.951,0.50407,-0.13671,0.085478,5.0827,-0.15861,0.077798
1722,-182.63,390.9,13.959,0.5075,-0.13976,0.087662,5.0827,-0.15861,0.077798
1722.1,-182.61,390.95,13.968,0.5108,-0.14291,0.089757,5.0827,-0.15861,0.077798
1722.2,-182.58,391,13.977,0.51398,-0.14615,0.091763,5.0827,-0.15861,0.077798
1722.3,-182.56,391.04,13.987,0.51702,-0.14947,0.093678,5.0827,-0.15861,0.077798
1722.4,-182.54,391.09,13.996,0.51995,-0.15287,0.095503,5.0827,-0.15861,0.077798
1722.5,-182.52,391.14,14.006,0.52275,-0.15633,0.097236,5.0827,-0.15861,0.077798
1722.6,-182.49,391.19,14.015,0.52543,-0.15985,0.098879,5.0827,-0.15861,0.077798
1722.7,-182.47,391.24,14.025,0.528,-0.16344,0.10043,5.0827,-0.15861,0.077798
1722.8,-182.45,391.29,14.036,0.53045,-0.16707,0.1019,5.0827,-0.15861,0.077798
1722.9,-182.43,391.35,14.046,0.53278,-0.17075,0.10327,5.0827,-0.15861,0.077798
1723,-182.41,391.4,14.056,0.53501,-0.17446,0.10456,5.0827,-0.15861,0.077798
1723.1,-182.38,391.45,14.067,0.53713,-0.17821,0.10576,5.0827,-0.15861,0.077798
1723.2,-182.36,391.5,14.077,0.53914,-0.18198,0.10688,5.0827,-0.15861,0.077798
1723.3,-182.34,391.55,14.088,0.54106,-0.18578,0.10791,5.0827,-0.15861,0.077798
1723.4,-182.32,391.61,14.099,0.54287,-0.18959,0.10887,5.0827,-0.15861,0.077798
1723.5,-182.3,391.66,14.11,0.54459,-0.19342,0.10974,5.0827,-0.15861,0.077798
1723.6,-182.28,391.72,14.121,0.54621,-0.19725,0.11054,5.0827,-0.15861,0.077798
1723.7,-182.26,391.77,14.132,0.54774,-0.20108,0.11127,5.0827,-0.15861,0.077798
1723.8,-182.24,391.82,14.143,0.54919,-0.20491,0.11192,5.0827,-0.15861,0.077798
1723.9,-182.22,391.88,14.154,0.55055,-0.20874,0.1125,5.0827,-0.15861,0.077798
1724,-182.2,391.94,14.166,0.55183,-0.21255,0.11301,5.0827,-0.15861,0.077798
1724.1,-182.18,391.99,14.177,0.55303,-0.21635,0.11345,5.0827,-0.15861,0.077798
1724.2,-182.16,392.05,14.188,0.55415,-0.22014,0.11383,5.0827,-0.15861,0.077798
1724.3,-182.14,392.1,14.2,0.55521,-0.2239,0.11414,5.0827,-0.15861,0.077798
1724.4,-182.12,392.16,14.211,0.55619,-0.22764,0.1144,5.0827,-0.15861,0.077798
1724.5,-182.1,392.22,14.223,0.5571,-0.23136,0.11459,5.0827,-0.15861,0.077798
1724.6,-182.08,392.28,14.234,0.55795,-0.23504,0.11473,5.0827,-0.15861,0.077798
1724.7,-182.07,392.33,14.245,0.55874,-0.2387,0.11481,5.0827,-0.15861,0.077798
1724.8,-182.05,392.39,14.257,0.55947,-0.24232,0.11485,5.0827,-0.15861,0.077798
1724.9,-182.03,392.45,14.268,0.56015,-0.24591,0.11482,5.0827,-0.15861,0.077798
1725,-182.02,392.51,14.28,0.56077,-0.24946,0.11476,5.0827,-0.15861,0.077798
1725.1,-182,392.57,14.291,0.56134,-0.25298,0.11464,5.0827,-0.15861,0.077798
1725.2,-181.98,392.63,14.303,0.56187,-0.25645,0.11448,5.0827,-0.15861,0.077798
1725.3,-181.97,392.69,14.314,0.56235,-0.25989,0.11427,5.0827,-0.15861,0.077798
1725.4,-181.95,392.75,14.326,0.56278,-0.26328,0.11402,5.0827,-0.15861,0.077798
1725.5,-181.94,392.81,14.337,0.56318,-0.26663,0.11373,5.0827,-0.15861,0.077798
1725.6,-181.92,392.87,14.348,0.56354,-0.26994,0.1134,5.0827,-0.15861,0.077798
1725.7,-181.91,392.93,14.36,0.56387,-0.2732,0.11304,5.0827,-0.15861,0.077798
1725.8,-181.89,392.99,14.371,0.56416,-0.27642,0.11264,5.0827,-0.15861,0.077798
1725.9,-181.88,393.05,14.382,0.56443,-0.2796,0.11221,5.0827,-0.15861,0.077798
1726,-181.87,393.11,14.394,0.56466,-0.28273,0.11174,5.0827,-0.15861,0.077798
1726.1,-181.85,393.18,14.405,0.56487,-0.28581,0.11124,5.0827,-0.15861,0.077798
1726.2,-181.84,393.24,14.416,0.56506,-0.28885,0.11071,5.0827,-0.15861,0.077798
1726.3,-181.83,393.3,14.427,0.56522,-0.29184,0.11016,12.04,-2.949e-15,1.476e-15
1726.4,-181.82,393.36,14.438,0.58086,-0.2942,0.10779,12.04,-2.949e-15,1.476e-15
1726.5,-181.81,393.43,14.448,0.5961,-0.29667,0.10618,12.04,-2.949e-15,1.476e-15
1726.6,-181.8,393.5,14.459,0.61093,-0.29929,0.10521,12.04,-2.949e-15,1.476e-15
1726.7,-181.79,393.56,14.469,0.62534,-0.30205,0.10482,12.04,-2.949e-15,1.476e-15
1726.8,-181.78,393.63,14.48,0.63932,-0.30499,0.10495,12.04,-2.949e-15,1.476e-15
1726.9,-181.77,393.71,14.49,0.65286,-0.30813,0.10553,12.04,-2.949e-15,1.476e-15
1727,-181.77,393.78,14.501,0.66596,-0.31146,0.10652,12.04,-2.949e-15,1.476e-15
1727.1,-181.76,393.85,14.512,0.67861,-0.31502,0.10787,12.04,-2.949e-15,1.476e-15
1727.2,-181.76,393.93,14.523,0.69082,-0.31882,0.10954,12.04,-2.949e-15,1.476e-15
1727.3,-181.76,394,14.534,0.70257,-0.32286,0.11149,12.04,-2.949e-15,1.476e-15
1727.4,-181.75,394.08,14.545,0.71387,-0.32716,0.11368,12.04,-2.949e-15,1.476e-15
1727.5,-181.75,394.16,14.556,0.72473,-0.33173,0.11608,12.04,-2.949e-15,1.476e-15
1727.6,-181.75,394.24,14.568,0.73513,-0.33658,0.11863,12.04,-2.949e-15,1.476e-15
1727.7,-181.75,394.32,14.58,0.74509,-0.34171,0.12132,12.04,-2.949e-15,1.476e-15
1727.8,-181.75,394.41,14.592,0.7546,-0.34713,0.1241,12.04,-2.949e-15,1.476e-15
1727.9,-181.76,394.49,14.605,0.76368,-0.35283,0.12694,12.04,-2.949e-15,1.476e-15
1728,-181.76,394.57,14.618,0.77232,-0.35883,0.12981,12.04,-2.949e-15,1.476e-15
1728.1,-181.77,394.66,14.631,0.78053,-0.36511,0.13268,12.04,-2.949e-15,1.476e-15
1728.2,-181.77,394.75,14.644,0.78832,-0.37167,0.13551,12.04,-2.949e-15,1.476e-15
1728.3,-181.78,394.83,14.658,0.7957,-0.37851,0.13827,12.04,-2.949e-15,1.476e-15
1728.4,-181.78,394.92,14.672,0.80267,-0.38562,0.14095,12.04,-2.949e-15,1.476e-15
1728.5,-181.79,395.01,14.686,0.80924,-0.39299,0.14351,12.04,-2.949e-15,1.476e-15
1728.6,-181.8,395.1,14.701,0.81543,-0.4006,0.14592,12.04,-2.949e-15,1.476e-15
1728.7,-181.81,395.19,14.715,0.82124,-0.40846,0.14818,12.04,-2.949e-15,1.476e-15
1728.8,-181.82,395.28,14.73,0.82668,-0.41653,0.15026,12.04,-2.949e-15,1.476e-15
1728.9,-181.83,395.37,14.745,0.83177,-0.42481,0.15215,12.04,-2.949e-15,1.476e-15
1729,-181.85,395.47,14.761,0.83652,-0.43328,0.15383,12.04,-2.949e-15,1.476e-15
1729.1,-181.86,395.56,14.776,0.84094,-0.44193,0.15529,12.04,-2.949e-15,1.476e-15
1729.2,-181.88,395.66,14.792,0.84504,-0.45074,0.15651,12.04,-2.949e-15,1.476e-15
1729.3,-181.89,395.75,14.808,0.84885,-0.4597,0.1575,12.04,-2.949e-15,1.476e-15
1729.4,-181.91,395.85,14.823,0.85238,-0.46879,0.15825,12.04,-2.949e-15,1.476e-15
1729.5,-181.93,395.94,14.839,0.85563,-0.478,0.15874,12.04,-2.949e-15,1.476e-15
1729.6,-181.95,396.04,14.855,0.85864,-0.48731,0.15898,12.04,-2.949e-15,1.476e-15
1729.7,-181.97,396.13,14.871,0.8614,-0.49671,0.15897,12.04,-2.949e-15,1.476e-15
1729.8,-181.99,396.23,14.887,0.86395,-0.5062,0.1587,12.04,-2.949e-15,1.476e-15
1729.9,-182.01,396.33,14.903,0.8663,-0.51575,0.15817,12.04,-2.949e-15,1.476e-15
1730,-182.04,396.43,14.918,0.86847,-0.52536,0.15738,12.04,-2.949e-15,1.476e-15
1730.1,-182.06,396.53,14.934,0.87046,-0.53503,0.15633,12.04,-2.949e-15,1.476e-15
1730.2,-182.09,396.63,14.95,0.87231,-0.54474,0.15503,12.04,-2.949e-15,1.476e-15
1730.3,-182.11,396.73,14.965,0.87403,-0.5545,0.15346,12.04,-2.949e-15,1.476e-15
1730.4,-182.14,396.83,14.98,0.87563,-0.56429,0.15164,12.04,-2.949e-15,1.476e-15
1730.5,-182.17,396.93,14.995,0.87714,-0.57411,0.14955,12.04,-2.949e-15,1.476e-15
1730.6,-182.2,397.03,15.01,0.87858,-0.58397,0.1472,12.04,-2.949e-15,1.476e-15
1730.7,-182.23,397.13,15.025,0.87996,-0.59387,0.14458,12.04,-2.949e-15,1.476e-15
1730.8,-182.26,397.23,15.039,0.8813,-0.60381,0.14169,12.04,-2.949e-15,1.476e-15
1730.9,-182.29,397.33,15.053,0.88262,-0.61379,0.13852,12.04,-2.949e-15,1.476e-15
1731,-182.32,397.44,15.067,0.88395,-0.62381,0.13507,12.04,-2.949e-15,1.476e-15
1731.1,-182.36,397.54,15.08,0.8853,-0.6339,0.13133,12.04,-2.949e-15,1.476e-15
1731.2,-182.39,397.64,15.093,0.88669,-0.64406,0.12727,12.04,-2.949e-15,1.476e-15
1731.3,-182.43,397.75,15.106,0.88815,-0.65429,0.12289,12.04,-2.949e-15,1.476e-15
1731.4,-182.46,397.85,15.118,0.88969,-0.66462,0.11817,12.04,-2.949e-15,1.476e-15
1731.5,-182.5,397.96,15.129,0.89135,-0.67505,0.11307,12.04,-2.949e-15,1.476e-15
1731.6,-182.54,398.06,15.14,0.89315,-0.68562,0.10758,12.04,-2.949e-15,1.476e-15
1731.7,-182.58,398.17,15.151,0.89512,-0.69634,0.10165,12.04,-2.949e-15,1.476e-15
1731.8,-182.62,398.27,15.161,0.89729,-0.70723,0.095241,12.04,-2.949e-15,1.476e-15
1731.9,-182.66,398.38,15.17,0.89969,-0.71833,0.088289,12.04,-2.949e-15,1.476e-15
1732,-182.7,398.49,15.178,0.90236,-0.72966,0.080724,12.04,-2.949e-15,1.476e-15
1732.1,-182.74,398.6,15.186,0.90535,-0.74127,0.072459,12.04,-2.949e-15,1.476e-15
1732.2,-182.78,398.71,15.193,0.90872,-0.75321,0.063378,12.04,-2.949e-15,1.476e-15
1732.3,-182.82,398.82,15.199,0.91252,-0.76552,0.053337,12.04,-2.949e-15,1.476e-15
1732.4,-182.87,398.93,15.203,0.91682,-0.77826,0.042145,12.04,-2.949e-15,1.476e-15
1732.5,-182.91,399.05,15.207,0.92173,-0.79153,0.029552,12.04,-2.949e-15,1.476e-15
1732.6,-182.95,399.16,15.209,0.92736,-0.8054,0.015218,12.04,-2.949e-15,1.476e-15
1732.7,-183,399.28,15.21,0.93385,-0.82,-0.0013206,12.04,-2.949e-15,1.476e-15
1732.8,-183.04,399.39,15.209,0.94135,-0.83141,-0.01897,12.04,-2.949e-15,1.476e-15
1732.9,-183.08,399.51,15.206,0.94988,-0.83646,-0.035881,12.04,-2.949e-15,1.476e-15
1733,-183.12,399.63,15.202,0.9593,-0.83522,-0.051147,12.04,-2.949e-15,1.476e-15
1733.1,-183.17,399.75,15.196,0.96941,-0.82822,-0.064126,12.04,-2.949e-15,1.476e-15
1733.2,-183.21,399.87,15.189,0.97997,-0.81629,-0.074481,12.04,-2.949e-15,1.476e-15
1733.3,-183.26,399.99,15.181,0.99072,-0.80043,-0.082147,12.04,-2.949e-15,1.476e-15
1733.4,-183.3,400.11,15.173,1.0014,-0.78169,-0.087266,12.04,-2.949e-15,1.476e-15
1733.5,-183.35,400.23,15.164,1.0119,-0.76104,-0.090106,12.04,-2.949e-15,1.476e-15
1733.6,-183.4,400.34,15.155,1.0219,-0.73934,-0.090989,12.04,-2.949e-15,1.476e-15
1733.7,-183.45,400.46,15.146,1.0314,-0.71732,-0.090246,12.04,-2.949e-15,1.476e-15
1733.8,-183.5,400.57,15.137,1.0403,-0.69554,-0.08818,12.04,-2.949e-15,1.476e-15
1733.9,-183.55,400.69,15.128,1.0485,-0.67446,-0.085057,12.04,-2.949e-15,1.476e-15
1734,-183.6,400.8,15.12,1.0561,-0.65443,-0.081098,12.04,-2.949e-15,1.476e-15
1734.1,-183.65,400.91,15.112,1.063,-0.63569,-0.076476,12.04,-2.949e-15,1.476e-15
1734.2,-183.7,401.03,15.104,1.0692,-0.61845,-0.071328,12.04,-2.949e-15,1.476e-15
1734.3,-183.75,401.14,15.098,1.0749,-0.60284,-0.065756,12.04,-2.949e-15,1.476e-15
1734.4,-183.81,401.25,15.091,1.0799,-0.58897,-0.059831,12.04,-2.949e-15,1.476e-15
1734.5,-183.86,401.36,15.086,1.0843,-0.57693,-0.053604,12.04,-2.949e-15,1.476e-15
1734.6,-183.92,401.47,15.081,1.0883,-0.5668,-0.047104,12.04,-2.949e-15,1.476e-15
1734.7,-183.97,401.58,15.076,1.0917,-0.55866,-0.04035,12.04,-2.949e-15,1.476e-15
1734.8,-184.03,401.69,15.073,1.0946,-0.55257,-0.033345,12.04,-2.949e-15,1.476e-15
1734.9,-184.08,401.8,15.07,1.097,-0.54864,-0.026091,12.04,-2.949e-15,1.476e-15
1735,-184.14,401.91,15.067,1.099,-0.54694,-0.018582,12.04,-2.949e-15,1.476e-15
1735.1,-184.19,402.02,15.066,1.1005,-0.54761,-0.010818,12.04,-2.949e-15,1.476e-15
1735.2,-184.25,402.13,15.065,1.1016,-0.55078,-0.0028011,12.04,-2.949e-15,1.476e-15
1735.3,-184.3,402.24,15.065,1.1023,-0.55612,0.0056152,12.04,-2.949e-15,1.476e-15
1735.4,-184.36,402.35,15.066,1.1025,-0.5622,0.014957,12.04,-2.949e-15,1.476e-15
1735.5,-184.41,402.46,15.068,1.1022,-0.56894,0.025219,12.04,-2.949e-15,1.476e-15
1735.6,-184.47,402.57,15.071,1.1014,-0.57641,0.036296,12.04,-2.949e-15,1.476e-15
1735.7,-184.52,402.68,15.076,1.1,-0.58466,0.048022,12.04,-2.949e-15,1.476e-15
1735.8,-184.58,402.79,15.081,1.0981,-0.59373,0.060173,12.04,-2.949e-15,1.476e-15
1735.9,-184.63,402.91,15.088,1.0955,-0.60365,0.072474,12.04,-2.949e-15,1.476e-15
1736,-184.68,403.02,15.096,1.0924,-0.61442,0.084614,12.04,-2.949e-15,1.476e-15
1736.1,-184.74,403.13,15.105,1.0886,-0.62603,0.096265,12.04,-2.949e-15,1.476e-15
1736.2,-184.79,403.25,15.115,1.0843,-0.63844,0.10711,12.04,-2.949e-15,1.476e-15
1736.3,-184.85,403.36,15.126,1.0795,-0.65159,0.11686,12.04,-2.949e-15,1.476e-15
1736.4,-184.9,403.47,15.138,1.0742,-0.66542,0.12526,12.04,-2.949e-15,1.476e-15
1736.5,-184.96,403.59,15.151,1.0686,-0.67983,0.13214,12.04,-2.949e-15,1.476e-15
1736.6,-185.01,403.7,15.164,1.0626,-0.69475,0.13737,12.04,-2.949e-15,1.476e-15
1736.7,-185.07,403.82,15.178,1.0564,-0.7101,0.14087,12.04,-2.949e-15,1.476e-15
1736.8,-185.12,403.93,15.193,1.0501,-0.72578,0.14263,12.04,-2.949e-15,1.476e-15
1736.9,-185.18,404.05,15.207,1.0438,-0.74175,0.14265,12.04,-2.949e-15,1.476e-15
1737,-185.23,404.16,15.221,1.0376,-0.75797,0.14097,12.04,-2.949e-15,1.476e-15
1737.1,-185.29,404.28,15.235,1.0315,-0.77439,0.13762,12.04,-2.949e-15,1.476e-15
1737.2,-185.35,404.39,15.249,1.0257,-0.79102,0.13266,12.04,-2.949e-15,1.476e-15
1737.3,-185.4,404.51,15.261,1.0204,-0.80787,0.1261,12.04,-2.949e-15,1.476e-15
1737.4,-185.46,404.63,15.274,1.0155,-0.82497,0.11795,12.04,-2.949e-15,1.476e-15
1737.5,-185.52,404.75,15.285,1.0113,-0.84239,0.10816,12.04,-2.949e-15,1.476e-15
1737.6,-185.58,404.87,15.295,1.0078,-0.86021,0.096639,12.04,-2.949e-15,1.476e-15
1737.7,-185.63,404.98,15.304,1.0052,-0.87854,0.08324,12.04,-2.949e-15,1.476e-15
1737.8,-185.69,405.11,15.312,1.0036,-0.89753,0.067705,12.04,-2.949e-15,1.476e-15
1737.9,-185.75,405.23,15.318,1.0033,-0.91736,0.049649,12.04,-2.949e-15,1.476e-15
1738,-185.81,405.35,15.322,1.0044,-0.93829,0.028487,12.04,-2.949e-15,1.476e-15
1738.1,-185.87,405.48,15.323,1.0074,-0.96062,0.0033254,12.04,-2.949e-15,1.476e-15
1738.2,-185.92,405.61,15.322,1.0124,-0.97961,-0.024951,12.04,-2.949e-15,1.476e-15
1738.3,-185.98,405.73,15.318,1.0198,-0.9869,-0.052009,12.04,-2.949e-15,1.476e-15
1738.4,-186.04,405.87,15.312,1.0291,-0.98265,-0.075664,12.04,-2.949e-15,1.476e-15
1738.5,-186.09,406,15.303,1.0398,-0.96824,-0.094594,12.04,-2.949e-15,1.476e-15
1738.6,-186.15,406.12,15.293,1.0514,-0.94576,-0.10837,12.04,-2.949e-15,1.476e-15
1738.7,-186.21,406.25,15.282,1.0634,-0.91753,-0.11725,12.04,-2.949e-15,1.476e-15
1738.8,-186.27,406.38,15.27,1.0751,-0.88571,-0.12189,12.04,-2.949e-15,1.476e-15
1738.9,-186.33,406.5,15.258,1.0863,-0.85213,-0.12309,12.04,-2.949e-15,1.476e-15
1739,-186.39,406.63,15.245,1.0966,-0.8182,-0.12162,12.04,-2.949e-15,1.476e-15
1739.1,-186.45,406.75,15.233,1.1061,-0.78497,-0.11816,12.04,-2.949e-15,1.476e-15
1739.2,-186.52,406.87,15.222,1.1146,-0.75316,-0.11326,12.04,-2.949e-15,1.476e-15
1739.3,-186.58,406.99,15.211,1.1221,-0.72326,-0.10733,12.04,-2.949e-15,1.476e-15
1739.4,-186.64,407.1,15.2,1.1286,-0.69557,-0.10069,12.04,-2.949e-15,1.476e-15
1739.5,-186.71,407.22,15.191,1.1343,-0.67027,-0.093541,12.04,-2.949e-15,1.476e-15
1739.6,-186.77,407.33,15.182,1.139,-0.64746,-0.086045,12.04,-2.949e-15,1.476e-15
1739.7,-186.84,407.44,15.173,1.143,-0.62721,-0.078294,1.0667,0.13556,-0.066492
1739.8,-186.91,407.56,15.166,1.1221,-0.60862,-0.072533,1.0667,0.13556,-0.066492
1739.9,-186.97,407.66,15.159,1.1015,-0.59182,-0.067194,1.0667,0.13556,-0.066492
1740,-187.03,407.77,15.152,1.0814,-0.57661,-0.062264,1.0667,0.13556,-0.066492
1740.1,-187.09,407.88,15.146,1.0616,-0.56283,-0.057726,1.0667,0.13556,-0.066492
1740.2,-187.15,407.98,15.141,1.0422,-0.55031,-0.053569,1.0667,0.13556,-0.066492
1740.3,-187.21,408.08,15.136,1.0234,-0.53891,-0.049777,1.0667,0.13556,-0.066492
1740.4,-187.27,408.18,15.131,1.0049,-0.52849,-0.046341,1.0667,0.13556,-0.066492
1740.5,-187.32,408.28,15.126,0.98696,-0.51894,-0.043246,1.0667,0.13556,-0.066492
1740.6,-187.37,408.38,15.122,0.96946,-0.51014,-0.040483,1.0667,0.13556,-0.066492
1740.7,-187.43,408.47,15.118,0.95244,-0.50199,-0.038039,1.0667,0.13556,-0.066492
1740.8,-187.48,408.57,15.115,0.93589,-0.49438,-0.035904,1.0667,0.13556,-0.066492
1740.9,-187.53,408.66,15.111,0.9198,-0.48723,-0.034064,1.0667,0.13556,-0.066492
1741,-187.57,408.75,15.108,0.90418,-0.48045,-0.032507,1.0667,0.13556,-0.066492
1741.1,-187.62,408.84,15.105,0.88902,-0.47396,-0.031219,1.0667,0.13556,-0.066492
1741.2,-187.67,408.93,15.102,0.87431,-0.46769,-0.030185,1.0667,0.13556,-0.066492
1741.3,-187.71,409.02,15.099,0.86004,-0.46158,-0.029389,1.0667,0.13556,-0.066492
1741.4,-187.75,409.1,15.096,0.84621,-0.45556,-0.028814,1.0667,0.13556,-0.066492
1741.5,-187.8,409.19,15.093,0.83281,-0.44959,-0.028442,1.0667,0.13556,-0.066492
1741.6,-187.84,409.27,15.09,0.81983,-0.44361,-0.028254,1.0667,0.13556,-0.066492
1741.7,-187.88,409.36,15.087,0.80726,-0.43759,-0.028229,1.0667,0.13556,-0.066492
1741.8,-187.92,409.44,15.084,0.79508,-0.43149,-0.028347,1.0667,0.13556,-0.066492
1741.9,-187.96,409.52,15.081,0.78329,-0.42528,-0.02859,1.0667,0.13556,-0.066492
1742,-188,409.6,15.079,0.77188,-0.41895,-0.028935,1.0667,0.13556,-0.066492
1742.1,-188.03,409.68,15.076,0.76083,-0.41247,-0.029364,1.0667,0.13556,-0.066492
1742.2,-188.07,409.75,15.073,0.75013,-0.40583,-0.029858,1.0667,0.13556,-0.066492
1742.3,-188.11,409.83,15.07,0.73976,-0.39904,-0.030399,1.0667,0.13556,-0.066492
1742.4,-188.14,409.91,15.067,0.72973,-0.39208,-0.030972,1.0667,0.13556,-0.066492
1742.5,-188.18,409.98,15.063,0.72,-0.38496,-0.03156,1.0667,0.13556,-0.066492
1742.6,-188.21,410.06,15.06,0.71058,-0.37769,-0.032152,1.0667,0.13556,-0.066492
1742.7,-188.24,410.13,15.057,0.70144,-0.37027,-0.032736,1.0667,0.13556,-0.066492
1742.8,-188.28,410.2,15.054,0.69257,-0.36272,-0.033302,1.0667,0.13556,-0.066492
1742.9,-188.31,410.27,15.05,0.68397,-0.35505,-0.033843,1.0667,0.13556,-0.066492
1743,-188.34,410.34,15.047,0.67562,-0.34727,-0.034352,1.0667,0.13556,-0.066492
1743.1,-188.37,410.41,15.044,0.6675,-0.33941,-0.034826,1.0667,0.13556,-0.066492
1743.2,-188.41,410.47,15.04,0.65962,-0.33147,-0.03526,1.0667,0.13556,-0.066492
1743.3,-188.44,410.54,15.036,0.65195,-0.32348,-0.035654,1.0667,0.13556,-0.066492
1743.4,-188.47,410.61,15.033,0.64449,-0.31544,-0.036007,1.0667,0.13556,-0.066492
1743.5,-188.5,410.67,15.029,0.63723,-0.30739,-0.03632,1.0667,0.13556,-0.066492
1743.6,-188.53,410.73,15.026,0.63016,-0.29932,-0.036594,1.0667,0.13556,-0.066492
1743.7,-188.56,410.8,15.022,0.62327,-0.29126,-0.036831,1.0667,0.13556,-0.066492
1743.8,-188.59,410.86,15.018,0.61656,-0.28322,-0.037034,1.0667,0.13556,-0.066492
1743.9,-188.62,410.92,15.015,0.61001,-0.2752,-0.037206,1.0667,0.13556,-0.066492
1744,-188.65,410.98,15.011,0.60362,-0.26723,-0.037352,1.0667,0.13556,-0.066492
1744.1,-188.67,411.04,15.007,0.59739,-0.25931,-0.037473,1.0667,0.13556,-0.066492
1744.2,-188.7,411.1,15.003,0.5913,-0.25146,-0.037576,1.0667,0.13556,-0.066492
1744.3,-188.73,411.15,15,0.58535,-0.24367,-0.037663,1.0667,0.13556,-0.066492
1744.4,-188.76,411.21,14.996,0.57954,-0.23596,-0.037738,1.0667,0.13556,-0.066492
1744.5,-188.79,411.26,14.992,0.57387,-0.22833,-0.037807,1.0667,0.13556,-0.066492
1744.6,-188.82,411.32,14.988,0.56832,-0.22078,-0.037872,1.0667,0.13556,-0.066492
1744.7,-188.85,411.37,14.984,0.5629,-0.21333,-0.037937,1.0667,0.13556,-0.066492
1744.8,-188.87,411.42,14.981,0.55759,-0.20598,-0.038006,1.0667,0.13556,-0.066492
1744.9,-188.9,411.48,14.977,0.5524,-0.19872,-0.038084,1.0667,0.13556,-0.066492
1745,-188.93,411.53,14.973,0.54732,-0.19156,-0.038172,1.0667,0.13556,-0.066492
1745.1,-188.96,411.58,14.969,0.54236,-0.18451,-0.038274,1.0667,0.13556,-0.066492
1745.2,-188.98,411.63,14.965,0.53749,-0.17756,-0.038394,1.0667,0.13556,-0.066492
1745.3,-189.01,411.68,14.962,0.53274,-0.17071,-0.038533,1.0667,0.13556,-0.066492
1745.4,-189.04,411.73,14.958,0.52808,-0.16396,-0.038695,1.0667,0.13556,-0.066492
1745.5,-189.07,411.77,14.954,0.52352,-0.15732,-0.038883,1.0667,0.13556,-0.066492
1745.6,-189.09,411.82,14.95,0.51905,-0.15078,-0.039098,1.0667,0.13556,-0.066492
1745.7,-189.12,411.87,14.946,0.51468,-0.14435,-0.039342,1.0667,0.13556,-0.066492
1745.8,-189.15,411.91,14.942,0.51039,-0.13801,-0.039618,1.0667,0.13556,-0.066492
1745.9,-189.18,411.96,14.938,0.50619,-0.13178,-0.039927,1.0667,0.13556,-0.066492
1746,-189.2,412,14.934,0.50208,-0.12565,-0.040271,1.0667,0.13556,-0.066492
1746.1,-189.23,412.05,14.93,0.49805,-0.11961,-0.040651,1.0667,0.13556,-0.066492
1746.2,-189.26,412.09,14.926,0.4941,-0.11368,-0.041068,1.0667,0.13556,-0.066492
1746.3,-189.28,412.13,14.922,0.49023,-0.10784,-0.041524,1.0667,0.13556,-0.066492
1746.4,-189.31,412.17,14.918,0.48644,-0.1021,-0.04202,1.0667,0.13556,-0.066492
1746.5,-189.34,412.21,14.913,0.48272,-0.096448,-0.042555,1.0667,0.13556,-0.066492
1746.6,-189.37,412.26,14.909,0.47908,-0.090893,-0.043131,1.0667,0.13556,-0.066492
1746.7,-189.39,412.3,14.905,0.4755,-0.085431,-0.043747,1.0667,0.13556,-0.066492
1746.8,-189.42,412.34,14.9,0.47199,-0.08006,-0.044405,1.0667,0.13556,-0.066492
1746.9,-189.45,412.38,14.896,0.46855,-0.074779,-0.045105,1.0667,0.13556,-0.066492
1747,-189.47,412.41,14.891,0.46517,-0.069589,-0.045845,1.0667,0.13556,-0.066492
1747.1,-189.5,412.45,14.887,0.46186,-0.064487,-0.046625,1.0667,0.13556,-0.066492
1747.2,-189.53,412.49,14.882,0.4586,-0.059474,-0.047446,1.0667,0.13556,-0.066492
1747.3,-189.55,412.53,14.877,0.45541,-0.05455,-0.048306,1.0667,0.13556,-0.066492
1747.4,-189.58,412.57,14.872,0.45227,-0.049713,-0.049205,1.0667,0.13556,-0.066492
1747.5,-189.61,412.6,14.867,0.44918,-0.044963,-0.050141,1.0667,0.13556,-0.066492
1747.6,-189.63,412.64,14.862,0.44615,-0.040301,-0.051113,1.0667,0.13556,-0.066492
1747.7,-189.66,412.67,14.857,0.44317,-0.035727,-0.052119,1.0667,0.13556,-0.066492
1747.8,-189.69,412.71,14.852,0.44024,-0.03124,-0.053159,1.0667,0.13556,-0.066492
1747.9,-189.71,412.74,14.847,0.43736,-0.02684,-0.054229,1.0667,0.13556,-0.066492
1748,-189.74,412.78,14.841,0.43453,-0.022528,-0.055329,1.0667,0.13556,-0.066492
1748.1,-189.77,412.81,14.835,0.43174,-0.018304,-0.056455,1.0667,0.13556,-0.066492
1748.2,-189.79,412.85,14.83,0.42899,-0.014168,-0.057606,3.7537,-9.1938e-16,4.5738e-16
1748.3,-189.82,412.88,14.824,0.43227,-0.010711,-0.056964,3.7537,-9.1938e-16,4.5738e-16
1748.4,-189.84,412.92,14.818,0.43546,-0.0073889,-0.056467,3.7537,-9.1938e-16,4.5738e-16
1748.5,-189.87,412.95,14.813,0.43857,-0.0041883,-0.056104,3.7537,-9.1938e-16,4.5738e-16
1748.6,-189.9,412.99,14.807,0.44159,-0.0010982,-0.055871,3.7537,-9.1938e-16,4.5738e-16
1748.7,-189.93,413.02,14.802,0.44453,0.001899,-0.055751,3.7537,-9.1938e-16,4.5738e-16
1748.8,-189.95,413.06,14.796,0.44739,0.0048367,-0.055713,3.7537,-9.1938e-16,4.5738e-16
1748.9,-189.98,413.09,14.79,0.45017,0.0077233,-0.05575,3.7537,-9.1938e-16,4.5738e-16
1749,-190.01,413.13,14.785,0.45287,0.010564,-0.055855,3.7537,-9.1938e-16,4.5738e-16
1749.1,-190.04,413.16,14.779,0.4555,0.013365,-0.056026,3.7537,-9.1938e-16,4.5738e-16
1749.2,-190.07,413.2,14.774,0.45806,0.01613,-0.056258,3.7537,-9.1938e-16,4.5738e-16
1749.3,-190.1,413.23,14.768,0.46054,0.018864,-0.056547,3.7537,-9.1938e-16,4.5738e-16
1749.4,-190.12,413.27,14.762,0.46296,0.021571,-0.05689,3.7537,-9.1938e-16,4.5738e-16
1749.5,-190.15,413.31,14.757,0.4653,0.024255,-0.057283,3.7537,-9.1938e-16,4.5738e-16
1749.6,-190.18,413.34,14.751,0.46758,0.026918,-0.057723,3.7537,-9.1938e-16,4.5738e-16
1749.7,-190.21,413.38,14.745,0.46979,0.029565,-0.058207,3.7537,-9.1938e-16,4.5738e-16
1749.8,-190.24,413.42,14.739,0.47193,0.032198,-0.058732,3.7537,-9.1938e-16,4.5738e-16
1749.9,-190.27,413.45,14.733,0.47401,0.034819,-0.059295,3.7537,-9.1938e-16,4.5738e-16
1750,-190.3,413.49,14.727,0.47603,0.037432,-0.059893,3.7537,-9.1938e-16,4.5738e-16
1750.1,-190.33,413.53,14.721,0.47798,0.040038,-0.060523,3.7537,-9.1938e-16,4.5738e-16
1750.2,-190.36,413.57,14.715,0.47987,0.042639,-0.061182,3.7537,-9.1938e-16,4.5738e-16
1750.3,-190.39,413.6,14.709,0.48171,0.045238,-0.061867,3.7537,-9.1938e-16,4.5738e-16
1750.4,-190.42,413.64,14.703,0.48348,0.047834,-0.062577,3.7537,-9.1938e-16,4.5738e-16
1750.5,-190.45,413.68,14.697,0.4852,0.050431,-0.063307,3.7537,-9.1938e-16,4.5738e-16
1750.6,-190.48,413.72,14.69,0.48685,0.053029,-0.064056,3.7537,-9.1938e-16,4.5738e-16
1750.7,-190.51,413.76,14.684,0.48845,0.055629,-0.06482,3.7537,-9.1938e-16,4.5738e-16
1750.8,-190.54,413.8,14.677,0.49,0.058231,-0.065598,3.7537,-9.1938e-16,4.5738e-16
1750.9,-190.57,413.84,14.671,0.49149,0.060837,-0.066387,3.7537,-9.1938e-16,4.5738e-16
1751,-190.6,413.87,14.664,0.49293,0.063447,-0.067184,3.7537,-9.1938e-16,4.5738e-16
1751.1,-190.63,413.91,14.657,0.49431,0.066061,-0.067986,3.7537,-9.1938e-16,4.5738e-16
1751.2,-190.66,413.95,14.65,0.49564,0.068679,-0.068792,3.7537,-9.1938e-16,4.5738e-16
1751.3,-190.69,413.99,14.643,0.49692,0.071301,-0.069599,3.7537,-9.1938e-16,4.5738e-16
1751.4,-190.72,414.03,14.636,0.49814,0.073927,-0.070405,3.7537,-9.1938e-16,4.5738e-16
1751.5,-190.75,414.07,14.629,0.49932,0.076557,-0.071208,3.7537,-9.1938e-16,4.5738e-16
1751.6,-190.78,414.11,14.622,0.50045,0.07919,-0.072005,3.7537,-9.1938e-16,4.5738e-16
1751.7,-190.81,414.16,14.615,0.50153,0.081826,-0.072795,3.7537,-9.1938e-16,4.5738e-16
1751.8,-190.84,414.2,14.608,0.50256,0.084464,-0.073575,3.7537,-9.1938e-16,4.5738e-16
1751.9,-190.87,414.24,14.6,0.50355,0.087104,-0.074344,3.7537,-9.1938e-16,4.5738e-16
1752,-190.9,414.28,14.593,0.50449,0.089745,-0.0751,3.7537,-9.1938e-16,4.5738e-16
1752.1,-190.93,414.32,14.585,0.50538,0.092385,-0.075842,3.7537,-9.1938e-16,4.5738e-16
1752.2,-190.96,414.36,14.578,0.50623,0.095023,-0.076567,3.7537,-9.1938e-16,4.5738e-16
1752.3,-190.99,414.4,14.57,0.50704,0.09766,-0.077275,3.7537,-9.1938e-16,4.5738e-16
1752.4,-191.02,414.45,14.562,0.5078,0.10029,-0.077963,3.7537,-9.1938e-16,4.5738e-16
1752.5,-191.05,414.49,14.554,0.50853,0.10292,-0.078631,3.7537,-9.1938e-16,4.5738e-16
1752.6,-191.08,414.53,14.546,0.50921,0.10554,-0.079278,3.7537,-9.1938e-16,4.5738e-16
1752.7,-191.11,414.57,14.538,0.50985,0.10816,-0.079902,3.7537,-9.1938e-16,4.5738e-16
1752.8,-191.14,414.62,14.53,0.51045,0.11077,-0.080503,3.7537,-9.1938e-16,4.5738e-16
1752.9,-191.17,414.66,14.522,0.51102,0.11337,-0.08108,3.7537,-9.1938e-16,4.5738e-16
1753,-191.2,414.7,14.514,0.51155,0.11596,-0.081632,3.7537,-9.1938e-16,4.5738e-16
1753.1,-191.23,414.75,14.506,0.51204,0.11853,-0.082158,3.7537,-9.1938e-16,4.5738e-16
1753.2,-191.26,414.79,14.498,0.5125,0.12109,-0.082658,3.7537,-9.1938e-16,4.5738e-16
1753.3,-191.29,414.83,14.49,0.51292,0.12364,-0.083132,3.7537,-9.1938e-16,4.5738e-16
1753.4,-191.32,414.88,14.481,0.51331,0.12617,-0.083579,3.7537,-9.1938e-16,4.5738e-16
1753.5,-191.35,414.92,14.473,0.51366,0.12869,-0.083999,3.7537,-9.1938e-16,4.5738e-16
1753.6,-191.38,414.97,14.464,0.51399,0.13119,-0.084391,3.7537,-9.1938e-16,4.5738e-16
1753.7,-191.41,415.01,14.456,0.51429,0.13366,-0.084756,3.7537,-9.1938e-16,4.5738e-16
1753.8,-191.44,415.05,14.447,0.51455,0.13612,-0.085094,3.7537,-9.1938e-16,4.5738e-16
1753.9,-191.46,415.1,14.439,0.51479,0.13856,-0.085405,3.7537,-9.1938e-16,4.5738e-16
1754,-191.49,415.14,14.43,0.515,0.14097,-0.085689,3.7537,-9.1938e-16,4.5738e-16
1754.1,-191.52,415.19,14.422,0.51519,0.14336,-0.085946,3.7537,-9.1938e-16,4.5738e-16
1754.2,-191.55,415.24,14.413,0.51535,0.14573,-0.086176,3.7537,-9.1938e-16,4.5738e-16
1754.3,-191.58,415.28,14.405,0.51548,0.14806,-0.08638,3.7537,-9.1938e-16,4.5738e-16
1754.4,-191.61,415.33,14.396,0.51559,0.15038,-0.086558,3.7537,-9.1938e-16,4.5738e-16
1754.5,-191.63,415.37,14.387,0.51568,0.15266,-0.08671,3.7537,-9.1938e-16,4.5738e-16
1754.6,-191.66,415.42,14.379,0.51575,0.15492,-0.086837,3.7537,-9.1938e-16,4.5738e-16
1754.7,-191.69,415.47,14.37,0.5158,0.15715,-0.08694,3.7537,-9.1938e-16,4.5738e-16
1754.8,-191.71,415.51,14.361,0.51583,0.15935,-0.087019,3.7537,-9.1938e-16,4.5738e-16
1754.9,-191.74,415.56,14.352,0.51584,0.16152,-0.087074,3.7537,-9.1938e-16,4.5738e-16
1755,-191.77,415.61,14.344,0.51584,0.16366,-0.087107,3.7537,-9.1938e-16,4.5738e-16
1755.1,-191.79,415.65,14.335,0.51581,0.16577,-0.087117,3.7537,-9.1938e-16,4.5738e-16
1755.2,-191.82,415.7,14.326,0.51578,0.16784,-0.087106,3.7537,-9.1938e-16,4.5738e-16
1755.3,-191.85,415.75,14.318,0.51572,0.16989,-0.087074,3.7537,-9.1938e-16,4.5738e-16
1755.4,-191.87,415.8,14.309,0.51566,0.1719,-0.087021,3.7537,-9.1938e-16,4.5738e-16
1755.5,-191.9,415.84,14.3,0.51558,0.17388,-0.086949,3.7537,-9.1938e-16,4.5738e-16
1755.6,-191.92,415.89,14.292,0.51549,0.17583,-0.086858,3.7537,-9.1938e-16,4.5738e-16
1755.7,-191.95,415.94,14.283,0.51539,0.17774,-0.086748,3.7537,-9.1938e-16,4.5738e-16
1755.8,-191.97,415.99,14.274,0.51528,0.17962,-0.086621,3.7537,-9.1938e-16,4.5738e-16
1755.9,-192,416.04,14.266,0.51515,0.18147,-0.086478,3.7537,-9.1938e-16,4.5738e-16
1756,-192.02,416.09,14.257,0.51502,0.18328,-0.086318,3.7537,-9.1938e-16,4.5738e-16
1756.1,-192.05,416.14,14.248,0.51489,0.18506,-0.086142,3.7537,-9.1938e-16,4.5738e-16
1756.2,-192.07,416.19,14.24,0.51474,0.1868,-0.085952,3.7537,-9.1938e-16,4.5738e-16
1756.3,-192.1,416.23,14.231,0.51459,0.18852,-0.085747,3.7537,-9.1938e-16,4.5738e-16
1756.4,-192.12,416.28,14.222,0.51443,0.1902,-0.08553,3.7537,-9.1938e-16,4.5738e-16
1756.5,-192.14,416.33,14.214,0.51427,0.19184,-0.085299,3.7537,-9.1938e-16,4.5738e-16
1756.6,-192.16,416.38,14.205,0.5141,0.19345,-0.085056,3.7537,-9.1938e-16,4.5738e-16
1756.7,-192.19,416.43,14.197,0.51393,0.19503,-0.084802,3.7537,-9.1938e-16,4.5738e-16
1756.8,-192.21,416.48,14.188,0.51375,0.19658,-0.084537,3.7537,-9.1938e-16,4.5738e-16
1756.9,-192.23,416.53,14.18,0.51357,0.19809,-0.084262,3.7537,-9.1938e-16,4.5738e-16
1757,-192.25,416.58,14.172,0.51339,0.19957,-0.083977,3.7537,-9.1938e-16,4.5738e-16
1757.1,-192.28,416.64,14.163,0.51321,0.20102,-0.083684,3.7537,-9.1938e-16,4.5738e-16
1757.2,-192.3,416.69,14.155,0.51303,0.20244,-0.083382,3.7537,-9.1938e-16,4.5738e-16
1757.3,-192.32,416.74,14.147,0.51284,0.20382,-0.083072,3.7537,-9.1938e-16,4.5738e-16
1757.4,-192.34,416.79,14.138,0.51266,0.20518,-0.082755,3.7537,-9.1938e-16,4.5738e-16
1757.5,-192.36,416.84,14.13,0.51248,0.2065,-0.082431,3.7537,-9.1938e-16,4.5738e-16
1757.6,-192.38,416.89,14.122,0.51229,0.20779,-0.082101,3.7537,-9.1938e-16,4.5738e-16
1757.7,-192.4,416.94,14.114,0.51211,0.20905,-0.081765,3.7537,-9.1938e-16,4.5738e-16
1757.8,-192.42,416.99,14.105,0.51193,0.21029,-0.081425,3.7537,-9.1938e-16,4.5738e-16
1757.9,-192.44,417.05,14.097,0.51175,0.21149,-0.081079,3.7537,-9.1938e-16,4.5738e-16
1758,-192.46,417.1,14.089,0.51157,0.21266,-0.08073,3.7537,-9.1938e-16,4.5738e-16
1758.1,-192.48,417.15,14.081,0.51139,0.2138,-0.080377,3.7537,-9.1938e-16,4.5738e-16
1758.2,-192.49,417.2,14.073,0.51122,0.21492,-0.08002,3.7537,-9.1938e-16,4.5738e-16
1758.3,-192.51,417.26,14.065,0.51105,0.21601,-0.079661,3.7537,-9.1938e-16,4.5738e-16
1758.4,-192.53,417.31,14.057,0.51088,0.21707,-0.079299,3.7537,-9.1938e-16,4.5738e-16
1758.5,-192.55,417.36,14.049,0.51071,0.2181,-0.078936,3.7537,-9.1938e-16,4.5738e-16
1758.6,-192.56,417.41,14.041,0.51055,0.21911,-0.07857,3.7537,-9.1938e-16,4.5738e-16
1758.7,-192.58,417.47,14.034,0.51039,0.22009,-0.078204,3.7537,-9.1938e-16,4.5738e-16
1758.8,-192.6,417.52,14.026,0.51024,0.22104,-0.077836,3.7537,-9.1938e-16,4.5738e-16
1758.9,-192.61,417.57,14.018,0.51009,0.22197,-0.077468,3.7537,-9.1938e-16,4.5738e-16
1759,-192.63,417.63,14.01,0.50994,0.22287,-0.0771,3.7537,-9.1938e-16,4.5738e-16
1759.1,-192.64,417.68,14.003,0.5098,0.22375,-0.076732,3.7537,-9.1938e-16,4.5738e-16
1759.2,-192.66,417.73,13.995,0.50966,0.22461,-0.076365,3.7537,-9.1938e-16,4.5738e-16
1759.3,-192.67,417.79,13.987,0.50953,0.22544,-0.075998,3.7537,-9.1938e-16,4.5738e-16
1759.4,-192.69,417.84,13.98,0.5094,0.22625,-0.075632,3.7537,-9.1938e-16,4.5738e-16
1759.5,-192.7,417.89,13.972,0.50928,0.22704,-0.075267,3.7537,-9.1938e-16,4.5738e-16
1759.6,-192.72,417.95,13.965,0.50916,0.2278,-0.074904,3.7537,-9.1938e-16,4.5738e-16
1759.7,-192.73,418,13.957,0.50904,0.22855,-0.074543,3.7537,-9.1938e-16,4.5738e-16
1759.8,-192.74,418.06,13.95,0.50893,0.22927,-0.074184,3.7537,-9.1938e-16,4.5738e-16
1759.9,-192.76,418.11,13.942,0.50882,0.22997,-0.073826,3.7537,-9.1938e-16,4.5738e-16
1760,-192.77,418.17,13.935,0.50872,0.23065,-0.073472,3.7537,-9.1938e-16,4.5738e-16
1760.1,-192.78,418.22,13.928,0.50863,0.23131,-0.07312,3.7537,-9.1938e-16,4.5738e-16
1760.2,-192.79,418.28,13.92,0.50854,0.23195,-0.072771,3.7537,-9.1938e-16,4.5738e-16
1760.3,-192.8,418.33,13.913,0.50845,0.23257,-0.072425,3.7537,-9.1938e-16,4.5738e-16
1760.4,-192.82,418.38,13.906,0.50837,0.23318,-0.072082,3.7537,-9.1938e-16,4.5738e-16
1760.5,-192.83,418.44,13.899,0.50829,0.23376,-0.071742,3.7537,-9.1938e-16,4.5738e-16
1760.6,-192.84,418.49,13.892,0.50822,0.23433,-0.071406,3.7537,-9.1938e-16,4.5738e-16
1760.7,-192.85,418.55,13.884,0.50815,0.23488,-0.071074,3.7537,-9.1938e-16,4.5738e-16
1760.8,-192.86,418.6,13.877,0.50809,0.23541,-0.070745,3.7537,-9.1938e-16,4.5738e-16
1760.9,-192.87,418.66,13.87,0.50803,0.23593,-0.07042,3.7537,-9.1938e-16,4.5738e-16
1761,-192.88,418.72,13.863,0.50798,0.23643,-0.0701,3.7537,-9.1938e-16,4.5738e-16
1761.1,-192.89,418.77,13.856,0.50793,0.23691,-0.069783,3.7537,-9.1938e-16,4.5738e-16
1761.2,-192.89,418.83,13.849,0.50788,0.23738,-0.069471,3.7537,-9.1938e-16,4.5738e-16
1761.3,-192.9,418.88,13.842,0.50784,0.23784,-0.069163,3.7537,-9.1938e-16,4.5738e-16
1761.4,-192.91,418.94,13.835,0.5078,0.23828,-0.068859,3.7537,-9.1938e-16,4.5738e-16
1761.5,-192.92,418.99,13.829,0.50777,0.2387,-0.06856,3.7537,-9.1938e-16,4.5738e-16
1761.6,-192.92,419.05,13.822,0.50774,0.23911,-0.068266,3.7537,-9.1938e-16,4.5738e-16
1761.7,-192.93,419.1,13.815,0.50772,0.23951,-0.067976,3.7537,-9.1938e-16,4.5738e-16
1761.8,-192.94,419.16,13.808,0.5077,0.2399,-0.067691,3.7537,-9.1938e-16,4.5738e-16
1761.9,-192.94,419.22,13.801,0.50768,0.24027,-0.067411,3.7537,-9.1938e-16,4.5738e-16
1762,-192.95,419.27,13.795,0.50767,0.24063,-0.067135,3.7537,-9.1938e-16,4.5738e-16
1762.1,-192.95,419.33,13.788,0.50766,0.24097,-0.066864,3.7537,-9.1938e-16,4.5738e-16
1762.2,-192.96,419.38,13.781,0.50765,0.24131,-0.066599,3.7537,-9.1938e-16,4.5738e-16
1762.3,-192.96,419.44,13.775,0.50765,0.24163,-0.066338,3.7537,-9.1938e-16,4.5738e-16
1762.4,-192.97,419.5,13.768,0.50765,0.24195,-0.066082,3.7537,-9.1938e-16,4.5738e-16
1762.5,-192.97,419.55,13.761,0.50766,0.24225,-0.065831,3.7537,-9.1938e-16,4.5738e-16
1762.6,-192.98,419.61,13.755,0.50766,0.24254,-0.065585,3.7537,-9.1938e-16,4.5738e-16
1762.7,-192.98,419.66,13.748,0.50767,0.24282,-0.065344,3.7537,-9.1938e-16,4.5738e-16
1762.8,-192.98,419.72,13.742,0.50769,0.24309,-0.065108,3.7537,-9.1938e-16,4.5738e-16
1762.9,-192.99,419.78,13.735,0.5077,0.24335,-0.064877,7.3048,0.3018,-0.14803
1763,-192.99,419.83,13.729,0.51558,0.24496,-0.068836,7.3048,0.3018,-0.14803
1763.1,-192.99,419.89,13.722,0.52317,0.24678,-0.07279,7.3048,0.3018,-0.14803
1763.2,-192.99,419.95,13.714,0.53048,0.2488,-0.076715,7.3048,0.3018,-0.14803
1763.3,-192.99,420.01,13.706,0.53751,0.25103,-0.080592,7.3048,0.3018,-0.14803
1763.4,-192.99,420.07,13.698,0.54426,0.25347,-0.0844,7.3048,0.3018,-0.14803
1763.5,-192.99,420.13,13.689,0.55075,0.25611,-0.088123,7.3048,0.3018,-0.14803
1763.6,-192.99,420.19,13.68,0.55697,0.25896,-0.091743,7.3048,0.3018,-0.14803
1763.7,-192.99,420.25,13.671,0.56293,0.26201,-0.095245,7.3048,0.3018,-0.14803
1763.8,-192.99,420.31,13.661,0.56863,0.26525,-0.098617,7.3048,0.3018,-0.14803
1763.9,-192.98,420.38,13.651,0.57408,0.26868,-0.10185,7.3048,0.3018,-0.14803
1764,-192.98,420.44,13.641,0.57929,0.27229,-0.10493,7.3048,0.3018,-0.14803
1764.1,-192.98,420.5,13.63,0.58426,0.27608,-0.10785,7.3048,0.3018,-0.14803
1764.2,-192.97,420.57,13.619,0.589,0.28002,-0.1106,7.3048,0.3018,-0.14803
1764.3,-192.97,420.63,13.608,0.5935,0.28412,-0.11319,7.3048,0.3018,-0.14803
1764.4,-192.96,420.7,13.597,0.59779,0.28836,-0.11561,7.3048,0.3018,-0.14803
1764.5,-192.96,420.77,13.585,0.60186,0.29273,-0.11786,7.3048,0.3018,-0.14803
1764.6,-192.95,420.83,13.573,0.60573,0.29723,-0.11993,7.3048,0.3018,-0.14803
1764.7,-192.94,420.9,13.561,0.60939,0.30184,-0.12183,7.3048,0.3018,-0.14803
1764.8,-192.93,420.97,13.549,0.61286,0.30655,-0.12357,7.3048,0.3018,-0.14803
1764.9,-192.92,421.04,13.536,0.61614,0.31135,-0.12513,7.3048,0.3018,-0.14803
1765,-192.91,421.1,13.524,0.61924,0.31623,-0.12654,7.3048,0.3018,-0.14803
1765.1,-192.9,421.17,13.511,0.62216,0.32119,-0.12778,7.3048,0.3018,-0.14803
1765.2,-192.89,421.24,13.498,0.62491,0.32621,-0.12887,7.3048,0.3018,-0.14803
1765.3,-192.88,421.31,13.485,0.62751,0.33128,-0.1298,7.3048,0.3018,-0.14803
1765.4,-192.87,421.38,13.472,0.62995,0.3364,-0.13059,7.3048,0.3018,-0.14803
1765.5,-192.86,421.45,13.459,0.63224,0.34155,-0.13124,7.3048,0.3018,-0.14803
1765.6,-192.84,421.52,13.446,0.63439,0.34673,-0.13175,7.3048,0.3018,-0.14803
1765.7,-192.83,421.6,13.433,0.63641,0.35194,-0.13212,7.3048,0.3018,-0.14803
1765.8,-192.81,421.67,13.42,0.6383,0.35717,-0.13237,7.3048,0.3018,-0.14803
1765.9,-192.8,421.74,13.406,0.64007,0.3624,-0.13249,7.3048,0.3018,-0.14803
1766,-192.78,421.81,13.393,0.64173,0.36764,-0.13249,7.3048,0.3018,-0.14803
1766.1,-192.77,421.88,13.38,0.64328,0.37289,-0.13238,7.3048,0.3018,-0.14803
1766.2,-192.75,421.96,13.367,0.64473,0.37812,-0.13215,7.3048,0.3018,-0.14803
1766.3,-192.73,422.03,13.353,0.64609,0.38335,-0.13182,7.3048,0.3018,-0.14803
1766.4,-192.71,422.1,13.34,0.64736,0.38857,-0.13138,7.3048,0.3018,-0.14803
1766.5,-192.69,422.17,13.327,0.64855,0.39378,-0.13084,7.3048,0.3018,-0.14803
1766.6,-192.67,422.25,13.314,0.64966,0.39897,-0.1302,7.3048,0.3018,-0.14803
1766.7,-192.65,422.32,13.301,0.65071,0.40413,-0.12947,7.3048,0.3018,-0.14803
1766.8,-192.63,422.39,13.288,0.65169,0.40928,-0.12865,7.3048,0.3018,-0.14803
1766.9,-192.61,422.47,13.275,0.65261,0.41441,-0.12774,7.3048,0.3018,-0.14803
1767,-192.59,422.54,13.263,0.65348,0.41951,-0.12674,7.3048,0.3018,-0.14803
1767.1,-192.56,422.62,13.25,0.65431,0.42459,-0.12566,7.3048,0.3018,-0.14803
1767.2,-192.54,422.69,13.238,0.65509,0.42964,-0.1245,7.3048,0.3018,-0.14803
1767.3,-192.51,422.77,13.225,0.65584,0.43468,-0.12326,7.3048,0.3018,-0.14803
1767.4,-192.49,422.84,13.213,0.65656,0.43968,-0.12194,7.3048,0.3018,-0.14803
1767.5,-192.46,422.91,13.201,0.65725,0.44466,-0.12054,7.3048,0.3018,-0.14803
1767.6,-192.43,422.99,13.189,0.65793,0.44962,-0.11906,7.3048,0.3018,-0.14803
1767.7,-192.41,423.06,13.177,0.65859,0.45456,-0.11751,7.3048,0.3018,-0.14803
1767.8,-192.38,423.14,13.165,0.65923,0.45948,-0.11588,7.3048,0.3018,-0.14803
1767.9,-192.35,423.21,13.154,0.65987,0.46438,-0.11418,7.3048,0.3018,-0.14803
1768,-192.32,423.29,13.142,0.66051,0.46926,-0.11241,7.3048,0.3018,-0.14803
1768.1,-192.29,423.37,13.131,0.66116,0.47413,-0.11056,7.3048,0.3018,-0.14803
1768.2,-192.26,423.44,13.12,0.66181,0.47898,-0.10863,7.3048,0.3018,-0.14803
1768.3,-192.23,423.52,13.11,0.66248,0.48383,-0.10663,7.3048,0.3018,-0.14803
1768.4,-192.2,423.59,13.099,0.66316,0.48867,-0.10455,7.3048,0.3018,-0.14803
1768.5,-192.16,423.67,13.089,0.66386,0.4935,-0.10239,7.3048,0.3018,-0.14803
1768.6,-192.13,423.74,13.079,0.6646,0.49834,-0.10014,7.3048,0.3018,-0.14803
1768.7,-192.1,423.82,13.069,0.66536,0.50317,-0.097814,7.3048,0.3018,-0.14803
1768.8,-192.06,423.9,13.059,0.66616,0.50802,-0.095397,7.3048,0.3018,-0.14803
1768.9,-192.03,423.97,13.05,0.667,0.51287,-0.092888,7.3048,0.3018,-0.14803
1769,-191.99,424.05,13.04,0.66788,0.51774,-0.090282,7.3048,0.3018,-0.14803
1769.1,-191.95,424.13,13.032,0.66882,0.52263,-0.087575,7.3048,0.3018,-0.14803
1769.2,-191.92,424.2,13.023,0.66981,0.52755,-0.084759,7.3048,0.3018,-0.14803
1769.3,-191.88,424.28,13.015,0.67087,0.53249,-0.081829,7.3048,0.3018,-0.14803
1769.4,-191.84,424.36,13.007,0.67199,0.53747,-0.078775,7.3048,0.3018,-0.14803
1769.5,-191.81,424.43,12.999,0.67319,0.54249,-0.075588,7.3048,0.3018,-0.14803
1769.6,-191.77,424.51,12.991,0.67447,0.54756,-0.072258,7.3048,0.3018,-0.14803
1769.7,-191.73,424.59,12.984,0.67583,0.55268,-0.068772,7.3048,0.3018,-0.14803
1769.8,-191.69,424.67,12.978,0.6773,0.55787,-0.065116,7.3048,0.3018,-0.14803
1769.9,-191.65,424.75,12.971,0.67886,0.56313,-0.061272,7.3048,0.3018,-0.14803
1770,-191.61,424.82,12.965,0.68055,0.56847,-0.057221,7.3048,0.3018,-0.14803
1770.1,-191.57,424.9,12.96,0.68235,0.5739,-0.05294,7.3048,0.3018,-0.14803
1770.2,-191.53,424.98,12.955,0.6843,0.57943,-0.048402,7.3048,0.3018,-0.14803
1770.3,-191.48,425.06,12.95,0.6864,0.58508,-0.043575,7.3048,0.3018,-0.14803
1770.4,-191.44,425.14,12.946,0.68866,0.59085,-0.03842,7.3048,0.3018,-0.14803
1770.5,-191.4,425.22,12.943,0.69111,0.59677,-0.032891,7.3048,0.3018,-0.14803
1770.6,-191.36,425.3,12.94,0.69377,0.60285,-0.026933,7.3048,0.3018,-0.14803
1770.7,-191.31,425.39,12.937,0.69665,0.6091,-0.020478,7.3048,0.3018,-0.14803
1770.8,-191.27,425.47,12.936,0.69979,0.61557,-0.01344,7.3048,0.3018,-0.14803
1770.9,-191.23,425.55,12.935,0.70323,0.62226,-0.0057144,7.3048,0.3018,-0.14803
1771,-191.19,425.64,12.934,0.707,0.62908,0.0027852,7.3048,0.3018,-0.14803
1771.1,-191.14,425.72,12.935,0.71113,0.63417,0.011401,7.3048,0.3018,-0.14803
1771.2,-191.1,425.8,12.937,0.71561,0.63688,0.019662,7.3048,0.3018,-0.14803
1771.3,-191.05,425.89,12.939,0.72041,0.63725,0.02732,7.3048,0.3018,-0.14803
1771.4,-191.01,425.98,12.942,0.72546,0.63543,0.03418,7.3048,0.3018,-0.14803
1771.5,-190.97,426.06,12.946,0.73071,0.63162,0.040106,7.3048,0.3018,-0.14803
1771.6,-190.92,426.15,12.95,0.73609,0.62608,0.045025,7.3048,0.3018,-0.14803
1771.7,-190.88,426.23,12.955,0.74152,0.6191,0.048915,7.3048,0.3018,-0.14803
1771.8,-190.83,426.32,12.96,0.74693,0.61099,0.051802,7.3048,0.3018,-0.14803
1771.9,-190.79,426.4,12.965,0.75227,0.60203,0.053741,7.3048,0.3018,-0.14803
1772,-190.74,426.49,12.971,0.75747,0.59251,0.054807,7.3048,0.3018,-0.14803
1772.1,-190.69,426.57,12.976,0.7625,0.58267,0.055089,7.3048,0.3018,-0.14803
1772.2,-190.65,426.65,12.982,0.76732,0.57274,0.054677,7.3048,0.3018,-0.14803
1772.3,-190.6,426.74,12.987,0.7719,0.56291,0.053662,6.97,-1.7072e-15,8.511e-16
1772.4,-190.55,426.82,12.992,0.77558,0.55151,0.056108,6.97,-1.7072e-15,8.511e-16
1772.5,-190.5,426.9,12.998,0.77919,0.53944,0.057709,6.97,-1.7072e-15,8.511e-16
1772.6,-190.45,426.98,13.004,0.78267,0.52693,0.058549,6.97,-1.7072e-15,8.511e-16
1772.7,-190.41,427.06,13.01,0.786,0.51421,0.058719,6.97,-1.7072e-15,8.511e-16
1772.8,-190.36,427.14,13.016,0.78915,0.50145,0.058304,6.97,-1.7072e-15,8.511e-16
1772.9,-190.31,427.22,13.021,0.79211,0.48882,0.057387,6.97,-1.7072e-15,8.511e-16
1773,-190.26,427.3,13.027,0.79486,0.47644,0.056043,6.97,-1.7072e-15,8.511e-16
1773.1,-190.21,427.38,13.033,0.79739,0.46441,0.054337,6.97,-1.7072e-15,8.511e-16
1773.2,-190.16,427.46,13.038,0.79971,0.45282,0.052327,6.97,-1.7072e-15,8.511e-16
1773.3,-190.11,427.53,13.043,0.80181,0.44174,0.050061,6.97,-1.7072e-15,8.511e-16
1773.4,-190.05,427.61,13.048,0.8037,0.43121,0.047579,6.97,-1.7072e-15,8.511e-16
1773.5,-190,427.68,13.053,0.80539,0.42129,0.044914,6.97,-1.7072e-15,8.511e-16
1773.6,-189.95,427.76,13.057,0.80688,0.41199,0.042092,6.97,-1.7072e-15,8.511e-16
1773.7,-189.9,427.83,13.061,0.80818,0.40334,0.039134,6.97,-1.7072e-15,8.511e-16
1773.8,-189.85,427.91,13.065,0.80931,0.39537,0.036055,6.97,-1.7072e-15,8.511e-16
1773.9,-189.8,427.98,13.068,0.81026,0.38809,0.032866,6.97,-1.7072e-15,8.511e-16
1774,-189.74,428.05,13.071,0.81104,0.38152,0.029574,6.97,-1.7072e-15,8.511e-16
1774.1,-189.69,428.12,13.074,0.81168,0.37566,0.026184,6.97,-1.7072e-15,8.511e-16
1774.2,-189.64,428.2,13.077,0.81216,0.37054,0.022697,6.97,-1.7072e-15,8.511e-16
1774.3,-189.58,428.27,13.079,0.8125,0.36616,0.019111,6.97,-1.7072e-15,8.511e-16
1774.4,-189.53,428.34,13.08,0.81271,0.36254,0.015425,6.97,-1.7072e-15,8.511e-16
1774.5,-189.48,428.41,13.082,0.81279,0.3597,0.011632,6.97,-1.7072e-15,8.511e-16
1774.6,-189.43,428.48,13.083,0.81274,0.35766,0.0077295,6.97,-1.7072e-15,8.511e-16
1774.7,-189.37,428.55,13.083,0.81256,0.35644,0.0037096,6.97,-1.7072e-15,8.511e-16
1774.8,-189.32,428.63,13.084,0.81226,0.35608,-0.00043475,6.97,-1.7072e-15,8.511e-16
1774.9,-189.27,428.7,13.083,0.81184,0.35618,-0.0048554,6.97,-1.7072e-15,8.511e-16
1775,-189.21,428.77,13.083,0.81129,0.35647,-0.0096511,6.97,-1.7072e-15,8.511e-16
1775.1,-189.16,428.84,13.081,0.81061,0.35699,-0.014813,6.97,-1.7072e-15,8.511e-16
1775.2,-189.11,428.91,13.08,0.80978,0.35775,-0.020322,6.97,-1.7072e-15,8.511e-16
1775.3,-189.05,428.98,13.077,0.8088,0.35877,-0.026148,6.97,-1.7072e-15,8.511e-16
1775.4,-189,429.05,13.074,0.80766,0.36006,-0.032252,6.97,-1.7072e-15,8.511e-16
1775.5,-188.95,429.12,13.071,0.80637,0.36166,-0.038583,6.97,-1.7072e-15,8.511e-16
1775.6,-188.9,429.19,13.067,0.80491,0.36356,-0.045079,6.97,-1.7072e-15,8.511e-16
1775.7,-188.84,429.26,13.062,0.8033,0.36577,-0.051672,6.97,-1.7072e-15,8.511e-16
1775.8,-188.79,429.33,13.056,0.80151,0.36831,-0.058287,6.97,-1.7072e-15,8.511e-16
1775.9,-188.74,429.4,13.05,0.79957,0.37117,-0.064843,6.97,-1.7072e-15,8.511e-16
1776,-188.68,429.47,13.043,0.79748,0.37435,-0.071262,6.97,-1.7072e-15,8.511e-16
1776.1,-188.63,429.54,13.036,0.79523,0.37784,-0.077465,6.97,-1.7072e-15,8.511e-16
1776.2,-188.57,429.61,13.028,0.79284,0.38162,-0.083382,6.97,-1.7072e-15,8.511e-16
1776.3,-188.52,429.68,13.019,0.79031,0.38567,-0.088947,6.97,-1.7072e-15,8.511e-16
1776.4,-188.47,429.75,13.01,0.78767,0.38998,-0.094106,6.97,-1.7072e-15,8.511e-16
1776.5,-188.41,429.82,13,0.78491,0.39451,-0.098814,6.97,-1.7072e-15,8.511e-16
1776.6,-188.36,429.89,12.99,0.78206,0.39923,-0.10304,6.97,-1.7072e-15,8.511e-16
1776.7,-188.3,429.96,12.98,0.77912,0.40413,-0.10676,6.97,-1.7072e-15,8.511e-16
1776.8,-188.25,430.03,12.969,0.77612,0.40917,-0.10996,6.97,-1.7072e-15,8.511e-16
1776.9,-188.19,430.09,12.958,0.77307,0.41432,-0.11265,6.97,-1.7072e-15,8.511e-16
1777,-188.14,430.16,12.946,0.76998,0.41955,-0.11483,6.97,-1.7072e-15,8.511e-16
1777.1,-188.08,430.23,12.935,0.76687,0.42483,-0.11651,6.97,-1.7072e-15,8.511e-16
1777.2,-188.02,430.3,12.923,0.76375,0.43015,-0.11772,6.97,-1.7072e-15,8.511e-16
1777.3,-187.97,430.36,12.911,0.76065,0.43548,-0.11847,6.97,-1.7072e-15,8.511e-16
1777.4,-187.91,430.43,12.899,0.75757,0.4408,-0.11879,6.97,-1.7072e-15,8.511e-16
1777.5,-187.85,430.49,12.888,0.75452,0.44609,-0.1187,6.97,-1.7072e-15,8.511e-16
1777.6,-187.79,430.56,12.876,0.75153,0.45134,-0.11824,6.97,-1.7072e-15,8.511e-16
1777.7,-187.74,430.63,12.864,0.7486,0.45654,-0.11744,6.97,-1.7072e-15,8.511e-16
1777.8,-187.68,430.69,12.852,0.74575,0.46167,-0.11631,6.97,-1.7072e-15,8.511e-16
1777.9,-187.62,430.76,12.841,0.74299,0.46674,-0.11488,6.97,-1.7072e-15,8.511e-16
1778,-187.56,430.82,12.829,0.74032,0.47173,-0.11317,6.97,-1.7072e-15,8.511e-16
1778.1,-187.5,430.89,12.818,0.73775,0.47663,-0.11121,6.97,-1.7072e-15,8.511e-16
1778.2,-187.44,430.95,12.807,0.7353,0.48146,-0.10902,6.97,-1.7072e-15,8.511e-16
1778.3,-187.38,431.02,12.796,0.73298,0.48621,-0.10661,6.97,-1.7072e-15,8.511e-16
1778.4,-187.32,431.08,12.786,0.73078,0.49088,-0.10399,6.97,-1.7072e-15,8.511e-16
1778.5,-187.26,431.14,12.775,0.72872,0.49546,-0.10119,6.97,-1.7072e-15,8.511e-16
1778.6,-187.2,431.21,12.766,0.7268,0.49997,-0.098207,6.97,-1.7072e-15,8.511e-16
1778.7,-187.14,431.27,12.756,0.72503,0.50441,-0.095054,6.97,-1.7072e-15,8.511e-16
1778.8,-187.07,431.33,12.747,0.72342,0.50878,-0.091737,6.97,-1.7072e-15,8.511e-16
1778.9,-187.01,431.4,12.738,0.72197,0.51309,-0.08826,6.97,-1.7072e-15,8.511e-16
1779,-186.95,431.46,12.729,0.72068,0.51734,-0.084626,6.97,-1.7072e-15,8.511e-16
1779.1,-186.89,431.52,12.721,0.71956,0.52154,-0.080834,6.97,-1.7072e-15,8.511e-16
1779.2,-186.82,431.58,12.713,0.71862,0.52569,-0.076882,6.97,-1.7072e-15,8.511e-16
1779.3,-186.76,431.65,12.705,0.71786,0.5298,-0.072766,6.97,-1.7072e-15,8.511e-16
1779.4,-186.7,431.71,12.698,0.71728,0.53389,-0.068478,6.97,-1.7072e-15,8.511e-16
1779.5,-186.63,431.77,12.692,0.71689,0.53795,-0.064008,6.97,-1.7072e-15,8.511e-16
1779.6,-186.57,431.83,12.685,0.71671,0.54199,-0.059343,6.97,-1.7072e-15,8.511e-16
1779.7,-186.5,431.9,12.68,0.71673,0.54603,-0.054465,6.97,-1.7072e-15,8.511e-16
1779.8,-186.44,431.96,12.674,0.71696,0.55007,-0.049353,6.97,-1.7072e-15,8.511e-16
1779.9,-186.37,432.02,12.67,0.71742,0.55411,-0.04398,6.97,-1.7072e-15,8.511e-16
1780,-186.31,432.08,12.666,0.7181,0.55818,-0.038314,6.97,-1.7072e-15,8.511e-16
1780.1,-186.24,432.15,12.662,0.71904,0.56228,-0.032314,6.97,-1.7072e-15,8.511e-16
1780.2,-186.17,432.21,12.659,0.72023,0.56642,-0.025932,6.97,-1.7072e-15,8.511e-16
1780.3,-186.11,432.27,12.657,0.7217,0.57062,-0.019105,6.97,-1.7072e-15,8.511e-16
1780.4,-186.04,432.34,12.655,0.72348,0.57488,-0.011758,6.97,-1.7072e-15,8.511e-16
1780.5,-185.97,432.4,12.655,0.72557,0.57923,-0.0037947,6.97,-1.7072e-15,8.511e-16
1780.6,-185.91,432.46,12.655,0.72802,0.58331,0.0047689,6.97,-1.7072e-15,8.511e-16
1780.7,-185.84,432.53,12.656,0.73083,0.58533,0.013231,6.97,-1.7072e-15,8.511e-16
1780.8,-185.77,432.59,12.657,0.73399,0.58505,0.021267,6.97,-1.7072e-15,8.511e-16
1780.9,-185.7,432.66,12.66,0.73744,0.58254,0.02867,6.97,-1.7072e-15,8.511e-16
1781,-185.63,432.72,12.663,0.74113,0.57798,0.035282,6.97,-1.7072e-15,8.511e-16
1781.1,-185.57,432.79,12.667,0.74501,0.57157,0.041004,6.97,-1.7072e-15,8.511e-16
1781.2,-185.5,432.85,12.671,0.74901,0.56356,0.045785,6.97,-1.7072e-15,8.511e-16
1781.3,-185.43,432.92,12.676,0.75307,0.55422,0.049624,6.97,-1.7072e-15,8.511e-16
1781.4,-185.36,432.98,12.681,0.75712,0.54383,0.052553,6.97,-1.7072e-15,8.511e-16
1781.5,-185.29,433.04,12.686,0.76111,0.53265,0.054629,6.97,-1.7072e-15,8.511e-16
1781.6,-185.22,433.1,12.692,0.76501,0.52092,0.055927,6.97,-1.7072e-15,8.511e-16
1781.7,-185.15,433.16,12.698,0.76877,0.50885,0.056528,6.97,-1.7072e-15,8.511e-16
1781.8,-185.08,433.22,12.703,0.77236,0.49664,0.056516,6.97,-1.7072e-15,8.511e-16
1781.9,-185.01,433.28,12.709,0.77576,0.48444,0.055971,6.97,-1.7072e-15,8.511e-16
1782,-184.94,433.34,12.714,0.77896,0.4724,0.054967,6.97,-1.7072e-15,8.511e-16
1782.1,-184.87,433.4,12.72,0.78195,0.46063,0.053572,6.97,-1.7072e-15,8.511e-16
1782.2,-184.8,433.46,12.725,0.78472,0.44922,0.051845,6.97,-1.7072e-15,8.511e-16
1782.3,-184.73,433.51,12.73,0.78728,0.43824,0.049836,6.97,-1.7072e-15,8.511e-16
1782.4,-184.66,433.57,12.735,0.78962,0.42775,0.04759,6.97,-1.7072e-15,8.511e-16
1782.5,-184.59,433.62,12.74,0.79176,0.4178,0.045141,6.97,-1.7072e-15,8.511e-16
1782.6,-184.52,433.68,12.744,0.79369,0.40844,0.042519,6.97,-1.7072e-15,8.511e-16
1782.7,-184.45,433.73,12.748,0.79543,0.39967,0.039747,6.97,-1.7072e-15,8.511e-16
1782.8,-184.38,433.79,12.752,0.79698,0.39154,0.036842,6.97,-1.7072e-15,8.511e-16
1782.9,-184.31,433.84,12.756,0.79835,0.38405,0.033818,6.97,-1.7072e-15,8.511e-16
1783,-184.24,433.89,12.759,0.79955,0.37723,0.030684,6.97,-1.7072e-15,8.511e-16
1783.1,-184.16,433.94,12.762,0.80059,0.37109,0.027446,6.97,-1.7072e-15,8.511e-16
1783.2,-184.09,433.99,12.764,0.80147,0.36564,0.024106,6.97,-1.7072e-15,8.511e-16
1783.3,-184.02,434.05,12.767,0.8022,0.36089,0.020665,6.97,-1.7072e-15,8.511e-16
1783.4,-183.95,434.1,12.768,0.80279,0.35687,0.01712,6.97,-1.7072e-15,8.511e-16
1783.5,-183.88,434.15,12.77,0.80324,0.35359,0.013468,6.97,-1.7072e-15,8.511e-16
1783.6,-183.81,434.2,12.771,0.80355,0.35107,0.009703,6.97,-1.7072e-15,8.511e-16
1783.7,-183.74,434.25,12.772,0.80374,0.34933,0.0058195,6.97,-1.7072e-15,8.511e-16
1783.8,-183.66,434.3,12.772,0.80379,0.3484,0.0018102,6.97,-1.7072e-15,8.511e-16
1783.9,-183.59,434.35,12.772,0.80372,0.34821,-0.0023696,6.97,-1.7072e-15,8.511e-16
1784,-183.52,434.4,12.772,0.80352,0.34826,-0.0069018,6.97,-1.7072e-15,8.511e-16
1784.1,-183.45,434.45,12.771,0.80319,0.34853,-0.011806,6.97,-1.7072e-15,8.511e-16
1784.2,-183.38,434.5,12.769,0.80271,0.34902,-0.017071,6.97,-1.7072e-15,8.511e-16
1784.3,-183.31,434.55,12.767,0.80208,0.34976,-0.022674,6.97,-1.7072e-15,8.511e-16
1784.4,-183.23,434.6,12.765,0.80129,0.35076,-0.028583,6.97,-1.7072e-15,8.511e-16
1784.5,-183.16,434.65,12.762,0.80035,0.35206,-0.034755,9.6884,-1.045,0.51257
1784.6,-183.09,434.7,12.759,0.8055,0.34897,-0.026469,9.6884,-1.045,0.51257
1784.7,-183.02,434.75,12.756,0.81073,0.34549,-0.01794,9.6884,-1.045,0.51257
1784.8,-182.94,434.8,12.755,0.81606,0.34159,-0.0090378,9.6884,-1.045,0.51257
1784.9,-182.87,434.85,12.755,0.8215,0.33725,0.00038954,9.6884,-1.045,0.51257
1785,-182.8,434.9,12.755,0.82703,0.33158,0.010178,9.6884,-1.045,0.51257
1785.1,-182.72,434.95,12.757,0.83267,0.32385,0.020018,9.6884,-1.045,0.51257
1785.2,-182.64,434.99,12.759,0.83838,0.31407,0.029826,9.6884,-1.045,0.51257
1785.3,-182.57,435.04,12.763,0.84415,0.30229,0.039538,9.6884,-1.045,0.51257
1785.4,-182.49,435.09,12.767,0.84994,0.2886,0.049124,9.6884,-1.045,0.51257
1785.5,-182.41,435.13,12.772,0.85573,0.27312,0.058583,9.6884,-1.045,0.51257
1785.6,-182.33,435.17,12.779,0.86148,0.25597,0.067941,9.6884,-1.045,0.51257
1785.7,-182.26,435.22,12.786,0.86714,0.2373,0.077253,9.6884,-1.045,0.51257
1785.8,-182.18,435.26,12.794,0.87269,0.21726,0.086595,9.6884,-1.045,0.51257
1785.9,-182.1,435.3,12.803,0.87809,0.19599,0.096058,9.6884,-1.045,0.51257
1786,-182.01,435.34,12.813,0.88331,0.17365,0.10574,9.6884,-1.045,0.51257
1786.1,-181.93,435.38,12.825,0.88831,0.15037,0.11575,9.6884,-1.045,0.51257
1786.2,-181.85,435.41,12.837,0.89305,0.12631,0.12619,9.6884,-1.045,0.51257
1786.3,-181.77,435.45,12.85,0.89751,0.1016,0.13715,9.6884,-1.045,0.51257
1786.4,-181.68,435.48,12.864,0.90164,0.076385,0.14869,9.6884,-1.045,0.51257
1786.5,-181.6,435.52,12.88,0.90542,0.050815,0.16087,9.6884,-1.045,0.51257
1786.6,-181.51,435.55,12.896,0.90881,0.025046,0.17371,9.6884,-1.045,0.51257
1786.7,-181.43,435.58,12.914,0.91176,-0.00076159,0.18718,9.6884,-1.045,0.51257
1786.8,-181.34,435.61,12.934,0.91423,-0.026981,0.20065,9.6884,-1.045,0.51257
1786.9,-181.26,435.64,12.954,0.91617,-0.053954,0.21336,9.6884,-1.045,0.51257
1787,-181.17,435.67,12.976,0.91754,-0.081529,0.22512,9.6884,-1.045,0.51257
1787.1,-181.08,435.7,12.999,0.91828,-0.10954,0.23576,9.6884,-1.045,0.51257
1787.2,-180.99,435.73,13.023,0.91837,-0.13781,0.24518,9.6884,-1.045,0.51257
1787.3,-180.9,435.75,13.048,0.91778,-0.16616,0.25332,9.6884,-1.045,0.51257
1787.4,-180.82,435.78,13.074,0.91652,-0.19444,0.26017,9.6884,-1.045,0.51257
1787.5,-180.73,435.81,13.1,0.9146,-0.22249,0.26574,9.6884,-1.045,0.51257
1787.6,-180.63,435.84,13.127,0.91202,-0.25017,0.27009,9.6884,-1.045,0.51257
1787.7,-180.54,435.86,13.154,0.90882,-0.27737,0.27327,9.6884,-1.045,0.51257
1787.8,-180.45,435.89,13.182,0.90504,-0.30399,0.27535,9.6884,-1.045,0.51257
1787.9,-180.36,435.92,13.209,0.90073,-0.32996,0.27642,9.6884,-1.045,0.51257
1788,-180.27,435.95,13.237,0.89593,-0.35522,0.27655,9.6884,-1.045,0.51257
1788.1,-180.18,435.97,13.265,0.89071,-0.37973,0.27583,9.6884,-1.045,0.51257
1788.2,-180.08,436,13.292,0.88511,-0.40346,0.27432,9.6884,-1.045,0.51257
1788.3,-179.99,436.03,13.32,0.8792,-0.4264,0.2721,9.6884,-1.045,0.51257
1788.4,-179.9,436.06,13.347,0.87303,-0.44856,0.26924,9.6884,-1.045,0.51257
1788.5,-179.8,436.09,13.373,0.86667,-0.46993,0.26579,9.6884,-1.045,0.51257
1788.6,-179.71,436.12,13.4,0.86017,-0.49055,0.26181,9.6884,-1.045,0.51257
1788.7,-179.62,436.15,13.426,0.85359,-0.51044,0.25736,9.6884,-1.045,0.51257
1788.8,-179.52,436.18,13.451,0.84697,-0.52963,0.25246,9.6884,-1.045,0.51257
1788.9,-179.43,436.22,13.476,0.84036,-0.54816,0.24717,9.6884,-1.045,0.51257
1789,-179.33,436.25,13.501,0.83382,-0.56608,0.24152,9.6884,-1.045,0.51257
1789.1,-179.24,436.28,13.525,0.82738,-0.58343,0.23552,9.6884,-1.045,0.51257
1789.2,-179.14,436.32,13.548,0.82109,-0.60025,0.22921,9.6884,-1.045,0.51257
1789.3,-179.04,436.35,13.57,0.81498,-0.61661,0.22261,9.6884,-1.045,0.51257
1789.4,-178.95,436.39,13.592,0.80909,-0.63256,0.21571,9.6884,-1.045,0.51257
1789.5,-178.85,436.43,13.613,0.80345,-0.64814,0.20854,9.6884,-1.045,0.51257
1789.6,-178.76,436.46,13.634,0.7981,-0.66342,0.20108,9.6884,-1.045,0.51257
1789.7,-178.66,436.5,13.654,0.79307,-0.67847,0.19334,9.6884,-1.045,0.51257
1789.8,-178.56,436.54,13.673,0.78839,-0.69333,0.1853,9.6884,-1.045,0.51257
1789.9,-178.46,436.58,13.691,0.78408,-0.70808,0.17695,9.6884,-1.045,0.51257
1790,-178.37,436.62,13.708,0.78018,-0.72278,0.16825,9.6884,-1.045,0.51257
1790.1,-178.27,436.66,13.724,0.77672,-0.7375,0.15917,9.6884,-1.045,0.51257
1790.2,-178.17,436.7,13.74,0.77374,-0.75233,0.14966,9.6884,-1.045,0.51257
1790.3,-178.07,436.75,13.754,0.77127,-0.76734,0.13967,9.6884,-1.045,0.51257
1790.4,-177.97,436.79,13.768,0.76935,-0.78262,0.1291,9.6884,-1.045,0.51257
1790.5,-177.87,436.83,13.78,0.76804,-0.79828,0.11786,9.6884,-1.045,0.51257
1790.6,-177.77,436.88,13.791,0.76739,-0.81442,0.10582,9.6884,-1.045,0.51257
1790.7,-177.66,436.92,13.801,0.76748,-0.83117,0.092822,9.6884,-1.045,0.51257
1790.8,-177.56,436.97,13.81,0.76838,-0.8487,0.078643,9.6884,-1.045,0.51257
1790.9,-177.45,437.01,13.817,0.77022,-0.86717,0.062998,9.6884,-1.045,0.51257
1791,-177.35,437.06,13.822,0.77313,-0.88681,0.045497,9.6884,-1.045,0.51257
1791.1,-177.24,437.11,13.826,0.77729,-0.9079,0.025602,9.6884,-1.045,0.51257
1791.2,-177.12,437.15,13.827,0.78297,-0.93081,0.0025388,9.6884,-1.045,0.51257
1791.3,-177.01,437.2,13.826,0.79046,-0.95128,-0.02279,9.6884,-1.045,0.51257
1791.4,-176.9,437.24,13.823,0.7998,-0.96235,-0.046698,9.6884,-1.045,0.51257
1791.5,-176.78,437.29,13.817,0.81078,-0.96422,-0.067449,9.6884,-1.045,0.51257
1791.6,-176.66,437.34,13.809,0.82298,-0.95799,-0.084014,9.6884,-1.045,0.51257
1791.7,-176.54,437.38,13.8,0.83592,-0.94531,-0.096066,0.16806,-4.1162e-17,1.9695e-17
1791.8,-176.43,437.43,13.79,0.8286,-0.92071,-0.11701,0.16806,-4.1162e-17,1.9695e-17
1791.9,-176.32,437.48,13.777,0.82268,-0.88821,-0.1314,0.16806,-4.1162e-17,1.9695e-17
1792,-176.2,437.52,13.764,0.81747,-0.85071,-0.14004,0.16806,-4.1162e-17,1.9695e-17
1792.1,-176.1,437.57,13.749,0.81245,-0.81063,-0.1441,0.16806,-4.1162e-17,1.9695e-17
1792.2,-175.99,437.61,13.735,0.80724,-0.76979,-0.14471,0.16806,-4.1162e-17,1.9695e-17
1792.3,-175.89,437.66,13.721,0.80164,-0.72947,-0.14287,0.16806,-4.1162e-17,1.9695e-17
1792.4,-175.79,437.7,13.706,0.79555,-0.69048,-0.13937,0.16806,-4.1162e-17,1.9695e-17
1792.5,-175.7,437.74,13.693,0.78893,-0.65333,-0.13481,0.16806,-4.1162e-17,1.9695e-17
1792.6,-175.61,437.79,13.679,0.78181,-0.61825,-0.1296,0.16806,-4.1162e-17,1.9695e-17
1792.7,-175.52,437.83,13.667,0.77422,-0.58535,-0.12407,0.16806,-4.1162e-17,1.9695e-17
1792.8,-175.43,437.87,13.655,0.76623,-0.55461,-0.11842,0.16806,-4.1162e-17,1.9695e-17
1792.9,-175.35,437.91,13.643,0.7579,-0.52598,-0.11278,0.16806,-4.1162e-17,1.9695e-17
1793,-175.27,437.95,13.632,0.74929,-0.49934,-0.10726,0.16806,-4.1162e-17,1.9695e-17
1793.1,-175.19,438,13.622,0.74046,-0.47457,-0.10192,0.16806,-4.1162e-17,1.9695e-17
1793.2,-175.11,438.04,13.612,0.73146,-0.45155,-0.096779,0.16806,-4.1162e-17,1.9695e-17
1793.3,-175.04,438.08,13.602,0.72234,-0.43015,-0.091872,0.16806,-4.1162e-17,1.9695e-17
1793.4,-174.97,438.12,13.593,0.71315,-0.41023,-0.087203,0.16806,-4.1162e-17,1.9695e-17
1793.5,-174.9,438.16,13.585,0.70392,-0.39168,-0.08277,0.16806,-4.1162e-17,1.9695e-17
1793.6,-174.83,438.2,13.577,0.69469,-0.3744,-0.078571,0.16806,-4.1162e-17,1.9695e-17
1793.7,-174.76,438.23,13.569,0.68548,-0.35827,-0.074598,0.16806,-4.1162e-17,1.9695e-17
1793.8,-174.69,438.27,13.562,0.67631,-0.3432,-0.070841,0.16806,-4.1162e-17,1.9695e-17
1793.9,-174.63,438.31,13.555,0.66721,-0.32911,-0.067289,0.16806,-4.1162e-17,1.9695e-17
1794,-174.56,438.35,13.548,0.6582,-0.31592,-0.063932,0.16806,-4.1162e-17,1.9695e-17
1794.1,-174.5,438.39,13.542,0.64928,-0.30355,-0.060758,0.16806,-4.1162e-17,1.9695e-17
1794.2,-174.44,438.42,13.536,0.64046,-0.29194,-0.057757,0.16806,-4.1162e-17,1.9695e-17
1794.3,-174.38,438.46,13.531,0.63177,-0.28104,-0.054918,0.16806,-4.1162e-17,1.9695e-17
1794.4,-174.32,438.49,13.525,0.6232,-0.27078,-0.05223,0.16806,-4.1162e-17,1.9695e-17
1794.5,-174.26,438.53,13.52,0.61476,-0.26112,-0.049685,0.16806,-4.1162e-17,1.9695e-17
1794.6,-174.21,438.56,13.515,0.60646,-0.25201,-0.047274,0.16806,-4.1162e-17,1.9695e-17
1794.7,-174.15,438.6,13.511,0.59829,-0.24341,-0.044987,0.16806,-4.1162e-17,1.9695e-17
1794.8,-174.1,438.63,13.506,0.59027,-0.23529,-0.042818,0.16806,-4.1162e-17,1.9695e-17
1794.9,-174.05,438.67,13.502,0.58239,-0.22761,-0.040758,0.16806,-4.1162e-17,1.9695e-17
1795,-173.99,438.7,13.498,0.57465,-0.22033,-0.038801,0.16806,-4.1162e-17,1.9695e-17
1795.1,-173.94,438.73,13.494,0.56706,-0.21344,-0.036941,0.16806,-4.1162e-17,1.9695e-17
1795.2,-173.89,438.76,13.491,0.55961,-0.2069,-0.035172,0.16806,-4.1162e-17,1.9695e-17
1795.3,-173.84,438.8,13.487,0.55231,-0.2007,-0.033487,0.16806,-4.1162e-17,1.9695e-17
1795.4,-173.79,438.83,13.484,0.54514,-0.1948,-0.031884,0.16806,-4.1162e-17,1.9695e-17
1795.5,-173.74,438.86,13.481,0.53812,-0.18919,-0.030355,0.16806,-4.1162e-17,1.9695e-17
1795.6,-173.7,438.89,13.478,0.53124,-0.18385,-0.028898,0.16806,-4.1162e-17,1.9695e-17
1795.7,-173.65,438.92,13.475,0.52449,-0.17876,-0.027508,0.16806,-4.1162e-17,1.9695e-17
1795.8,-173.6,438.95,13.472,0.51788,-0.17391,-0.026181,0.16806,-4.1162e-17,1.9695e-17
1795.9,-173.56,438.98,13.47,0.5114,-0.16928,-0.024914,0.16806,-4.1162e-17,1.9695e-17
1796,-173.51,439.01,13.467,0.50506,-0.16486,-0.023704,0.16806,-4.1162e-17,1.9695e-17
1796.1,-173.47,439.04,13.465,0.49884,-0.16063,-0.022547,0.16806,-4.1162e-17,1.9695e-17
1796.2,-173.43,439.07,13.463,0.49275,-0.15659,-0.021441,0.16806,-4.1162e-17,1.9695e-17
1796.3,-173.38,439.1,13.461,0.48678,-0.15272,-0.020383,0.16806,-4.1162e-17,1.9695e-17
1796.4,-173.34,439.12,13.459,0.48093,-0.14902,-0.019371,0.16806,-4.1162e-17,1.9695e-17
1796.5,-173.3,439.15,13.457,0.4752,-0.14546,-0.018402,0.16806,-4.1162e-17,1.9695e-17
1796.6,-173.26,439.18,13.455,0.46959,-0.14205,-0.017475,0.16806,-4.1162e-17,1.9695e-17
1796.7,-173.22,439.21,13.454,0.46409,-0.13878,-0.016587,0.16806,-4.1162e-17,1.9695e-17
1796.8,-173.18,439.23,13.452,0.4587,-0.13564,-0.015736,0.16806,-4.1162e-17,1.9695e-17
1796.9,-173.14,439.26,13.45,0.45342,-0.13262,-0.014921,0.16806,-4.1162e-17,1.9695e-17
1797,-173.1,439.29,13.449,0.44825,-0.12972,-0.014141,0.16806,-4.1162e-17,1.9695e-17
1797.1,-173.06,439.31,13.448,0.44318,-0.12692,-0.013392,0.16806,-4.1162e-17,1.9695e-17
1797.2,-173.03,439.34,13.446,0.43821,-0.12423,-0.012675,0.16806,-4.1162e-17,1.9695e-17
1797.3,-172.99,439.37,13.445,0.43333,-0.12163,-0.011988,0.16806,-4.1162e-17,1.9695e-17
1797.4,-172.95,439.39,13.444,0.42856,-0.11913,-0.011329,0.16806,-4.1162e-17,1.9695e-17
1797.5,-172.91,439.42,13.443,0.42388,-0.11671,-0.010698,0.16806,-4.1162e-17,1.9695e-17
1797.6,-172.88,439.44,13.442,0.41929,-0.11438,-0.010093,0.16806,-4.1162e-17,1.9695e-17
1797.7,-172.84,439.47,13.441,0.41479,-0.11213,-0.0095128,0.16806,-4.1162e-17,1.9695e-17
1797.8,-172.81,439.49,13.44,0.41038,-0.10995,-0.008957,0.16806,-4.1162e-17,1.9695e-17
1797.9,-172.77,439.52,13.439,0.40606,-0.10784,-0.0084243,0.16806,-4.1162e-17,1.9695e-17
1798,-172.74,439.54,13.438,0.40181,-0.1058,-0.007914,0.16806,-4.1162e-17,1.9695e-17
1798.1,-172.71,439.56,13.437,0.39765,-0.10383,-0.0074252,0.16806,-4.1162e-17,1.9695e-17
1798.2,-172.67,439.59,13.437,0.39357,-0.10191,-0.006957,0.16806,-4.1162e-17,1.9695e-17
1798.3,-172.64,439.61,13.436,0.38957,-0.10006,-0.0065088,0.16806,-4.1162e-17,1.9695e-17
1798.4,-172.61,439.63,13.435,0.38564,-0.098256,-0.0060797,0.16806,-4.1162e-17,1.9695e-17
1798.5,-172.57,439.66,13.435,0.38179,-0.096508,-0.0056692,0.16806,-4.1162e-17,1.9695e-17
1798.6,-172.54,439.68,13.434,0.37801,-0.09481,-0.0052764,0.16806,-4.1162e-17,1.9695e-17
1798.7,-172.51,439.7,13.434,0.3743,-0.09316,-0.0049009,0.16806,-4.1162e-17,1.9695e-17
1798.8,-172.48,439.72,13.433,0.37066,-0.091556,-0.004542,0.16806,-4.1162e-17,1.9695e-17
1798.9,-172.45,439.75,13.433,0.36708,-0.089995,-0.0041992,0.16806,-4.1162e-17,1.9695e-17
1799,-172.42,439.77,13.432,0.36357,-0.088476,-0.0038718,0.16806,-4.1162e-17,1.9695e-17
1799.1,-172.39,439.79,13.432,0.36013,-0.086996,-0.0035595,0.16806,-4.1162e-17,1.9695e-17
1799.2,-172.36,439.81,13.432,0.35674,-0.085554,-0.0032616,0.16806,-4.1162e-17,1.9695e-17
1799.3,-172.33,439.83,13.431,0.35342,-0.084148,-0.0029776,0.16806,-4.1162e-17,1.9695e-17
1799.4,-172.3,439.86,13.431,0.35016,-0.082776,-0.0027072,0.16806,-4.1162e-17,1.9695e-17
1799.5,-172.27,439.88,13.431,0.34696,-0.081438,-0.0024499,0.16806,-4.1162e-17,1.9695e-17
1799.6,-172.24,439.9,13.431,0.34381,-0.08013,-0.0022052,0.16806,-4.1162e-17,1.9695e-17
1799.7,-172.21,439.92,13.43,0.34072,-0.078853,-0.0019728,0.16806,-4.1162e-17,1.9695e-17
1799.8,-172.19,439.94,13.43,0.33768,-0.077605,-0.0017521,0.16806,-4.1162e-17,1.9695e-17
1799.9,-172.16,439.96,13.43,0.3347,-0.076384,-0.0015429,0.16806,-4.1162e-17,1.9695e-17
1800,-172.13,439.98,13.43,0.33177,-0.075189,-0.0013448,0.16806,-4.1162e-17,1.9695e-17
1800.1,-172.1,440,13.43,0.32889,-0.07402,-0.0011573,0.16806,-4.1162e-17,1.9695e-17
1800.2,-172.08,440.02,13.43,0.32606,-0.072875,-0.00098018,0.16806,-4.1162e-17,1.9695e-17
1800.3,-172.05,440.04,13.43,0.32328,-0.071753,-0.00081306,0.16806,-4.1162e-17,1.9695e-17
1800.4,-172.02,440.06,13.429,0.32054,-0.070653,-0.0006556,0.16806,-4.1162e-17,1.9695e-17
1800.5,-172,440.08,13.429,0.31785,-0.069575,-0.00050748,0.16806,-4.1162e-17,1.9695e-17
1800.6,-171.97,440.1,13.429,0.31521,-0.068517,-0.00036839,0.16806,-4.1162e-17,1.9695e-17
1800.7,-171.95,440.12,13.429,0.31261,-0.067479,-0.00023802,0.16806,-4.1162e-17,1.9695e-17
1800.8,-171.92,440.14,13.429,0.31005,-0.06646,-0.00011606,0.16806,-4.1162e-17,1.9695e-17
1800.9,-171.9,440.16,13.429,0.30754,-0.065459,-2.2432e-06,0.16806,-4.1162e-17,1.9695e-17
1801,-171.87,440.18,13.429,0.30507,-0.064474,0.00010428,0.16806,-4.1162e-17,1.9695e-17
1801.1,-171.85,440.2,13.429,0.30264,-0.063503,0.0002043,0.16806,-4.1162e-17,1.9695e-17
1801.2,-171.82,440.21,13.429,0.30025,-0.062545,0.00029798,0.16806,-4.1162e-17,1.9695e-17
1801.3,-171.8,440.23,13.429,0.29789,-0.061601,0.00038546,0.16806,-4.1162e-17,1.9695e-17
1801.4,-171.78,440.25,13.429,0.29558,-0.06067,0.0004669,0.16806,-4.1162e-17,1.9695e-17
1801.5,-171.75,440.27,13.429,0.2933,-0.059752,0.00054247,0.16806,-4.1162e-17,1.9695e-17
1801.6,-171.73,440.29,13.43,0.29106,-0.058847,0.00061233,0.16806,-4.1162e-17,1.9695e-17
1801.7,-171.7,440.31,13.43,0.28886,-0.057954,0.00067663,0.16806,-4.1162e-17,1.9695e-17
1801.8,-171.68,440.32,13.43,0.28668,-0.057074,0.00073554,0.16806,-4.1162e-17,1.9695e-17
1801.9,-171.66,440.34,13.43,0.28455,-0.056206,0.00078923,0.16806,-4.1162e-17,1.9695e-17
1802,-171.64,440.36,13.43,0.28245,-0.055349,0.00083785,0.16806,-4.1162e-17,1.9695e-17
1802.1,-171.61,440.38,13.43,0.28038,-0.054505,0.00088156,0.16806,-4.1162e-17,1.9695e-17
1802.2,-171.59,440.4,13.43,0.27834,-0.053671,0.00092053,0.16806,-4.1162e-17,1.9695e-17
1802.3,-171.57,440.41,13.43,0.27633,-0.05285,0.00095491,0.16806,-4.1162e-17,1.9695e-17
1802.4,-171.55,440.43,13.43,0.27435,-0.052039,0.00098487,0.16806,-4.1162e-17,1.9695e-17
1802.5,-171.53,440.45,13.43,0.27241,-0.051239,0.0010106,0.16806,-4.1162e-17,1.9695e-17
1802.6,-171.5,440.47,13.43,0.27049,-0.05045,0.0010322,0.16806,-4.1162e-17,1.9695e-17
1802.7,-171.48,440.48,13.431,0.2686,-0.049672,0.0010498,0.16806,-4.1162e-17,1.9695e-17
1802.8,-171.46,440.5,13.431,0.26675,-0.048904,0.0010636,5.1588,0.81548,-0.39999
1802.9,-171.44,440.52,13.43,0.2761,-0.044547,-0.010163,5.1588,0.81548,-0.39999
1803,-171.42,440.54,13.429,0.28535,-0.03973,-0.021177,5.1588,0.81548,-0.39999
1803.1,-171.4,440.56,13.426,0.29449,-0.03447,-0.031893,5.1588,0.81548,-0.39999
1803.2,-171.38,440.58,13.422,0.3035,-0.028795,-0.042242,5.1588,0.81548,-0.39999
1803.3,-171.35,440.6,13.418,0.31238,-0.022742,-0.052173,5.1588,0.81548,-0.39999
1803.4,-171.33,440.62,13.412,0.32111,-0.016351,-0.061654,5.1588,0.81548,-0.39999
1803.5,-171.31,440.64,13.405,0.32967,-0.0096718,-0.070669,5.1588,0.81548,-0.39999
1803.6,-171.29,440.67,13.398,0.33806,-0.0027524,-0.079217,5.1588,0.81548,-0.39999
1803.7,-171.26,440.69,13.389,0.34627,0.0043803,-0.087284,5.1588,0.81548,-0.39999
1803.8,-171.24,440.72,13.38,0.35428,0.011781,-0.094777,5.1588,0.81548,-0.39999
1803.9,-171.22,440.75,13.37,0.36209,0.01943,-0.10169,5.1588,0.81548,-0.39999
1804,-171.19,440.77,13.36,0.36968,0.027298,-0.10802,5.1588,0.81548,-0.39999
1804.1,-171.17,440.8,13.349,0.37704,0.035357,-0.11381,5.1588,0.81548,-0.39999
1804.2,-171.14,440.83,13.337,0.38418,0.043575,-0.11908,5.1588,0.81548,-0.39999
1804.3,-171.12,440.86,13.325,0.39107,0.051925,-0.12386,5.1588,0.81548,-0.39999
1804.4,-171.09,440.89,13.312,0.39773,0.06038,-0.12819,5.1588,0.81548,-0.39999
1804.5,-171.07,440.93,13.299,0.40415,0.068915,-0.13209,5.1588,0.81548,-0.39999
1804.6,-171.04,440.96,13.286,0.41032,0.077506,-0.13561,5.1588,0.81548,-0.39999
1804.7,-171.02,440.99,13.272,0.41624,0.086133,-0.13878,5.1588,0.81548,-0.39999
1804.8,-170.99,441.03,13.258,0.42192,0.094777,-0.14162,5.1588,0.81548,-0.39999
1804.9,-170.96,441.06,13.244,0.42735,0.10342,-0.14416,5.1588,0.81548,-0.39999
1805,-170.94,441.1,13.229,0.43255,0.11205,-0.14644,5.1588,0.81548,-0.39999
1805.1,-170.91,441.13,13.215,0.4375,0.12065,-0.14847,5.1588,0.81548,-0.39999
1805.2,-170.88,441.17,13.2,0.44222,0.1292,-0.15028,5.1588,0.81548,-0.39999
1805.3,-170.85,441.2,13.185,0.4467,0.13771,-0.15188,5.1588,0.81548,-0.39999
1805.4,-170.82,441.24,13.169,0.45096,0.14616,-0.15328,5.1588,0.81548,-0.39999
1805.5,-170.8,441.28,13.154,0.455,0.15453,-0.15452,5.1588,0.81548,-0.39999
1805.6,-170.77,441.32,13.139,0.45882,0.16283,-0.15559,5.1588,0.81548,-0.39999
1805.7,-170.74,441.36,13.123,0.46243,0.17105,-0.15651,5.1588,0.81548,-0.39999
1805.8,-170.71,441.4,13.107,0.46583,0.17918,-0.15728,5.1588,0.81548,-0.39999
1805.9,-170.67,441.44,13.091,0.46904,0.18722,-0.15793,5.1588,0.81548,-0.39999
1806,-170.64,441.47,13.076,0.47205,0.19517,-0.15845,5.1588,0.81548,-0.39999
1806.1,-170.61,441.52,13.06,0.47488,0.20301,-0.15885,5.1588,0.81548,-0.39999
1806.2,-170.58,441.56,13.044,0.47752,0.21076,-0.15914,5.1588,0.81548,-0.39999
1806.3,-170.55,441.6,13.028,0.47999,0.2184,-0.15933,5.1588,0.81548,-0.39999
1806.4,-170.51,441.64,13.012,0.4823,0.22594,-0.15941,5.1588,0.81548,-0.39999
1806.5,-170.48,441.68,12.996,0.48444,0.23336,-0.1594,5.1588,0.81548,-0.39999
1806.6,-170.44,441.72,12.98,0.48644,0.24068,-0.1593,5.1588,0.81548,-0.39999
1806.7,-170.41,441.76,12.964,0.48828,0.2479,-0.15911,5.1588,0.81548,-0.39999
1806.8,-170.37,441.8,12.948,0.48999,0.255,-0.15884,5.1588,0.81548,-0.39999
1806.9,-170.34,441.85,12.932,0.49156,0.26199,-0.15848,5.1588,0.81548,-0.39999
1807,-170.3,441.89,12.917,0.49301,0.26888,-0.15805,5.1588,0.81548,-0.39999
1807.1,-170.26,441.93,12.901,0.49433,0.27566,-0.15755,5.1588,0.81548,-0.39999
1807.2,-170.22,441.97,12.885,0.49554,0.28233,-0.15698,5.1588,0.81548,-0.39999
1807.3,-170.19,442.01,12.869,0.49665,0.28889,-0.15634,5.1588,0.81548,-0.39999
1807.4,-170.15,442.06,12.854,0.49765,0.29535,-0.15563,5.1588,0.81548,-0.39999
1807.5,-170.11,442.1,12.838,0.49856,0.3017,-0.15486,5.1588,0.81548,-0.39999
1807.6,-170.07,442.14,12.823,0.49938,0.30795,-0.15403,5.1588,0.81548,-0.39999
1807.7,-170.03,442.18,12.808,0.50012,0.3141,-0.15315,5.1588,0.81548,-0.39999
1807.8,-169.98,442.23,12.792,0.50078,0.32015,-0.1522,5.1588,0.81548,-0.39999
1807.9,-169.94,442.27,12.777,0.50136,0.3261,-0.15121,8.2973,-2.0323e-15,9.8486e-16
1808,-169.9,442.31,12.763,0.50903,0.32847,-0.13995,8.2973,-2.0323e-15,9.8486e-16
1808.1,-169.86,442.35,12.749,0.51674,0.33059,-0.13051,8.2973,-2.0323e-15,9.8486e-16
1808.2,-169.81,442.4,12.736,0.52447,0.33251,-0.12252,8.2973,-2.0323e-15,9.8486e-16
1808.3,-169.76,442.44,12.724,0.53219,0.3343,-0.11573,8.2973,-2.0323e-15,9.8486e-16
1808.4,-169.72,442.48,12.713,0.53986,0.33599,-0.10992,8.2973,-2.0323e-15,9.8486e-16
1808.5,-169.67,442.52,12.702,0.54746,0.3376,-0.10495,8.2973,-2.0323e-15,9.8486e-16
1808.6,-169.62,442.56,12.692,0.55498,0.33916,-0.10068,8.2973,-2.0323e-15,9.8486e-16
1808.7,-169.57,442.6,12.682,0.5624,0.34069,-0.097016,8.2973,-2.0323e-15,9.8486e-16
1808.8,-169.51,442.64,12.673,0.5697,0.3422,-0.093886,8.2973,-2.0323e-15,9.8486e-16
1808.9,-169.46,442.68,12.664,0.57688,0.3437,-0.091225,8.2973,-2.0323e-15,9.8486e-16
1809,-169.4,442.72,12.655,0.58393,0.34522,-0.088977,8.2973,-2.0323e-15,9.8486e-16
1809.1,-169.35,442.76,12.646,0.59083,0.34674,-0.087098,8.2973,-2.0323e-15,9.8486e-16
1809.2,-169.29,442.8,12.637,0.59758,0.3483,-0.085551,8.2973,-2.0323e-15,9.8486e-16
1809.3,-169.23,442.84,12.629,0.60418,0.34989,-0.084302,8.2973,-2.0323e-15,9.8486e-16
1809.4,-169.18,442.88,12.62,0.61061,0.35151,-0.083323,8.2973,-2.0323e-15,9.8486e-16
1809.5,-169.12,442.91,12.612,0.61687,0.35319,-0.082589,8.2973,-2.0323e-15,9.8486e-16
1809.6,-169.06,442.95,12.604,0.62297,0.35492,-0.082076,8.2973,-2.0323e-15,9.8486e-16
1809.7,-168.99,442.99,12.595,0.62889,0.3567,-0.081765,8.2973,-2.0323e-15,9.8486e-16
1809.8,-168.93,443.03,12.587,0.63464,0.35855,-0.081636,8.2973,-2.0323e-15,9.8486e-16
1809.9,-168.87,443.06,12.579,0.64022,0.36047,-0.081672,8.2973,-2.0323e-15,9.8486e-16
1810,-168.81,443.1,12.571,0.64562,0.36246,-0.081857,8.2973,-2.0323e-15,9.8486e-16
1810.1,-168.74,443.14,12.563,0.65083,0.36452,-0.082174,8.2973,-2.0323e-15,9.8486e-16
1810.2,-168.67,443.17,12.555,0.65588,0.36667,-0.08261,8.2973,-2.0323e-15,9.8486e-16
1810.3,-168.61,443.21,12.546,0.66074,0.36889,-0.08315,8.2973,-2.0323e-15,9.8486e-16
1810.4,-168.54,443.24,12.538,0.66543,0.3712,-0.08378,8.2973,-2.0323e-15,9.8486e-16
1810.5,-168.47,443.28,12.529,0.66994,0.37359,-0.084487,8.2973,-2.0323e-15,9.8486e-16
1810.6,-168.4,443.31,12.521,0.67428,0.37608,-0.085258,8.2973,-2.0323e-15,9.8486e-16
1810.7,-168.34,443.35,12.512,0.67844,0.37865,-0.08608,8.2973,-2.0323e-15,9.8486e-16
1810.8,-168.27,443.38,12.504,0.68244,0.38131,-0.086941,8.2973,-2.0323e-15,9.8486e-16
1810.9,-168.19,443.42,12.495,0.68627,0.38407,-0.08783,8.2973,-2.0323e-15,9.8486e-16
1811,-168.12,443.45,12.486,0.68993,0.38691,-0.088734,8.2973,-2.0323e-15,9.8486e-16
1811.1,-168.05,443.48,12.477,0.69344,0.38984,-0.089644,8.2973,-2.0323e-15,9.8486e-16
1811.2,-167.98,443.51,12.468,0.69678,0.39287,-0.090548,8.2973,-2.0323e-15,9.8486e-16
1811.3,-167.9,443.55,12.459,0.69997,0.39598,-0.091435,8.2973,-2.0323e-15,9.8486e-16
1811.4,-167.83,443.58,12.45,0.70301,0.39917,-0.092298,8.2973,-2.0323e-15,9.8486e-16
1811.5,-167.76,443.61,12.441,0.7059,0.40245,-0.093125,8.2973,-2.0323e-15,9.8486e-16
1811.6,-167.68,443.64,12.431,0.70866,0.40581,-0.09391,8.2973,-2.0323e-15,9.8486e-16
1811.7,-167.6,443.67,12.422,0.71127,0.40926,-0.094643,8.2973,-2.0323e-15,9.8486e-16
1811.8,-167.53,443.7,12.412,0.71375,0.41277,-0.095317,8.2973,-2.0323e-15,9.8486e-16
1811.9,-167.45,443.73,12.403,0.71611,0.41636,-0.095925,8.2973,-2.0323e-15,9.8486e-16
1812,-167.37,443.76,12.393,0.71834,0.42002,-0.096462,8.2973,-2.0323e-15,9.8486e-16
1812.1,-167.29,443.79,12.384,0.72045,0.42375,-0.096921,8.2973,-2.0323e-15,9.8486e-16
1812.2,-167.22,443.82,12.374,0.72246,0.42754,-0.097296,8.2973,-2.0323e-15,9.8486e-16
1812.3,-167.14,443.85,12.364,0.72435,0.43139,-0.097585,8.2973,-2.0323e-15,9.8486e-16
1812.4,-167.06,443.87,12.354,0.72615,0.4353,-0.097781,8.2973,-2.0323e-15,9.8486e-16
1812.5,-166.98,443.9,12.345,0.72785,0.43926,-0.097882,8.2973,-2.0323e-15,9.8486e-16
1812.6,-166.89,443.93,12.335,0.72946,0.44327,-0.097884,8.2973,-2.0323e-15,9.8486e-16
1812.7,-166.81,443.95,12.325,0.731,0.44732,-0.097785,8.2973,-2.0323e-15,9.8486e-16
1812.8,-166.73,443.98,12.315,0.73245,0.45142,-0.097582,8.2973,-2.0323e-15,9.8486e-16
1812.9,-166.65,444,12.306,0.73383,0.45555,-0.097274,8.2973,-2.0323e-15,9.8486e-16
1813,-166.57,444.03,12.296,0.73515,0.45973,-0.096857,8.2973,-2.0323e-15,9.8486e-16
1813.1,-166.48,444.05,12.286,0.73641,0.46393,-0.096331,8.2973,-2.0323e-15,9.8486e-16
1813.2,-166.4,444.08,12.277,0.73762,0.46817,-0.095694,8.2973,-2.0323e-15,9.8486e-16
1813.3,-166.31,444.1,12.267,0.73878,0.47243,-0.094946,8.2973,-2.0323e-15,9.8486e-16
1813.4,-166.23,444.12,12.258,0.7399,0.47672,-0.094083,8.2973,-2.0323e-15,9.8486e-16
1813.5,-166.14,444.15,12.248,0.74099,0.48104,-0.093107,8.2973,-2.0323e-15,9.8486e-16
1813.6,-166.06,444.17,12.239,0.74205,0.48538,-0.092014,8.2973,-2.0323e-15,9.8486e-16
1813.7,-165.97,444.19,12.23,0.74309,0.48974,-0.090804,8.2973,-2.0323e-15,9.8486e-16
1813.8,-165.89,444.21,12.221,0.74411,0.49412,-0.089475,8.2973,-2.0323e-15,9.8486e-16
1813.9,-165.8,444.23,12.212,0.74513,0.49852,-0.088026,8.2973,-2.0323e-15,9.8486e-16
1814,-165.71,444.25,12.203,0.74614,0.50295,-0.086455,8.2973,-2.0323e-15,9.8486e-16
1814.1,-165.62,444.27,12.195,0.74716,0.50739,-0.084758,8.2973,-2.0323e-15,9.8486e-16
1814.2,-165.54,444.29,12.186,0.74818,0.51185,-0.082933,8.2973,-2.0323e-15,9.8486e-16
1814.3,-165.45,444.31,12.178,0.74923,0.51633,-0.080977,8.2973,-2.0323e-15,9.8486e-16
1814.4,-165.36,444.33,12.17,0.75029,0.52084,-0.078886,8.2973,-2.0323e-15,9.8486e-16
1814.5,-165.27,444.35,12.162,0.75139,0.52536,-0.076655,8.2973,-2.0323e-15,9.8486e-16
1814.6,-165.18,444.37,12.155,0.75252,0.52991,-0.074278,8.2973,-2.0323e-15,9.8486e-16
1814.7,-165.09,444.39,12.147,0.7537,0.53449,-0.071749,8.2973,-2.0323e-15,9.8486e-16
1814.8,-165,444.41,12.14,0.75493,0.5391,-0.069059,8.2973,-2.0323e-15,9.8486e-16
1814.9,-164.91,444.42,12.134,0.75623,0.54374,-0.066201,8.2973,-2.0323e-15,9.8486e-16
1815,-164.81,444.44,12.127,0.75759,0.54841,-0.063162,8.2973,-2.0323e-15,9.8486e-16
1815.1,-164.72,444.46,12.121,0.75902,0.55312,-0.059931,8.2973,-2.0323e-15,9.8486e-16
1815.2,-164.63,444.48,12.115,0.76055,0.55787,-0.056492,8.2973,-2.0323e-15,9.8486e-16
1815.3,-164.54,444.49,12.11,0.76217,0.56267,-0.052828,8.2973,-2.0323e-15,9.8486e-16
1815.4,-164.44,444.51,12.105,0.7639,0.56752,-0.048917,8.2973,-2.0323e-15,9.8486e-16
1815.5,-164.35,444.53,12.1,0.76575,0.57242,-0.044735,8.2973,-2.0323e-15,9.8486e-16
1815.6,-164.26,444.54,12.096,0.76774,0.57739,-0.040253,8.2973,-2.0323e-15,9.8486e-16
1815.7,-164.16,444.56,12.092,0.76988,0.58243,-0.035433,8.2973,-2.0323e-15,9.8486e-16
1815.8,-164.06,444.58,12.089,0.77218,0.58755,-0.030234,8.2973,-2.0323e-15,9.8486e-16
1815.9,-163.97,444.59,12.086,0.77467,0.59276,-0.024602,8.2973,-2.0323e-15,9.8486e-16
1816,-163.87,444.61,12.084,0.77738,0.59806,-0.018473,8.2973,-2.0323e-15,9.8486e-16
1816.1,-163.78,444.63,12.082,0.78032,0.60348,-0.011766,8.2973,-2.0323e-15,9.8486e-16
1816.2,-163.68,444.64,12.081,0.78353,0.60902,-0.004379,8.2973,-2.0323e-15,9.8486e-16
1816.3,-163.58,444.66,12.081,0.78705,0.61446,0.003724,8.2973,-2.0323e-15,9.8486e-16
1816.4,-163.48,444.68,12.082,0.7909,0.61798,0.011878,8.2973,-2.0323e-15,9.8486e-16
1816.5,-163.38,444.7,12.084,0.79506,0.61917,0.019719,8.2973,-2.0323e-15,9.8486e-16
1816.6,-163.28,444.72,12.086,0.7995,0.61809,0.027026,8.2973,-2.0323e-15,9.8486e-16
1816.7,-163.18,444.73,12.089,0.80417,0.61485,0.033622,8.2973,-2.0323e-15,9.8486e-16
1816.8,-163.08,444.75,12.093,0.80901,0.60966,0.039383,8.2973,-2.0323e-15,9.8486e-16
1816.9,-162.98,444.77,12.097,0.81396,0.60274,0.044236,8.2973,-2.0323e-15,9.8486e-16
1817,-162.88,444.78,12.102,0.81895,0.59437,0.048156,8.2973,-2.0323e-15,9.8486e-16
1817.1,-162.78,444.8,12.107,0.82392,0.58483,0.051157,8.2973,-2.0323e-15,9.8486e-16
1817.2,-162.69,444.82,12.112,0.82882,0.57439,0.053283,8.2973,-2.0323e-15,9.8486e-16
1817.3,-162.59,444.83,12.117,0.8336,0.56332,0.054597,8.2973,-2.0323e-15,9.8486e-16
1817.4,-162.49,444.85,12.123,0.83821,0.55185,0.055173,8.2973,-2.0323e-15,9.8486e-16
1817.5,-162.39,444.86,12.128,0.84262,0.5402,0.055092,8.2973,-2.0323e-15,9.8486e-16
1817.6,-162.29,444.87,12.134,0.84681,0.52855,0.054432,8.2973,-2.0323e-15,9.8486e-16
1817.7,-162.19,444.88,12.139,0.85076,0.51706,0.053267,8.2973,-2.0323e-15,9.8486e-16
1817.8,-162.09,444.9,12.144,0.85446,0.50587,0.051665,8.2973,-2.0323e-15,9.8486e-16
1817.9,-161.99,444.91,12.149,0.85791,0.49509,0.049686,8.2973,-2.0323e-15,9.8486e-16
1818,-161.89,444.92,12.154,0.8611,0.48482,0.047382,8.2973,-2.0323e-15,9.8486e-16
1818.1,-161.79,444.93,12.159,0.86403,0.47512,0.044797,8.2973,-2.0323e-15,9.8486e-16
1818.2,-161.7,444.94,12.163,0.86671,0.46607,0.041969,8.2973,-2.0323e-15,9.8486e-16
1818.3,-161.6,444.94,12.167,0.86915,0.45772,0.038926,8.2973,-2.0323e-15,9.8486e-16
1818.4,-161.5,444.95,12.171,0.87135,0.45012,0.035693,8.2973,-2.0323e-15,9.8486e-16
1818.5,-161.4,444.96,12.174,0.87332,0.4433,0.032288,8.2973,-2.0323e-15,9.8486e-16
1818.6,-161.31,444.97,12.177,0.87507,0.4373,0.028724,8.2973,-2.0323e-15,9.8486e-16
1818.7,-161.21,444.97,12.18,0.8766,0.43216,0.025011,1.6713,0.26904,-0.13197
1818.8,-161.11,444.98,12.182,0.86319,0.42946,0.017644,1.6713,0.26904,-0.13197
1818.9,-161.02,444.99,12.184,0.84995,0.42848,0.010569,1.6713,0.26904,-0.13197
1819,-160.92,445,12.184,0.83689,0.42914,0.0037941,1.6713,0.26904,-0.13197
1819.1,-160.83,445.01,12.184,0.82402,0.43125,-0.0026986,1.6713,0.26904,-0.13197
1819.2,-160.74,445.02,12.184,0.81132,0.4338,-0.0091947,1.6713,0.26904,-0.13197
1819.3,-160.65,445.03,12.183,0.7988,0.43656,-0.015682,1.6713,0.26904,-0.13197
1819.4,-160.56,445.04,12.181,0.78643,0.43952,-0.022063,1.6713,0.26904,-0.13197
1819.5,-160.47,445.05,12.178,0.77422,0.44264,-0.028236,1.6713,0.26904,-0.13197
1819.6,-160.38,445.06,12.175,0.76217,0.44593,-0.0341,1.6713,0.26904,-0.13197
1819.7,-160.29,445.07,12.171,0.75026,0.44935,-0.039563,1.6713,0.26904,-0.13197
1819.8,-160.21,445.09,12.167,0.73852,0.45289,-0.044539,1.6713,0.26904,-0.13197
1819.9,-160.12,445.1,12.162,0.72695,0.4565,-0.048957,1.6713,0.26904,-0.13197
1820,-160.04,445.11,12.157,0.71556,0.46018,-0.052759,1.6713,0.26904,-0.13197
1820.1,-159.95,445.13,12.152,0.70437,0.46389,-0.055904,1.6713,0.26904,-0.13197
1820.2,-159.87,445.14,12.146,0.69338,0.46761,-0.058367,1.6713,0.26904,-0.13197
1820.3,-159.79,445.16,12.14,0.68263,0.47132,-0.060134,1.6713,0.26904,-0.13197
1820.4,-159.71,445.17,12.134,0.67211,0.475,-0.061208,1.6713,0.26904,-0.13197
1820.5,-159.63,445.19,12.128,0.66186,0.47863,-0.061598,1.6713,0.26904,-0.13197
1820.6,-159.55,445.2,12.122,0.65189,0.4822,-0.061324,1.6713,0.26904,-0.13197
1820.7,-159.47,445.22,12.116,0.64221,0.4857,-0.06041,1.6713,0.26904,-0.13197
1820.8,-159.39,445.23,12.11,0.63284,0.48913,-0.058883,1.6713,0.26904,-0.13197
1820.9,-159.31,445.25,12.104,0.6238,0.49249,-0.056771,1.6713,0.26904,-0.13197
1821,-159.23,445.26,12.098,0.6151,0.49576,-0.054103,1.6713,0.26904,-0.13197
1821.1,-159.16,445.28,12.093,0.60675,0.49897,-0.050902,1.6713,0.26904,-0.13197
1821.2,-159.08,445.3,12.088,0.59876,0.50211,-0.047191,1.6713,0.26904,-0.13197
1821.3,-159,445.32,12.084,0.59115,0.50521,-0.042984,1.6713,0.26904,-0.13197
1821.4,-158.93,445.33,12.08,0.58393,0.50826,-0.038293,1.6713,0.26904,-0.13197
1821.5,-158.85,445.35,12.076,0.57711,0.51129,-0.033118,1.6713,0.26904,-0.13197
1821.6,-158.78,445.37,12.073,0.57071,0.51431,-0.027452,1.6713,0.26904,-0.13197
1821.7,-158.7,445.39,12.071,0.56473,0.51734,-0.02128,1.6713,0.26904,-0.13197
1821.8,-158.63,445.41,12.069,0.55919,0.52042,-0.01457,1.6713,0.26904,-0.13197
1821.9,-158.55,445.43,12.068,0.55411,0.52355,-0.0072796,1.6713,0.26904,-0.13197
1822,-158.48,445.45,12.067,0.54951,0.52678,0.00065327,1.6713,0.26904,-0.13197
1822.1,-158.41,445.47,12.068,0.54541,0.52894,0.0088268,1.6713,0.26904,-0.13197
1822.2,-158.33,445.49,12.069,0.54179,0.52915,0.016733,1.6713,0.26904,-0.13197
1822.3,-158.26,445.51,12.071,0.53862,0.52747,0.024155,1.6713,0.26904,-0.13197
1822.4,-158.19,445.53,12.074,0.53585,0.52402,0.030921,1.6713,0.26904,-0.13197
1822.5,-158.12,445.55,12.077,0.53345,0.51895,0.036911,1.6713,0.26904,-0.13197
1822.6,-158.05,445.57,12.081,0.53134,0.51247,0.042057,1.6713,0.26904,-0.13197
1822.7,-157.98,445.59,12.086,0.52948,0.5048,0.046337,1.6713,0.26904,-0.13197
1822.8,-157.91,445.61,12.091,0.5278,0.49616,0.049764,1.6713,0.26904,-0.13197
1822.9,-157.84,445.63,12.096,0.52627,0.48677,0.052381,1.6713,0.26904,-0.13197
1823,-157.77,445.65,12.101,0.52482,0.47683,0.054251,1.6713,0.26904,-0.13197
1823.1,-157.7,445.67,12.107,0.52343,0.46653,0.055445,1.6713,0.26904,-0.13197
1823.2,-157.63,445.69,12.112,0.52206,0.45604,0.056041,1.6713,0.26904,-0.13197
1823.3,-157.57,445.7,12.118,0.52069,0.44548,0.056115,1.6713,0.26904,-0.13197
1823.4,-157.5,445.72,12.123,0.51929,0.43497,0.055742,1.6713,0.26904,-0.13197
1823.5,-157.44,445.74,12.129,0.51785,0.42462,0.054988,1.6713,0.26904,-0.13197
1823.6,-157.37,445.75,12.134,0.51637,0.41449,0.053915,1.6713,0.26904,-0.13197
1823.7,-157.31,445.77,12.14,0.51483,0.40465,0.052577,1.6713,0.26904,-0.13197
1823.8,-157.24,445.79,12.145,0.51322,0.39515,0.051021,1.6713,0.26904,-0.13197
1823.9,-157.18,445.8,12.15,0.51156,0.38601,0.049289,1.6713,0.26904,-0.13197
1824,-157.12,445.81,12.155,0.50984,0.37726,0.047416,1.6713,0.26904,-0.13197
1824.1,-157.06,445.83,12.159,0.50806,0.36893,0.04543,1.6713,0.26904,-0.13197
1824.2,-157,445.84,12.164,0.50622,0.36102,0.043358,1.6713,0.26904,-0.13197
1824.3,-156.94,445.85,12.168,0.50433,0.35353,0.04122,1.6713,0.26904,-0.13197
1824.4,-156.88,445.87,12.172,0.50239,0.34646,0.039033,1.6713,0.26904,-0.13197
1824.5,-156.82,445.88,12.176,0.5004,0.33982,0.036814,1.6713,0.26904,-0.13197
1824.6,-156.76,445.89,12.179,0.49838,0.3336,0.034573,1.6713,0.26904,-0.13197
1824.7,-156.7,445.9,12.183,0.49632,0.3278,0.032321,1.6713,0.26904,-0.13197
1824.8,-156.64,445.92,12.186,0.49422,0.32239,0.030067,1.6713,0.26904,-0.13197
1824.9,-156.58,445.93,12.189,0.4921,0.31738,0.027818,1.6713,0.26904,-0.13197
1825,-156.53,445.94,12.191,0.48995,0.31276,0.025579,1.6713,0.26904,-0.13197
1825.1,-156.47,445.95,12.194,0.48778,0.30851,0.023356,1.6713,0.26904,-0.13197
1825.2,-156.41,445.96,12.196,0.48559,0.30463,0.021153,1.6713,0.26904,-0.13197
1825.3,-156.36,445.97,12.198,0.48339,0.30111,0.018974,1.6713,0.26904,-0.13197
1825.4,-156.3,445.98,12.2,0.48117,0.29793,0.016823,12.177,-2.9824e-15,1.5154e-15
1825.5,-156.24,445.99,12.202,0.50239,0.29369,0.018133,12.177,-2.9824e-15,1.5154e-15
1825.6,-156.19,446,12.203,0.5231,0.28931,0.018908,12.177,-2.9824e-15,1.5154e-15
1825.7,-156.13,446.01,12.205,0.5433,0.28485,0.019193,12.177,-2.9824e-15,1.5154e-15
1825.8,-156.06,446.02,12.207,0.56298,0.28039,0.019031,12.177,-2.9824e-15,1.5154e-15
1825.9,-156,446.02,12.209,0.58212,0.27601,0.018456,12.177,-2.9824e-15,1.5154e-15
1826,-155.94,446.03,12.211,0.60072,0.27175,0.017499,12.177,-2.9824e-15,1.5154e-15
1826.1,-155.87,446.03,12.213,0.61878,0.2677,0.016181,12.177,-2.9824e-15,1.5154e-15
1826.2,-155.8,446.03,12.214,0.63628,0.2639,0.014521,12.177,-2.9824e-15,1.5154e-15
1826.3,-155.73,446.04,12.216,0.65324,0.2604,0.012528,12.177,-2.9824e-15,1.5154e-15
1826.4,-155.66,446.04,12.217,0.66966,0.25727,0.010204,12.177,-2.9824e-15,1.5154e-15
1826.5,-155.59,446.04,12.218,0.68553,0.25456,0.007546,12.177,-2.9824e-15,1.5154e-15
1826.6,-155.51,446.04,12.218,0.70086,0.25233,0.0045421,12.177,-2.9824e-15,1.5154e-15
1826.7,-155.44,446.04,12.218,0.71566,0.25065,0.0011728,12.177,-2.9824e-15,1.5154e-15
1826.8,-155.36,446.04,12.218,0.72993,0.24947,-0.0026253,12.177,-2.9824e-15,1.5154e-15
1826.9,-155.29,446.04,12.218,0.74366,0.24854,-0.0069931,12.177,-2.9824e-15,1.5154e-15
1827,-155.21,446.03,12.217,0.75686,0.24788,-0.011966,12.177,-2.9824e-15,1.5154e-15
1827.1,-155.13,446.03,12.216,0.76954,0.24753,-0.017564,12.177,-2.9824e-15,1.5154e-15
1827.2,-155.04,446.03,12.213,0.78168,0.24757,-0.023802,12.177,-2.9824e-15,1.5154e-15
1827.3,-154.96,446.02,12.211,0.7933,0.24803,-0.03068,12.177,-2.9824e-15,1.5154e-15
1827.4,-154.88,446.02,12.207,0.80438,0.24898,-0.038187,12.177,-2.9824e-15,1.5154e-15
1827.5,-154.79,446.01,12.203,0.81494,0.25049,-0.046292,12.177,-2.9824e-15,1.5154e-15
1827.6,-154.71,446.01,12.198,0.82496,0.2526,-0.054948,12.177,-2.9824e-15,1.5154e-15
1827.7,-154.62,446,12.192,0.83446,0.25537,-0.064087,12.177,-2.9824e-15,1.5154e-15
1827.8,-154.53,445.99,12.185,0.84342,0.25886,-0.073622,12.177,-2.9824e-15,1.5154e-15
1827.9,-154.45,445.99,12.177,0.85186,0.2631,-0.083449,12.177,-2.9824e-15,1.5154e-15
1828,-154.36,445.98,12.169,0.85976,0.26813,-0.09345,12.177,-2.9824e-15,1.5154e-15
1828.1,-154.27,445.97,12.159,0.86714,0.27397,-0.1035,12.177,-2.9824e-15,1.5154e-15
1828.2,-154.18,445.96,12.148,0.874,0.28062,-0.11345,12.177,-2.9824e-15,1.5154e-15
1828.3,-154.08,445.95,12.136,0.88033,0.28808,-0.12319,12.177,-2.9824e-15,1.5154e-15
1828.4,-153.99,445.94,12.123,0.88615,0.29632,-0.13259,12.177,-2.9824e-15,1.5154e-15
1828.5,-153.9,445.93,12.109,0.89145,0.30532,-0.14154,12.177,-2.9824e-15,1.5154e-15
1828.6,-153.81,445.91,12.095,0.89625,0.31502,-0.14995,12.177,-2.9824e-15,1.5154e-15
1828.7,-153.71,445.9,12.08,0.90056,0.32538,-0.15773,12.177,-2.9824e-15,1.5154e-15
1828.8,-153.62,445.89,12.063,0.90438,0.33632,-0.16484,12.177,-2.9824e-15,1.5154e-15
1828.9,-153.52,445.87,12.047,0.90773,0.34778,-0.17123,12.177,-2.9824e-15,1.5154e-15
1829,-153.42,445.86,12.029,0.91063,0.35969,-0.17689,12.177,-2.9824e-15,1.5154e-15
1829.1,-153.33,445.84,12.011,0.9131,0.37198,-0.18182,12.177,-2.9824e-15,1.5154e-15
1829.2,-153.23,445.83,11.993,0.91515,0.38457,-0.18601,12.177,-2.9824e-15,1.5154e-15
1829.3,-153.13,445.81,11.974,0.91681,0.39741,-0.18949,12.177,-2.9824e-15,1.5154e-15
1829.4,-153.03,445.79,11.955,0.9181,0.41044,-0.19228,12.177,-2.9824e-15,1.5154e-15
1829.5,-152.93,445.77,11.936,0.91905,0.42358,-0.19441,12.177,-2.9824e-15,1.5154e-15
1829.6,-152.83,445.75,11.916,0.91968,0.4368,-0.19593,12.177,-2.9824e-15,1.5154e-15
1829.7,-152.73,445.73,11.896,0.92003,0.45005,-0.19685,12.177,-2.9824e-15,1.5154e-15
1829.8,-152.63,445.71,11.877,0.92011,0.46329,-0.19722,12.177,-2.9824e-15,1.5154e-15
1829.9,-152.53,445.68,11.857,0.91995,0.47649,-0.19706,12.177,-2.9824e-15,1.5154e-15
1830,-152.43,445.66,11.837,0.91959,0.48961,-0.19642,12.177,-2.9824e-15,1.5154e-15
1830.1,-152.33,445.63,11.818,0.91905,0.50264,-0.19532,12.177,-2.9824e-15,1.5154e-15
1830.2,-152.23,445.61,11.798,0.91836,0.51557,-0.19379,12.177,-2.9824e-15,1.5154e-15
1830.3,-152.13,445.58,11.779,0.91755,0.52837,-0.19186,12.177,-2.9824e-15,1.5154e-15
1830.4,-152.02,445.55,11.76,0.91665,0.54104,-0.18954,12.177,-2.9824e-15,1.5154e-15
1830.5,-151.92,445.52,11.741,0.91567,0.55358,-0.18686,12.177,-2.9824e-15,1.5154e-15
1830.6,-151.82,445.49,11.723,0.91465,0.56599,-0.18384,12.177,-2.9824e-15,1.5154e-15
1830.7,-151.72,445.46,11.704,0.91362,0.57826,-0.18049,12.177,-2.9824e-15,1.5154e-15
1830.8,-151.61,445.43,11.686,0.91259,0.59041,-0.17682,12.177,-2.9824e-15,1.5154e-15
1830.9,-151.51,445.39,11.669,0.91159,0.60245,-0.17283,12.177,-2.9824e-15,1.5154e-15
1831,-151.4,445.36,11.652,0.91066,0.61437,-0.16854,12.177,-2.9824e-15,1.5154e-15
1831.1,-151.3,445.33,11.635,0.9098,0.62621,-0.16395,12.177,-2.9824e-15,1.5154e-15
1831.2,-151.2,445.29,11.619,0.90905,0.63797,-0.15905,12.177,-2.9824e-15,1.5154e-15
1831.3,-151.09,445.25,11.603,0.90842,0.64968,-0.15384,12.177,-2.9824e-15,1.5154e-15
1831.4,-150.99,445.21,11.588,0.90795,0.66135,-0.1483,12.177,-2.9824e-15,1.5154e-15
1831.5,-150.88,445.18,11.574,0.90766,0.67301,-0.14244,12.177,-2.9824e-15,1.5154e-15
1831.6,-150.77,445.14,11.56,0.90757,0.68468,-0.13621,12.177,-2.9824e-15,1.5154e-15
1831.7,-150.67,445.1,11.547,0.90771,0.6964,-0.1296,12.177,-2.9824e-15,1.5154e-15
1831.8,-150.56,445.05,11.534,0.90811,0.70819,-0.12257,12.177,-2.9824e-15,1.5154e-15
1831.9,-150.45,445.01,11.522,0.9088,0.7201,-0.11508,12.177,-2.9824e-15,1.5154e-15
1832,-150.34,444.97,11.511,0.90981,0.73215,-0.10707,12.177,-2.9824e-15,1.5154e-15
1832.1,-150.23,444.93,11.501,0.91119,0.74439,-0.098479,12.177,-2.9824e-15,1.5154e-15
1832.2,-150.12,444.88,11.491,0.91298,0.75688,-0.089208,12.177,-2.9824e-15,1.5154e-15
1832.3,-150.01,444.84,11.483,0.91523,0.76966,-0.079148,12.177,-2.9824e-15,1.5154e-15
1832.4,-149.9,444.79,11.476,0.918,0.78281,-0.068153,12.177,-2.9824e-15,1.5154e-15
1832.5,-149.79,444.75,11.469,0.92137,0.7964,-0.056034,12.177,-2.9824e-15,1.5154e-15
1832.6,-149.68,444.7,11.464,0.92543,0.81053,-0.042539,12.177,-2.9824e-15,1.5154e-15
1832.7,-149.56,444.66,11.461,0.93031,0.82529,-0.027328,12.177,-2.9824e-15,1.5154e-15
1832.8,-149.45,444.61,11.459,0.93614,0.84084,-0.0099316,12.177,-2.9824e-15,1.5154e-15
1832.9,-149.33,444.56,11.459,0.94312,0.85636,0.0099323,12.177,-2.9824e-15,1.5154e-15
1833,-149.21,444.52,11.461,0.95138,0.86558,0.029871,12.177,-2.9824e-15,1.5154e-15
1833.1,-149.09,444.47,11.465,0.96083,0.86727,0.048294,12.177,-2.9824e-15,1.5154e-15
1833.2,-148.97,444.42,11.471,0.97125,0.86186,0.064233,12.177,-2.9824e-15,1.5154e-15
1833.3,-148.85,444.38,11.478,0.98237,0.85026,0.077122,12.177,-2.9824e-15,1.5154e-15
1833.4,-148.73,444.33,11.486,0.99385,0.83367,0.086789,12.177,-2.9824e-15,1.5154e-15
1833.5,-148.61,444.28,11.495,1.0054,0.81336,0.093362,12.177,-2.9824e-15,1.5154e-15
1833.6,-148.49,444.23,11.504,1.0167,0.79057,0.097163,12.177,-2.9824e-15,1.5154e-15
1833.7,-148.37,444.18,11.514,1.0276,0.76637,0.098599,12.177,-2.9824e-15,1.5154e-15
1833.8,-148.25,444.13,11.524,1.0379,0.74166,0.098092,12.177,-2.9824e-15,1.5154e-15
1833.9,-148.14,444.07,11.534,1.0476,0.71716,0.096033,12.177,-2.9824e-15,1.5154e-15
1834,-148.02,444.02,11.543,1.0565,0.69339,0.092756,12.177,-2.9824e-15,1.5154e-15
1834.1,-147.91,443.97,11.552,1.0647,0.67076,0.088538,12.177,-2.9824e-15,1.5154e-15
1834.2,-147.79,443.91,11.561,1.0721,0.64957,0.083594,12.177,-2.9824e-15,1.5154e-15
1834.3,-147.68,443.85,11.569,1.0788,0.63002,0.07809,12.177,-2.9824e-15,1.5154e-15
1834.4,-147.57,443.8,11.577,1.0848,0.61226,0.072147,12.177,-2.9824e-15,1.5154e-15
1834.5,-147.46,443.74,11.583,1.0901,0.59639,0.06585,12.177,-2.9824e-15,1.5154e-15
1834.6,-147.35,443.68,11.59,1.0949,0.5825,0.059255,12.177,-2.9824e-15,1.5154e-15
1834.7,-147.24,443.62,11.595,1.099,0.57065,0.052396,12.177,-2.9824e-15,1.5154e-15
1834.8,-147.13,443.57,11.6,1.1026,0.56092,0.045287,12.177,-2.9824e-15,1.5154e-15
1834.9,-147.02,443.51,11.604,1.1056,0.55335,0.037933,12.177,-2.9824e-15,1.5154e-15
1835,-146.92,443.45,11.608,1.1082,0.54805,0.030325,12.177,-2.9824e-15,1.5154e-15
1835.1,-146.81,443.39,11.61,1.1102,0.54509,0.022451,12.177,-2.9824e-15,1.5154e-15
1835.2,-146.7,443.33,11.612,1.1118,0.54459,0.014299,12.177,-2.9824e-15,1.5154e-15
1835.3,-146.59,443.27,11.613,1.113,0.54668,0.0058591,12.177,-2.9824e-15,1.5154e-15
1835.4,-146.48,443.21,11.613,1.1137,0.55142,-0.0029114,12.177,-2.9824e-15,1.5154e-15
1835.5,-146.37,443.15,11.613,1.1139,0.55729,-0.012577,12.177,-2.9824e-15,1.5154e-15
1835.6,-146.26,443.09,11.611,1.1136,0.56386,-0.02328,12.177,-2.9824e-15,1.5154e-15
1835.7,-146.15,443.04,11.608,1.1128,0.57119,-0.034922,12.177,-2.9824e-15,1.5154e-15
1835.8,-146.04,442.98,11.604,1.1114,0.57935,-0.047336,12.177,-2.9824e-15,1.5154e-15
1835.9,-145.93,442.92,11.598,1.1093,0.58839,-0.060284,12.177,-2.9824e-15,1.5154e-15
1836,-145.82,442.86,11.592,1.1067,0.59834,-0.07347,12.177,-2.9824e-15,1.5154e-15
1836.1,-145.71,442.8,11.584,1.1034,0.60922,-0.08655,12.177,-2.9824e-15,1.5154e-15
1836.2,-145.59,442.75,11.574,1.0994,0.621,-0.099161,12.177,-2.9824e-15,1.5154e-15
1836.3,-145.48,442.69,11.564,1.0949,0.63366,-0.11094,12.177,-2.9824e-15,1.5154e-15
1836.4,-145.37,442.63,11.552,1.0898,0.64712,-0.12158,12.177,-2.9824e-15,1.5154e-15
1836.5,-145.26,442.57,11.54,1.0843,0.66131,-0.13078,12.177,-2.9824e-15,1.5154e-15
1836.6,-145.14,442.51,11.526,1.0782,0.67613,-0.13836,12.177,-2.9824e-15,1.5154e-15
1836.7,-145.03,442.45,11.512,1.0719,0.69149,-0.14417,12.177,-2.9824e-15,1.5154e-15
1836.8,-144.92,442.39,11.497,1.0653,0.70729,-0.14814,12.177,-2.9824e-15,1.5154e-15
1836.9,-144.8,442.33,11.483,1.0586,0.72343,-0.15026,12.177,-2.9824e-15,1.5154e-15
1837,-144.69,442.27,11.467,1.0518,0.73986,-0.15055,12.177,-2.9824e-15,1.5154e-15
1837.1,-144.58,442.21,11.452,1.0451,0.75651,-0.14906,12.177,-2.9824e-15,1.5154e-15
1837.2,-144.46,442.15,11.438,1.0386,0.77335,-0.14585,12.177,-2.9824e-15,1.5154e-15
1837.3,-144.35,442.09,11.423,1.0323,0.79037,-0.14097,12.177,-2.9824e-15,1.5154e-15
1837.4,-144.23,442.03,11.41,1.0265,0.80758,-0.13448,12.177,-2.9824e-15,1.5154e-15
1837.5,-144.12,441.97,11.397,1.0211,0.825,-0.12638,12.177,-2.9824e-15,1.5154e-15
1837.6,-144,441.91,11.384,1.0164,0.8427,-0.11667,12.177,-2.9824e-15,1.5154e-15
1837.7,-143.88,441.85,11.373,1.0124,0.86077,-0.10526,12.177,-2.9824e-15,1.5154e-15
1837.8,-143.77,441.78,11.363,1.0092,0.8793,-0.092027,12.177,-2.9824e-15,1.5154e-15
1837.9,-143.65,441.72,11.355,1.0072,0.89844,-0.076752,12.177,-2.9824e-15,1.5154e-15
1838,-143.53,441.66,11.348,1.0063,0.91837,-0.059091,12.177,-2.9824e-15,1.5154e-15
1838.1,-143.41,441.6,11.343,1.0068,0.93933,-0.03852,12.177,-2.9824e-15,1.5154e-15
1838.2,-143.28,441.53,11.34,1.0091,0.96163,-0.014245,12.177,-2.9824e-15,1.5154e-15
1838.3,-143.16,441.47,11.34,1.0135,0.98405,0.014315,12.177,-2.9824e-15,1.5154e-15
1838.4,-143.03,441.41,11.343,1.0203,0.99616,0.043066,12.177,-2.9824e-15,1.5154e-15
1838.5,-142.9,441.35,11.349,1.0292,0.996,0.068973,12.177,-2.9824e-15,1.5154e-15
1838.6,-142.77,441.28,11.357,1.0399,0.98463,0.090299,12.177,-2.9824e-15,1.5154e-15
1838.7,-142.64,441.22,11.367,1.0517,0.96407,0.10628,12.177,-2.9824e-15,1.5154e-15
1838.8,-142.51,441.16,11.378,1.064,0.93674,0.117,12.177,-2.9824e-15,1.5154e-15
1838.9,-142.39,441.09,11.39,1.0762,0.90501,0.12305,12.177,-2.9824e-15,1.5154e-15
1839,-142.26,441.03,11.403,1.088,0.87091,0.12525,12.177,-2.9824e-15,1.5154e-15
1839.1,-142.14,440.96,11.415,1.099,0.83607,0.12445,12.177,-2.9824e-15,1.5154e-15
1839.2,-142.02,440.9,11.427,1.1091,0.80169,0.12141,12.177,-2.9824e-15,1.5154e-15
1839.3,-141.9,440.83,11.439,1.1182,0.76861,0.11673,12.177,-2.9824e-15,1.5154e-15
1839.4,-141.79,440.76,11.451,1.1262,0.73739,0.1109,12.177,-2.9824e-15,1.5154e-15
1839.5,-141.67,440.69,11.461,1.1333,0.70839,0.10425,1.7939,-0.24442,0.11989
1839.6,-141.56,440.62,11.472,1.1165,0.68021,0.10059,1.7939,-0.24442,0.11989
1839.7,-141.45,440.55,11.482,1.0999,0.65334,0.096797,1.7939,-0.24442,0.11989
1839.8,-141.34,440.49,11.491,1.0834,0.6278,0.092965,1.7939,-0.24442,0.11989
1839.9,-141.24,440.42,11.5,1.0672,0.60356,0.089156,1.7939,-0.24442,0.11989
1840,-141.13,440.36,11.509,1.0511,0.58059,0.085416,1.7939,-0.24442,0.11989
1840.1,-141.03,440.3,11.517,1.0352,0.55884,0.081781,1.7939,-0.24442,0.11989
1840.2,-140.93,440.24,11.525,1.0196,0.53823,0.078277,1.7939,-0.24442,0.11989
1840.3,-140.84,440.18,11.533,1.0043,0.5187,0.074919,1.7939,-0.24442,0.11989
1840.4,-140.74,440.12,11.54,0.98917,0.50018,0.07172,1.7939,-0.24442,0.11989
1840.5,-140.65,440.06,11.547,0.97437,0.48261,0.068686,1.7939,-0.24442,0.11989
1840.6,-140.56,440,11.554,0.95987,0.4659,0.065822,1.7939,-0.24442,0.11989
1840.7,-140.47,439.95,11.56,0.94566,0.45001,0.063127,1.7939,-0.24442,0.11989
1840.8,-140.38,439.89,11.567,0.93176,0.43485,0.060602,1.7939,-0.24442,0.11989
1840.9,-140.29,439.84,11.573,0.91817,0.42038,0.058244,1.7939,-0.24442,0.11989
1841,-140.21,439.78,11.578,0.9049,0.40654,0.05605,1.7939,-0.24442,0.11989
1841.1,-140.13,439.73,11.584,0.89194,0.39327,0.054016,1.7939,-0.24442,0.11989
1841.2,-140.04,439.68,11.589,0.87929,0.38053,0.052138,1.7939,-0.24442,0.11989
1841.3,-139.96,439.63,11.594,0.86695,0.36827,0.050413,1.7939,-0.24442,0.11989
1841.4,-139.89,439.58,11.599,0.85492,0.35644,0.048835,1.7939,-0.24442,0.11989
1841.5,-139.81,439.53,11.604,0.8432,0.34502,0.047401,1.7939,-0.24442,0.11989
1841.6,-139.73,439.48,11.609,0.83178,0.33396,0.046107,1.7939,-0.24442,0.11989
1841.7,-139.66,439.43,11.613,0.82066,0.32323,0.044948,1.7939,-0.24442,0.11989
1841.8,-139.58,439.38,11.618,0.80983,0.31279,0.04392,1.7939,-0.24442,0.11989
1841.9,-139.51,439.33,11.622,0.79929,0.30262,0.043022,1.7939,-0.24442,0.11989
1842,-139.44,439.29,11.626,0.78903,0.2927,0.042248,1.7939,-0.24442,0.11989
1842.1,-139.37,439.24,11.63,0.77904,0.283,0.041597,1.7939,-0.24442,0.11989
1842.2,-139.3,439.19,11.635,0.76933,0.27349,0.041066,1.7939,-0.24442,0.11989
1842.3,-139.24,439.15,11.639,0.75988,0.26416,0.040653,1.7939,-0.24442,0.11989
1842.4,-139.17,439.1,11.643,0.75069,0.25499,0.040356,1.7939,-0.24442,0.11989
1842.5,-139.11,439.06,11.647,0.74175,0.24596,0.040173,1.7939,-0.24442,0.11989
1842.6,-139.04,439.02,11.651,0.73306,0.23705,0.040103,1.7939,-0.24442,0.11989
1842.7,-138.98,438.97,11.655,0.7246,0.22825,0.040146,1.7939,-0.24442,0.11989
1842.8,-138.92,438.93,11.659,0.71638,0.21955,0.0403,1.7939,-0.24442,0.11989
1842.9,-138.86,438.89,11.663,0.70838,0.21094,0.040565,1.7939,-0.24442,0.11989
1843,-138.8,438.84,11.667,0.70061,0.20241,0.040942,1.7939,-0.24442,0.11989
1843.1,-138.74,438.8,11.671,0.69304,0.19394,0.04143,1.7939,-0.24442,0.11989
1843.2,-138.68,438.76,11.675,0.68568,0.18553,0.04203,1.7939,-0.24442,0.11989
1843.3,-138.62,438.72,11.679,0.67852,0.17717,0.042743,1.7939,-0.24442,0.11989
1843.4,-138.57,438.68,11.684,0.67156,0.16885,0.043569,1.7939,-0.24442,0.11989
1843.5,-138.51,438.64,11.688,0.66478,0.16058,0.044509,1.7939,-0.24442,0.11989
1843.6,-138.46,438.6,11.693,0.65819,0.15234,0.045564,1.7939,-0.24442,0.11989
1843.7,-138.4,438.56,11.697,0.65177,0.14413,0.046736,1.7939,-0.24442,0.11989
1843.8,-138.35,438.51,11.702,0.64551,0.13595,0.048025,1.7939,-0.24442,0.11989
1843.9,-138.3,438.47,11.707,0.63943,0.1278,0.049432,1.7939,-0.24442,0.11989
1844,-138.25,438.43,11.712,0.6335,0.11967,0.050958,1.7939,-0.24442,0.11989
1844.1,-138.2,438.39,11.717,0.62771,0.11157,0.052603,1.7939,-0.24442,0.11989
1844.2,-138.15,438.36,11.722,0.62208,0.1035,0.054369,1.7939,-0.24442,0.11989
1844.3,-138.1,438.32,11.728,0.61658,0.095464,0.056253,1.7939,-0.24442,0.11989
1844.4,-138.05,438.28,11.734,0.61122,0.087457,0.058257,1.7939,-0.24442,0.11989
1844.5,-138,438.24,11.74,0.60598,0.079486,0.060378,1.7939,-0.24442,0.11989
1844.6,-137.96,438.2,11.746,0.60086,0.071556,0.062615,1.7939,-0.24442,0.11989
1844.7,-137.91,438.16,11.752,0.59586,0.063673,0.064965,1.7939,-0.24442,0.11989
1844.8,-137.87,438.12,11.759,0.59097,0.055842,0.067426,1.7939,-0.24442,0.11989
1844.9,-137.82,438.08,11.766,0.58618,0.048071,0.069992,1.7939,-0.24442,0.11989
1845,-137.78,438.04,11.773,0.58149,0.040367,0.072658,1.7939,-0.24442,0.11989
1845.1,-137.73,438,11.78,0.57688,0.03274,0.075419,1.7939,-0.24442,0.11989
1845.2,-137.69,437.97,11.788,0.57237,0.025197,0.078267,1.7939,-0.24442,0.11989
1845.3,-137.65,437.93,11.796,0.56793,0.01775,0.081194,1.7939,-0.24442,0.11989
1845.4,-137.61,437.89,11.804,0.56357,0.010407,0.084192,1.7939,-0.24442,0.11989
1845.5,-137.57,437.85,11.813,0.55927,0.0031789,0.08725,1.7939,-0.24442,0.11989
1845.6,-137.52,437.81,11.822,0.55504,-0.0039435,0.090336,1.7939,-0.24442,0.11989
1845.7,-137.48,437.77,11.831,0.55087,-0.011049,0.093325,1.7939,-0.24442,0.11989
1845.8,-137.44,437.74,11.84,0.54676,-0.018138,0.096184,1.7939,-0.24442,0.11989
1845.9,-137.41,437.7,11.85,0.54269,-0.025198,0.098891,1.7939,-0.24442,0.11989
1846,-137.37,437.66,11.86,0.53866,-0.032217,0.10143,1.7939,-0.24442,0.11989
1846.1,-137.33,437.62,11.87,0.53467,-0.039181,0.1038,1.7939,-0.24442,0.11989
1846.2,-137.29,437.59,11.881,0.53072,-0.046076,0.10597,1.7939,-0.24442,0.11989
1846.3,-137.25,437.55,11.891,0.5268,-0.05289,0.10795,1.7939,-0.24442,0.11989
1846.4,-137.21,437.51,11.902,0.52291,-0.059611,0.10974,1.7939,-0.24442,0.11989
1846.5,-137.18,437.48,11.913,0.51904,-0.066225,0.11132,1.7939,-0.24442,0.11989
1846.6,-137.14,437.44,11.925,0.51521,-0.072723,0.11271,1.7939,-0.24442,0.11989
1846.7,-137.1,437.4,11.936,0.5114,-0.079095,0.11391,1.7939,-0.24442,0.11989
1846.8,-137.07,437.37,11.947,0.50762,-0.085332,0.11492,1.7939,-0.24442,0.11989
1846.9,-137.03,437.33,11.959,0.50386,-0.091426,0.11575,1.7939,-0.24442,0.11989
1847,-136.99,437.29,11.97,0.50013,-0.097369,0.11641,1.7939,-0.24442,0.11989
1847.1,-136.96,437.26,11.982,0.49642,-0.10316,0.1169,1.7939,-0.24442,0.11989
1847.2,-136.92,437.22,11.994,0.49275,-0.10879,0.11723,1.7939,-0.24442,0.11989
1847.3,-136.89,437.19,12.006,0.4891,-0.11425,0.11741,1.7939,-0.24442,0.11989
1847.4,-136.85,437.15,12.017,0.48548,-0.11955,0.11746,1.7939,-0.24442,0.11989
1847.5,-136.82,437.12,12.029,0.4819,-0.12468,0.11737,1.7939,-0.24442,0.11989
1847.6,-136.78,437.08,12.041,0.47835,-0.12964,0.11717,1.7939,-0.24442,0.11989
1847.7,-136.75,437.04,12.052,0.47484,-0.13443,0.11685,1.7939,-0.24442,0.11989
1847.8,-136.71,437.01,12.064,0.47136,-0.13905,0.11643,1.7939,-0.24442,0.11989
1847.9,-136.68,436.98,12.076,0.46792,-0.14351,0.11592,1.7939,-0.24442,0.11989
1848,-136.64,436.94,12.087,0.46453,-0.14779,0.11532,1.7939,-0.24442,0.11989
1848.1,-136.61,436.91,12.099,0.46117,-0.15192,0.11464,1.7939,-0.24442,0.11989
1848.2,-136.57,436.87,12.11,0.45786,-0.15588,0.11389,1.7939,-0.24442,0.11989
1848.3,-136.54,436.84,12.122,0.45459,-0.15968,0.11308,1.7939,-0.24442,0.11989
1848.4,-136.51,436.8,12.133,0.45138,-0.16333,0.11221,1.7939,-0.24442,0.11989
1848.5,-136.47,436.77,12.144,0.44821,-0.16682,0.11129,4.0272,-9.8639e-16,4.9173e-16
1848.6,-136.44,436.74,12.155,0.45009,-0.16912,0.10721,4.0272,-9.8639e-16,4.9173e-16
1848.7,-136.4,436.7,12.166,0.45195,-0.17124,0.10358,4.0272,-9.8639e-16,4.9173e-16
1848.8,-136.37,436.67,12.176,0.4538,-0.17319,0.10034,4.0272,-9.8639e-16,4.9173e-16
1848.9,-136.33,436.64,12.186,0.45563,-0.17499,0.097437,4.0272,-9.8639e-16,4.9173e-16
1849,-136.3,436.6,12.195,0.45744,-0.17667,0.094829,4.0272,-9.8639e-16,4.9173e-16
1849.1,-136.26,436.57,12.205,0.45923,-0.17824,0.09248,4.0272,-9.8639e-16,4.9173e-16
1849.2,-136.22,436.54,12.214,0.461,-0.17972,0.090361,4.0272,-9.8639e-16,4.9173e-16
1849.3,-136.19,436.5,12.223,0.46275,-0.18111,0.088445,4.0272,-9.8639e-16,4.9173e-16
1849.4,-136.15,436.47,12.231,0.46447,-0.18242,0.086711,4.0272,-9.8639e-16,4.9173e-16
1849.5,-136.11,436.44,12.24,0.46616,-0.18366,0.085139,4.0272,-9.8639e-16,4.9173e-16
1849.6,-136.07,436.41,12.248,0.46783,-0.18484,0.083715,4.0272,-9.8639e-16,4.9173e-16
1849.7,-136.03,436.38,12.257,0.46947,-0.18597,0.082423,4.0272,-9.8639e-16,4.9173e-16
1849.8,-135.99,436.34,12.265,0.47108,-0.18705,0.081251,4.0272,-9.8639e-16,4.9173e-16
1849.9,-135.95,436.31,12.273,0.47266,-0.18809,0.080189,4.0272,-9.8639e-16,4.9173e-16
1850,-135.91,436.28,12.281,0.47421,-0.18909,0.079226,4.0272,-9.8639e-16,4.9173e-16
1850.1,-135.87,436.25,12.289,0.47574,-0.19006,0.078353,4.0272,-9.8639e-16,4.9173e-16
1850.2,-135.83,436.22,12.297,0.47723,-0.191,0.077564,4.0272,-9.8639e-16,4.9173e-16
1850.3,-135.79,436.19,12.304,0.4787,-0.19191,0.076851,4.0272,-9.8639e-16,4.9173e-16
1850.4,-135.75,436.16,12.312,0.48013,-0.19279,0.076208,4.0272,-9.8639e-16,4.9173e-16
1850.5,-135.71,436.13,12.32,0.48154,-0.19366,0.07563,4.0272,-9.8639e-16,4.9173e-16
1850.6,-135.67,436.09,12.327,0.48291,-0.19451,0.07511,4.0272,-9.8639e-16,4.9173e-16
1850.7,-135.62,436.06,12.335,0.48425,-0.19534,0.074645,4.0272,-9.8639e-16,4.9173e-16
1850.8,-135.58,436.03,12.342,0.48557,-0.19616,0.074229,4.0272,-9.8639e-16,4.9173e-16
1850.9,-135.54,436,12.349,0.48685,-0.19696,0.07386,4.0272,-9.8639e-16,4.9173e-16
1851,-135.49,435.97,12.357,0.4881,-0.19776,0.073533,4.0272,-9.8639e-16,4.9173e-16
1851.1,-135.45,435.95,12.364,0.48933,-0.19854,0.073246,4.0272,-9.8639e-16,4.9173e-16
1851.2,-135.41,435.92,12.371,0.49052,-0.19932,0.072994,4.0272,-9.8639e-16,4.9173e-16
1851.3,-135.36,435.89,12.379,0.49168,-0.20009,0.072775,4.0272,-9.8639e-16,4.9173e-16
1851.4,-135.32,435.86,12.386,0.49281,-0.20086,0.072587,4.0272,-9.8639e-16,4.9173e-16
1851.5,-135.27,435.83,12.393,0.49392,-0.20162,0.072426,4.0272,-9.8639e-16,4.9173e-16
1851.6,-135.23,435.8,12.401,0.49499,-0.20238,0.07229,4.0272,-9.8639e-16,4.9173e-16
1851.7,-135.18,435.77,12.408,0.49604,-0.20313,0.072178,4.0272,-9.8639e-16,4.9173e-16
1851.8,-135.14,435.75,12.415,0.49706,-0.20388,0.072087,4.0272,-9.8639e-16,4.9173e-16
1851.9,-135.09,435.72,12.422,0.49805,-0.20464,0.072015,4.0272,-9.8639e-16,4.9173e-16
1852,-135.04,435.69,12.429,0.49901,-0.20539,0.071961,4.0272,-9.8639e-16,4.9173e-16
1852.1,-135,435.66,12.437,0.49994,-0.20614,0.071922,4.0272,-9.8639e-16,4.9173e-16
1852.2,-134.95,435.64,12.444,0.50085,-0.20689,0.071897,4.0272,-9.8639e-16,4.9173e-16
1852.3,-134.9,435.61,12.451,0.50173,-0.20764,0.071885,4.0272,-9.8639e-16,4.9173e-16
1852.4,-134.85,435.58,12.458,0.50259,-0.20839,0.071884,4.0272,-9.8639e-16,4.9173e-16
1852.5,-134.81,435.56,12.465,0.50342,-0.20914,0.071893,4.0272,-9.8639e-16,4.9173e-16
1852.6,-134.76,435.53,12.473,0.50422,-0.20989,0.07191,4.0272,-9.8639e-16,4.9173e-16
1852.7,-134.71,435.51,12.48,0.505,-0.21065,0.071935,4.0272,-9.8639e-16,4.9173e-16
1852.8,-134.66,435.48,12.487,0.50576,-0.2114,0.071966,4.0272,-9.8639e-16,4.9173e-16
1852.9,-134.61,435.46,12.494,0.50649,-0.21216,0.072002,4.0272,-9.8639e-16,4.9173e-16
1853,-134.56,435.43,12.501,0.5072,-0.21292,0.072043,4.0272,-9.8639e-16,4.9173e-16
1853.1,-134.51,435.41,12.509,0.50788,-0.21368,0.072086,4.0272,-9.8639e-16,4.9173e-16
1853.2,-134.46,435.38,12.516,0.50855,-0.21444,0.072133,4.0272,-9.8639e-16,4.9173e-16
1853.3,-134.41,435.36,12.523,0.50919,-0.2152,0.072181,4.0272,-9.8639e-16,4.9173e-16
1853.4,-134.36,435.34,12.53,0.50981,-0.21596,0.07223,4.0272,-9.8639e-16,4.9173e-16
1853.5,-134.31,435.31,12.537,0.51041,-0.21672,0.072279,4.0272,-9.8639e-16,4.9173e-16
1853.6,-134.26,435.29,12.545,0.51098,-0.21748,0.072328,4.0272,-9.8639e-16,4.9173e-16
1853.7,-134.21,435.27,12.552,0.51154,-0.21825,0.072376,4.0272,-9.8639e-16,4.9173e-16
1853.8,-134.16,435.25,12.559,0.51208,-0.21901,0.072422,4.0272,-9.8639e-16,4.9173e-16
1853.9,-134.11,435.22,12.566,0.5126,-0.21978,0.072466,4.0272,-9.8639e-16,4.9173e-16
1854,-134.06,435.2,12.574,0.5131,-0.22054,0.072508,4.0272,-9.8639e-16,4.9173e-16
1854.1,-134.01,435.18,12.581,0.51359,-0.2213,0.072547,4.0272,-9.8639e-16,4.9173e-16
1854.2,-133.96,435.16,12.588,0.51405,-0.22206,0.072583,4.0272,-9.8639e-16,4.9173e-16
1854.3,-133.9,435.14,12.595,0.5145,-0.22283,0.072615,4.0272,-9.8639e-16,4.9173e-16
1854.4,-133.85,435.12,12.603,0.51493,-0.22359,0.072643,4.0272,-9.8639e-16,4.9173e-16
1854.5,-133.8,435.1,12.61,0.51535,-0.22434,0.072667,4.0272,-9.8639e-16,4.9173e-16
1854.6,-133.75,435.08,12.617,0.51575,-0.2251,0.072686,4.0272,-9.8639e-16,4.9173e-16
1854.7,-133.69,435.06,12.624,0.51614,-0.22586,0.072701,4.0272,-9.8639e-16,4.9173e-16
1854.8,-133.64,435.04,12.632,0.51651,-0.22661,0.072711,4.0272,-9.8639e-16,4.9173e-16
1854.9,-133.59,435.02,12.639,0.51686,-0.22736,0.072716,4.0272,-9.8639e-16,4.9173e-16
1855,-133.53,435,12.646,0.51721,-0.22811,0.072715,4.0272,-9.8639e-16,4.9173e-16
1855.1,-133.48,434.98,12.653,0.51754,-0.22885,0.072709,4.0272,-9.8639e-16,4.9173e-16
1855.2,-133.43,434.96,12.661,0.51785,-0.22959,0.072698,4.0272,-9.8639e-16,4.9173e-16
1855.3,-133.37,434.95,12.668,0.51816,-0.23033,0.072682,4.0272,-9.8639e-16,4.9173e-16
1855.4,-133.32,434.93,12.675,0.51845,-0.23106,0.072659,4.0272,-9.8639e-16,4.9173e-16
1855.5,-133.27,434.91,12.683,0.51873,-0.23179,0.072632,4.0272,-9.8639e-16,4.9173e-16
1855.6,-133.21,434.89,12.69,0.519,-0.23252,0.072598,4.0272,-9.8639e-16,4.9173e-16
1855.7,-133.16,434.88,12.697,0.51926,-0.23324,0.072559,4.0272,-9.8639e-16,4.9173e-16
1855.8,-133.1,434.86,12.704,0.51951,-0.23395,0.072515,4.0272,-9.8639e-16,4.9173e-16
1855.9,-133.05,434.85,12.712,0.51975,-0.23467,0.072465,4.0272,-9.8639e-16,4.9173e-16
1856,-132.99,434.83,12.719,0.51998,-0.23537,0.072409,4.0272,-9.8639e-16,4.9173e-16
1856.1,-132.94,434.81,12.726,0.5202,-0.23607,0.072348,4.0272,-9.8639e-16,4.9173e-16
1856.2,-132.88,434.8,12.733,0.52042,-0.23677,0.072282,4.0272,-9.8639e-16,4.9173e-16
1856.3,-132.83,434.79,12.741,0.52062,-0.23745,0.072211,4.0272,-9.8639e-16,4.9173e-16
1856.4,-132.77,434.77,12.748,0.52082,-0.23814,0.072134,4.0272,-9.8639e-16,4.9173e-16
1856.5,-132.72,434.76,12.755,0.521,-0.23881,0.072052,4.0272,-9.8639e-16,4.9173e-16
1856.6,-132.66,434.74,12.762,0.52118,-0.23948,0.071965,4.0272,-9.8639e-16,4.9173e-16
1856.7,-132.6,434.73,12.769,0.52136,-0.24015,0.071874,4.0272,-9.8639e-16,4.9173e-16
1856.8,-132.55,434.72,12.777,0.52153,-0.2408,0.071777,4.0272,-9.8639e-16,4.9173e-16
1856.9,-132.49,434.7,12.784,0.52169,-0.24145,0.071676,4.0272,-9.8639e-16,4.9173e-16
1857,-132.44,434.69,12.791,0.52184,-0.2421,0.071571,4.0272,-9.8639e-16,4.9173e-16
1857.1,-132.38,434.68,12.798,0.52199,-0.24273,0.071461,4.0272,-9.8639e-16,4.9173e-16
1857.2,-132.32,434.67,12.805,0.52213,-0.24336,0.071347,4.0272,-9.8639e-16,4.9173e-16
1857.3,-132.27,434.66,12.812,0.52227,-0.24398,0.071229,4.0272,-9.8639e-16,4.9173e-16
1857.4,-132.21,434.65,12.819,0.52241,-0.24459,0.071107,4.0272,-9.8639e-16,4.9173e-16
1857.5,-132.15,434.64,12.827,0.52254,-0.2452,0.070981,4.0272,-9.8639e-16,4.9173e-16
1857.6,-132.1,434.63,12.834,0.52266,-0.2458,0.070852,4.0272,-9.8639e-16,4.9173e-16
1857.7,-132.04,434.62,12.841,0.52278,-0.24639,0.070719,4.0272,-9.8639e-16,4.9173e-16
1857.8,-131.98,434.61,12.848,0.5229,-0.24697,0.070583,4.0272,-9.8639e-16,4.9173e-16
1857.9,-131.93,434.6,12.855,0.52301,-0.24755,0.070444,4.0272,-9.8639e-16,4.9173e-16
1858,-131.87,434.59,12.862,0.52312,-0.24812,0.070301,4.0272,-9.8639e-16,4.9173e-16
1858.1,-131.81,434.58,12.869,0.52322,-0.24868,0.070156,4.0272,-9.8639e-16,4.9173e-16
1858.2,-131.75,434.57,12.876,0.52333,-0.24923,0.070008,4.0272,-9.8639e-16,4.9173e-16
1858.3,-131.7,434.57,12.883,0.52343,-0.24977,0.069858,4.0272,-9.8639e-16,4.9173e-16
1858.4,-131.64,434.56,12.89,0.52352,-0.25031,0.069705,4.0272,-9.8639e-16,4.9173e-16
1858.5,-131.58,434.55,12.897,0.52362,-0.25084,0.06955,4.0272,-9.8639e-16,4.9173e-16
1858.6,-131.52,434.55,12.904,0.52371,-0.25136,0.069393,4.0272,-9.8639e-16,4.9173e-16
1858.7,-131.47,434.54,12.911,0.5238,-0.25187,0.069234,4.0272,-9.8639e-16,4.9173e-16
1858.8,-131.41,434.53,12.918,0.52389,-0.25237,0.069073,4.0272,-9.8639e-16,4.9173e-16
1858.9,-131.35,434.53,12.924,0.52397,-0.25287,0.068911,4.0272,-9.8639e-16,4.9173e-16
1859,-131.29,434.52,12.931,0.52406,-0.25336,0.068747,4.0272,-9.8639e-16,4.9173e-16
1859.1,-131.23,434.52,12.938,0.52414,-0.25384,0.068582,4.0272,-9.8639e-16,4.9173e-16
1859.2,-131.18,434.51,12.945,0.52422,-0.25431,0.068416,4.0272,-9.8639e-16,4.9173e-16
1859.3,-131.12,434.51,12.952,0.5243,-0.25477,0.068248,4.0272,-9.8639e-16,4.9173e-16
1859.4,-131.06,434.51,12.959,0.52438,-0.25523,0.06808,4.0272,-9.8639e-16,4.9173e-16
1859.5,-131,434.5,12.966,0.52446,-0.25568,0.06791,4.0272,-9.8639e-16,4.9173e-16
1859.6,-130.94,434.5,12.972,0.52454,-0.25612,0.06774,4.0272,-9.8639e-16,4.9173e-16
1859.7,-130.88,434.5,12.979,0.52461,-0.25655,0.06757,4.0272,-9.8639e-16,4.9173e-16
1859.8,-130.83,434.49,12.986,0.52469,-0.25698,0.067399,4.0272,-9.8639e-16,4.9173e-16
1859.9,-130.77,434.49,12.993,0.52476,-0.2574,0.067228,4.0272,-9.8639e-16,4.9173e-16
1860,-130.71,434.49,12.999,0.52483,-0.25781,0.067056,4.0272,-9.8639e-16,4.9173e-16
1860.1,-130.65,434.49,13.006,0.52491,-0.25821,0.066885,9.4478,1.255,-0.61558
1860.2,-130.59,434.49,13.012,0.53723,-0.25317,0.049886,9.4478,1.255,-0.61558
1860.3,-130.53,434.49,13.016,0.54962,-0.24767,0.03371,9.4478,1.255,-0.61558
1860.4,-130.47,434.49,13.019,0.56204,-0.24171,0.017915,9.4478,1.255,-0.61558
1860.5,-130.41,434.5,13.02,0.57447,-0.23528,0.0020869,9.4478,1.255,-0.61558
1860.6,-130.35,434.5,13.019,0.58689,-0.22767,-0.013896,9.4478,1.255,-0.61558
1860.7,-130.28,434.51,13.017,0.59929,-0.2178,-0.029594,9.4478,1.255,-0.61558
1860.8,-130.22,434.51,13.013,0.61163,-0.20577,-0.044827,9.4478,1.255,-0.61558
1860.9,-130.16,434.52,13.008,0.62385,-0.19173,-0.059486,9.4478,1.255,-0.61558
1861,-130.09,434.53,13.001,0.63591,-0.17589,-0.073525,9.4478,1.255,-0.61558
1861.1,-130.03,434.54,12.993,0.64775,-0.15847,-0.086954,9.4478,1.255,-0.61558
1861.2,-129.96,434.56,12.984,0.65932,-0.13971,-0.099832,9.4478,1.255,-0.61558
1861.3,-129.89,434.57,12.973,0.67056,-0.11986,-0.11225,9.4478,1.255,-0.61558
1861.4,-129.83,434.59,12.961,0.68142,-0.099157,-0.12431,9.4478,1.255,-0.61558
1861.5,-129.76,434.61,12.948,0.69187,-0.077827,-0.13613,9.4478,1.255,-0.61558
1861.6,-129.69,434.63,12.934,0.70186,-0.056081,-0.14782,9.4478,1.255,-0.61558
1861.7,-129.63,434.65,12.919,0.71135,-0.034111,-0.15946,9.4478,1.255,-0.61558
1861.8,-129.56,434.67,12.902,0.72032,-0.012097,-0.17114,9.4478,1.255,-0.61558
1861.9,-129.49,434.69,12.885,0.72874,0.0098796,-0.18281,9.4478,1.255,-0.61558
1862,-129.42,434.72,12.866,0.73658,0.032298,-0.1938,9.4478,1.255,-0.61558
1862.1,-129.35,434.74,12.846,0.74379,0.055171,-0.20389,9.4478,1.255,-0.61558
1862.2,-129.28,434.77,12.825,0.75037,0.078385,-0.21305,9.4478,1.255,-0.61558
1862.3,-129.21,434.79,12.803,0.75628,0.10183,-0.22125,9.4478,1.255,-0.61558
1862.4,-129.14,434.82,12.781,0.76152,0.12539,-0.2285,9.4478,1.255,-0.61558
1862.5,-129.07,434.85,12.758,0.76607,0.14896,-0.23481,9.4478,1.255,-0.61558
1862.6,-128.99,434.88,12.734,0.76995,0.17246,-0.24021,9.4478,1.255,-0.61558
1862.7,-128.92,434.91,12.71,0.77317,0.19579,-0.24473,9.4478,1.255,-0.61558
1862.8,-128.85,434.94,12.685,0.77573,0.21888,-0.24843,9.4478,1.255,-0.61558
1862.9,-128.77,434.97,12.66,0.77767,0.24167,-0.25135,9.4478,1.255,-0.61558
1863,-128.69,435,12.635,0.779,0.26409,-0.25353,9.4478,1.255,-0.61558
1863.1,-128.62,435.04,12.609,0.77977,0.28611,-0.25502,9.4478,1.255,-0.61558
1863.2,-128.54,435.07,12.584,0.78001,0.30769,-0.25588,9.4478,1.255,-0.61558
1863.3,-128.46,435.1,12.558,0.77975,0.32879,-0.25613,9.4478,1.255,-0.61558
1863.4,-128.39,435.13,12.532,0.77902,0.3494,-0.25583,9.4478,1.255,-0.61558
1863.5,-128.31,435.16,12.507,0.77789,0.36951,-0.25501,9.4478,1.255,-0.61558
1863.6,-128.23,435.2,12.481,0.77637,0.38911,-0.25371,9.4478,1.255,-0.61558
1863.7,-128.14,435.23,12.456,0.77452,0.4082,-0.25196,9.4478,1.255,-0.61558
1863.8,-128.06,435.26,12.431,0.77237,0.42678,-0.2498,9.4478,1.255,-0.61558
1863.9,-127.98,435.29,12.406,0.76996,0.44485,-0.24726,9.4478,1.255,-0.61558
1864,-127.9,435.32,12.382,0.76734,0.46245,-0.24435,9.4478,1.255,-0.61558
1864.1,-127.81,435.36,12.357,0.76454,0.47957,-0.24111,9.4478,1.255,-0.61558
1864.2,-127.73,435.39,12.333,0.7616,0.49624,-0.23756,9.4478,1.255,-0.61558
1864.3,-127.64,435.42,12.31,0.75855,0.51249,-0.23372,9.4478,1.255,-0.61558
1864.4,-127.55,435.45,12.287,0.75543,0.52833,-0.2296,9.4478,1.255,-0.61558
1864.5,-127.47,435.48,12.264,0.75227,0.54379,-0.22522,9.4478,1.255,-0.61558
1864.6,-127.38,435.51,12.242,0.74911,0.55891,-0.22059,9.4478,1.255,-0.61558
1864.7,-127.29,435.53,12.22,0.74596,0.57372,-0.21572,9.4478,1.255,-0.61558
1864.8,-127.2,435.56,12.199,0.74287,0.58824,-0.21061,9.4478,1.255,-0.61558
1864.9,-127.11,435.59,12.178,0.73985,0.60251,-0.20528,9.4478,1.255,-0.61558
1865,-127.02,435.62,12.158,0.73694,0.61657,-0.19971,9.4478,1.255,-0.61558
1865.1,-126.92,435.65,12.138,0.73416,0.63045,-0.19392,9.4478,1.255,-0.61558
1865.2,-126.83,435.67,12.119,0.73153,0.6442,-0.18788,9.4478,1.255,-0.61558
1865.3,-126.74,435.7,12.1,0.72908,0.65786,-0.1816,9.4478,1.255,-0.61558
1865.4,-126.64,435.72,12.082,0.72684,0.67146,-0.17506,9.4478,1.255,-0.61558
1865.5,-126.54,435.75,12.065,0.72483,0.68506,-0.16823,9.4478,1.255,-0.61558
1865.6,-126.45,435.77,12.049,0.72307,0.6987,-0.1611,9.4478,1.255,-0.61558
1865.7,-126.35,435.8,12.033,0.7216,0.71244,-0.15364,9.4478,1.255,-0.61558
1865.8,-126.25,435.82,12.018,0.72044,0.72634,-0.1458,9.4478,1.255,-0.61558
1865.9,-126.15,435.85,12.004,0.71962,0.74045,-0.13753,9.4478,1.255,-0.61558
1866,-126.05,435.87,11.991,0.71919,0.75484,-0.12879,9.4478,1.255,-0.61558
1866.1,-125.95,435.9,11.978,0.71918,0.7696,-0.11948,9.4478,1.255,-0.61558
1866.2,-125.85,435.92,11.967,0.71964,0.7848,-0.10953,9.4478,1.255,-0.61558
1866.3,-125.74,435.95,11.956,0.72062,0.80056,-0.098799,9.4478,1.255,-0.61558
1866.4,-125.64,435.97,11.947,0.72219,0.81697,-0.087152,9.4478,1.255,-0.61558
1866.5,-125.53,435.99,11.939,0.72444,0.83419,-0.074389,9.4478,1.255,-0.61558
1866.6,-125.42,436.02,11.932,0.72747,0.85237,-0.060255,9.4478,1.255,-0.61558
1866.7,-125.31,436.05,11.927,0.7314,0.87171,-0.044406,9.4478,1.255,-0.61558
1866.8,-125.2,436.07,11.923,0.73641,0.89248,-0.026372,9.4478,1.255,-0.61558
1866.9,-125.09,436.1,11.922,0.74273,0.915,-0.0054872,9.4478,1.255,-0.61558
1867,-124.97,436.13,11.922,0.75062,0.93661,0.017929,9.4478,1.255,-0.61558
1867.1,-124.85,436.16,11.925,0.7602,0.95006,0.040472,9.4478,1.255,-0.61558
1867.2,-124.73,436.19,11.93,0.7713,0.95511,0.060432,9.4478,1.255,-0.61558
1867.3,-124.62,436.22,11.937,0.78359,0.95256,0.07676,9.4478,1.255,-0.61558
1867.4,-124.5,436.25,11.946,0.79666,0.94378,0.089016,9.4478,1.255,-0.61558
1867.5,-124.38,436.28,11.955,0.81008,0.93034,0.097272,9.4478,1.255,-0.61558
1867.6,-124.26,436.31,11.965,0.82346,0.9138,0.10193,9.4478,1.255,-0.61558
1867.7,-124.14,436.34,11.975,0.8365,0.89558,0.10353,9.4478,1.255,-0.61558
1867.8,-124.02,436.37,11.986,0.84897,0.87683,0.10269,9.4478,1.255,-0.61558
1867.9,-123.9,436.39,11.996,0.8607,0.85847,0.099931,9.4478,1.255,-0.61558
1868,-123.78,436.42,12.005,0.87162,0.84117,0.095745,9.4478,1.255,-0.61558
1868.1,-123.66,436.44,12.015,0.88166,0.82544,0.09052,9.4478,1.255,-0.61558
1868.2,-123.54,436.47,12.024,0.89084,0.81162,0.084574,9.4478,1.255,-0.61558
1868.3,-123.43,436.49,12.032,0.89915,0.79995,0.078163,9.4478,1.255,-0.61558
1868.4,-123.31,436.51,12.039,0.90664,0.79058,0.071493,9.4478,1.255,-0.61558
1868.5,-123.19,436.54,12.046,0.91334,0.78357,0.064734,9.4478,1.255,-0.61558
1868.6,-123.07,436.56,12.052,0.91931,0.77898,0.058031,9.4478,1.255,-0.61558
1868.7,-122.95,436.58,12.058,0.92459,0.7768,0.051514,9.4478,1.255,-0.61558
1868.8,-122.83,436.6,12.062,0.92925,0.77698,0.045306,9.4478,1.255,-0.61558
1868.9,-122.71,436.63,12.067,0.93334,0.77947,0.039525,9.4478,1.255,-0.61558
1869,-122.59,436.65,12.07,0.93691,0.78414,0.034291,9.4478,1.255,-0.61558
1869.1,-122.47,436.68,12.074,0.94004,0.79088,0.029723,9.4478,1.255,-0.61558
1869.2,-122.35,436.7,12.076,0.94279,0.79949,0.025941,9.4478,1.255,-0.61558
1869.3,-122.23,436.73,12.079,0.94522,0.80974,0.023058,9.4478,1.255,-0.61558
1869.4,-122.11,436.76,12.081,0.94743,0.82137,0.021174,9.4478,1.255,-0.61558
1869.5,-121.99,436.79,12.083,0.94948,0.83404,0.020367,9.4478,1.255,-0.61558
1869.6,-121.87,436.82,12.085,0.95146,0.84738,0.020683,9.4478,1.255,-0.61558
1869.7,-121.74,436.85,12.087,0.95347,0.86098,0.02212,9.4478,1.255,-0.61558
1869.8,-121.62,436.88,12.09,0.95558,0.87439,0.024625,2.0283,-4.968e-16,2.462e-16
1869.9,-121.49,436.92,12.093,0.94211,0.87828,0.044827,2.0283,-4.968e-16,2.462e-16
1870,-121.37,436.95,12.098,0.93063,0.87409,0.063665,2.0283,-4.968e-16,2.462e-16
1870.1,-121.25,436.99,12.106,0.92087,0.8624,0.080009,2.0283,-4.968e-16,2.462e-16
1870.2,-121.13,437.02,12.114,0.91249,0.8443,0.093217,2.0283,-4.968e-16,2.462e-16
1870.3,-121.01,437.06,12.124,0.90509,0.82118,0.10311,2.0283,-4.968e-16,2.462e-16
1870.4,-120.89,437.09,12.135,0.89835,0.79446,0.10987,2.0283,-4.968e-16,2.462e-16
1870.5,-120.78,437.13,12.146,0.89194,0.76545,0.11387,2.0283,-4.968e-16,2.462e-16
1870.6,-120.67,437.16,12.158,0.88566,0.73524,0.11557,2.0283,-4.968e-16,2.462e-16
1870.7,-120.56,437.19,12.169,0.87934,0.7047,0.11547,2.0283,-4.968e-16,2.462e-16
1870.8,-120.45,437.22,12.181,0.87287,0.67448,0.11397,2.0283,-4.968e-16,2.462e-16
1870.9,-120.35,437.25,12.192,0.8662,0.64505,0.11145,2.0283,-4.968e-16,2.462e-16
1871,-120.24,437.28,12.203,0.8593,0.61671,0.1082,2.0283,-4.968e-16,2.462e-16
1871.1,-120.14,437.31,12.214,0.85218,0.58965,0.10445,2.0283,-4.968e-16,2.462e-16
1871.2,-120.04,437.33,12.224,0.84484,0.56398,0.10039,2.0283,-4.968e-16,2.462e-16
1871.3,-119.95,437.36,12.234,0.83731,0.53975,0.096144,2.0283,-4.968e-16,2.462e-16
1871.4,-119.85,437.38,12.243,0.82963,0.51694,0.091813,2.0283,-4.968e-16,2.462e-16
1871.5,-119.76,437.4,12.252,0.82182,0.49553,0.087472,2.0283,-4.968e-16,2.462e-16
1871.6,-119.66,437.42,12.26,0.81391,0.47548,0.083171,2.0283,-4.968e-16,2.462e-16
1871.7,-119.57,437.44,12.269,0.80594,0.45672,0.078947,2.0283,-4.968e-16,2.462e-16
1871.8,-119.48,437.46,12.276,0.79793,0.43918,0.074823,2.0283,-4.968e-16,2.462e-16
1871.9,-119.39,437.48,12.284,0.7899,0.4228,0.070816,2.0283,-4.968e-16,2.462e-16
1872,-119.31,437.5,12.29,0.78189,0.40751,0.066934,2.0283,-4.968e-16,2.462e-16
1872.1,-119.22,437.52,12.297,0.7739,0.39324,0.06318,2.0283,-4.968e-16,2.462e-16
1872.2,-119.14,437.53,12.303,0.76596,0.37992,0.059557,2.0283,-4.968e-16,2.462e-16
1872.3,-119.05,437.55,12.309,0.75809,0.3675,0.056061,2.0283,-4.968e-16,2.462e-16
1872.4,-118.97,437.57,12.314,0.75029,0.35592,0.052691,2.0283,-4.968e-16,2.462e-16
1872.5,-118.89,437.58,12.319,0.74258,0.34512,0.04944,2.0283,-4.968e-16,2.462e-16
1872.6,-118.81,437.6,12.324,0.73496,0.33505,0.046304,2.0283,-4.968e-16,2.462e-16
1872.7,-118.73,437.61,12.329,0.72745,0.32567,0.043277,2.0283,-4.968e-16,2.462e-16
1872.8,-118.65,437.63,12.333,0.72005,0.31694,0.040353,2.0283,-4.968e-16,2.462e-16
1872.9,-118.58,437.64,12.337,0.71276,0.30881,0.037526,2.0283,-4.968e-16,2.462e-16
1873,-118.5,437.65,12.34,0.70559,0.30126,0.034791,2.0283,-4.968e-16,2.462e-16
1873.1,-118.42,437.67,12.344,0.69855,0.29424,0.03214,2.0283,-4.968e-16,2.462e-16
1873.2,-118.35,437.68,12.347,0.69163,0.28772,0.02957,2.0283,-4.968e-16,2.462e-16
1873.3,-118.28,437.69,12.35,0.68484,0.28169,0.027073,2.0283,-4.968e-16,2.462e-16
1873.4,-118.2,437.71,12.352,0.67817,0.2761,0.024646,2.0283,-4.968e-16,2.462e-16
1873.5,-118.13,437.72,12.355,0.67163,0.27095,0.022284,2.0283,-4.968e-16,2.462e-16
1873.6,-118.06,437.73,12.357,0.66522,0.2662,0.019981,2.0283,-4.968e-16,2.462e-16
1873.7,-117.99,437.74,12.359,0.65893,0.26184,0.017735,2.0283,-4.968e-16,2.462e-16
1873.8,-117.92,437.75,12.36,0.65277,0.25785,0.015541,2.0283,-4.968e-16,2.462e-16
1873.9,-117.85,437.77,12.362,0.64673,0.25421,0.013396,2.0283,-4.968e-16,2.462e-16
1874,-117.79,437.78,12.363,0.64082,0.25091,0.011297,2.0283,-4.968e-16,2.462e-16
1874.1,-117.72,437.79,12.364,0.63502,0.24793,0.0092414,2.0283,-4.968e-16,2.462e-16
1874.2,-117.65,437.8,12.365,0.62935,0.24527,0.0072261,2.0283,-4.968e-16,2.462e-16
1874.3,-117.58,437.81,12.365,0.62379,0.2429,0.0052495,2.0283,-4.968e-16,2.462e-16
1874.4,-117.52,437.82,12.366,0.61834,0.24082,0.0033099,2.0283,-4.968e-16,2.462e-16
1874.5,-117.45,437.84,12.366,0.613,0.23902,0.001406,2.0283,-4.968e-16,2.462e-16
1874.6,-117.39,437.85,12.366,0.60778,0.23748,-0.00046538,2.0283,-4.968e-16,2.462e-16
1874.7,-117.33,437.86,12.366,0.60266,0.23605,-0.0023538,2.0283,-4.968e-16,2.462e-16
1874.8,-117.26,437.87,12.366,0.59764,0.23467,-0.0042758,2.0283,-4.968e-16,2.462e-16
1874.9,-117.2,437.88,12.365,0.59272,0.23336,-0.0062264,2.0283,-4.968e-16,2.462e-16
1875,-117.14,437.89,12.364,0.58789,0.23209,-0.0082001,2.0283,-4.968e-16,2.462e-16
1875.1,-117.07,437.9,12.363,0.58316,0.23089,-0.010191,2.0283,-4.968e-16,2.462e-16
1875.2,-117.01,437.91,12.362,0.57852,0.22974,-0.012192,2.0283,-4.968e-16,2.462e-16
1875.3,-116.95,437.92,12.361,0.57396,0.22864,-0.014197,2.0283,-4.968e-16,2.462e-16
1875.4,-116.89,437.93,12.359,0.56948,0.2276,-0.016198,2.0283,-4.968e-16,2.462e-16
1875.5,-116.83,437.94,12.358,0.56509,0.22662,-0.018187,2.0283,-4.968e-16,2.462e-16
1875.6,-116.77,437.95,12.356,0.56077,0.22569,-0.020158,2.0283,-4.968e-16,2.462e-16
1875.7,-116.71,437.97,12.354,0.55653,0.22482,-0.022102,2.0283,-4.968e-16,2.462e-16
1875.8,-116.65,437.98,12.351,0.55237,0.224,-0.024013,2.0283,-4.968e-16,2.462e-16
1875.9,-116.59,437.99,12.349,0.54828,0.22322,-0.025883,2.0283,-4.968e-16,2.462e-16
1876,-116.54,438,12.346,0.54427,0.2225,-0.027704,2.0283,-4.968e-16,2.462e-16
1876.1,-116.48,438.01,12.343,0.54032,0.22182,-0.029471,2.0283,-4.968e-16,2.462e-16
1876.2,-116.42,438.01,12.34,0.53644,0.22119,-0.031178,2.0283,-4.968e-16,2.462e-16
1876.3,-116.36,438.02,12.337,0.53264,0.22059,-0.032819,2.0283,-4.968e-16,2.462e-16
1876.4,-116.31,438.03,12.334,0.5289,0.22004,-0.034388,2.0283,-4.968e-16,2.462e-16
1876.5,-116.25,438.04,12.33,0.52523,0.21952,-0.035883,2.0283,-4.968e-16,2.462e-16
1876.6,-116.19,438.05,12.327,0.52162,0.21903,-0.037299,2.0283,-4.968e-16,2.462e-16
1876.7,-116.14,438.06,12.323,0.51809,0.21858,-0.038633,2.0283,-4.968e-16,2.462e-16
1876.8,-116.08,438.07,12.319,0.51462,0.21814,-0.039883,2.0283,-4.968e-16,2.462e-16
1876.9,-116.03,438.08,12.315,0.51121,0.21774,-0.041048,2.0283,-4.968e-16,2.462e-16
1877,-115.97,438.09,12.311,0.50787,0.21735,-0.042127,2.0283,-4.968e-16,2.462e-16
1877.1,-115.92,438.09,12.306,0.50459,0.21697,-0.04312,2.0283,-4.968e-16,2.462e-16
1877.2,-115.87,438.1,12.302,0.50138,0.21662,-0.044027,2.0283,-4.968e-16,2.462e-16
1877.3,-115.81,438.11,12.298,0.49823,0.21627,-0.044848,2.0283,-4.968e-16,2.462e-16
1877.4,-115.76,438.12,12.293,0.49514,0.21593,-0.045586,2.0283,-4.968e-16,2.462e-16
1877.5,-115.7,438.12,12.288,0.49212,0.21559,-0.046241,2.0283,-4.968e-16,2.462e-16
1877.6,-115.65,438.13,12.284,0.48916,0.21526,-0.046817,2.0283,-4.968e-16,2.462e-16
1877.7,-115.6,438.14,12.279,0.48626,0.21493,-0.047315,2.0283,-4.968e-16,2.462e-16
1877.8,-115.55,438.15,12.274,0.48343,0.21459,-0.047738,2.0283,-4.968e-16,2.462e-16
1877.9,-115.49,438.15,12.27,0.48065,0.21425,-0.04809,2.0283,-4.968e-16,2.462e-16
1878,-115.44,438.16,12.265,0.47794,0.2139,-0.048373,2.0283,-4.968e-16,2.462e-16
1878.1,-115.39,438.16,12.26,0.47529,0.21355,-0.048591,2.0283,-4.968e-16,2.462e-16
1878.2,-115.34,438.17,12.255,0.4727,0.21318,-0.048747,2.0283,-4.968e-16,2.462e-16
1878.3,-115.29,438.18,12.25,0.47017,0.21281,-0.048845,2.0283,-4.968e-16,2.462e-16
1878.4,-115.24,438.18,12.245,0.46769,0.21242,-0.048887,2.0283,-4.968e-16,2.462e-16
1878.5,-115.18,438.19,12.24,0.46528,0.21201,-0.048878,2.0283,-4.968e-16,2.462e-16
1878.6,-115.13,438.19,12.236,0.46293,0.2116,-0.048821,2.0283,-4.968e-16,2.462e-16
1878.7,-115.08,438.2,12.231,0.46063,0.21116,-0.048719,2.0283,-4.968e-16,2.462e-16
1878.8,-115.03,438.2,12.226,0.45839,0.21071,-0.048576,2.0283,-4.968e-16,2.462e-16
1878.9,-114.98,438.21,12.221,0.4562,0.21024,-0.048394,2.0283,-4.968e-16,2.462e-16
1879,-114.93,438.21,12.216,0.45407,0.20976,-0.048178,2.0283,-4.968e-16,2.462e-16
1879.1,-114.88,438.21,12.211,0.45199,0.20925,-0.047929,2.0283,-4.968e-16,2.462e-16
1879.2,-114.83,438.22,12.207,0.44997,0.20873,-0.047651,2.0283,-4.968e-16,2.462e-16
1879.3,-114.78,438.22,12.202,0.448,0.20819,-0.047347,2.0283,-4.968e-16,2.462e-16
1879.4,-114.73,438.22,12.197,0.44608,0.20763,-0.047019,2.0283,-4.968e-16,2.462e-16
1879.5,-114.69,438.23,12.192,0.44422,0.20704,-0.04667,2.0283,-4.968e-16,2.462e-16
1879.6,-114.64,438.23,12.188,0.4424,0.20645,-0.046302,2.0283,-4.968e-16,2.462e-16
1879.7,-114.59,438.23,12.183,0.44063,0.20583,-0.045917,2.0283,-4.968e-16,2.462e-16
1879.8,-114.54,438.24,12.179,0.43891,0.20519,-0.045518,2.0283,-4.968e-16,2.462e-16
1879.9,-114.49,438.24,12.174,0.43724,0.20454,-0.045107,2.0283,-4.968e-16,2.462e-16
1880,-114.44,438.24,12.17,0.43562,0.20386,-0.044686,2.0283,-4.968e-16,2.462e-16
1880.1,-114.4,438.24,12.165,0.43404,0.20317,-0.044256,2.0283,-4.968e-16,2.462e-16
1880.2,-114.35,438.24,12.161,0.4325,0.20246,-0.043819,2.0283,-4.968e-16,2.462e-16
1880.3,-114.3,438.25,12.156,0.43101,0.20174,-0.043377,2.0283,-4.968e-16,2.462e-16
1880.4,-114.25,438.25,12.152,0.42956,0.201,-0.042932,2.0283,-4.968e-16,2.462e-16
1880.5,-114.2,438.25,12.148,0.42816,0.20024,-0.042484,2.0283,-4.968e-16,2.462e-16
1880.6,-114.16,438.25,12.143,0.42679,0.19946,-0.042035,2.0283,-4.968e-16,2.462e-16
1880.7,-114.11,438.25,12.139,0.42547,0.19867,-0.041586,2.0283,-4.968e-16,2.462e-16
1880.8,-114.06,438.25,12.135,0.42418,0.19787,-0.041139,2.0283,-4.968e-16,2.462e-16
1880.9,-114.02,438.25,12.131,0.42293,0.19705,-0.040693,2.0283,-4.968e-16,2.462e-16
1881,-113.97,438.25,12.127,0.42172,0.19622,-0.040252,2.0283,-4.968e-16,2.462e-16
1881.1,-113.92,438.25,12.123,0.42054,0.19537,-0.039814,2.0283,-4.968e-16,2.462e-16
1881.2,-113.88,438.25,12.119,0.4194,0.19451,-0.039382,2.0283,-4.968e-16,2.462e-16
1881.3,-113.83,438.25,12.115,0.4183,0.19364,-0.038956,3.3106,0.088535,-0.043426
1881.4,-113.79,438.25,12.111,0.42007,0.19315,-0.039773,3.3106,0.088535,-0.043426
1881.5,-113.74,438.25,12.107,0.4218,0.19269,-0.040614,3.3106,0.088535,-0.043426
1881.6,-113.69,438.24,12.103,0.42347,0.19228,-0.041475,3.3106,0.088535,-0.043426
1881.7,-113.65,438.24,12.099,0.4251,0.1919,-0.042355,3.3106,0.088535,-0.043426
1881.8,-113.6,438.24,12.095,0.42668,0.19156,-0.04325,3.3106,0.088535,-0.043426
1881.9,-113.55,438.24,12.09,0.42822,0.19126,-0.044157,3.3106,0.088535,-0.043426
1882,-113.51,438.23,12.086,0.4297,0.191,-0.045073,3.3106,0.088535,-0.043426
1882.1,-113.46,438.23,12.081,0.43114,0.19077,-0.045996,3.3106,0.088535,-0.043426
1882.2,-113.41,438.23,12.077,0.43254,0.19059,-0.046923,3.3106,0.088535,-0.043426
1882.3,-113.36,438.22,12.072,0.43389,0.19044,-0.047851,3.3106,0.088535,-0.043426
1882.4,-113.32,438.22,12.067,0.43519,0.19034,-0.048779,3.3106,0.088535,-0.043426
1882.5,-113.27,438.22,12.062,0.43646,0.19027,-0.049703,3.3106,0.088535,-0.043426
1882.6,-113.22,438.21,12.057,0.43768,0.19024,-0.050622,3.3106,0.088535,-0.043426
1882.7,-113.17,438.21,12.052,0.43886,0.19025,-0.051533,3.3106,0.088535,-0.043426
1882.8,-113.13,438.2,12.047,0.44,0.19029,-0.052434,3.3106,0.088535,-0.043426
1882.9,-113.08,438.2,12.041,0.4411,0.19038,-0.053323,3.3106,0.088535,-0.043426
1883,-113.03,438.19,12.036,0.44216,0.19049,-0.054199,3.3106,0.088535,-0.043426
1883.1,-112.98,438.18,12.031,0.44319,0.19065,-0.05506,3.3106,0.088535,-0.043426
1883.2,-112.94,438.18,12.025,0.44417,0.19083,-0.055905,3.3106,0.088535,-0.043426
1883.3,-112.89,438.17,12.019,0.44513,0.19105,-0.056732,3.3106,0.088535,-0.043426
1883.4,-112.84,438.16,12.014,0.44604,0.19131,-0.057539,3.3106,0.088535,-0.043426
1883.5,-112.79,438.16,12.008,0.44692,0.19159,-0.058327,3.3106,0.088535,-0.043426
1883.6,-112.74,438.15,12.002,0.44777,0.1919,-0.059093,3.3106,0.088535,-0.043426
1883.7,-112.7,438.14,11.996,0.44859,0.19225,-0.059836,3.3106,0.088535,-0.043426
1883.8,-112.65,438.13,11.99,0.44937,0.19262,-0.060557,3.3106,0.088535,-0.043426
1883.9,-112.6,438.12,11.984,0.45012,0.19302,-0.061255,3.3106,0.088535,-0.043426
1884,-112.55,438.12,11.978,0.45085,0.19344,-0.061928,3.3106,0.088535,-0.043426
1884.1,-112.5,438.11,11.972,0.45154,0.19389,-0.062577,3.3106,0.088535,-0.043426
1884.2,-112.46,438.1,11.965,0.45221,0.19436,-0.063202,3.3106,0.088535,-0.043426
1884.3,-112.41,438.09,11.959,0.45285,0.19485,-0.063801,3.3106,0.088535,-0.043426
1884.4,-112.36,438.08,11.953,0.45346,0.19537,-0.064375,3.3106,0.088535,-0.043426
1884.5,-112.31,438.07,11.946,0.45405,0.1959,-0.064925,3.3106,0.088535,-0.043426
1884.6,-112.26,438.06,11.94,0.45461,0.19645,-0.065449,3.3106,0.088535,-0.043426
1884.7,-112.21,438.05,11.933,0.45514,0.19702,-0.065948,3.3106,0.088535,-0.043426
1884.8,-112.17,438.03,11.926,0.45566,0.19761,-0.066423,3.3106,0.088535,-0.043426
1884.9,-112.12,438.02,11.92,0.45615,0.19821,-0.066873,3.3106,0.088535,-0.043426
1885,-112.07,438.01,11.913,0.45662,0.19882,-0.067298,3.3106,0.088535,-0.043426
1885.1,-112.02,438,11.906,0.45707,0.19944,-0.0677,3.3106,0.088535,-0.043426
1885.2,-111.97,437.99,11.9,0.4575,0.20008,-0.068079,3.3106,0.088535,-0.043426
1885.3,-111.92,437.97,11.893,0.45791,0.20073,-0.068434,3.3106,0.088535,-0.043426
1885.4,-111.88,437.96,11.886,0.4583,0.20138,-0.068767,3.3106,0.088535,-0.043426
1885.5,-111.83,437.95,11.879,0.45867,0.20205,-0.069078,3.3106,0.088535,-0.043426
1885.6,-111.78,437.93,11.872,0.45902,0.20272,-0.069368,3.3106,0.088535,-0.043426
1885.7,-111.73,437.92,11.865,0.45936,0.20339,-0.069636,3.3106,0.088535,-0.043426
1885.8,-111.68,437.91,11.858,0.45968,0.20408,-0.069884,3.3106,0.088535,-0.043426
1885.9,-111.63,437.89,11.851,0.45999,0.20476,-0.070112,3.3106,0.088535,-0.043426
1886,-111.59,437.88,11.844,0.46028,0.20545,-0.070321,3.3106,0.088535,-0.043426
1886.1,-111.54,437.86,11.837,0.46056,0.20615,-0.070511,3.3106,0.088535,-0.043426
1886.2,-111.49,437.85,11.83,0.46082,0.20684,-0.070683,3.3106,0.088535,-0.043426
1886.3,-111.44,437.83,11.823,0.46107,0.20754,-0.070838,3.3106,0.088535,-0.043426
1886.4,-111.39,437.81,11.816,0.46131,0.20823,-0.070976,3.3106,0.088535,-0.043426
1886.5,-111.35,437.8,11.809,0.46153,0.20893,-0.071097,3.3106,0.088535,-0.043426
1886.6,-111.3,437.78,11.802,0.46175,0.20962,-0.071203,3.3106,0.088535,-0.043426
1886.7,-111.25,437.76,11.794,0.46195,0.21032,-0.071294,3.3106,0.088535,-0.043426
1886.8,-111.2,437.75,11.787,0.46215,0.21101,-0.07137,3.3106,0.088535,-0.043426
1886.9,-111.15,437.73,11.78,0.46233,0.2117,-0.071432,3.3106,0.088535,-0.043426
1887,-111.11,437.71,11.773,0.4625,0.21238,-0.071481,3.3106,0.088535,-0.043426
1887.1,-111.06,437.69,11.766,0.46267,0.21306,-0.071517,3.3106,0.088535,-0.043426
1887.2,-111.01,437.67,11.759,0.46282,0.21374,-0.071541,3.3106,0.088535,-0.043426
1887.3,-110.96,437.66,11.752,0.46297,0.21441,-0.071553,3.3106,0.088535,-0.043426
1887.4,-110.92,437.64,11.744,0.46311,0.21508,-0.071554,3.3106,0.088535,-0.043426
1887.5,-110.87,437.62,11.737,0.46324,0.21575,-0.071545,3.3106,0.088535,-0.043426
1887.6,-110.82,437.6,11.73,0.46337,0.2164,-0.071525,3.3106,0.088535,-0.043426
1887.7,-110.78,437.58,11.723,0.46349,0.21706,-0.071495,3.3106,0.088535,-0.043426
1887.8,-110.73,437.56,11.716,0.4636,0.2177,-0.071457,3.3106,0.088535,-0.043426
1887.9,-110.68,437.54,11.709,0.46371,0.21834,-0.071409,3.3106,0.088535,-0.043426
1888,-110.64,437.52,11.702,0.46381,0.21897,-0.071354,3.3106,0.088535,-0.043426
1888.1,-110.59,437.49,11.694,0.46391,0.2196,-0.07129,3.3106,0.088535,-0.043426
1888.2,-110.54,437.47,11.687,0.464,0.22022,-0.071219,3.3106,0.088535,-0.043426
1888.3,-110.5,437.45,11.68,0.46409,0.22083,-0.071141,3.3106,0.088535,-0.043426
1888.4,-110.45,437.43,11.673,0.46417,0.22143,-0.071057,3.3106,0.088535,-0.043426
1888.5,-110.4,437.41,11.666,0.46425,0.22203,-0.070966,3.3106,0.088535,-0.043426
1888.6,-110.36,437.38,11.659,0.46432,0.22261,-0.070869,3.3106,0.088535,-0.043426
1888.7,-110.31,437.36,11.652,0.46439,0.22319,-0.070767,3.3106,0.088535,-0.043426
1888.8,-110.26,437.34,11.645,0.46446,0.22377,-0.07066,3.3106,0.088535,-0.043426
1888.9,-110.22,437.31,11.638,0.46453,0.22433,-0.070548,3.3106,0.088535,-0.043426
1889,-110.17,437.29,11.631,0.46459,0.22489,-0.070431,3.3106,0.088535,-0.043426
1889.1,-110.13,437.27,11.624,0.46465,0.22543,-0.07031,3.3106,0.088535,-0.043426
1889.2,-110.08,437.24,11.617,0.4647,0.22597,-0.070186,3.3106,0.088535,-0.043426
1889.3,-110.04,437.22,11.61,0.46476,0.2265,-0.070058,3.3106,0.088535,-0.043426
1889.4,-109.99,437.19,11.603,0.46481,0.22703,-0.069926,3.3106,0.088535,-0.043426
1889.5,-109.95,437.17,11.596,0.46486,0.22754,-0.069791,3.3106,0.088535,-0.043426
1889.6,-109.9,437.14,11.589,0.46491,0.22805,-0.069654,3.3106,0.088535,-0.043426
1889.7,-109.86,437.11,11.582,0.46496,0.22854,-0.069514,3.3106,0.088535,-0.043426
1889.8,-109.81,437.09,11.575,0.465,0.22903,-0.069372,0.96586,-2.3657e-16,1.1323e-16
1889.9,-109.77,437.06,11.568,0.45984,0.2291,-0.067966,0.96586,-2.3657e-16,1.1323e-16
1890,-109.72,437.04,11.561,0.45482,0.22908,-0.066497,0.96586,-2.3657e-16,1.1323e-16
1890.1,-109.68,437.01,11.554,0.44994,0.22897,-0.064975,0.96586,-2.3657e-16,1.1323e-16
1890.2,-109.64,436.98,11.548,0.4452,0.22877,-0.063407,0.96586,-2.3657e-16,1.1323e-16
1890.3,-109.59,436.96,11.542,0.4406,0.22848,-0.061803,0.96586,-2.3657e-16,1.1323e-16
1890.4,-109.55,436.93,11.536,0.43613,0.22811,-0.06017,0.96586,-2.3657e-16,1.1323e-16
1890.5,-109.51,436.91,11.53,0.4318,0.22765,-0.058513,0.96586,-2.3657e-16,1.1323e-16
1890.6,-109.47,436.88,11.524,0.42759,0.22712,-0.056839,0.96586,-2.3657e-16,1.1323e-16
1890.7,-109.43,436.85,11.518,0.42351,0.22652,-0.055153,0.96586,-2.3657e-16,1.1323e-16
1890.8,-109.39,436.83,11.513,0.41955,0.22584,-0.05346,0.96586,-2.3657e-16,1.1323e-16
1890.9,-109.35,436.8,11.508,0.41571,0.2251,-0.051764,0.96586,-2.3657e-16,1.1323e-16
1891,-109.31,436.78,11.503,0.41199,0.22429,-0.050069,0.96586,-2.3657e-16,1.1323e-16
1891.1,-109.27,436.75,11.498,0.40838,0.22342,-0.048377,0.96586,-2.3657e-16,1.1323e-16
1891.2,-109.23,436.73,11.493,0.40488,0.22248,-0.046693,0.96586,-2.3657e-16,1.1323e-16
1891.3,-109.19,436.7,11.488,0.40149,0.22149,-0.045017,0.96586,-2.3657e-16,1.1323e-16
1891.4,-109.15,436.68,11.484,0.3982,0.22045,-0.043354,0.96586,-2.3657e-16,1.1323e-16
1891.5,-109.11,436.65,11.48,0.39502,0.21935,-0.041704,0.96586,-2.3657e-16,1.1323e-16
1891.6,-109.08,436.63,11.476,0.39193,0.21821,-0.040069,0.96586,-2.3657e-16,1.1323e-16
1891.7,-109.04,436.61,11.472,0.38895,0.21702,-0.038452,0.96586,-2.3657e-16,1.1323e-16
1891.8,-109,436.58,11.468,0.38605,0.21578,-0.036852,0.96586,-2.3657e-16,1.1323e-16
1891.9,-108.97,436.56,11.464,0.38325,0.2145,-0.035271,0.96586,-2.3657e-16,1.1323e-16
1892,-108.93,436.53,11.461,0.38054,0.21318,-0.033711,0.96586,-2.3657e-16,1.1323e-16
1892.1,-108.89,436.51,11.458,0.37791,0.21182,-0.032171,0.96586,-2.3657e-16,1.1323e-16
1892.2,-108.86,436.48,11.454,0.37536,0.21043,-0.030653,0.96586,-2.3657e-16,1.1323e-16
1892.3,-108.82,436.46,11.451,0.3729,0.209,-0.029157,0.96586,-2.3657e-16,1.1323e-16
1892.4,-108.79,436.43,11.449,0.37051,0.20754,-0.027683,0.96586,-2.3657e-16,1.1323e-16
1892.5,-108.75,436.41,11.446,0.3682,0.20605,-0.026232,0.96586,-2.3657e-16,1.1323e-16
1892.6,-108.72,436.39,11.443,0.36597,0.20453,-0.024804,0.96586,-2.3657e-16,1.1323e-16
1892.7,-108.68,436.36,11.441,0.3638,0.20298,-0.023399,0.96586,-2.3657e-16,1.1323e-16
1892.8,-108.65,436.34,11.439,0.3617,0.2014,-0.022017,0.96586,-2.3657e-16,1.1323e-16
1892.9,-108.62,436.31,11.437,0.35967,0.1998,-0.020658,0.96586,-2.3657e-16,1.1323e-16
1893,-108.58,436.29,11.435,0.35771,0.19818,-0.019321,0.96586,-2.3657e-16,1.1323e-16
1893.1,-108.55,436.27,11.433,0.3558,0.19654,-0.018008,0.96586,-2.3657e-16,1.1323e-16
1893.2,-108.52,436.24,11.431,0.35396,0.19487,-0.016717,0.96586,-2.3657e-16,1.1323e-16
1893.3,-108.48,436.22,11.429,0.35218,0.19318,-0.015449,0.96586,-2.3657e-16,1.1323e-16
1893.4,-108.45,436.19,11.428,0.35045,0.19148,-0.014203,0.96586,-2.3657e-16,1.1323e-16
1893.5,-108.42,436.17,11.426,0.34878,0.18976,-0.012979,0.96586,-2.3657e-16,1.1323e-16
1893.6,-108.39,436.15,11.425,0.34716,0.18802,-0.011776,0.96586,-2.3657e-16,1.1323e-16
1893.7,-108.36,436.12,11.424,0.34559,0.18627,-0.010595,0.96586,-2.3657e-16,1.1323e-16
1893.8,-108.33,436.1,11.423,0.34407,0.1845,-0.0094345,0.96586,-2.3657e-16,1.1323e-16
1893.9,-108.3,436.08,11.422,0.3426,0.18272,-0.0082945,0.96586,-2.3657e-16,1.1323e-16
1894,-108.26,436.05,11.421,0.34117,0.18092,-0.0071745,0.96586,-2.3657e-16,1.1323e-16
1894.1,-108.23,436.03,11.421,0.33979,0.17912,-0.006074,0.96586,-2.3657e-16,1.1323e-16
1894.2,-108.2,436,11.42,0.33845,0.1773,-0.0049927,0.96586,-2.3657e-16,1.1323e-16
1894.3,-108.17,435.98,11.42,0.33716,0.17547,-0.0039301,0.96586,-2.3657e-16,1.1323e-16
1894.4,-108.14,435.96,11.419,0.3359,0.17363,-0.0028855,0.96586,-2.3657e-16,1.1323e-16
1894.5,-108.11,435.93,11.419,0.33469,0.17178,-0.0018586,0.96586,-2.3657e-16,1.1323e-16
1894.6,-108.09,435.91,11.419,0.33351,0.16992,-0.00084877,0.96586,-2.3657e-16,1.1323e-16
1894.7,-108.06,435.89,11.419,0.33236,0.16806,0.00014422,0.96586,-2.3657e-16,1.1323e-16
1894.8,-108.03,435.86,11.419,0.33126,0.16613,0.0011031,0.96586,-2.3657e-16,1.1323e-16
1894.9,-108,435.84,11.419,0.33018,0.16413,0.0020163,0.96586,-2.3657e-16,1.1323e-16
1895,-107.97,435.82,11.42,0.32914,0.16206,0.0028824,0.96586,-2.3657e-16,1.1323e-16
1895.1,-107.94,435.79,11.42,0.32812,0.15992,0.0037007,0.96586,-2.3657e-16,1.1323e-16
1895.2,-107.91,435.77,11.42,0.32714,0.15772,0.0044705,0.96586,-2.3657e-16,1.1323e-16
1895.3,-107.89,435.75,11.421,0.32618,0.15546,0.0051917,0.96586,-2.3657e-16,1.1323e-16
1895.4,-107.86,435.72,11.421,0.32525,0.15316,0.0058647,0.96586,-2.3657e-16,1.1323e-16
1895.5,-107.83,435.7,11.422,0.32434,0.15082,0.0064899,0.96586,-2.3657e-16,1.1323e-16
1895.6,-107.8,435.68,11.423,0.32345,0.14845,0.0070681,0.96586,-2.3657e-16,1.1323e-16
1895.7,-107.78,435.65,11.423,0.32259,0.14604,0.0076003,0.96586,-2.3657e-16,1.1323e-16
1895.8,-107.75,435.63,11.424,0.32174,0.14362,0.0080879,0.96586,-2.3657e-16,1.1323e-16
1895.9,-107.73,435.61,11.425,0.32092,0.14117,0.0085321,0.96586,-2.3657e-16,1.1323e-16
1896,-107.7,435.58,11.426,0.32011,0.13872,0.0089346,0.96586,-2.3657e-16,1.1323e-16
1896.1,-107.67,435.56,11.427,0.31932,0.13625,0.009297,0.96586,-2.3657e-16,1.1323e-16
1896.2,-107.65,435.54,11.428,0.31854,0.13378,0.0096209,0.96586,-2.3657e-16,1.1323e-16
1896.3,-107.62,435.51,11.429,0.31778,0.13132,0.0099081,0.96586,-2.3657e-16,1.1323e-16
1896.4,-107.6,435.49,11.43,0.31704,0.12886,0.010161,0.96586,-2.3657e-16,1.1323e-16
1896.5,-107.57,435.47,11.431,0.3163,0.12641,0.01038,0.96586,-2.3657e-16,1.1323e-16
1896.6,-107.55,435.44,11.432,0.31558,0.12397,0.010568,0.96586,-2.3657e-16,1.1323e-16
1896.7,-107.52,435.42,11.433,0.31487,0.12154,0.010727,0.96586,-2.3657e-16,1.1323e-16
1896.8,-107.5,435.4,11.434,0.31418,0.11913,0.010858,0.96586,-2.3657e-16,1.1323e-16
1896.9,-107.47,435.37,11.435,0.31349,0.11675,0.010963,0.96586,-2.3657e-16,1.1323e-16
1897,-107.45,435.35,11.436,0.31281,0.11438,0.011044,0.96586,-2.3657e-16,1.1323e-16
1897.1,-107.43,435.33,11.437,0.31215,0.11204,0.011102,0.96586,-2.3657e-16,1.1323e-16
1897.2,-107.4,435.3,11.438,0.31149,0.10973,0.01114,0.96586,-2.3657e-16,1.1323e-16
1897.3,-107.38,435.28,11.439,0.31084,0.10745,0.011157,0.96586,-2.3657e-16,1.1323e-16
1897.4,-107.36,435.26,11.44,0.31021,0.1052,0.011157,0.96586,-2.3657e-16,1.1323e-16
1897.5,-107.34,435.23,11.442,0.30958,0.10297,0.01114,0.96586,-2.3657e-16,1.1323e-16
1897.6,-107.31,435.21,11.443,0.30895,0.10078,0.011108,0.96586,-2.3657e-16,1.1323e-16
1897.7,-107.29,435.19,11.444,0.30834,0.098626,0.011061,0.96586,-2.3657e-16,1.1323e-16
1897.8,-107.27,435.16,11.445,0.30773,0.096503,0.011002,0.96586,-2.3657e-16,1.1323e-16
1897.9,-107.25,435.14,11.446,0.30714,0.094414,0.01093,0.96586,-2.3657e-16,1.1323e-16
1898,-107.22,435.12,11.447,0.30654,0.092361,0.010848,0.96586,-2.3657e-16,1.1323e-16
1898.1,-107.2,435.09,11.448,0.30596,0.090343,0.010756,0.96586,-2.3657e-16,1.1323e-16
1898.2,-107.18,435.07,11.449,0.30538,0.08836,0.010656,0.96586,-2.3657e-16,1.1323e-16
1898.3,-107.16,435.05,11.45,0.30481,0.086414,0.010547,0.96586,-2.3657e-16,1.1323e-16
1898.4,-107.14,435.02,11.451,0.30425,0.084504,0.010431,0.96586,-2.3657e-16,1.1323e-16
1898.5,-107.12,435,11.452,0.30369,0.08263,0.010308,0.96586,-2.3657e-16,1.1323e-16
1898.6,-107.1,434.97,11.453,0.30314,0.080792,0.01018,0.96586,-2.3657e-16,1.1323e-16
1898.7,-107.08,434.95,11.454,0.3026,0.07899,0.010047,0.96586,-2.3657e-16,1.1323e-16
1898.8,-107.06,434.93,11.455,0.30206,0.077224,0.0099096,0.96586,-2.3657e-16,1.1323e-16
1898.9,-107.04,434.9,11.456,0.30153,0.075493,0.0097682,0.96586,-2.3657e-16,1.1323e-16
1899,-107.02,434.88,11.457,0.30101,0.073798,0.0096234,0.96586,-2.3657e-16,1.1323e-16
1899.1,-107,434.86,11.458,0.30049,0.072138,0.0094758,0.96586,-2.3657e-16,1.1323e-16
1899.2,-106.98,434.83,11.459,0.29998,0.070512,0.0093258,0.96586,-2.3657e-16,1.1323e-16
1899.3,-106.96,434.81,11.46,0.29947,0.068921,0.0091738,0.96586,-2.3657e-16,1.1323e-16
1899.4,-106.94,434.79,11.461,0.29897,0.067363,0.0090203,0.96586,-2.3657e-16,1.1323e-16
1899.5,-106.92,434.76,11.462,0.29848,0.065839,0.0088655,0.96586,-2.3657e-16,1.1323e-16
1899.6,-106.9,434.74,11.463,0.29799,0.064348,0.0087098,0.96586,-2.3657e-16,1.1323e-16
1899.7,-106.88,434.71,11.464,0.29751,0.06289,0.0085535,0.96586,-2.3657e-16,1.1323e-16
1899.8,-106.86,434.69,11.465,0.29703,0.061463,0.008397,0.96586,-2.3657e-16,1.1323e-16
1899.9,-106.84,434.67,11.465,0.29656,0.060068,0.0082403,0.96586,-2.3657e-16,1.1323e-16
1900,-106.82,434.64,11.466,0.2961,0.058704,0.0080838,0.96586,-2.3657e-16,1.1323e-16
1900.1,-106.8,434.62,11.467,0.29564,0.05737,0.0079277,0.94838,0.086319,-0.042339
1900.2,-106.79,434.6,11.468,0.29515,0.056454,0.0065836,0.94838,0.086319,-0.042339
1900.3,-106.77,434.57,11.468,0.29465,0.055623,0.0052548,0.94838,0.086319,-0.042339
1900.4,-106.75,434.55,11.469,0.29416,0.054875,0.0039388,0.94838,0.086319,-0.042339
1900.5,-106.73,434.52,11.469,0.29367,0.054207,0.0026334,0.94838,0.086319,-0.042339
1900.6,-106.71,434.5,11.469,0.29318,0.053616,0.0013362,0.94838,0.086319,-0.042339
1900.7,-106.69,434.48,11.469,0.29269,0.053099,4.528e-05,0.94838,0.086319,-0.042339
1900.8,-106.68,434.45,11.469,0.2922,0.052641,-0.0012461,0.94838,0.086319,-0.042339
1900.9,-106.66,434.43,11.469,0.29172,0.052222,-0.0025423,0.94838,0.086319,-0.042339
1901,-106.64,434.41,11.469,0.29123,0.051843,-0.0038408,0.94838,0.086319,-0.042339
1901.1,-106.62,434.38,11.468,0.29075,0.051504,-0.005139,0.94838,0.086319,-0.042339
1901.2,-106.61,434.36,11.468,0.29027,0.051204,-0.0064344,0.94838,0.086319,-0.042339
1901.3,-106.59,434.34,11.467,0.2898,0.050943,-0.0077245,0.94838,0.086319,-0.042339
1901.4,-106.57,434.31,11.466,0.28932,0.05072,-0.0090068,0.94838,0.086319,-0.042339
1901.5,-106.55,434.29,11.465,0.28885,0.050535,-0.010279,0.94838,0.086319,-0.042339
1901.6,-106.53,434.27,11.464,0.28838,0.050387,-0.011538,0.94838,0.086319,-0.042339
1901.7,-106.52,434.24,11.463,0.28791,0.050275,-0.012783,0.94838,0.086319,-0.042339
1901.8,-106.5,434.22,11.462,0.28745,0.050198,-0.01401,0.94838,0.086319,-0.042339
1901.9,-106.48,434.19,11.46,0.28698,0.050156,-0.015218,0.94838,0.086319,-0.042339
1902,-106.46,434.17,11.459,0.28652,0.050147,-0.016406,0.94838,0.086319,-0.042339
1902.1,-106.45,434.15,11.457,0.28607,0.050171,-0.01757,0.94838,0.086319,-0.042339
1902.2,-106.43,434.12,11.455,0.28561,0.050226,-0.01871,0.94838,0.086319,-0.042339
1902.3,-106.41,434.1,11.453,0.28516,0.050311,-0.019823,0.94838,0.086319,-0.042339
1902.4,-106.4,434.08,11.451,0.28471,0.050426,-0.020909,0.94838,0.086319,-0.042339
1902.5,-106.38,434.05,11.449,0.28426,0.050568,-0.021967,0.94838,0.086319,-0.042339
1902.6,-106.36,434.03,11.447,0.28381,0.050736,-0.022995,0.94838,0.086319,-0.042339
1902.7,-106.35,434.01,11.444,0.28337,0.05093,-0.023992,0.94838,0.086319,-0.042339
1902.8,-106.33,433.98,11.442,0.28293,0.051148,-0.024957,0.94838,0.086319,-0.042339
1902.9,-106.31,433.96,11.439,0.28249,0.051388,-0.025891,0.94838,0.086319,-0.042339
1903,-106.29,433.94,11.437,0.28206,0.051649,-0.026792,0.94838,0.086319,-0.042339
1903.1,-106.28,433.91,11.434,0.28163,0.051931,-0.027661,0.94838,0.086319,-0.042339
1903.2,-106.26,433.89,11.431,0.2812,0.052231,-0.028496,0.94838,0.086319,-0.042339
1903.3,-106.25,433.87,11.428,0.28077,0.052548,-0.029298,0.94838,0.086319,-0.042339
1903.4,-106.23,433.85,11.425,0.28034,0.052881,-0.030068,0.94838,0.086319,-0.042339
1903.5,-106.21,433.82,11.422,0.27992,0.053229,-0.030804,0.94838,0.086319,-0.042339
1903.6,-106.2,433.8,11.419,0.2795,0.053591,-0.031508,0.94838,0.086319,-0.042339
1903.7,-106.18,433.78,11.416,0.27909,0.053964,-0.03218,0.94838,0.086319,-0.042339
1903.8,-106.16,433.75,11.413,0.27867,0.054349,-0.03282,0.94838,0.086319,-0.042339
1903.9,-106.15,433.73,11.41,0.27826,0.054744,-0.033429,0.94838,0.086319,-0.042339
1904,-106.13,433.71,11.406,0.27785,0.055147,-0.034007,0.94838,0.086319,-0.042339
1904.1,-106.11,433.68,11.403,0.27745,0.055558,-0.034555,0.94838,0.086319,-0.042339
1904.2,-106.1,433.66,11.399,0.27705,0.055975,-0.035074,0.94838,0.086319,-0.042339
1904.3,-106.08,433.64,11.396,0.27664,0.056399,-0.035564,0.94838,0.086319,-0.042339
1904.4,-106.07,433.61,11.392,0.27625,0.056826,-0.036026,0.94838,0.086319,-0.042339
1904.5,-106.05,433.59,11.388,0.27585,0.057258,-0.036462,0.94838,0.086319,-0.042339
1904.6,-106.03,433.57,11.385,0.27546,0.057692,-0.036871,0.94838,0.086319,-0.042339
1904.7,-106.02,433.54,11.381,0.27507,0.058129,-0.037255,0.94838,0.086319,-0.042339
1904.8,-106,433.52,11.377,0.27469,0.058566,-0.037614,0.94838,0.086319,-0.042339
1904.9,-105.99,433.5,11.374,0.2743,0.059004,-0.03795,0.94838,0.086319,-0.042339
1905,-105.97,433.47,11.37,0.27392,0.059442,-0.038264,0.94838,0.086319,-0.042339
1905.1,-105.96,433.45,11.366,0.27355,0.059879,-0.038555,0.94838,0.086319,-0.042339
1905.2,-105.94,433.43,11.362,0.27317,0.060314,-0.038825,0.94838,0.086319,-0.042339
1905.3,-105.93,433.4,11.358,0.2728,0.060747,-0.039076,0.94838,0.086319,-0.042339
1905.4,-105.91,433.38,11.354,0.27243,0.061177,-0.039307,0.94838,0.086319,-0.042339
1905.5,-105.9,433.36,11.35,0.27207,0.061604,-0.039519,0.94838,0.086319,-0.042339
1905.6,-105.88,433.33,11.346,0.27171,0.062028,-0.039714,0.94838,0.086319,-0.042339
1905.7,-105.86,433.31,11.342,0.27135,0.062447,-0.039893,0.94838,0.086319,-0.042339
1905.8,-105.85,433.29,11.338,0.27099,0.062862,-0.040055,0.94838,0.086319,-0.042339
1905.9,-105.83,433.26,11.334,0.27064,0.063272,-0.040202,0.94838,0.086319,-0.042339
1906,-105.82,433.24,11.33,0.27029,0.063677,-0.040334,0.94838,0.086319,-0.042339
1906.1,-105.81,433.22,11.326,0.26995,0.064077,-0.040453,0.94838,0.086319,-0.042339
1906.2,-105.79,433.19,11.322,0.2696,0.06447,-0.040558,0.94838,0.086319,-0.042339
1906.3,-105.78,433.17,11.318,0.26926,0.064858,-0.040651,0.94838,0.086319,-0.042339
1906.4,-105.76,433.14,11.314,0.26893,0.065239,-0.040732,0.94838,0.086319,-0.042339
1906.5,-105.75,433.12,11.31,0.2686,0.065614,-0.040802,0.94838,0.086319,-0.042339
1906.6,-105.73,433.1,11.306,0.26827,0.065982,-0.040862,0.94838,0.086319,-0.042339
1906.7,-105.72,433.07,11.302,0.26794,0.066343,-0.040911,0.94838,0.086319,-0.042339
1906.8,-105.7,433.05,11.298,0.26762,0.066698,-0.040952,0.94838,0.086319,-0.042339
1906.9,-105.69,433.03,11.294,0.2673,0.067045,-0.040983,0.94838,0.086319,-0.042339
1907,-105.67,433,11.29,0.26698,0.067386,-0.041006,0.94838,0.086319,-0.042339
1907.1,-105.66,432.98,11.285,0.26667,0.067719,-0.041021,2.5839,-6.3287e-16,3.0153e-16
1907.2,-105.65,432.96,11.281,0.27002,0.067683,-0.039887,2.5839,-6.3287e-16,3.0153e-16
1907.3,-105.63,432.93,11.277,0.27333,0.067633,-0.03885,2.5839,-6.3287e-16,3.0153e-16
1907.4,-105.62,432.91,11.274,0.27659,0.067571,-0.037902,2.5839,-6.3287e-16,3.0153e-16
1907.5,-105.6,432.88,11.27,0.27981,0.0675,-0.037036,2.5839,-6.3287e-16,3.0153e-16
1907.6,-105.59,432.86,11.266,0.28298,0.067421,-0.036245,2.5839,-6.3287e-16,3.0153e-16
1907.7,-105.58,432.83,11.263,0.28611,0.067336,-0.035525,2.5839,-6.3287e-16,3.0153e-16
1907.8,-105.56,432.81,11.259,0.28919,0.067246,-0.03487,2.5839,-6.3287e-16,3.0153e-16
1907.9,-105.55,432.78,11.256,0.29222,0.067152,-0.034276,2.5839,-6.3287e-16,3.0153e-16
1908,-105.53,432.75,11.252,0.29521,0.067056,-0.033739,2.5839,-6.3287e-16,3.0153e-16
1908.1,-105.52,432.73,11.249,0.29816,0.066958,-0.033254,2.5839,-6.3287e-16,3.0153e-16
1908.2,-105.51,432.7,11.246,0.30105,0.066861,-0.032819,2.5839,-6.3287e-16,3.0153e-16
1908.3,-105.49,432.67,11.242,0.30391,0.066764,-0.032431,2.5839,-6.3287e-16,3.0153e-16
1908.4,-105.48,432.64,11.239,0.30671,0.066669,-0.032087,2.5839,-6.3287e-16,3.0153e-16
1908.5,-105.46,432.61,11.236,0.30948,0.066577,-0.031785,2.5839,-6.3287e-16,3.0153e-16
1908.6,-105.45,432.59,11.233,0.3122,0.066489,-0.031521,2.5839,-6.3287e-16,3.0153e-16
1908.7,-105.44,432.56,11.23,0.31487,0.066405,-0.031294,2.5839,-6.3287e-16,3.0153e-16
1908.8,-105.42,432.53,11.227,0.3175,0.066326,-0.031102,2.5839,-6.3287e-16,3.0153e-16
1908.9,-105.41,432.5,11.223,0.32008,0.066253,-0.030943,2.5839,-6.3287e-16,3.0153e-16
1909,-105.4,432.47,11.22,0.32263,0.066186,-0.030816,2.5839,-6.3287e-16,3.0153e-16
1909.1,-105.38,432.44,11.217,0.32512,0.066127,-0.030718,2.5839,-6.3287e-16,3.0153e-16
1909.2,-105.37,432.41,11.214,0.32758,0.066076,-0.030649,2.5839,-6.3287e-16,3.0153e-16
1909.3,-105.35,432.38,11.211,0.32999,0.066032,-0.030607,2.5839,-6.3287e-16,3.0153e-16
1909.4,-105.34,432.35,11.208,0.33236,0.065998,-0.03059,2.5839,-6.3287e-16,3.0153e-16
1909.5,-105.33,432.31,11.205,0.33469,0.065973,-0.030598,2.5839,-6.3287e-16,3.0153e-16
1909.6,-105.31,432.28,11.202,0.33697,0.065958,-0.03063,2.5839,-6.3287e-16,3.0153e-16
1909.7,-105.3,432.25,11.199,0.33922,0.065953,-0.030683,2.5839,-6.3287e-16,3.0153e-16
1909.8,-105.29,432.22,11.196,0.34142,0.065959,-0.030758,2.5839,-6.3287e-16,3.0153e-16
1909.9,-105.27,432.19,11.193,0.34358,0.065977,-0.030854,2.5839,-6.3287e-16,3.0153e-16
1910,-105.26,432.15,11.19,0.34571,0.066005,-0.030968,2.5839,-6.3287e-16,3.0153e-16
1910.1,-105.25,432.12,11.187,0.34779,0.066046,-0.031102,2.5839,-6.3287e-16,3.0153e-16
1910.2,-105.24,432.09,11.183,0.34983,0.0661,-0.031253,2.5839,-6.3287e-16,3.0153e-16
1910.3,-105.22,432.06,11.18,0.35184,0.066165,-0.031421,2.5839,-6.3287e-16,3.0153e-16
1910.4,-105.21,432.02,11.177,0.3538,0.066244,-0.031605,2.5839,-6.3287e-16,3.0153e-16
1910.5,-105.2,431.99,11.174,0.35573,0.066336,-0.031805,2.5839,-6.3287e-16,3.0153e-16
1910.6,-105.18,431.95,11.171,0.35762,0.066442,-0.03202,2.5839,-6.3287e-16,3.0153e-16
1910.7,-105.17,431.92,11.168,0.35947,0.066562,-0.032248,2.5839,-6.3287e-16,3.0153e-16
1910.8,-105.16,431.89,11.164,0.36129,0.066695,-0.032491,2.5839,-6.3287e-16,3.0153e-16
1910.9,-105.15,431.85,11.161,0.36307,0.066843,-0.032746,2.5839,-6.3287e-16,3.0153e-16
1911,-105.13,431.82,11.158,0.36481,0.067005,-0.033013,2.5839,-6.3287e-16,3.0153e-16
1911.1,-105.12,431.78,11.154,0.36652,0.067181,-0.033292,2.5839,-6.3287e-16,3.0153e-16
1911.2,-105.11,431.75,11.151,0.3682,0.067372,-0.033582,2.5839,-6.3287e-16,3.0153e-16
1911.3,-105.1,431.71,11.148,0.36984,0.067578,-0.033883,2.5839,-6.3287e-16,3.0153e-16
1911.4,-105.08,431.68,11.144,0.37144,0.067799,-0.034193,2.5839,-6.3287e-16,3.0153e-16
1911.5,-105.07,431.64,11.141,0.37301,0.068036,-0.034513,2.5839,-6.3287e-16,3.0153e-16
1911.6,-105.06,431.6,11.137,0.37455,0.068287,-0.034841,2.5839,-6.3287e-16,3.0153e-16
1911.7,-105.05,431.57,11.134,0.37606,0.068553,-0.035178,2.5839,-6.3287e-16,3.0153e-16
1911.8,-105.04,431.53,11.13,0.37753,0.068835,-0.035523,2.5839,-6.3287e-16,3.0153e-16
1911.9,-105.02,431.49,11.127,0.37898,0.069131,-0.035875,2.5839,-6.3287e-16,3.0153e-16
1912,-105.01,431.46,11.123,0.38039,0.069443,-0.036234,2.5839,-6.3287e-16,3.0153e-16
1912.1,-105,431.42,11.12,0.38177,0.069771,-0.036599,2.5839,-6.3287e-16,3.0153e-16
1912.2,-104.99,431.38,11.116,0.38312,0.070113,-0.03697,2.5839,-6.3287e-16,3.0153e-16
1912.3,-104.98,431.35,11.112,0.38444,0.07047,-0.037347,2.5839,-6.3287e-16,3.0153e-16
1912.4,-104.97,431.31,11.108,0.38573,0.070843,-0.037728,2.5839,-6.3287e-16,3.0153e-16
1912.5,-104.95,431.27,11.105,0.38699,0.07123,-0.038114,2.5839,-6.3287e-16,3.0153e-16
1912.6,-104.94,431.23,11.101,0.38822,0.071633,-0.038503,2.5839,-6.3287e-16,3.0153e-16
1912.7,-104.93,431.2,11.097,0.38942,0.07205,-0.038896,2.5839,-6.3287e-16,3.0153e-16
1912.8,-104.92,431.16,11.093,0.3906,0.072481,-0.039292,2.5839,-6.3287e-16,3.0153e-16
1912.9,-104.91,431.12,11.089,0.39175,0.072927,-0.039691,2.5839,-6.3287e-16,3.0153e-16
1913,-104.9,431.08,11.085,0.39287,0.073387,-0.040092,2.5839,-6.3287e-16,3.0153e-16
1913.1,-104.89,431.04,11.081,0.39396,0.073861,-0.040494,2.5839,-6.3287e-16,3.0153e-16
1913.2,-104.88,431,11.077,0.39503,0.074349,-0.040898,2.5839,-6.3287e-16,3.0153e-16
1913.3,-104.87,430.96,11.073,0.39607,0.074851,-0.041303,2.5839,-6.3287e-16,3.0153e-16
1913.4,-104.86,430.93,11.069,0.39709,0.075366,-0.041708,2.5839,-6.3287e-16,3.0153e-16
1913.5,-104.85,430.89,11.065,0.39808,0.075894,-0.042114,2.5839,-6.3287e-16,3.0153e-16
1913.6,-104.84,430.85,11.06,0.39905,0.076435,-0.042519,2.5839,-6.3287e-16,3.0153e-16
1913.7,-104.83,430.81,11.056,0.39999,0.076989,-0.042923,2.5839,-6.3287e-16,3.0153e-16
1913.8,-104.82,430.77,11.052,0.40091,0.077555,-0.043326,2.5839,-6.3287e-16,3.0153e-16
1913.9,-104.81,430.73,11.047,0.4018,0.078133,-0.043728,2.5839,-6.3287e-16,3.0153e-16
1914,-104.8,430.69,11.043,0.40268,0.078723,-0.044128,2.5839,-6.3287e-16,3.0153e-16
1914.1,-104.79,430.65,11.039,0.40352,0.079324,-0.044526,2.5839,-6.3287e-16,3.0153e-16
1914.2,-104.78,430.61,11.034,0.40435,0.079936,-0.044922,2.5839,-6.3287e-16,3.0153e-16
1914.3,-104.77,430.57,11.03,0.40516,0.080558,-0.045314,2.5839,-6.3287e-16,3.0153e-16
1914.4,-104.76,430.53,11.025,0.40594,0.081191,-0.045704,2.5839,-6.3287e-16,3.0153e-16
1914.5,-104.75,430.49,11.02,0.4067,0.081834,-0.04609,2.5839,-6.3287e-16,3.0153e-16
1914.6,-104.74,430.45,11.016,0.40744,0.082487,-0.046472,2.5839,-6.3287e-16,3.0153e-16
1914.7,-104.73,430.41,11.011,0.40816,0.083149,-0.046851,2.5839,-6.3287e-16,3.0153e-16
1914.8,-104.72,430.37,11.006,0.40886,0.083819,-0.047225,2.5839,-6.3287e-16,3.0153e-16
1914.9,-104.71,430.33,11.002,0.40954,0.084498,-0.047594,2.5839,-6.3287e-16,3.0153e-16
1915,-104.7,430.28,10.997,0.41021,0.085185,-0.047959,2.5839,-6.3287e-16,3.0153e-16
1915.1,-104.7,430.24,10.992,0.41085,0.08588,-0.048319,2.5839,-6.3287e-16,3.0153e-16
1915.2,-104.69,430.2,10.987,0.41147,0.086582,-0.048673,2.5839,-6.3287e-16,3.0153e-16
1915.3,-104.68,430.16,10.982,0.41208,0.087291,-0.049022,2.5839,-6.3287e-16,3.0153e-16
1915.4,-104.67,430.12,10.977,0.41266,0.088006,-0.049365,2.5839,-6.3287e-16,3.0153e-16
1915.5,-104.66,430.08,10.972,0.41323,0.088727,-0.049703,2.5839,-6.3287e-16,3.0153e-16
1915.6,-104.65,430.04,10.967,0.41378,0.089454,-0.050034,2.5839,-6.3287e-16,3.0153e-16
1915.7,-104.65,429.99,10.962,0.41432,0.090186,-0.050359,2.5839,-6.3287e-16,3.0153e-16
1915.8,-104.64,429.95,10.957,0.41483,0.090922,-0.050677,2.5839,-6.3287e-16,3.0153e-16
1915.9,-104.63,429.91,10.952,0.41533,0.091663,-0.050989,2.5839,-6.3287e-16,3.0153e-16
1916,-104.62,429.87,10.947,0.41582,0.092408,-0.051295,2.5839,-6.3287e-16,3.0153e-16
1916.1,-104.62,429.83,10.942,0.41629,0.093156,-0.051593,2.5839,-6.3287e-16,3.0153e-16
1916.2,-104.61,429.78,10.937,0.41674,0.093908,-0.051885,2.5839,-6.3287e-16,3.0153e-16
1916.3,-104.6,429.74,10.932,0.41718,0.094662,-0.05217,2.5839,-6.3287e-16,3.0153e-16
1916.4,-104.6,429.7,10.926,0.4176,0.095418,-0.052447,2.5839,-6.3287e-16,3.0153e-16
1916.5,-104.59,429.66,10.921,0.41801,0.096176,-0.052718,2.5839,-6.3287e-16,3.0153e-16
1916.6,-104.58,429.62,10.916,0.41841,0.096936,-0.052981,2.5839,-6.3287e-16,3.0153e-16
1916.7,-104.58,429.57,10.911,0.41879,0.097697,-0.053237,2.5839,-6.3287e-16,3.0153e-16
1916.8,-104.57,429.53,10.905,0.41916,0.098458,-0.053485,2.5839,-6.3287e-16,3.0153e-16
1916.9,-104.57,429.49,10.9,0.41951,0.09922,-0.053726,2.5839,-6.3287e-16,3.0153e-16
1917,-104.56,429.45,10.895,0.41985,0.099982,-0.05396,2.5839,-6.3287e-16,3.0153e-16
1917.1,-104.55,429.4,10.889,0.42018,0.10074,-0.054186,2.5839,-6.3287e-16,3.0153e-16
1917.2,-104.55,429.36,10.884,0.4205,0.1015,-0.054405,2.5839,-6.3287e-16,3.0153e-16
1917.3,-104.54,429.32,10.878,0.4208,0.10226,-0.054617,2.5839,-6.3287e-16,3.0153e-16
1917.4,-104.54,429.27,10.873,0.42109,0.10302,-0.054821,2.5839,-6.3287e-16,3.0153e-16
1917.5,-104.53,429.23,10.867,0.42137,0.10378,-0.055017,2.5839,-6.3287e-16,3.0153e-16
1917.6,-104.53,429.19,10.862,0.42164,0.10453,-0.055207,2.5839,-6.3287e-16,3.0153e-16
1917.7,-104.52,429.14,10.856,0.4219,0.10528,-0.055389,2.5839,-6.3287e-16,3.0153e-16
1917.8,-104.52,429.1,10.851,0.42215,0.10603,-0.055563,2.5839,-6.3287e-16,3.0153e-16
1917.9,-104.52,429.06,10.845,0.42239,0.10678,-0.055731,2.5839,-6.3287e-16,3.0153e-16
1918,-104.51,429.01,10.84,0.42262,0.10752,-0.055891,2.5839,-6.3287e-16,3.0153e-16
1918.1,-104.51,428.97,10.834,0.42283,0.10826,-0.056045,2.5839,-6.3287e-16,3.0153e-16
1918.2,-104.5,428.93,10.828,0.42304,0.10899,-0.056191,2.5839,-6.3287e-16,3.0153e-16
1918.3,-104.5,428.88,10.823,0.42324,0.10972,-0.05633,2.5839,-6.3287e-16,3.0153e-16
1918.4,-104.5,428.84,10.817,0.42343,0.11045,-0.056463,2.5839,-6.3287e-16,3.0153e-16
1918.5,-104.49,428.8,10.811,0.42361,0.11117,-0.056588,2.5839,-6.3287e-16,3.0153e-16
1918.6,-104.49,428.75,10.806,0.42378,0.11188,-0.056707,2.5839,-6.3287e-16,3.0153e-16
1918.7,-104.49,428.71,10.8,0.42395,0.1126,-0.05682,2.5839,-6.3287e-16,3.0153e-16
1918.8,-104.48,428.66,10.794,0.42411,0.1133,-0.056925,2.5839,-6.3287e-16,3.0153e-16
1918.9,-104.48,428.62,10.789,0.42425,0.114,-0.057025,2.5839,-6.3287e-16,3.0153e-16
1919,-104.48,428.58,10.783,0.42439,0.11469,-0.057118,2.5839,-6.3287e-16,3.0153e-16
1919.1,-104.48,428.53,10.777,0.42453,0.11538,-0.057205,2.5839,-6.3287e-16,3.0153e-16
1919.2,-104.48,428.49,10.772,0.42465,0.11606,-0.057286,7.1525,0.46416,-0.22767
1919.3,-104.47,428.44,10.766,0.43492,0.11882,-0.063727,7.1525,0.46416,-0.22767
1919.4,-104.47,428.4,10.759,0.44489,0.12189,-0.070006,7.1525,0.46416,-0.22767
1919.5,-104.47,428.35,10.752,0.45456,0.12526,-0.076097,7.1525,0.46416,-0.22767
1919.6,-104.47,428.3,10.744,0.46393,0.12893,-0.081977,7.1525,0.46416,-0.22767
1919.7,-104.47,428.26,10.735,0.473,0.13291,-0.087628,7.1525,0.46416,-0.22767
1919.8,-104.47,428.21,10.726,0.48177,0.13718,-0.093037,7.1525,0.46416,-0.22767
1919.9,-104.47,428.16,10.717,0.49025,0.14173,-0.098193,7.1525,0.46416,-0.22767
1920,-104.47,428.1,10.706,0.49843,0.14655,-0.10309,7.1525,0.46416,-0.22767
1920.1,-104.47,428.05,10.696,0.50631,0.15163,-0.10772,7.1525,0.46416,-0.22767
1920.2,-104.47,428,10.685,0.5139,0.15695,-0.1121,7.1525,0.46416,-0.22767
1920.3,-104.47,427.94,10.674,0.52121,0.1625,-0.11621,7.1525,0.46416,-0.22767
1920.4,-104.47,427.89,10.662,0.52822,0.16826,-0.12006,7.1525,0.46416,-0.22767
1920.5,-104.47,427.83,10.649,0.53495,0.17421,-0.12366,7.1525,0.46416,-0.22767
1920.6,-104.47,427.78,10.637,0.5414,0.18035,-0.12702,7.1525,0.46416,-0.22767
1920.7,-104.48,427.72,10.624,0.54757,0.18664,-0.13014,7.1525,0.46416,-0.22767
1920.8,-104.48,427.66,10.611,0.55347,0.19308,-0.13303,7.1525,0.46416,-0.22767
1920.9,-104.48,427.6,10.598,0.5591,0.19965,-0.13569,7.1525,0.46416,-0.22767
1921,-104.49,427.54,10.584,0.56447,0.20633,-0.13815,7.1525,0.46416,-0.22767
1921.1,-104.49,427.48,10.57,0.56957,0.21311,-0.1404,7.1525,0.46416,-0.22767
1921.2,-104.49,427.42,10.556,0.57442,0.21998,-0.14246,7.1525,0.46416,-0.22767
1921.3,-104.5,427.36,10.541,0.57903,0.22692,-0.14432,7.1525,0.46416,-0.22767
1921.4,-104.5,427.3,10.527,0.58339,0.23392,-0.14601,7.1525,0.46416,-0.22767
1921.5,-104.51,427.24,10.512,0.58752,0.24096,-0.14752,7.1525,0.46416,-0.22767
1921.6,-104.52,427.17,10.497,0.59141,0.24805,-0.14886,7.1525,0.46416,-0.22767
1921.7,-104.52,427.11,10.482,0.59509,0.25515,-0.15005,7.1525,0.46416,-0.22767
1921.8,-104.53,427.04,10.467,0.59855,0.26227,-0.15108,7.1525,0.46416,-0.22767
1921.9,-104.54,426.98,10.452,0.6018,0.2694,-0.15196,7.1525,0.46416,-0.22767
1922,-104.55,426.91,10.437,0.60485,0.27652,-0.15269,7.1525,0.46416,-0.22767
1922.1,-104.56,426.85,10.422,0.6077,0.28363,-0.15329,7.1525,0.46416,-0.22767
1922.2,-104.56,426.78,10.406,0.61037,0.29072,-0.15376,7.1525,0.46416,-0.22767
1922.3,-104.57,426.71,10.391,0.61286,0.29779,-0.15409,7.1525,0.46416,-0.22767
1922.4,-104.59,426.64,10.376,0.61518,0.30483,-0.15431,7.1525,0.46416,-0.22767
1922.5,-104.6,426.58,10.36,0.61734,0.31183,-0.1544,7.1525,0.46416,-0.22767
1922.6,-104.61,426.51,10.345,0.61934,0.31879,-0.15437,7.1525,0.46416,-0.22767
1922.7,-104.62,426.44,10.329,0.6212,0.3257,-0.15423,7.1525,0.46416,-0.22767
1922.8,-104.63,426.37,10.314,0.62291,0.33256,-0.15399,7.1525,0.46416,-0.22767
1922.9,-104.65,426.3,10.298,0.62449,0.33936,-0.15363,7.1525,0.46416,-0.22767
1923,-104.66,426.23,10.283,0.62594,0.34612,-0.15318,7.1525,0.46416,-0.22767
1923.1,-104.68,426.16,10.268,0.62728,0.35281,-0.15262,7.1525,0.46416,-0.22767
1923.2,-104.69,426.09,10.253,0.62851,0.35944,-0.15197,7.1525,0.46416,-0.22767
1923.3,-104.71,426.02,10.237,0.62963,0.36601,-0.15123,7.1525,0.46416,-0.22767
1923.4,-104.73,425.95,10.222,0.63066,0.37251,-0.15039,7.1525,0.46416,-0.22767
1923.5,-104.74,425.88,10.207,0.6316,0.37895,-0.14947,7.1525,0.46416,-0.22767
1923.6,-104.76,425.81,10.192,0.63246,0.38533,-0.14846,7.1525,0.46416,-0.22767
1923.7,-104.78,425.73,10.178,0.63325,0.39164,-0.14737,7.1525,0.46416,-0.22767
1923.8,-104.8,425.66,10.163,0.63396,0.39789,-0.14619,7.1525,0.46416,-0.22767
1923.9,-104.82,425.59,10.148,0.63462,0.40407,-0.14494,7.1525,0.46416,-0.22767
1924,-104.84,425.52,10.134,0.63522,0.41019,-0.14361,7.1525,0.46416,-0.22767
1924.1,-104.87,425.44,10.12,0.63577,0.41625,-0.14221,7.1525,0.46416,-0.22767
1924.2,-104.89,425.37,10.106,0.63628,0.42225,-0.14073,7.1525,0.46416,-0.22767
1924.3,-104.91,425.3,10.092,0.63675,0.4282,-0.13918,7.1525,0.46416,-0.22767
1924.4,-104.93,425.23,10.078,0.63719,0.43408,-0.13756,7.1525,0.46416,-0.22767
1924.5,-104.96,425.15,10.064,0.63761,0.43992,-0.13587,7.1525,0.46416,-0.22767
1924.6,-104.98,425.08,10.051,0.63801,0.4457,-0.13411,7.1525,0.46416,-0.22767
1924.7,-105.01,425.01,10.037,0.63839,0.45144,-0.13228,7.1525,0.46416,-0.22767
1924.8,-105.04,424.93,10.024,0.63876,0.45713,-0.13038,7.1525,0.46416,-0.22767
1924.9,-105.06,424.86,10.011,0.63914,0.46279,-0.12841,7.1525,0.46416,-0.22767
1925,-105.09,424.78,9.9984,0.63951,0.4684,-0.12637,7.1525,0.46416,-0.22767
1925.1,-105.12,424.71,9.9859,0.63989,0.47398,-0.12427,7.1525,0.46416,-0.22767
1925.2,-105.15,424.64,9.9735,0.64028,0.47953,-0.12209,7.1525,0.46416,-0.22767
1925.3,-105.18,424.56,9.9614,0.64069,0.48506,-0.11984,7.1525,0.46416,-0.22767
1925.4,-105.21,424.49,9.9496,0.64113,0.49056,-0.11752,7.1525,0.46416,-0.22767
1925.5,-105.24,424.41,9.9379,0.64158,0.49605,-0.11513,7.1525,0.46416,-0.22767
1925.6,-105.27,424.34,9.9266,0.64207,0.50153,-0.11265,7.1525,0.46416,-0.22767
1925.7,-105.31,424.26,9.9154,0.6426,0.507,-0.1101,7.1525,0.46416,-0.22767
1925.8,-105.34,424.19,9.9045,0.64317,0.51247,-0.10746,7.1525,0.46416,-0.22767
1925.9,-105.37,424.11,9.8939,0.64378,0.51795,-0.10474,7.1525,0.46416,-0.22767
1926,-105.41,424.04,9.8836,0.64445,0.52344,-0.10192,7.1525,0.46416,-0.22767
1926.1,-105.44,423.96,9.8735,0.64518,0.52894,-0.099001,7.1525,0.46416,-0.22767
1926.2,-105.48,423.89,9.8638,0.64596,0.53447,-0.095979,7.1525,0.46416,-0.22767
1926.3,-105.51,423.81,9.8544,0.64682,0.54004,-0.092846,7.1525,0.46416,-0.22767
1926.4,-105.55,423.73,9.8452,0.64775,0.54564,-0.089593,7.1525,0.46416,-0.22767
1926.5,-105.59,423.66,9.8364,0.64876,0.55129,-0.08621,7.1525,0.46416,-0.22767
1926.6,-105.63,423.58,9.828,0.64986,0.557,-0.082687,7.1525,0.46416,-0.22767
1926.7,-105.66,423.5,9.8199,0.65106,0.56277,-0.079009,7.1525,0.46416,-0.22767
1926.8,-105.7,423.43,9.8122,0.65236,0.56862,-0.075163,7.1525,0.46416,-0.22767
1926.9,-105.74,423.35,9.8049,0.65378,0.57455,-0.071131,7.1525,0.46416,-0.22767
1927,-105.78,423.27,9.798,0.65532,0.58059,-0.066894,7.1525,0.46416,-0.22767
1927.1,-105.82,423.19,9.7915,0.65699,0.58673,-0.062428,7.1525,0.46416,-0.22767
1927.2,-105.86,423.11,9.7855,0.65881,0.59301,-0.057706,7.1525,0.46416,-0.22767
1927.3,-105.9,423.04,9.78,0.6608,0.59942,-0.052695,7.1525,0.46416,-0.22767
1927.4,-105.94,422.96,9.775,0.66296,0.606,-0.047357,7.1525,0.46416,-0.22767
1927.5,-105.99,422.88,9.7705,0.66532,0.61276,-0.041645,0.48684,-1.1924e-16,5.5327e-17
1927.6,-106.03,422.8,9.767,0.65328,0.61771,-0.028739,0.48684,-1.1924e-16,5.5327e-17
1927.7,-106.07,422.72,9.7648,0.6423,0.62276,-0.01462,0.48684,-1.1924e-16,5.5327e-17
1927.8,-106.11,422.64,9.7641,0.63244,0.62802,0.0009229,0.48684,-1.1924e-16,5.5327e-17
1927.9,-106.14,422.56,9.765,0.62373,0.63088,0.017022,0.48684,-1.1924e-16,5.5327e-17
1928,-106.18,422.48,9.7675,0.61615,0.62921,0.032301,0.48684,-1.1924e-16,5.5327e-17
1928.1,-106.22,422.4,9.7714,0.60958,0.62324,0.046126,0.48684,-1.1924e-16,5.5327e-17
1928.2,-106.25,422.32,9.7767,0.60388,0.61344,0.058079,0.48684,-1.1924e-16,5.5327e-17
1928.3,-106.29,422.24,9.783,0.59888,0.60039,0.067961,0.48684,-1.1924e-16,5.5327e-17
1928.4,-106.32,422.16,9.7902,0.5944,0.58477,0.075759,0.48684,-1.1924e-16,5.5327e-17
1928.5,-106.36,422.09,9.7981,0.5903,0.56723,0.0816,0.48684,-1.1924e-16,5.5327e-17
1928.6,-106.39,422.01,9.8064,0.58644,0.54837,0.085691,0.48684,-1.1924e-16,5.5327e-17
1928.7,-106.43,421.94,9.8151,0.58269,0.52872,0.08828,0.48684,-1.1924e-16,5.5327e-17
1928.8,-106.46,421.87,9.824,0.579,0.50869,0.089619,0.48684,-1.1924e-16,5.5327e-17
1928.9,-106.49,421.8,9.833,0.57528,0.48864,0.089946,0.48684,-1.1924e-16,5.5327e-17
1929,-106.53,421.74,9.842,0.57149,0.46882,0.089472,0.48684,-1.1924e-16,5.5327e-17
1929.1,-106.56,421.67,9.8509,0.56762,0.44942,0.088378,0.48684,-1.1924e-16,5.5327e-17
1929.2,-106.59,421.61,9.8597,0.56365,0.43059,0.086817,0.48684,-1.1924e-16,5.5327e-17
1929.3,-106.63,421.55,9.8683,0.55958,0.41241,0.084912,0.48684,-1.1924e-16,5.5327e-17
1929.4,-106.66,421.48,9.8766,0.5554,0.39493,0.082762,0.48684,-1.1924e-16,5.5327e-17
1929.5,-106.69,421.43,9.8848,0.55113,0.37819,0.080447,0.48684,-1.1924e-16,5.5327e-17
1929.6,-106.72,421.37,9.8927,0.54676,0.3622,0.078029,0.48684,-1.1924e-16,5.5327e-17
1929.7,-106.76,421.31,9.9004,0.54232,0.34695,0.075556,0.48684,-1.1924e-16,5.5327e-17
1929.8,-106.79,421.26,9.9078,0.53782,0.33244,0.073064,0.48684,-1.1924e-16,5.5327e-17
1929.9,-106.82,421.2,9.915,0.53327,0.31862,0.070583,0.48684,-1.1924e-16,5.5327e-17
1930,-106.85,421.15,9.922,0.52867,0.30549,0.068133,0.48684,-1.1924e-16,5.5327e-17
1930.1,-106.88,421.1,9.9287,0.52405,0.29301,0.065731,0.48684,-1.1924e-16,5.5327e-17
1930.2,-106.92,421.05,9.9351,0.5194,0.28115,0.063386,0.48684,-1.1924e-16,5.5327e-17
1930.3,-106.95,421,9.9413,0.51475,0.26988,0.061107,0.48684,-1.1924e-16,5.5327e-17
1930.4,-106.98,420.95,9.9473,0.5101,0.25917,0.0589,0.48684,-1.1924e-16,5.5327e-17
1930.5,-107.01,420.9,9.9531,0.50546,0.24899,0.056767,0.48684,-1.1924e-16,5.5327e-17
1930.6,-107.04,420.86,9.9587,0.50083,0.23931,0.05471,0.48684,-1.1924e-16,5.5327e-17
1930.7,-107.07,420.81,9.9641,0.49623,0.2301,0.05273,0.48684,-1.1924e-16,5.5327e-17
1930.8,-107.1,420.77,9.9692,0.49165,0.22134,0.050826,0.48684,-1.1924e-16,5.5327e-17
1930.9,-107.13,420.72,9.9742,0.48711,0.21299,0.048997,0.48684,-1.1924e-16,5.5327e-17
1931,-107.16,420.68,9.979,0.4826,0.20505,0.047242,0.48684,-1.1924e-16,5.5327e-17
1931.1,-107.19,420.64,9.9837,0.47814,0.19747,0.045558,0.48684,-1.1924e-16,5.5327e-17
1931.2,-107.22,420.59,9.9882,0.47372,0.19024,0.043943,0.48684,-1.1924e-16,5.5327e-17
1931.3,-107.25,420.55,9.9925,0.46935,0.18335,0.042396,0.48684,-1.1924e-16,5.5327e-17
1931.4,-107.28,420.51,9.9966,0.46503,0.17676,0.040913,0.48684,-1.1924e-16,5.5327e-17
1931.5,-107.31,420.47,10.001,0.46076,0.17048,0.039492,0.48684,-1.1924e-16,5.5327e-17
1931.6,-107.34,420.43,10.005,0.45655,0.16446,0.038131,0.48684,-1.1924e-16,5.5327e-17
1931.7,-107.37,420.4,10.008,0.45239,0.15872,0.036828,0.48684,-1.1924e-16,5.5327e-17
1931.8,-107.4,420.36,10.012,0.44829,0.15322,0.035578,0.48684,-1.1924e-16,5.5327e-17
1931.9,-107.43,420.32,10.015,0.44424,0.14795,0.034382,0.48684,-1.1924e-16,5.5327e-17
1932,-107.46,420.28,10.019,0.44026,0.14291,0.033235,0.48684,-1.1924e-16,5.5327e-17
1932.1,-107.49,420.25,10.022,0.43633,0.13808,0.032136,0.48684,-1.1924e-16,5.5327e-17
1932.2,-107.51,420.21,10.025,0.43247,0.13344,0.031083,0.48684,-1.1924e-16,5.5327e-17
1932.3,-107.54,420.18,10.028,0.42866,0.129,0.030074,0.48684,-1.1924e-16,5.5327e-17
1932.4,-107.57,420.14,10.031,0.42491,0.12473,0.029106,0.48684,-1.1924e-16,5.5327e-17
1932.5,-107.6,420.11,10.034,0.42122,0.12064,0.028178,0.48684,-1.1924e-16,5.5327e-17
1932.6,-107.63,420.07,10.037,0.41759,0.1167,0.027289,0.48684,-1.1924e-16,5.5327e-17
1932.7,-107.65,420.04,10.04,0.41402,0.11292,0.026435,0.48684,-1.1924e-16,5.5327e-17
1932.8,-107.68,420.01,10.042,0.41051,0.10928,0.025617,0.48684,-1.1924e-16,5.5327e-17
1932.9,-107.71,419.98,10.045,0.40705,0.10578,0.024831,0.48684,-1.1924e-16,5.5327e-17
1933,-107.73,419.94,10.047,0.40365,0.10241,0.024077,0.48684,-1.1924e-16,5.5327e-17
1933.1,-107.76,419.91,10.049,0.40031,0.09917,0.023353,0.48684,-1.1924e-16,5.5327e-17
1933.2,-107.79,419.88,10.052,0.39702,0.096048,0.022659,0.48684,-1.1924e-16,5.5327e-17
1933.3,-107.81,419.85,10.054,0.39379,0.093038,0.021991,0.48684,-1.1924e-16,5.5327e-17
1933.4,-107.84,419.82,10.056,0.39061,0.090138,0.021351,0.48684,-1.1924e-16,5.5327e-17
1933.5,-107.87,419.79,10.058,0.38749,0.087341,0.020735,0.48684,-1.1924e-16,5.5327e-17
1933.6,-107.89,419.76,10.06,0.38442,0.084643,0.020144,0.48684,-1.1924e-16,5.5327e-17
1933.7,-107.92,419.73,10.062,0.3814,0.082039,0.019575,0.48684,-1.1924e-16,5.5327e-17
1933.8,-107.94,419.7,10.064,0.37843,0.079526,0.019029,0.48684,-1.1924e-16,5.5327e-17
1933.9,-107.97,419.67,10.066,0.37551,0.077099,0.018504,0.48684,-1.1924e-16,5.5327e-17
1934,-107.99,419.64,10.068,0.37265,0.074754,0.017999,0.48684,-1.1924e-16,5.5327e-17
1934.1,-108.02,419.62,10.07,0.36983,0.072489,0.017514,0.48684,-1.1924e-16,5.5327e-17
1934.2,-108.05,419.59,10.071,0.36706,0.0703,0.017047,0.48684,-1.1924e-16,5.5327e-17
1934.3,-108.07,419.56,10.073,0.36433,0.068183,0.016598,0.48684,-1.1924e-16,5.5327e-17
1934.4,-108.09,419.53,10.075,0.36166,0.066136,0.016166,0.48684,-1.1924e-16,5.5327e-17
1934.5,-108.12,419.51,10.076,0.35902,0.064155,0.01575,0.48684,-1.1924e-16,5.5327e-17
1934.6,-108.14,419.48,10.078,0.35644,0.062239,0.01535,0.48684,-1.1924e-16,5.5327e-17
1934.7,-108.17,419.45,10.079,0.35389,0.060383,0.014965,0.48684,-1.1924e-16,5.5327e-17
1934.8,-108.19,419.43,10.081,0.35139,0.058588,0.014594,0.48684,-1.1924e-16,5.5327e-17
1934.9,-108.22,419.4,10.082,0.34894,0.056848,0.014237,0.48684,-1.1924e-16,5.5327e-17
1935,-108.24,419.37,10.084,0.34652,0.055164,0.013893,0.48684,-1.1924e-16,5.5327e-17
1935.1,-108.27,419.35,10.085,0.34414,0.053531,0.013562,0.48684,-1.1924e-16,5.5327e-17
1935.2,-108.29,419.32,10.086,0.34181,0.051949,0.013243,0.48684,-1.1924e-16,5.5327e-17
1935.3,-108.31,419.3,10.088,0.33951,0.050416,0.012936,0.48684,-1.1924e-16,5.5327e-17
1935.4,-108.34,419.27,10.089,0.33725,0.048929,0.01264,0.48684,-1.1924e-16,5.5327e-17
1935.5,-108.36,419.25,10.09,0.33503,0.047488,0.012355,0.48684,-1.1924e-16,5.5327e-17
1935.6,-108.38,419.23,10.092,0.33285,0.046089,0.012081,0.48684,-1.1924e-16,5.5327e-17
1935.7,-108.41,419.2,10.093,0.3307,0.044733,0.011816,0.48684,-1.1924e-16,5.5327e-17
1935.8,-108.43,419.18,10.094,0.32859,0.043416,0.011561,0.48684,-1.1924e-16,5.5327e-17
1935.9,-108.45,419.15,10.095,0.32652,0.042139,0.011314,0.48684,-1.1924e-16,5.5327e-17
1936,-108.48,419.13,10.096,0.32448,0.040899,0.011077,0.48684,-1.1924e-16,5.5327e-17
1936.1,-108.5,419.11,10.097,0.32247,0.039695,0.010848,0.48684,-1.1924e-16,5.5327e-17
1936.2,-108.52,419.08,10.098,0.32049,0.038526,0.010628,0.48684,-1.1924e-16,5.5327e-17
1936.3,-108.54,419.06,10.099,0.31855,0.03739,0.010415,0.48684,-1.1924e-16,5.5327e-17
1936.4,-108.57,419.04,10.1,0.31664,0.036288,0.01021,0.48684,-1.1924e-16,5.5327e-17
1936.5,-108.59,419.02,10.101,0.31476,0.035216,0.010012,0.48684,-1.1924e-16,5.5327e-17
1936.6,-108.61,418.99,10.102,0.31291,0.034175,0.0098205,0.48684,-1.1924e-16,5.5327e-17
1936.7,-108.63,418.97,10.103,0.31109,0.033164,0.0096361,0.48684,-1.1924e-16,5.5327e-17
1936.8,-108.66,418.95,10.104,0.3093,0.032181,0.009458,0.48684,-1.1924e-16,5.5327e-17
1936.9,-108.68,418.93,10.105,0.30754,0.031225,0.0092861,0.48684,-1.1924e-16,5.5327e-17
1937,-108.7,418.91,10.106,0.3058,0.030296,0.0091202,0.48684,-1.1924e-16,5.5327e-17
1937.1,-108.72,418.88,10.107,0.3041,0.029393,0.00896,0.48684,-1.1924e-16,5.5327e-17
1937.2,-108.74,418.86,10.108,0.30242,0.028514,0.0088052,0.48684,-1.1924e-16,5.5327e-17
1937.3,-108.76,418.84,10.109,0.30077,0.02766,0.0086557,0.48684,-1.1924e-16,5.5327e-17
1937.4,-108.79,418.82,10.11,0.29914,0.026829,0.0085112,0.48684,-1.1924e-16,5.5327e-17
1937.5,-108.81,418.8,10.111,0.29754,0.026021,0.0083717,0.48684,-1.1924e-16,5.5327e-17
1937.6,-108.83,418.78,10.111,0.29597,0.025235,0.0082368,0.48684,-1.1924e-16,5.5327e-17
1937.7,-108.85,418.76,10.112,0.29442,0.024469,0.0081064,0.48684,-1.1924e-16,5.5327e-17
1937.8,-108.87,418.74,10.113,0.29289,0.023725,0.0079803,0.48684,-1.1924e-16,5.5327e-17
1937.9,-108.89,418.72,10.114,0.29139,0.023001,0.0078584,0.48684,-1.1924e-16,5.5327e-17
1938,-108.91,418.7,10.115,0.28991,0.022296,0.0077404,0.48684,-1.1924e-16,5.5327e-17
1938.1,-108.93,418.68,10.115,0.28846,0.021609,0.0076263,0.48684,-1.1924e-16,5.5327e-17
1938.2,-108.95,418.66,10.116,0.28702,0.020941,0.0075159,0.48684,-1.1924e-16,5.5327e-17
1938.3,-108.98,418.64,10.117,0.28561,0.020291,0.0074091,0.48684,-1.1924e-16,5.5327e-17
1938.4,-109,418.62,10.118,0.28422,0.019658,0.0073056,0.48684,-1.1924e-16,5.5327e-17
1938.5,-109.02,418.6,10.118,0.28285,0.019042,0.0072054,0.48684,-1.1924e-16,5.5327e-17
1938.6,-109.04,418.58,10.119,0.28151,0.018442,0.0071083,0.48684,-1.1924e-16,5.5327e-17
1938.7,-109.06,418.56,10.12,0.28018,0.017857,0.0070143,0.48684,-1.1924e-16,5.5327e-17
1938.8,-109.08,418.54,10.12,0.27887,0.017288,0.0069231,0.48684,-1.1924e-16,5.5327e-17
1938.9,-109.1,418.52,10.121,0.27758,0.016734,0.0068348,0.48684,-1.1924e-16,5.5327e-17
1939,-109.12,418.5,10.122,0.27632,0.016195,0.0067491,0.48684,-1.1924e-16,5.5327e-17
1939.1,-109.14,418.48,10.122,0.27507,0.015669,0.006666,0.48684,-1.1924e-16,5.5327e-17
1939.2,-109.16,418.46,10.123,0.27384,0.015157,0.0065853,0.48684,-1.1924e-16,5.5327e-17
1939.3,-109.18,418.44,10.124,0.27263,0.014658,0.006507,0.48684,-1.1924e-16,5.5327e-17
1939.4,-109.2,418.43,10.124,0.27143,0.014173,0.006431,0.48684,-1.1924e-16,5.5327e-17
1939.5,-109.22,418.41,10.125,0.27026,0.013699,0.0063571,0.48684,-1.1924e-16,5.5327e-17
1939.6,-109.24,418.39,10.126,0.2691,0.013238,0.0062853,0.48684,-1.1924e-16,5.5327e-17
1939.7,-109.26,418.37,10.126,0.26796,0.012789,0.0062156,0.48684,-1.1924e-16,5.5327e-17
1939.8,-109.28,418.35,10.127,0.26683,0.012352,0.0061477,0.48684,-1.1924e-16,5.5327e-17
1939.9,-109.3,418.33,10.128,0.26572,0.011926,0.0060817,0.48684,-1.1924e-16,5.5327e-17
1940,-109.32,418.32,10.128,0.26463,0.01151,0.0060175,0.48684,-1.1924e-16,5.5327e-17
1940.1,-109.34,418.3,10.129,0.26356,0.011106,0.0059549,0.48684,-1.1924e-16,5.5327e-17
1940.2,-109.35,418.28,10.129,0.2625,0.010711,0.005894,0.48684,-1.1924e-16,5.5327e-17
1940.3,-109.37,418.26,10.13,0.26145,0.010327,0.0058346,0.48684,-1.1924e-16,5.5327e-17
1940.4,-109.39,418.24,10.131,0.26042,0.0099531,0.0057767,0.48684,-1.1924e-16,5.5327e-17
1940.5,-109.41,418.23,10.131,0.25941,0.0095885,0.0057202,0.48684,-1.1924e-16,5.5327e-17
1940.6,-109.43,418.21,10.132,0.2584,0.0092332,0.0056651,0.48684,-1.1924e-16,5.5327e-17
1940.7,-109.45,418.19,10.132,0.25742,0.008887,0.0056114,0.48684,-1.1924e-16,5.5327e-17
1940.8,-109.47,418.17,10.133,0.25645,0.0085497,0.0055588,0.48684,-1.1924e-16,5.5327e-17
1940.9,-109.49,418.16,10.133,0.25549,0.0082211,0.0055075,0.48684,-1.1924e-16,5.5327e-17
1941,-109.51,418.14,10.134,0.25454,0.0079008,0.0054573,0.48684,-1.1924e-16,5.5327e-17
1941.1,-109.53,418.12,10.134,0.25361,0.0075888,0.0054082,0.48684,-1.1924e-16,5.5327e-17
1941.2,-109.54,418.11,10.135,0.25269,0.0072849,0.0053601,0.48684,-1.1924e-16,5.5327e-17
1941.3,-109.56,418.09,10.136,0.25179,0.0069887,0.0053131,0.48684,-1.1924e-16,5.5327e-17
1941.4,-109.58,418.07,10.136,0.2509,0.0067001,0.005267,0.48684,-1.1924e-16,5.5327e-17
1941.5,-109.6,418.06,10.137,0.25002,0.006419,0.0052218,0.48684,-1.1924e-16,5.5327e-17
1941.6,-109.62,418.04,10.137,0.24915,0.0061451,0.0051775,9.6902,0.67303,-0.33012
1941.7,-109.64,418.02,10.137,0.26888,0.0087893,-0.0041842,9.6902,0.67303,-0.33012
1941.8,-109.66,418,10.136,0.2883,0.011682,-0.013548,9.6902,0.67303,-0.33012
1941.9,-109.68,417.98,10.134,0.30741,0.014859,-0.022879,9.6902,0.67303,-0.33012
1942,-109.7,417.96,10.132,0.32618,0.01836,-0.032131,9.6902,0.67303,-0.33012
1942.1,-109.73,417.94,10.128,0.3446,0.022216,-0.041261,9.6902,0.67303,-0.33012
1942.2,-109.75,417.91,10.123,0.36266,0.026455,-0.05023,9.6902,0.67303,-0.33012
1942.3,-109.78,417.89,10.118,0.38035,0.031099,-0.059002,9.6902,0.67303,-0.33012
1942.4,-109.81,417.86,10.112,0.39764,0.036166,-0.067544,9.6902,0.67303,-0.33012
1942.5,-109.84,417.83,10.104,0.41454,0.041664,-0.075833,9.6902,0.67303,-0.33012
1942.6,-109.87,417.8,10.096,0.43102,0.047602,-0.083845,9.6902,0.67303,-0.33012
1942.7,-109.9,417.77,10.088,0.44708,0.053979,-0.091566,9.6902,0.67303,-0.33012
1942.8,-109.93,417.74,10.078,0.4627,0.060792,-0.098986,9.6902,0.67303,-0.33012
1942.9,-109.96,417.7,10.068,0.47788,0.068033,-0.1061,9.6902,0.67303,-0.33012
1943,-110,417.67,10.057,0.49261,0.075692,-0.1129,9.6902,0.67303,-0.33012
1943.1,-110.03,417.63,10.045,0.50687,0.083756,-0.11939,9.6902,0.67303,-0.33012
1943.2,-110.07,417.6,10.033,0.52067,0.092207,-0.12557,9.6902,0.67303,-0.33012
1943.3,-110.11,417.56,10.02,0.534,0.10103,-0.13146,9.6902,0.67303,-0.33012
1943.4,-110.15,417.52,10.007,0.54685,0.1102,-0.13704,9.6902,0.67303,-0.33012
1943.5,-110.19,417.48,9.9929,0.55921,0.1197,-0.14234,9.6902,0.67303,-0.33012
1943.6,-110.23,417.44,9.9784,0.57109,0.12951,-0.14735,9.6902,0.67303,-0.33012
1943.7,-110.27,417.4,9.9634,0.58249,0.13961,-0.15208,9.6902,0.67303,-0.33012
1943.8,-110.32,417.36,9.948,0.5934,0.14997,-0.15654,9.6902,0.67303,-0.33012
1943.9,-110.36,417.31,9.9321,0.60383,0.16058,-0.16074,9.6902,0.67303,-0.33012
1944,-110.41,417.27,9.9158,0.61377,0.1714,-0.16468,9.6902,0.67303,-0.33012
1944.1,-110.45,417.22,9.8992,0.62323,0.18243,-0.16836,9.6902,0.67303,-0.33012
1944.2,-110.5,417.18,9.8822,0.63222,0.19363,-0.17179,9.6902,0.67303,-0.33012
1944.3,-110.55,417.13,9.8648,0.64074,0.20498,-0.17497,9.6902,0.67303,-0.33012
1944.4,-110.6,417.09,9.8472,0.6488,0.21646,-0.1779,9.6902,0.67303,-0.33012
1944.5,-110.65,417.04,9.8292,0.6564,0.22806,-0.18059,9.6902,0.67303,-0.33012
1944.6,-110.7,416.99,9.8111,0.66355,0.23975,-0.18304,9.6902,0.67303,-0.33012
1944.7,-110.75,416.95,9.7926,0.67026,0.25151,-0.18526,9.6902,0.67303,-0.33012
1944.8,-110.81,416.9,9.774,0.67655,0.26332,-0.18723,9.6902,0.67303,-0.33012
1944.9,-110.86,416.85,9.7552,0.68242,0.27517,-0.18898,9.6902,0.67303,-0.33012
1945,-110.92,416.8,9.7362,0.68789,0.28704,-0.19049,9.6902,0.67303,-0.33012
1945.1,-110.98,416.75,9.7171,0.69296,0.29892,-0.19177,9.6902,0.67303,-0.33012
1945.2,-111.03,416.71,9.6979,0.69766,0.31078,-0.19283,9.6902,0.67303,-0.33012
1945.3,-111.09,416.66,9.6786,0.70199,0.32261,-0.19366,9.6902,0.67303,-0.33012
1945.4,-111.15,416.61,9.6592,0.70598,0.33441,-0.19427,9.6902,0.67303,-0.33012
1945.5,-111.22,416.56,9.6397,0.70963,0.34615,-0.19466,9.6902,0.67303,-0.33012
1945.6,-111.28,416.51,9.6202,0.71296,0.35783,-0.19484,9.6902,0.67303,-0.33012
1945.7,-111.34,416.46,9.6008,0.71599,0.36944,-0.19481,9.6902,0.67303,-0.33012
1945.8,-111.41,416.41,9.5813,0.71873,0.38098,-0.19457,9.6902,0.67303,-0.33012
1945.9,-111.47,416.36,9.5618,0.7212,0.39242,-0.19413,9.6902,0.67303,-0.33012
1946,-111.54,416.31,9.5425,0.72342,0.40377,-0.19348,9.6902,0.67303,-0.33012
1946.1,-111.61,416.27,9.5232,0.72541,0.41503,-0.19264,9.6902,0.67303,-0.33012
1946.2,-111.67,416.22,9.5039,0.72717,0.42618,-0.19161,9.6902,0.67303,-0.33012
1946.3,-111.74,416.17,9.4848,0.72873,0.43723,-0.19039,9.6902,0.67303,-0.33012
1946.4,-111.81,416.12,9.4659,0.7301,0.44818,-0.18899,9.6902,0.67303,-0.33012
1946.5,-111.89,416.07,9.447,0.73131,0.45902,-0.1874,9.6902,0.67303,-0.33012
1946.6,-111.96,416.03,9.4284,0.73236,0.46976,-0.18564,9.6902,0.67303,-0.33012
1946.7,-112.03,415.98,9.4099,0.73327,0.4804,-0.1837,9.6902,0.67303,-0.33012
1946.8,-112.11,415.93,9.3917,0.73406,0.49093,-0.18159,9.6902,0.67303,-0.33012
1946.9,-112.18,415.89,9.3736,0.73475,0.50138,-0.17931,9.6902,0.67303,-0.33012
1947,-112.26,415.84,9.3558,0.73535,0.51173,-0.17687,9.6902,0.67303,-0.33012
1947.1,-112.34,415.79,9.3382,0.73587,0.52201,-0.17425,9.6902,0.67303,-0.33012
1947.2,-112.41,415.75,9.321,0.73634,0.53221,-0.17147,9.6902,0.67303,-0.33012
1947.3,-112.49,415.7,9.304,0.73676,0.54234,-0.16852,9.6902,0.67303,-0.33012
1947.4,-112.57,415.66,9.2873,0.73715,0.55241,-0.16541,9.6902,0.67303,-0.33012
1947.5,-112.66,415.61,9.2709,0.73753,0.56244,-0.16212,9.6902,0.67303,-0.33012
1947.6,-112.74,415.57,9.2548,0.73791,0.57243,-0.15866,9.6902,0.67303,-0.33012
1947.7,-112.82,415.53,9.2392,0.7383,0.5824,-0.15502,9.6902,0.67303,-0.33012
1947.8,-112.9,415.48,9.2238,0.73873,0.59236,-0.15119,9.6902,0.67303,-0.33012
1947.9,-112.99,415.44,9.2089,0.73921,0.60233,-0.14718,9.6902,0.67303,-0.33012
1948,-113.07,415.4,9.1944,0.73974,0.61232,-0.14296,9.6902,0.67303,-0.33012
1948.1,-113.16,415.35,9.1803,0.74035,0.62235,-0.13853,9.6902,0.67303,-0.33012
1948.2,-113.25,415.31,9.1667,0.74106,0.63243,-0.13387,9.6902,0.67303,-0.33012
1948.3,-113.34,415.27,9.1536,0.74187,0.6426,-0.12896,9.6902,0.67303,-0.33012
1948.4,-113.43,415.23,9.1409,0.74282,0.65287,-0.12379,9.6902,0.67303,-0.33012
1948.5,-113.52,415.19,9.1288,0.74392,0.66327,-0.11833,9.6902,0.67303,-0.33012
1948.6,-113.61,415.14,9.1173,0.74518,0.67383,-0.11255,9.6902,0.67303,-0.33012
1948.7,-113.7,415.1,9.1063,0.74664,0.68457,-0.10641,9.6902,0.67303,-0.33012
1948.8,-113.79,415.06,9.096,0.74832,0.69554,-0.099866,9.6902,0.67303,-0.33012
1948.9,-113.88,415.02,9.0864,0.75024,0.70677,-0.092872,9.6902,0.67303,-0.33012
1949,-113.98,414.98,9.0775,0.75245,0.7183,-0.085359,9.6902,0.67303,-0.33012
1949.1,-114.07,414.94,9.0693,0.75498,0.73019,-0.077246,9.6902,0.67303,-0.33012
1949.2,-114.17,414.89,9.062,0.75788,0.74249,-0.068434,9.6902,0.67303,-0.33012
1949.3,-114.27,414.85,9.0557,0.76119,0.75528,-0.058796,9.6902,0.67303,-0.33012
1949.4,-114.37,414.81,9.0503,0.76499,0.76864,-0.048169,9.6902,0.67303,-0.33012
1949.5,-114.47,414.76,9.0461,0.76936,0.78266,-0.036344,9.6902,0.67303,-0.33012
1949.6,-114.57,414.72,9.0431,0.77439,0.79746,-0.023042,9.6902,0.67303,-0.33012
1949.7,-114.67,414.67,9.0415,0.78021,0.81319,-0.0078852,9.6902,0.67303,-0.33012
1949.8,-114.77,414.63,9.0416,0.78699,0.82908,0.0092707,9.6902,0.67303,-0.33012
1949.9,-114.88,414.58,9.0434,0.79482,0.83993,0.026381,9.6902,0.67303,-0.33012
1950,-114.98,414.53,9.0468,0.80364,0.84487,0.042215,9.6902,0.67303,-0.33012
1950.1,-115.09,414.48,9.0517,0.81328,0.84422,0.056001,9.6902,0.67303,-0.33012
1950.2,-115.2,414.43,9.0579,0.82353,0.83862,0.067268,9.6902,0.67303,-0.33012
1950.3,-115.3,414.38,9.0651,0.83414,0.82898,0.075841,9.6902,0.67303,-0.33012
1950.4,-115.41,414.34,9.073,0.84486,0.81627,0.081782,9.6902,0.67303,-0.33012
1950.5,-115.52,414.29,9.0814,0.85546,0.80144,0.085313,9.6902,0.67303,-0.33012
1950.6,-115.63,414.24,9.09,0.86577,0.78538,0.086739,9.6902,0.67303,-0.33012
1950.7,-115.73,414.2,9.0987,0.87564,0.76883,0.086394,9.6902,0.67303,-0.33012
1950.8,-115.84,414.15,9.1072,0.88498,0.75242,0.0846,12.497,-3.0608e-15,1.5525e-15
1950.9,-115.95,414.11,9.116,0.90021,0.73219,0.090108,12.497,-3.0608e-15,1.5525e-15
1951,-116.06,414.07,9.1252,0.91503,0.71015,0.093081,12.497,-3.0608e-15,1.5525e-15
1951.1,-116.17,414.03,9.1345,0.92927,0.68717,0.093944,12.497,-3.0608e-15,1.5525e-15
1951.2,-116.28,413.99,9.1439,0.94282,0.66398,0.093102,12.497,-3.0608e-15,1.5525e-15
1951.3,-116.38,413.95,9.1531,0.95562,0.64114,0.090911,12.497,-3.0608e-15,1.5525e-15
1951.4,-116.49,413.92,9.162,0.96764,0.61905,0.08767,12.497,-3.0608e-15,1.5525e-15
1951.5,-116.6,413.88,9.1706,0.97886,0.59804,0.083615,12.497,-3.0608e-15,1.5525e-15
1951.6,-116.71,413.85,9.1787,0.98929,0.57833,0.07893,12.497,-3.0608e-15,1.5525e-15
1951.7,-116.82,413.82,9.1864,0.99897,0.56007,0.073752,12.497,-3.0608e-15,1.5525e-15
1951.8,-116.93,413.79,9.1935,1.0079,0.54338,0.068179,12.497,-3.0608e-15,1.5525e-15
1951.9,-117.04,413.76,9.2,1.0162,0.52834,0.062277,12.497,-3.0608e-15,1.5525e-15
1952,-117.16,413.73,9.2059,1.0237,0.51501,0.056085,12.497,-3.0608e-15,1.5525e-15
1952.1,-117.27,413.7,9.2112,1.0307,0.50346,0.04962,12.497,-3.0608e-15,1.5525e-15
1952.2,-117.38,413.68,9.2158,1.0371,0.49373,0.042884,12.497,-3.0608e-15,1.5525e-15
1952.3,-117.49,413.65,9.2198,1.0429,0.48589,0.035861,12.497,-3.0608e-15,1.5525e-15
1952.4,-117.6,413.62,9.223,1.0481,0.48002,0.028524,12.497,-3.0608e-15,1.5525e-15
1952.5,-117.72,413.6,9.2255,1.0529,0.47621,0.020837,12.497,-3.0608e-15,1.5525e-15
1952.6,-117.83,413.57,9.2272,1.0571,0.47458,0.012754,12.497,-3.0608e-15,1.5525e-15
1952.7,-117.94,413.55,9.228,1.0608,0.47528,0.0042226,12.497,-3.0608e-15,1.5525e-15
1952.8,-118.05,413.52,9.228,1.0641,0.4782,-0.0049095,12.497,-3.0608e-15,1.5525e-15
1952.9,-118.17,413.49,9.227,1.0668,0.48197,-0.015211,12.497,-3.0608e-15,1.5525e-15
1953,-118.28,413.47,9.2249,1.0689,0.48645,-0.026741,12.497,-3.0608e-15,1.5525e-15
1953.1,-118.4,413.44,9.2216,1.0705,0.49175,-0.039412,12.497,-3.0608e-15,1.5525e-15
1953.2,-118.51,413.41,9.217,1.0714,0.49795,-0.053058,12.497,-3.0608e-15,1.5525e-15
1953.3,-118.63,413.39,9.211,1.0716,0.50512,-0.067436,12.497,-3.0608e-15,1.5525e-15
1953.4,-118.74,413.36,9.2035,1.0712,0.51333,-0.082228,12.497,-3.0608e-15,1.5525e-15
1953.5,-118.86,413.33,9.1945,1.0701,0.5226,-0.097067,12.497,-3.0608e-15,1.5525e-15
1953.6,-118.98,413.31,9.1841,1.0683,0.53293,-0.11156,12.497,-3.0608e-15,1.5525e-15
1953.7,-119.09,413.28,9.1722,1.0658,0.54429,-0.12531,12.497,-3.0608e-15,1.5525e-15
1953.8,-119.21,413.26,9.1591,1.0627,0.55661,-0.13797,12.497,-3.0608e-15,1.5525e-15
1953.9,-119.33,413.23,9.1447,1.059,0.5698,-0.14924,12.497,-3.0608e-15,1.5525e-15
1954,-119.44,413.2,9.1293,1.0548,0.58375,-0.15892,12.497,-3.0608e-15,1.5525e-15
1954.1,-119.56,413.18,9.113,1.0501,0.59832,-0.16687,12.497,-3.0608e-15,1.5525e-15
1954.2,-119.68,413.16,9.096,1.0451,0.61339,-0.17302,12.497,-3.0608e-15,1.5525e-15
1954.3,-119.8,413.13,9.0784,1.0397,0.62884,-0.1774,12.497,-3.0608e-15,1.5525e-15
1954.4,-119.92,413.11,9.0605,1.0341,0.64455,-0.18004,12.497,-3.0608e-15,1.5525e-15
1954.5,-120.04,413.08,9.0425,1.0283,0.66043,-0.18105,12.497,-3.0608e-15,1.5525e-15
1954.6,-120.16,413.06,9.0244,1.0225,0.6764,-0.18051,12.497,-3.0608e-15,1.5525e-15
1954.7,-120.28,413.04,9.0064,1.0167,0.69241,-0.17855,12.497,-3.0608e-15,1.5525e-15
1954.8,-120.4,413.02,8.9887,1.011,0.70841,-0.17527,12.497,-3.0608e-15,1.5525e-15
1954.9,-120.52,413,8.9714,1.0056,0.72439,-0.17077,12.497,-3.0608e-15,1.5525e-15
1955,-120.65,412.98,8.9546,1.0003,0.74034,-0.16513,12.497,-3.0608e-15,1.5525e-15
1955.1,-120.77,412.96,8.9384,0.99544,0.75628,-0.1584,12.497,-3.0608e-15,1.5525e-15
1955.2,-120.89,412.94,8.9229,0.99096,0.77225,-0.15063,12.497,-3.0608e-15,1.5525e-15
1955.3,-121.02,412.92,8.9083,0.98697,0.78828,-0.14183,12.497,-3.0608e-15,1.5525e-15
1955.4,-121.14,412.9,8.8946,0.98354,0.80443,-0.13198,12.497,-3.0608e-15,1.5525e-15
1955.5,-121.27,412.88,8.882,0.98074,0.82078,-0.12102,12.497,-3.0608e-15,1.5525e-15
1955.6,-121.39,412.86,8.8705,0.97867,0.83742,-0.10887,12.497,-3.0608e-15,1.5525e-15
1955.7,-121.52,412.84,8.8602,0.97742,0.85446,-0.095377,12.497,-3.0608e-15,1.5525e-15
1955.8,-121.65,412.82,8.8514,0.97711,0.87202,-0.08032,12.497,-3.0608e-15,1.5525e-15
1955.9,-121.78,412.8,8.8442,0.97788,0.89028,-0.063389,12.497,-3.0608e-15,1.5525e-15
1956,-121.91,412.77,8.8388,0.9799,0.90941,-0.044134,12.497,-3.0608e-15,1.5525e-15
1956.1,-122.04,412.75,8.8355,0.9834,0.92969,-0.0219,12.497,-3.0608e-15,1.5525e-15
1956.2,-122.18,412.73,8.8346,0.98868,0.95128,0.0042401,12.497,-3.0608e-15,1.5525e-15
1956.3,-122.32,412.7,8.8364,0.99606,0.96636,0.031915,12.497,-3.0608e-15,1.5525e-15
1956.4,-122.45,412.68,8.8409,1.0055,0.97004,0.057586,12.497,-3.0608e-15,1.5525e-15
1956.5,-122.59,412.65,8.8478,1.0166,0.96293,0.079438,12.497,-3.0608e-15,1.5525e-15
1956.6,-122.73,412.63,8.8566,1.0289,0.9466,0.096493,12.497,-3.0608e-15,1.5525e-15
1956.7,-122.86,412.61,8.8669,1.0418,0.92315,0.10857,12.497,-3.0608e-15,1.5525e-15
1956.8,-123,412.58,8.8782,1.0548,0.89476,0.11606,12.497,-3.0608e-15,1.5525e-15
1956.9,-123.14,412.56,8.89,1.0675,0.86342,0.11964,12.497,-3.0608e-15,1.5525e-15
1957,-123.27,412.54,8.902,1.0795,0.83077,0.12008,12.497,-3.0608e-15,1.5525e-15
1957.1,-123.41,412.53,8.9139,1.0907,0.79807,0.11811,12.497,-3.0608e-15,1.5525e-15
1957.2,-123.54,412.51,8.9256,1.1009,0.76623,0.11434,12.497,-3.0608e-15,1.5525e-15
1957.3,-123.67,412.5,8.9368,1.1102,0.73589,0.10925,12.497,-3.0608e-15,1.5525e-15
1957.4,-123.81,412.48,8.9474,1.1184,0.70747,0.10323,12.497,-3.0608e-15,1.5525e-15
1957.5,-123.94,412.47,8.9574,1.1257,0.68126,0.096539,12.497,-3.0608e-15,1.5525e-15
1957.6,-124.07,412.46,8.9667,1.1321,0.65741,0.089374,12.497,-3.0608e-15,1.5525e-15
1957.7,-124.2,412.46,8.9752,1.1376,0.63602,0.081864,12.497,-3.0608e-15,1.5525e-15
1957.8,-124.33,412.45,8.983,1.1424,0.61715,0.074091,12.497,-3.0608e-15,1.5525e-15
1957.9,-124.46,412.44,8.9901,1.1464,0.60083,0.066099,12.497,-3.0608e-15,1.5525e-15
1958,-124.59,412.44,8.9963,1.1497,0.58708,0.057906,12.497,-3.0608e-15,1.5525e-15
1958.1,-124.72,412.43,9.0016,1.1525,0.57594,0.049509,12.497,-3.0608e-15,1.5525e-15
1958.2,-124.85,412.43,9.0061,1.1546,0.56747,0.04089,12.497,-3.0608e-15,1.5525e-15
1958.3,-124.97,412.42,9.0098,1.1562,0.56172,0.032024,12.497,-3.0608e-15,1.5525e-15
1958.4,-125.1,412.42,9.0125,1.1573,0.5588,0.022879,12.497,-3.0608e-15,1.5525e-15
1958.5,-125.23,412.41,9.0144,1.1579,0.55883,0.013424,12.497,-3.0608e-15,1.5525e-15
1958.6,-125.36,412.41,9.0152,1.158,0.56199,0.0036355,12.497,-3.0608e-15,1.5525e-15
1958.7,-125.49,412.4,9.0151,1.1576,0.56792,-0.0066877,12.497,-3.0608e-15,1.5525e-15
1958.8,-125.62,412.39,9.0138,1.1567,0.57479,-0.018214,12.497,-3.0608e-15,1.5525e-15
1958.9,-125.75,412.39,9.0114,1.1551,0.58254,-0.03092,12.497,-3.0608e-15,1.5525e-15
1959,-125.88,412.38,9.0076,1.153,0.59122,-0.044633,12.497,-3.0608e-15,1.5525e-15
1959.1,-126,412.37,9.0024,1.1502,0.60092,-0.059085,12.497,-3.0608e-15,1.5525e-15
1959.2,-126.13,412.36,8.9958,1.1467,0.61167,-0.073924,12.497,-3.0608e-15,1.5525e-15
1959.3,-126.26,412.36,8.9877,1.1424,0.6235,-0.08873,12.497,-3.0608e-15,1.5525e-15
1959.4,-126.39,412.35,8.9781,1.1375,0.63639,-0.10305,12.497,-3.0608e-15,1.5525e-15
1959.5,-126.52,412.34,8.9671,1.1319,0.6503,-0.11643,12.497,-3.0608e-15,1.5525e-15
1959.6,-126.65,412.33,8.9548,1.1256,0.66516,-0.12846,12.497,-3.0608e-15,1.5525e-15
1959.7,-126.79,412.32,8.9414,1.1188,0.68085,-0.1388,12.497,-3.0608e-15,1.5525e-15
1959.8,-126.92,412.32,8.9271,1.1115,0.69725,-0.14721,12.497,-3.0608e-15,1.5525e-15
1959.9,-127.05,412.31,8.9121,1.1039,0.71426,-0.15351,12.497,-3.0608e-15,1.5525e-15
1960,-127.18,412.3,8.8965,1.0959,0.73174,-0.15765,12.497,-3.0608e-15,1.5525e-15
1960.1,-127.31,412.29,8.8806,1.0879,0.7496,-0.15961,12.497,-3.0608e-15,1.5525e-15
1960.2,-127.44,412.28,8.8646,1.0798,0.76773,-0.15945,12.497,-3.0608e-15,1.5525e-15
1960.3,-127.58,412.28,8.8488,1.0719,0.78609,-0.15724,12.497,-3.0608e-15,1.5525e-15
1960.4,-127.71,412.27,8.8333,1.0642,0.80464,-0.15306,12.497,-3.0608e-15,1.5525e-15
1960.5,-127.84,412.26,8.8182,1.0568,0.82338,-0.14698,12.497,-3.0608e-15,1.5525e-15
1960.6,-127.98,412.25,8.8039,1.05,0.84232,-0.13906,12.497,-3.0608e-15,1.5525e-15
1960.7,-128.11,412.25,8.7905,1.0438,0.86152,-0.12931,12.497,-3.0608e-15,1.5525e-15
1960.8,-128.25,412.24,8.7781,1.0385,0.88107,-0.11769,12.497,-3.0608e-15,1.5525e-15
1960.9,-128.38,412.23,8.767,1.034,0.90109,-0.10408,12.497,-3.0608e-15,1.5525e-15
1961,-128.52,412.22,8.7574,1.0306,0.92172,-0.088284,12.497,-3.0608e-15,1.5525e-15
1961.1,-128.66,412.21,8.7494,1.0286,0.94319,-0.069965,12.497,-3.0608e-15,1.5525e-15
1961.2,-128.8,412.2,8.7435,1.0281,0.96573,-0.048597,12.497,-3.0608e-15,1.5525e-15
1961.3,-128.94,412.19,8.7399,1.0294,0.9897,-0.023369,12.497,-3.0608e-15,1.5525e-15
1961.4,-129.08,412.18,8.739,1.0331,1.0152,0.0068647,12.497,-3.0608e-15,1.5525e-15
1961.5,-129.23,412.17,8.7413,1.0394,1.032,0.038804,12.497,-3.0608e-15,1.5525e-15
1961.6,-129.37,412.15,8.7467,1.0483,1.0348,0.068084,12.497,-3.0608e-15,1.5525e-15
1961.7,-129.52,412.14,8.7547,1.0593,1.0246,0.092412,12.497,-3.0608e-15,1.5525e-15
1961.8,-129.67,412.12,8.7649,1.0718,1.0035,0.1107,12.497,-3.0608e-15,1.5525e-15
1961.9,-129.81,412.11,8.7767,1.0849,0.97452,0.12294,12.497,-3.0608e-15,1.5525e-15
1962,-129.96,412.1,8.7893,1.098,0.94036,0.12981,12.497,-3.0608e-15,1.5525e-15
1962.1,-130.1,412.09,8.8025,1.1106,0.90344,0.13229,12.497,-3.0608e-15,1.5525e-15
1962.2,-130.24,412.08,8.8157,1.1224,0.86569,0.1314,12.497,-3.0608e-15,1.5525e-15
1962.3,-130.38,412.08,8.8287,1.1332,0.82849,0.12801,12.497,-3.0608e-15,1.5525e-15
1962.4,-130.52,412.07,8.8412,1.1428,0.79278,0.12285,12.497,-3.0608e-15,1.5525e-15
1962.5,-130.66,412.07,8.8532,1.1513,0.7592,0.11645,12.497,-3.0608e-15,1.5525e-15
1962.6,-130.8,412.07,8.8645,1.1587,0.72812,0.10922,12.497,-3.0608e-15,1.5525e-15
1962.7,-130.94,412.07,8.875,1.165,0.69977,0.10142,12.497,-3.0608e-15,1.5525e-15
1962.8,-131.07,412.07,8.8848,1.1704,0.67425,0.093248,12.497,-3.0608e-15,1.5525e-15
1962.9,-131.21,412.07,8.8937,1.1748,0.65162,0.084817,12.497,-3.0608e-15,1.5525e-15
1963,-131.34,412.08,8.9017,1.1784,0.63188,0.076195,12.497,-3.0608e-15,1.5525e-15
1963.1,-131.47,412.08,8.9089,1.1813,0.61503,0.067412,12.497,-3.0608e-15,1.5525e-15
1963.2,-131.61,412.09,8.9152,1.1835,0.60109,0.058471,12.497,-3.0608e-15,1.5525e-15
1963.3,-131.74,412.09,8.9206,1.185,0.59008,0.049357,12.497,-3.0608e-15,1.5525e-15
1963.4,-131.87,412.1,8.9251,1.186,0.58202,0.040042,12.497,-3.0608e-15,1.5525e-15
1963.5,-132,412.1,8.9286,1.1864,0.57699,0.030493,12.497,-3.0608e-15,1.5525e-15
1963.6,-132.14,412.11,8.9312,1.1863,0.5751,0.020673,12.497,-3.0608e-15,1.5525e-15
1963.7,-132.27,412.11,8.9327,1.1857,0.57649,0.010553,12.497,-3.0608e-15,1.5525e-15
1963.8,-132.4,412.12,8.9333,1.1847,0.58134,0.00011603,12.497,-3.0608e-15,1.5525e-15
1963.9,-132.53,412.12,8.9327,1.1831,0.58843,-0.01113,5.0601,-0.19168,0.094019
1964,-132.66,412.13,8.9311,1.1645,0.59545,-0.020438,5.0601,-0.19168,0.094019
1964.1,-132.79,412.13,8.9286,1.1462,0.60304,-0.029733,5.0601,-0.19168,0.094019
1964.2,-132.92,412.13,8.9252,1.1281,0.61119,-0.038774,5.0601,-0.19168,0.094019
1964.3,-133.05,412.13,8.9209,1.1101,0.61986,-0.047307,5.0601,-0.19168,0.094019
1964.4,-133.18,412.13,8.9158,1.0923,0.62899,-0.055074,5.0601,-0.19168,0.094019
1964.5,-133.3,412.13,8.9099,1.0748,0.63852,-0.06183,5.0601,-0.19168,0.094019
1964.6,-133.43,412.12,8.9034,1.0574,0.64838,-0.067361,5.0601,-0.19168,0.094019
1964.7,-133.55,412.12,8.8965,1.0404,0.65851,-0.071486,5.0601,-0.19168,0.094019
1964.8,-133.67,412.11,8.8892,1.0238,0.66884,-0.074068,5.0601,-0.19168,0.094019
1964.9,-133.79,412.11,8.8817,1.0076,0.67931,-0.075007,5.0601,-0.19168,0.094019
1965,-133.91,412.1,8.8743,0.99188,0.68986,-0.074238,5.0601,-0.19168,0.094019
1965.1,-134.03,412.1,8.8669,0.97676,0.70047,-0.07172,5.0601,-0.19168,0.094019
1965.2,-134.15,412.09,8.86,0.96232,0.71113,-0.067421,5.0601,-0.19168,0.094019
1965.3,-134.27,412.08,8.8535,0.94864,0.72182,-0.06131,5.0601,-0.19168,0.094019
1965.4,-134.39,412.07,8.8478,0.93582,0.73257,-0.053336,5.0601,-0.19168,0.094019
1965.5,-134.51,412.06,8.8429,0.92396,0.74343,-0.043408,5.0601,-0.19168,0.094019
1965.6,-134.63,412.05,8.8392,0.91318,0.75447,-0.031379,5.0601,-0.19168,0.094019
1965.7,-134.75,412.03,8.8367,0.9036,0.76577,-0.017008,5.0601,-0.19168,0.094019
1965.8,-134.86,412.02,8.8358,0.89538,0.77747,8.2008e-05,5.0601,-0.19168,0.094019
1965.9,-134.98,412,8.8368,0.88868,0.78615,0.01892,5.0601,-0.19168,0.094019
1966,-135.1,411.99,8.8396,0.8835,0.7881,0.037394,5.0601,-0.19168,0.094019
1966.1,-135.22,411.97,8.8442,0.87974,0.78336,0.054416,5.0601,-0.19168,0.094019
1966.2,-135.33,411.95,8.8504,0.87718,0.77246,0.069193,5.0601,-0.19168,0.094019
1966.3,-135.45,411.93,8.858,0.87555,0.75629,0.081287,5.0601,-0.19168,0.094019
1966.4,-135.56,411.92,8.8666,0.87457,0.73589,0.090591,5.0601,-0.19168,0.094019
1966.5,-135.67,411.9,8.876,0.87397,0.71238,0.09725,5.0601,-0.19168,0.094019
1966.6,-135.78,411.89,8.886,0.87354,0.68674,0.10156,5.0601,-0.19168,0.094019
1966.7,-135.89,411.87,8.8962,0.87309,0.65987,0.10388,5.0601,-0.19168,0.094019
1966.8,-136,411.86,8.9067,0.8725,0.63247,0.1046,5.0601,-0.19168,0.094019
1966.9,-136.11,411.85,8.9171,0.87168,0.60509,0.10406,5.0601,-0.19168,0.094019
1967,-136.21,411.84,8.9275,0.87059,0.57813,0.10257,5.0601,-0.19168,0.094019
1967.1,-136.32,411.83,8.9376,0.86919,0.55188,0.10038,5.0601,-0.19168,0.094019
1967.2,-136.42,411.82,8.9475,0.86749,0.52653,0.097687,5.0601,-0.19168,0.094019
1967.3,-136.52,411.82,8.9571,0.86551,0.50219,0.094668,5.0601,-0.19168,0.094019
1967.4,-136.62,411.81,8.9665,0.86324,0.47893,0.091444,5.0601,-0.19168,0.094019
1967.5,-136.72,411.81,8.9754,0.86073,0.45677,0.088114,5.0601,-0.19168,0.094019
1967.6,-136.81,411.81,8.9841,0.858,0.43571,0.084751,5.0601,-0.19168,0.094019
1967.7,-136.91,411.8,8.9924,0.85507,0.41571,0.081411,5.0601,-0.19168,0.094019
1967.8,-137,411.8,9.0004,0.85198,0.39675,0.078135,5.0601,-0.19168,0.094019
1967.9,-137.1,411.8,9.008,0.84875,0.37877,0.074952,5.0601,-0.19168,0.094019
1968,-137.19,411.8,9.0154,0.8454,0.36172,0.071884,5.0601,-0.19168,0.094019
1968.1,-137.28,411.8,9.0224,0.84196,0.34554,0.068947,5.0601,-0.19168,0.094019
1968.2,-137.37,411.8,9.0291,0.83845,0.33019,0.066151,5.0601,-0.19168,0.094019
1968.3,-137.46,411.81,9.0356,0.83489,0.31561,0.063503,5.0601,-0.19168,0.094019
1968.4,-137.55,411.81,9.0419,0.83129,0.30174,0.061007,5.0601,-0.19168,0.094019
1968.5,-137.64,411.81,9.0478,0.82767,0.28854,0.058667,5.0601,-0.19168,0.094019
1968.6,-137.72,411.82,9.0536,0.82405,0.27595,0.056484,5.0601,-0.19168,0.094019
1968.7,-137.81,411.82,9.0591,0.82043,0.26392,0.054459,5.0601,-0.19168,0.094019
1968.8,-137.9,411.83,9.0645,0.81683,0.25243,0.052592,5.0601,-0.19168,0.094019
1968.9,-137.98,411.83,9.0697,0.81325,0.24141,0.050885,5.0601,-0.19168,0.094019
1969,-138.07,411.84,9.0747,0.80971,0.23084,0.049337,5.0601,-0.19168,0.094019
1969.1,-138.15,411.84,9.0795,0.80621,0.22067,0.04795,5.0601,-0.19168,0.094019
1969.2,-138.23,411.85,9.0843,0.80275,0.21087,0.046724,5.0601,-0.19168,0.094019
1969.3,-138.31,411.86,9.0889,0.79934,0.20141,0.045661,5.0601,-0.19168,0.094019
1969.4,-138.4,411.86,9.0934,0.79599,0.19224,0.044763,5.0601,-0.19168,0.094019
1969.5,-138.48,411.87,9.0978,0.7927,0.18335,0.044034,5.0601,-0.19168,0.094019
1969.6,-138.56,411.88,9.1022,0.78947,0.1747,0.043476,5.0601,-0.19168,0.094019
1969.7,-138.64,411.89,9.1065,0.7863,0.16627,0.043095,5.0601,-0.19168,0.094019
1969.8,-138.72,411.9,9.1108,0.7832,0.15802,0.042895,3.8829,-9.5105e-16,4.6633e-16
1969.9,-138.8,411.91,9.115,0.77755,0.15091,0.040204,3.8829,-9.5105e-16,4.6633e-16
1970,-138.88,411.92,9.1189,0.77201,0.14431,0.037651,3.8829,-9.5105e-16,4.6633e-16
1970.1,-138.95,411.93,9.1225,0.76659,0.13818,0.035218,3.8829,-9.5105e-16,4.6633e-16
1970.2,-139.03,411.94,9.1259,0.7613,0.13247,0.03289,3.8829,-9.5105e-16,4.6633e-16
1970.3,-139.11,411.95,9.1291,0.75613,0.12717,0.030652,3.8829,-9.5105e-16,4.6633e-16
1970.4,-139.18,411.96,9.1321,0.75109,0.12225,0.028493,3.8829,-9.5105e-16,4.6633e-16
1970.5,-139.26,411.97,9.1348,0.74616,0.11768,0.026399,3.8829,-9.5105e-16,4.6633e-16
1970.6,-139.33,411.98,9.1373,0.74136,0.11344,0.024359,3.8829,-9.5105e-16,4.6633e-16
1970.7,-139.41,411.99,9.1397,0.73668,0.10951,0.022361,3.8829,-9.5105e-16,4.6633e-16
1970.8,-139.48,412,9.1418,0.73212,0.10589,0.020394,3.8829,-9.5105e-16,4.6633e-16
1970.9,-139.55,412.01,9.1438,0.72768,0.10255,0.018448,3.8829,-9.5105e-16,4.6633e-16
1971,-139.62,412.02,9.1455,0.72335,0.099485,0.016511,3.8829,-9.5105e-16,4.6633e-16
1971.1,-139.7,412.03,9.1471,0.71913,0.096686,0.014572,3.8829,-9.5105e-16,4.6633e-16
1971.2,-139.77,412.04,9.1484,0.71502,0.094145,0.012622,3.8829,-9.5105e-16,4.6633e-16
1971.3,-139.84,412.05,9.1496,0.71101,0.091856,0.010647,3.8829,-9.5105e-16,4.6633e-16
1971.4,-139.91,412.06,9.1506,0.70711,0.089813,0.0086355,3.8829,-9.5105e-16,4.6633e-16
1971.5,-139.98,412.07,9.1513,0.70331,0.088015,0.0065758,3.8829,-9.5105e-16,4.6633e-16
1971.6,-140.05,412.08,9.1519,0.69961,0.086461,0.0044538,3.8829,-9.5105e-16,4.6633e-16
1971.7,-140.12,412.09,9.1522,0.69601,0.08515,0.0022552,3.8829,-9.5105e-16,4.6633e-16
1971.8,-140.19,412.1,9.1523,0.69249,0.084087,-3.5965e-05,3.8829,-9.5105e-16,4.6633e-16
1971.9,-140.26,412.11,9.1522,0.68907,0.083227,-0.0024512,3.8829,-9.5105e-16,4.6633e-16
1972,-140.33,412.12,9.1518,0.68572,0.082533,-0.0050128,3.8829,-9.5105e-16,4.6633e-16
1972.1,-140.39,412.13,9.1512,0.68246,0.082014,-0.0077239,3.8829,-9.5105e-16,4.6633e-16
1972.2,-140.46,412.14,9.1503,0.67928,0.081676,-0.010586,3.8829,-9.5105e-16,4.6633e-16
1972.3,-140.53,412.15,9.1491,0.67617,0.081528,-0.013599,3.8829,-9.5105e-16,4.6633e-16
1972.4,-140.6,412.16,9.1475,0.67314,0.081578,-0.01676,3.8829,-9.5105e-16,4.6633e-16
1972.5,-140.66,412.17,9.1457,0.67017,0.081833,-0.020066,3.8829,-9.5105e-16,4.6633e-16
1972.6,-140.73,412.19,9.1435,0.66726,0.082299,-0.023509,3.8829,-9.5105e-16,4.6633e-16
1972.7,-140.8,412.2,9.141,0.66442,0.082982,-0.02708,3.8829,-9.5105e-16,4.6633e-16
1972.8,-140.86,412.21,9.1381,0.66163,0.083888,-0.030768,3.8829,-9.5105e-16,4.6633e-16
1972.9,-140.93,412.22,9.1348,0.65889,0.08502,-0.034558,3.8829,-9.5105e-16,4.6633e-16
1973,-140.99,412.23,9.1312,0.65621,0.086381,-0.038434,3.8829,-9.5105e-16,4.6633e-16
1973.1,-141.06,412.24,9.1272,0.65357,0.087972,-0.042376,3.8829,-9.5105e-16,4.6633e-16
1973.2,-141.12,412.25,9.1227,0.65098,0.089792,-0.046365,3.8829,-9.5105e-16,4.6633e-16
1973.3,-141.19,412.26,9.1179,0.64842,0.09184,-0.050379,3.8829,-9.5105e-16,4.6633e-16
1973.4,-141.25,412.27,9.1126,0.6459,0.094112,-0.054393,3.8829,-9.5105e-16,4.6633e-16
1973.5,-141.32,412.28,9.107,0.64342,0.096603,-0.058385,3.8829,-9.5105e-16,4.6633e-16
1973.6,-141.38,412.29,9.101,0.64096,0.099304,-0.062331,3.8829,-9.5105e-16,4.6633e-16
1973.7,-141.44,412.3,9.0945,0.63853,0.10221,-0.066207,3.8829,-9.5105e-16,4.6633e-16
1973.8,-141.51,412.32,9.0877,0.63612,0.1053,-0.069992,3.8829,-9.5105e-16,4.6633e-16
1973.9,-141.57,412.33,9.0805,0.63373,0.10858,-0.073663,3.8829,-9.5105e-16,4.6633e-16
1974,-141.63,412.34,9.073,0.63136,0.11202,-0.077202,3.8829,-9.5105e-16,4.6633e-16
1974.1,-141.7,412.35,9.0651,0.62901,0.11562,-0.080593,3.8829,-9.5105e-16,4.6633e-16
1974.2,-141.76,412.36,9.0569,0.62666,0.11935,-0.083819,3.8829,-9.5105e-16,4.6633e-16
1974.3,-141.82,412.37,9.0483,0.62433,0.12321,-0.086868,3.8829,-9.5105e-16,4.6633e-16
1974.4,-141.89,412.38,9.0395,0.62201,0.12717,-0.089732,3.8829,-9.5105e-16,4.6633e-16
1974.5,-141.95,412.39,9.0304,0.61969,0.13122,-0.092402,3.8829,-9.5105e-16,4.6633e-16
1974.6,-142.01,412.41,9.021,0.61739,0.13534,-0.094874,3.8829,-9.5105e-16,4.6633e-16
1974.7,-142.07,412.42,9.0114,0.61509,0.13952,-0.097145,3.8829,-9.5105e-16,4.6633e-16
1974.8,-142.13,412.43,9.0016,0.61279,0.14374,-0.099214,3.8829,-9.5105e-16,4.6633e-16
1974.9,-142.2,412.44,8.9916,0.6105,0.14799,-0.10108,3.8829,-9.5105e-16,4.6633e-16
1975,-142.26,412.45,8.9814,0.60822,0.15225,-0.10276,3.8829,-9.5105e-16,4.6633e-16
1975.1,-142.32,412.47,8.9711,0.60594,0.1565,-0.10424,3.8829,-9.5105e-16,4.6633e-16
1975.2,-142.38,412.48,8.9606,0.60368,0.16075,-0.10553,3.8829,-9.5105e-16,4.6633e-16
1975.3,-142.44,412.49,8.95,0.60142,0.16497,-0.10664,3.8829,-9.5105e-16,4.6633e-16
1975.4,-142.5,412.51,8.9392,0.59917,0.16915,-0.10758,3.8829,-9.5105e-16,4.6633e-16
1975.5,-142.56,412.52,8.9284,0.59694,0.17329,-0.10836,3.8829,-9.5105e-16,4.6633e-16
1975.6,-142.62,412.53,8.9176,0.59471,0.17737,-0.10898,3.8829,-9.5105e-16,4.6633e-16
1975.7,-142.68,412.55,8.9067,0.59251,0.18139,-0.10945,3.8829,-9.5105e-16,4.6633e-16
1975.8,-142.74,412.56,8.8957,0.59032,0.18534,-0.10978,3.8829,-9.5105e-16,4.6633e-16
1975.9,-142.8,412.57,8.8847,0.58814,0.18921,-0.10998,3.8829,-9.5105e-16,4.6633e-16
1976,-142.86,412.59,8.8737,0.58599,0.193,-0.11006,3.8829,-9.5105e-16,4.6633e-16
1976.1,-142.92,412.6,8.8627,0.58386,0.19671,-0.11002,3.8829,-9.5105e-16,4.6633e-16
1976.2,-142.98,412.62,8.8517,0.58175,0.20033,-0.10988,3.8829,-9.5105e-16,4.6633e-16
1976.3,-143.04,412.63,8.8407,0.57967,0.20386,-0.10964,3.8829,-9.5105e-16,4.6633e-16
1976.4,-143.1,412.65,8.8298,0.57761,0.20729,-0.10931,3.8829,-9.5105e-16,4.6633e-16
1976.5,-143.16,412.66,8.8189,0.57558,0.21063,-0.1089,3.8829,-9.5105e-16,4.6633e-16
1976.6,-143.22,412.68,8.808,0.57359,0.21387,-0.10841,3.8829,-9.5105e-16,4.6633e-16
1976.7,-143.28,412.69,8.7972,0.57162,0.21701,-0.10785,3.8829,-9.5105e-16,4.6633e-16
1976.8,-143.34,412.71,8.7864,0.56969,0.22006,-0.10722,3.8829,-9.5105e-16,4.6633e-16
1976.9,-143.4,412.73,8.7757,0.56779,0.223,-0.10654,3.8829,-9.5105e-16,4.6633e-16
1977,-143.46,412.74,8.7651,0.56593,0.22585,-0.10581,3.8829,-9.5105e-16,4.6633e-16
1977.1,-143.52,412.76,8.7546,0.5641,0.2286,-0.10503,3.8829,-9.5105e-16,4.6633e-16
1977.2,-143.57,412.78,8.7441,0.56232,0.23126,-0.1042,3.8829,-9.5105e-16,4.6633e-16
1977.3,-143.63,412.79,8.7337,0.56057,0.23382,-0.10334,3.8829,-9.5105e-16,4.6633e-16
1977.4,-143.69,412.81,8.7235,0.55886,0.23629,-0.10244,3.8829,-9.5105e-16,4.6633e-16
1977.5,-143.75,412.83,8.7133,0.55719,0.23866,-0.10152,3.8829,-9.5105e-16,4.6633e-16
1977.6,-143.81,412.85,8.7032,0.55556,0.24094,-0.10056,3.8829,-9.5105e-16,4.6633e-16
1977.7,-143.86,412.87,8.6931,0.55397,0.24314,-0.09959,3.8829,-9.5105e-16,4.6633e-16
1977.8,-143.92,412.89,8.6832,0.55242,0.24524,-0.098595,3.8829,-9.5105e-16,4.6633e-16
1977.9,-143.98,412.91,8.6734,0.55092,0.24727,-0.097584,3.8829,-9.5105e-16,4.6633e-16
1978,-144.04,412.92,8.6637,0.54946,0.2492,-0.096559,3.8829,-9.5105e-16,4.6633e-16
1978.1,-144.09,412.95,8.6541,0.54804,0.25106,-0.095523,3.8829,-9.5105e-16,4.6633e-16
1978.2,-144.15,412.97,8.6446,0.54666,0.25284,-0.094478,3.8829,-9.5105e-16,4.6633e-16
1978.3,-144.21,412.99,8.6352,0.54532,0.25454,-0.093426,3.8829,-9.5105e-16,4.6633e-16
1978.4,-144.26,413.01,8.6259,0.54403,0.25617,-0.09237,3.8829,-9.5105e-16,4.6633e-16
1978.5,-144.32,413.03,8.6167,0.54278,0.25772,-0.091311,3.8829,-9.5105e-16,4.6633e-16
1978.6,-144.37,413.05,8.6077,0.54157,0.25921,-0.090251,3.8829,-9.5105e-16,4.6633e-16
1978.7,-144.43,413.07,8.5987,0.5404,0.26062,-0.089192,3.8829,-9.5105e-16,4.6633e-16
1978.8,-144.49,413.09,8.5898,0.53928,0.26197,-0.088135,3.8829,-9.5105e-16,4.6633e-16
1978.9,-144.54,413.12,8.5811,0.53819,0.26325,-0.087081,3.8829,-9.5105e-16,4.6633e-16
1979,-144.6,413.14,8.5724,0.53715,0.26447,-0.086033,3.8829,-9.5105e-16,4.6633e-16
1979.1,-144.65,413.16,8.5639,0.53614,0.26564,-0.08499,3.8829,-9.5105e-16,4.6633e-16
1979.2,-144.71,413.19,8.5554,0.53518,0.26674,-0.083955,3.8829,-9.5105e-16,4.6633e-16
1979.3,-144.76,413.21,8.5471,0.53425,0.26778,-0.082928,3.8829,-9.5105e-16,4.6633e-16
1979.4,-144.82,413.23,8.5388,0.53337,0.26877,-0.08191,3.8829,-9.5105e-16,4.6633e-16
1979.5,-144.87,413.26,8.5307,0.53252,0.26971,-0.080902,3.8829,-9.5105e-16,4.6633e-16
1979.6,-144.93,413.28,8.5226,0.53171,0.2706,-0.079904,3.8829,-9.5105e-16,4.6633e-16
1979.7,-144.98,413.31,8.5147,0.53093,0.27143,-0.078918,3.8829,-9.5105e-16,4.6633e-16
1979.8,-145.03,413.33,8.5069,0.53019,0.27222,-0.077944,3.8829,-9.5105e-16,4.6633e-16
1979.9,-145.09,413.36,8.4991,0.52949,0.27296,-0.076983,3.8829,-9.5105e-16,4.6633e-16
1980,-145.14,413.39,8.4915,0.52882,0.27366,-0.076036,3.8829,-9.5105e-16,4.6633e-16
1980.1,-145.19,413.41,8.4839,0.52818,0.27431,-0.075102,3.8829,-9.5105e-16,4.6633e-16
1980.2,-145.25,413.44,8.4764,0.52758,0.27493,-0.074182,3.8829,-9.5105e-16,4.6633e-16
1980.3,-145.3,413.47,8.4691,0.527,0.2755,-0.073277,3.8829,-9.5105e-16,4.6633e-16
1980.4,-145.35,413.49,8.4618,0.52646,0.27603,-0.072387,3.8829,-9.5105e-16,4.6633e-16
1980.5,-145.41,413.52,8.4546,0.52595,0.27653,-0.071513,3.8829,-9.5105e-16,4.6633e-16
1980.6,-145.46,413.55,8.4475,0.52547,0.27699,-0.070654,3.8829,-9.5105e-16,4.6633e-16
1980.7,-145.51,413.58,8.4405,0.52502,0.27741,-0.069811,3.8829,-9.5105e-16,4.6633e-16
1980.8,-145.56,413.61,8.4335,0.5246,0.27781,-0.068985,3.8829,-9.5105e-16,4.6633e-16
1980.9,-145.61,413.63,8.4267,0.5242,0.27817,-0.068174,3.8829,-9.5105e-16,4.6633e-16
1981,-145.67,413.66,8.4199,0.52383,0.27849,-0.067381,3.8829,-9.5105e-16,4.6633e-16
1981.1,-145.72,413.69,8.4132,0.52348,0.27879,-0.066604,3.8829,-9.5105e-16,4.6633e-16
1981.2,-145.77,413.72,8.4066,0.52316,0.27906,-0.065845,3.8829,-9.5105e-16,4.6633e-16
1981.3,-145.82,413.75,8.4,0.52287,0.2793,-0.065102,3.8829,-9.5105e-16,4.6633e-16
1981.4,-145.87,413.78,8.3935,0.52259,0.27952,-0.064377,3.8829,-9.5105e-16,4.6633e-16
1981.5,-145.92,413.81,8.3871,0.52234,0.27971,-0.063669,3.8829,-9.5105e-16,4.6633e-16
1981.6,-145.97,413.84,8.3808,0.52211,0.27988,-0.062979,3.8829,-9.5105e-16,4.6633e-16
1981.7,-146.02,413.88,8.3745,0.52191,0.28002,-0.062306,3.8829,-9.5105e-16,4.6633e-16
1981.8,-146.07,413.91,8.3684,0.52172,0.28014,-0.06165,8.0114,1.0506,-0.51533
1981.9,-146.12,413.94,8.3615,0.53055,0.28486,-0.075326,8.0114,1.0506,-0.51533
1982,-146.17,413.97,8.3533,0.53881,0.29009,-0.088378,8.0114,1.0506,-0.51533
1982.1,-146.23,414.01,8.3438,0.54652,0.29584,-0.10063,8.0114,1.0506,-0.51533
1982.2,-146.28,414.04,8.3332,0.5537,0.30209,-0.11195,8.0114,1.0506,-0.51533
1982.3,-146.33,414.08,8.3215,0.56036,0.30882,-0.12224,8.0114,1.0506,-0.51533
1982.4,-146.38,414.11,8.3088,0.56653,0.31599,-0.13147,8.0114,1.0506,-0.51533
1982.5,-146.44,414.15,8.2952,0.57224,0.32356,-0.13962,8.0114,1.0506,-0.51533
1982.6,-146.49,414.19,8.2809,0.57751,0.33148,-0.14672,8.0114,1.0506,-0.51533
1982.7,-146.55,414.23,8.2659,0.58235,0.3397,-0.15282,8.0114,1.0506,-0.51533
1982.8,-146.6,414.27,8.2504,0.58681,0.34818,-0.15799,8.0114,1.0506,-0.51533
1982.9,-146.65,414.31,8.2344,0.5909,0.35686,-0.1623,8.0114,1.0506,-0.51533
1983,-146.71,414.35,8.2179,0.59464,0.36571,-0.16581,8.0114,1.0506,-0.51533
1983.1,-146.77,414.39,8.2012,0.59806,0.37469,-0.16862,8.0114,1.0506,-0.51533
1983.2,-146.82,414.44,8.1842,0.60118,0.38376,-0.17079,8.0114,1.0506,-0.51533
1983.3,-146.88,414.48,8.1671,0.60402,0.3929,-0.1724,8.0114,1.0506,-0.51533
1983.4,-146.93,414.53,8.1498,0.6066,0.40207,-0.17349,8.0114,1.0506,-0.51533
1983.5,-146.99,414.58,8.1324,0.60894,0.41127,-0.17413,8.0114,1.0506,-0.51533
1983.6,-147.05,414.62,8.115,0.61106,0.42046,-0.17437,8.0114,1.0506,-0.51533
1983.7,-147.1,414.67,8.0975,0.61299,0.42964,-0.17425,8.0114,1.0506,-0.51533
1983.8,-147.16,414.72,8.0801,0.61472,0.4388,-0.1738,8.0114,1.0506,-0.51533
1983.9,-147.22,414.77,8.0628,0.6163,0.44793,-0.17306,8.0114,1.0506,-0.51533
1984,-147.27,414.82,8.0455,0.61772,0.45702,-0.17206,8.0114,1.0506,-0.51533
1984.1,-147.33,414.88,8.0284,0.619,0.46607,-0.17081,8.0114,1.0506,-0.51533
1984.2,-147.38,414.93,8.0114,0.62017,0.47508,-0.16935,8.0114,1.0506,-0.51533
1984.3,-147.44,414.98,7.9945,0.62122,0.48404,-0.16767,8.0114,1.0506,-0.51533
1984.4,-147.5,415.04,7.9778,0.62219,0.49296,-0.1658,8.0114,1.0506,-0.51533
1984.5,-147.55,415.1,7.9614,0.62308,0.50184,-0.16375,8.0114,1.0506,-0.51533
1984.6,-147.61,415.15,7.9451,0.6239,0.5107,-0.16153,8.0114,1.0506,-0.51533
1984.7,-147.67,415.21,7.9291,0.62467,0.51952,-0.15914,8.0114,1.0506,-0.51533
1984.8,-147.72,415.27,7.9133,0.6254,0.52832,-0.15659,8.0114,1.0506,-0.51533
1984.9,-147.78,415.33,7.8977,0.6261,0.5371,-0.15387,8.0114,1.0506,-0.51533
1985,-147.84,415.39,7.8825,0.62679,0.54588,-0.151,8.0114,1.0506,-0.51533
1985.1,-147.89,415.45,7.8676,0.62747,0.55467,-0.14798,8.0114,1.0506,-0.51533
1985.2,-147.95,415.51,7.8529,0.62816,0.56347,-0.14479,8.0114,1.0506,-0.51533
1985.3,-148.01,415.58,7.8386,0.62888,0.57229,-0.14144,8.0114,1.0506,-0.51533
1985.4,-148.06,415.64,7.8246,0.62962,0.58116,-0.13791,8.0114,1.0506,-0.51533
1985.5,-148.12,415.71,7.811,0.63041,0.59007,-0.13422,8.0114,1.0506,-0.51533
1985.6,-148.17,415.77,7.7978,0.63126,0.59906,-0.13034,8.0114,1.0506,-0.51533
1985.7,-148.23,415.84,7.785,0.63218,0.60813,-0.12626,8.0114,1.0506,-0.51533
1985.8,-148.29,415.91,7.7725,0.63318,0.61731,-0.12197,8.0114,1.0506,-0.51533
1985.9,-148.34,415.98,7.7606,0.63429,0.62661,-0.11745,8.0114,1.0506,-0.51533
1986,-148.4,416.04,7.7491,0.63551,0.63606,-0.11269,8.0114,1.0506,-0.51533
1986.1,-148.46,416.11,7.738,0.63686,0.64568,-0.10766,8.0114,1.0506,-0.51533
1986.2,-148.51,416.19,7.7275,0.63836,0.6555,-0.10234,8.0114,1.0506,-0.51533
1986.3,-148.57,416.26,7.7176,0.64004,0.66554,-0.096676,8.0114,1.0506,-0.51533
1986.4,-148.63,416.33,7.7082,0.64191,0.67585,-0.090642,8.0114,1.0506,-0.51533
1986.5,-148.69,416.4,7.6995,0.644,0.68646,-0.084187,8.0114,1.0506,-0.51533
1986.6,-148.74,416.48,7.6914,0.64635,0.69742,-0.077249,8.0114,1.0506,-0.51533
1986.7,-148.8,416.55,7.684,0.64898,0.70878,-0.069755,8.0114,1.0506,-0.51533
1986.8,-148.86,416.63,7.6775,0.65194,0.72059,-0.061614,8.0114,1.0506,-0.51533
1986.9,-148.92,416.71,7.6717,0.65527,0.73293,-0.052712,1.4783,-3.6209e-16,1.79e-16
1987,-148.98,416.79,7.6677,0.64502,0.7415,-0.028154,1.4783,-3.6209e-16,1.79e-16
1987.1,-149.04,416.86,7.6662,0.63667,0.75087,-0.0017778,1.4783,-3.6209e-16,1.79e-16
1987.2,-149.11,416.94,7.6674,0.63035,0.75699,0.025383,1.4783,-3.6209e-16,1.79e-16
1987.3,-149.17,417.01,7.6712,0.62594,0.75451,0.050111,1.4783,-3.6209e-16,1.79e-16
1987.4,-149.23,417.09,7.6773,0.62317,0.7442,0.071086,1.4783,-3.6209e-16,1.79e-16
1987.5,-149.29,417.16,7.6852,0.62165,0.72738,0.08771,1.4783,-3.6209e-16,1.79e-16
1987.6,-149.35,417.24,7.6947,0.62096,0.70561,0.1,1.4783,-3.6209e-16,1.79e-16
1987.7,-149.41,417.31,7.7051,0.62074,0.68039,0.10838,1.4783,-3.6209e-16,1.79e-16
1987.8,-149.47,417.38,7.7162,0.6207,0.65309,0.11346,1.4783,-3.6209e-16,1.79e-16
1987.9,-149.53,417.45,7.7277,0.6206,0.62476,0.11592,1.4783,-3.6209e-16,1.79e-16
1988,-149.58,417.52,7.7393,0.62029,0.59624,0.11635,1.4783,-3.6209e-16,1.79e-16
1988.1,-149.63,417.59,7.7509,0.61968,0.56811,0.11529,1.4783,-3.6209e-16,1.79e-16
1988.2,-149.68,417.65,7.7624,0.61873,0.54077,0.11316,1.4783,-3.6209e-16,1.79e-16
1988.3,-149.73,417.72,7.7735,0.61741,0.51448,0.11028,1.4783,-3.6209e-16,1.79e-16
1988.4,-149.77,417.78,7.7844,0.61573,0.48939,0.10691,1.4783,-3.6209e-16,1.79e-16
1988.5,-149.81,417.85,7.7949,0.61371,0.46557,0.10323,1.4783,-3.6209e-16,1.79e-16
1988.6,-149.86,417.91,7.805,0.61137,0.44304,0.099389,1.4783,-3.6209e-16,1.79e-16
1988.7,-149.9,417.98,7.8148,0.60875,0.42179,0.095482,1.4783,-3.6209e-16,1.79e-16
1988.8,-149.94,418.04,7.8241,0.60588,0.40178,0.09158,1.4783,-3.6209e-16,1.79e-16
1988.9,-149.97,418.1,7.8331,0.60278,0.38295,0.087733,1.4783,-3.6209e-16,1.79e-16
1989,-150.01,418.16,7.8417,0.5995,0.36525,0.083976,1.4783,-3.6209e-16,1.79e-16
1989.1,-150.05,418.22,7.8499,0.59605,0.34862,0.080331,1.4783,-3.6209e-16,1.79e-16
1989.2,-150.08,418.28,7.8578,0.59247,0.33297,0.076813,1.4783,-3.6209e-16,1.79e-16
1989.3,-150.11,418.34,7.8653,0.58878,0.31827,0.07343,1.4783,-3.6209e-16,1.79e-16
1989.4,-150.14,418.4,7.8725,0.585,0.30443,0.070184,1.4783,-3.6209e-16,1.79e-16
1989.5,-150.18,418.45,7.8793,0.58115,0.29141,0.067077,1.4783,-3.6209e-16,1.79e-16
1989.6,-150.21,418.51,7.8859,0.57725,0.27914,0.064107,1.4783,-3.6209e-16,1.79e-16
1989.7,-150.24,418.57,7.8921,0.57331,0.26758,0.06127,1.4783,-3.6209e-16,1.79e-16
1989.8,-150.26,418.62,7.8981,0.56935,0.25667,0.058562,1.4783,-3.6209e-16,1.79e-16
1989.9,-150.29,418.68,7.9039,0.56537,0.24638,0.055978,1.4783,-3.6209e-16,1.79e-16
1990,-150.32,418.73,7.9093,0.56139,0.23666,0.053512,1.4783,-3.6209e-16,1.79e-16
1990.1,-150.35,418.79,7.9146,0.55742,0.22747,0.051159,1.4783,-3.6209e-16,1.79e-16
1990.2,-150.37,418.84,7.9196,0.55347,0.21877,0.048914,1.4783,-3.6209e-16,1.79e-16
1990.3,-150.4,418.9,7.9244,0.54953,0.21054,0.04677,1.4783,-3.6209e-16,1.79e-16
1990.4,-150.42,418.95,7.9289,0.54563,0.20275,0.044722,1.4783,-3.6209e-16,1.79e-16
1990.5,-150.44,419,7.9333,0.54176,0.19536,0.042766,1.4783,-3.6209e-16,1.79e-16
1990.6,-150.47,419.05,7.9375,0.53793,0.18835,0.040895,1.4783,-3.6209e-16,1.79e-16
1990.7,-150.49,419.11,7.9415,0.53414,0.18169,0.039105,1.4783,-3.6209e-16,1.79e-16
1990.8,-150.51,419.16,7.9453,0.53039,0.17537,0.037392,1.4783,-3.6209e-16,1.79e-16
1990.9,-150.54,419.21,7.949,0.52669,0.16937,0.03575,1.4783,-3.6209e-16,1.79e-16
1991,-150.56,419.26,7.9525,0.52304,0.16365,0.034177,1.4783,-3.6209e-16,1.79e-16
1991.1,-150.58,419.31,7.9558,0.51944,0.15822,0.032667,1.4783,-3.6209e-16,1.79e-16
1991.2,-150.6,419.36,7.959,0.5159,0.15305,0.031218,1.4783,-3.6209e-16,1.79e-16
1991.3,-150.62,419.41,7.962,0.51241,0.14812,0.029825,1.4783,-3.6209e-16,1.79e-16
1991.4,-150.64,419.46,7.965,0.50897,0.14342,0.028485,1.4783,-3.6209e-16,1.79e-16
1991.5,-150.66,419.51,7.9677,0.50559,0.13895,0.027196,1.4783,-3.6209e-16,1.79e-16
1991.6,-150.68,419.56,7.9704,0.50227,0.13468,0.025953,1.4783,-3.6209e-16,1.79e-16
1991.7,-150.7,419.6,7.9729,0.499,0.13061,0.024756,1.4783,-3.6209e-16,1.79e-16
1991.8,-150.72,419.65,7.9754,0.49579,0.12672,0.023599,1.4783,-3.6209e-16,1.79e-16
1991.9,-150.74,419.7,7.9777,0.49263,0.12301,0.022483,1.4783,-3.6209e-16,1.79e-16
1992,-150.75,419.75,7.9798,0.48953,0.11947,0.021403,1.4783,-3.6209e-16,1.79e-16
1992.1,-150.77,419.79,7.9819,0.48649,0.11609,0.020358,1.4783,-3.6209e-16,1.79e-16
1992.2,-150.79,419.84,7.9839,0.4835,0.11286,0.019345,1.4783,-3.6209e-16,1.79e-16
1992.3,-150.81,419.89,7.9858,0.48057,0.10977,0.018363,1.4783,-3.6209e-16,1.79e-16
1992.4,-150.82,419.93,7.9876,0.47769,0.10682,0.01741,1.4783,-3.6209e-16,1.79e-16
1992.5,-150.84,419.98,7.9893,0.47487,0.104,0.016483,1.4783,-3.6209e-16,1.79e-16
1992.6,-150.86,420.02,7.9909,0.4721,0.1013,0.015582,1.4783,-3.6209e-16,1.79e-16
1992.7,-150.87,420.07,7.9924,0.46938,0.098721,0.014704,1.4783,-3.6209e-16,1.79e-16
1992.8,-150.89,420.11,7.9938,0.46672,0.096257,0.013848,1.4783,-3.6209e-16,1.79e-16
1992.9,-150.91,420.16,7.9952,0.4641,0.093901,0.013013,1.4783,-3.6209e-16,1.79e-16
1993,-150.92,420.2,7.9964,0.46154,0.09165,0.012196,1.4783,-3.6209e-16,1.79e-16
1993.1,-150.94,420.25,7.9976,0.45902,0.089498,0.011398,1.4783,-3.6209e-16,1.79e-16
1993.2,-150.95,420.29,7.9987,0.45656,0.087442,0.010616,1.4783,-3.6209e-16,1.79e-16
1993.3,-150.97,420.33,7.9997,0.45414,0.085478,0.0098485,1.4783,-3.6209e-16,1.79e-16
1993.4,-150.98,420.38,8.0007,0.45177,0.083602,0.0090953,1.4783,-3.6209e-16,1.79e-16
1993.5,-151,420.42,8.0016,0.44945,0.081811,0.008355,1.4783,-3.6209e-16,1.79e-16
1993.6,-151.01,420.46,8.0024,0.44717,0.080102,0.0076263,1.4783,-3.6209e-16,1.79e-16
1993.7,-151.03,420.51,8.0031,0.44494,0.078471,0.0069082,1.4783,-3.6209e-16,1.79e-16
1993.8,-151.04,420.55,8.0037,0.44275,0.076917,0.0061996,1.4783,-3.6209e-16,1.79e-16
1993.9,-151.05,420.59,8.0043,0.4406,0.075436,0.0054996,1.4783,-3.6209e-16,1.79e-16
1994,-151.07,420.64,8.0048,0.4385,0.074027,0.004807,1.4783,-3.6209e-16,1.79e-16
1994.1,-151.08,420.68,8.0053,0.43643,0.072686,0.004121,1.4783,-3.6209e-16,1.79e-16
1994.2,-151.1,420.72,8.0057,0.43441,0.071412,0.0034405,1.4783,-3.6209e-16,1.79e-16
1994.3,-151.11,420.76,8.006,0.43243,0.070202,0.0027647,1.4783,-3.6209e-16,1.79e-16
1994.4,-151.12,420.8,8.0062,0.43048,0.069055,0.0020926,1.4783,-3.6209e-16,1.79e-16
1994.5,-151.14,420.84,8.0064,0.42857,0.06797,0.0014234,1.4783,-3.6209e-16,1.79e-16
1994.6,-151.15,420.89,8.0065,0.42671,0.066944,0.0007561,1.4783,-3.6209e-16,1.79e-16
1994.7,-151.16,420.93,8.0065,0.42487,0.065976,8.9847e-05,1.4783,-3.6209e-16,1.79e-16
1994.8,-151.18,420.97,8.0065,0.42308,0.065057,-0.00057882,1.4783,-3.6209e-16,1.79e-16
1994.9,-151.19,421.01,8.0064,0.42131,0.064174,-0.0012543,1.4783,-3.6209e-16,1.79e-16
1995,-151.2,421.05,8.0063,0.41959,0.063326,-0.0019362,1.4783,-3.6209e-16,1.79e-16
1995.1,-151.21,421.09,8.006,0.41789,0.062514,-0.0026242,1.4783,-3.6209e-16,1.79e-16
1995.2,-151.23,421.13,8.0057,0.41623,0.061737,-0.0033177,1.4783,-3.6209e-16,1.79e-16
1995.3,-151.24,421.17,8.0054,0.4146,0.060996,-0.0040162,1.4783,-3.6209e-16,1.79e-16
1995.4,-151.25,421.21,8.0049,0.413,0.060289,-0.0047191,1.4783,-3.6209e-16,1.79e-16
1995.5,-151.26,421.25,8.0044,0.41143,0.059617,-0.005426,1.4783,-3.6209e-16,1.79e-16
1995.6,-151.27,421.29,8.0039,0.40989,0.058979,-0.0061362,1.4783,-3.6209e-16,1.79e-16
1995.7,-151.29,421.33,8.0032,0.40838,0.058376,-0.006849,1.4783,-3.6209e-16,1.79e-16
1995.8,-151.3,421.37,8.0025,0.40689,0.057806,-0.007564,1.4783,-3.6209e-16,1.79e-16
1995.9,-151.31,421.41,8.0017,0.40544,0.05727,-0.0082803,1.4783,-3.6209e-16,1.79e-16
1996,-151.32,421.45,8.0008,0.40401,0.056767,-0.0089974,1.4783,-3.6209e-16,1.79e-16
1996.1,-151.33,421.49,7.9999,0.40261,0.056297,-0.0097146,1.4783,-3.6209e-16,1.79e-16
1996.2,-151.34,421.52,7.9989,0.40124,0.055859,-0.010431,1.4783,-3.6209e-16,1.79e-16
1996.3,-151.36,421.56,7.9978,0.39989,0.055453,-0.011146,1.4783,-3.6209e-16,1.79e-16
1996.4,-151.37,421.6,7.9967,0.39856,0.055078,-0.011859,1.4783,-3.6209e-16,1.79e-16
1996.5,-151.38,421.64,7.9954,0.39726,0.054734,-0.01257,1.4783,-3.6209e-16,1.79e-16
1996.6,-151.39,421.68,7.9941,0.39598,0.054421,-0.013277,1.4783,-3.6209e-16,1.79e-16
1996.7,-151.4,421.72,7.9928,0.39473,0.054136,-0.013979,1.4783,-3.6209e-16,1.79e-16
1996.8,-151.41,421.76,7.9913,0.3935,0.053881,-0.014677,1.4783,-3.6209e-16,1.79e-16
1996.9,-151.42,421.79,7.9898,0.39229,0.053655,-0.015369,1.4783,-3.6209e-16,1.79e-16
1997,-151.43,421.83,7.9883,0.39111,0.053456,-0.016055,1.4783,-3.6209e-16,1.79e-16
1997.1,-151.44,421.87,7.9866,0.38994,0.053284,-0.016734,1.4783,-3.6209e-16,1.79e-16
1997.2,-151.45,421.91,7.9849,0.3888,0.053138,-0.017406,1.4783,-3.6209e-16,1.79e-16
1997.3,-151.46,421.95,7.9832,0.38767,0.053018,-0.018069,1.4783,-3.6209e-16,1.79e-16
1997.4,-151.47,421.98,7.9813,0.38657,0.052923,-0.018724,1.4783,-3.6209e-16,1.79e-16
1997.5,-151.48,422.02,7.9794,0.38548,0.052852,-0.019369,1.4783,-3.6209e-16,1.79e-16
1997.6,-151.49,422.06,7.9774,0.38442,0.052805,-0.020004,1.4783,-3.6209e-16,1.79e-16
1997.7,-151.5,422.1,7.9754,0.38337,0.05278,-0.020629,1.4783,-3.6209e-16,1.79e-16
1997.8,-151.51,422.13,7.9733,0.38234,0.052777,-0.021243,1.4783,-3.6209e-16,1.79e-16
1997.9,-151.52,422.17,7.9712,0.38133,0.052795,-0.021845,4.9905,0.084837,-0.041613
1998,-151.53,422.21,7.9689,0.38817,0.053217,-0.023639,4.9905,0.084837,-0.041613
1998.1,-151.54,422.25,7.9664,0.39486,0.053725,-0.025475,4.9905,0.084837,-0.041613
1998.2,-151.55,422.29,7.9638,0.40141,0.054322,-0.027352,4.9905,0.084837,-0.041613
1998.3,-151.56,422.33,7.961,0.40781,0.05501,-0.029269,4.9905,0.084837,-0.041613
1998.4,-151.57,422.37,7.9579,0.41407,0.055792,-0.031224,4.9905,0.084837,-0.041613
1998.5,-151.58,422.41,7.9547,0.42018,0.056671,-0.033216,4.9905,0.084837,-0.041613
1998.6,-151.59,422.45,7.9513,0.42616,0.057649,-0.035244,4.9905,0.084837,-0.041613
1998.7,-151.6,422.49,7.9477,0.43199,0.058728,-0.037305,4.9905,0.084837,-0.041613
1998.8,-151.61,422.53,7.9438,0.43768,0.05991,-0.039396,4.9905,0.084837,-0.041613
1998.9,-151.62,422.58,7.9398,0.44323,0.061197,-0.041516,4.9905,0.084837,-0.041613
1999,-151.63,422.62,7.9355,0.44865,0.062591,-0.043662,4.9905,0.084837,-0.041613
1999.1,-151.64,422.67,7.9311,0.45393,0.064092,-0.04583,4.9905,0.084837,-0.041613
1999.2,-151.65,422.71,7.9264,0.45907,0.065702,-0.048018,4.9905,0.084837,-0.041613
1999.3,-151.66,422.76,7.9214,0.46408,0.067422,-0.050221,4.9905,0.084837,-0.041613
1999.4,-151.67,422.8,7.9163,0.46895,0.069252,-0.052437,4.9905,0.084837,-0.041613
1999.5,-151.68,422.85,7.911,0.47369,0.071192,-0.054661,4.9905,0.084837,-0.041613
1999.6,-151.69,422.9,7.9054,0.4783,0.073242,-0.056891,4.9905,0.084837,-0.041613
1999.7,-151.7,422.94,7.8996,0.48278,0.075402,-0.05912,4.9905,0.084837,-0.041613
1999.8,-151.71,422.99,7.8936,0.48713,0.077671,-0.061346,4.9905,0.084837,-0.041613
1999.9,-151.72,423.04,7.8873,0.49135,0.080048,-0.063564,4.9905,0.084837,-0.041613
2000,-151.73,423.09,7.8808,0.49544,0.082532,-0.065771,4.9905,0.084837,-0.041613
2000.1,-151.74,423.14,7.8742,0.4994,0.085119,-0.06796,4.9905,0.084837,-0.041613
2000.2,-151.75,423.19,7.8673,0.50325,0.08781,-0.07013,4.9905,0.084837,-0.041613
2000.3,-151.76,423.24,7.8601,0.50696,0.0906,-0.072274,4.9905,0.084837,-0.041613
2000.4,-151.77,423.29,7.8528,0.51056,0.093488,-0.074389,4.9905,0.084837,-0.041613
2000.5,-151.78,423.34,7.8453,0.51403,0.09647,-0.076472,4.9905,0.084837,-0.041613
2000.6,-151.78,423.39,7.8375,0.51738,0.099543,-0.078517,4.9905,0.084837,-0.041613
2000.7,-151.79,423.44,7.8296,0.52061,0.1027,-0.080522,4.9905,0.084837,-0.041613
2000.8,-151.8,423.5,7.8214,0.52373,0.10595,-0.082483,4.9905,0.084837,-0.041613
2000.9,-151.81,423.55,7.8131,0.52673,0.10927,-0.084396,4.9905,0.084837,-0.041613
2001,-151.82,423.6,7.8045,0.52961,0.11267,-0.086259,4.9905,0.084837,-0.041613
2001.1,-151.83,423.66,7.7958,0.53238,0.11614,-0.088069,4.9905,0.084837,-0.041613
2001.2,-151.84,423.71,7.7869,0.53503,0.11967,-0.089822,4.9905,0.084837,-0.041613
2001.3,-151.85,423.77,7.7778,0.53758,0.12327,-0.091517,4.9905,0.084837,-0.041613
2001.4,-151.85,423.82,7.7686,0.54002,0.12692,-0.093152,4.9905,0.084837,-0.041613
2001.5,-151.86,423.88,7.7592,0.54235,0.13063,-0.094723,4.9905,0.084837,-0.041613
2001.6,-151.87,423.93,7.7497,0.54457,0.13438,-0.096231,4.9905,0.084837,-0.041613
2001.7,-151.88,423.99,7.74,0.54669,0.13817,-0.097674,4.9905,0.084837,-0.041613
2001.8,-151.88,424.04,7.7301,0.54871,0.14201,-0.099049,4.9905,0.084837,-0.041613
2001.9,-151.89,424.1,7.7202,0.55063,0.14587,-0.10036,4.9905,0.084837,-0.041613
2002,-151.9,424.16,7.7101,0.55245,0.14976,-0.1016,4.9905,0.084837,-0.041613
2002.1,-151.91,424.21,7.6999,0.55417,0.15367,-0.10277,4.9905,0.084837,-0.041613
2002.2,-151.91,424.27,7.6895,0.55581,0.1576,-0.10387,4.9905,0.084837,-0.041613
2002.3,-151.92,424.33,7.6791,0.55735,0.16154,-0.10491,4.9905,0.084837,-0.041613
2002.4,-151.92,424.39,7.6685,0.5588,0.16549,-0.10587,4.9905,0.084837,-0.041613
2002.5,-151.93,424.44,7.6579,0.56017,0.16944,-0.10677,4.9905,0.084837,-0.041613
2002.6,-151.94,424.5,7.6472,0.56145,0.17339,-0.1076,4.9905,0.084837,-0.041613
2002.7,-151.94,424.56,7.6364,0.56265,0.17734,-0.10836,4.9905,0.084837,-0.041613
2002.8,-151.95,424.62,7.6255,0.56377,0.18128,-0.10906,4.9905,0.084837,-0.041613
2002.9,-151.95,424.68,7.6146,0.56482,0.18521,-0.10969,4.9905,0.084837,-0.041613
2003,-151.96,424.74,7.6036,0.56579,0.18912,-0.11026,4.9905,0.084837,-0.041613
2003.1,-151.96,424.8,7.5925,0.56669,0.19301,-0.11076,4.9905,0.084837,-0.041613
2003.2,-151.96,424.86,7.5814,0.56752,0.19688,-0.1112,4.9905,0.084837,-0.041613
2003.3,-151.97,424.92,7.5703,0.56829,0.20073,-0.11159,4.9905,0.084837,-0.041613
2003.4,-151.97,424.98,7.5591,0.56899,0.20454,-0.11191,4.9905,0.084837,-0.041613
2003.5,-151.97,425.04,7.5479,0.56963,0.20833,-0.11217,4.9905,0.084837,-0.041613
2003.6,-151.98,425.1,7.5367,0.57022,0.21208,-0.11238,4.9905,0.084837,-0.041613
2003.7,-151.98,425.16,7.5254,0.57075,0.21579,-0.11254,4.9905,0.084837,-0.041613
2003.8,-151.98,425.22,7.5142,0.57123,0.21947,-0.11264,4.9905,0.084837,-0.041613
2003.9,-151.98,425.28,7.5029,0.57165,0.22311,-0.11269,0.94927,-2.325e-16,1.1084e-16
2004,-151.98,425.34,7.4917,0.56306,0.22626,-0.11142,0.94927,-2.325e-16,1.1084e-16
2004.1,-151.98,425.4,7.4806,0.55469,0.22918,-0.10991,0.94927,-2.325e-16,1.1084e-16
2004.2,-151.98,425.46,7.4697,0.54654,0.23187,-0.10821,0.94927,-2.325e-16,1.1084e-16
2004.3,-151.99,425.52,7.459,0.5386,0.23434,-0.10633,0.94927,-2.325e-16,1.1084e-16
2004.4,-151.99,425.58,7.4485,0.53089,0.23658,-0.1043,0.94927,-2.325e-16,1.1084e-16
2004.5,-151.99,425.64,7.4381,0.52339,0.23861,-0.10215,0.94927,-2.325e-16,1.1084e-16
2004.6,-151.99,425.7,7.428,0.5161,0.24042,-0.0999,0.94927,-2.325e-16,1.1084e-16
2004.7,-151.99,425.75,7.4182,0.50902,0.24203,-0.09756,0.94927,-2.325e-16,1.1084e-16
2004.8,-151.99,425.81,7.4085,0.50215,0.24343,-0.095149,0.94927,-2.325e-16,1.1084e-16
2004.9,-151.99,425.86,7.3991,0.49548,0.24465,-0.092683,0.94927,-2.325e-16,1.1084e-16
2005,-151.99,425.92,7.39,0.48901,0.24568,-0.090173,0.94927,-2.325e-16,1.1084e-16
2005.1,-151.99,425.97,7.3811,0.48274,0.24654,-0.087633,0.94927,-2.325e-16,1.1084e-16
2005.2,-151.99,426.03,7.3725,0.47666,0.24722,-0.08507,0.94927,-2.325e-16,1.1084e-16
2005.3,-151.99,426.08,7.3641,0.47077,0.24775,-0.082494,0.94927,-2.325e-16,1.1084e-16
2005.4,-151.99,426.13,7.356,0.46507,0.24813,-0.079913,0.94927,-2.325e-16,1.1084e-16
2005.5,-151.99,426.19,7.3481,0.45955,0.24836,-0.077332,0.94927,-2.325e-16,1.1084e-16
2005.6,-151.99,426.24,7.3405,0.45421,0.24845,-0.074759,0.94927,-2.325e-16,1.1084e-16
2005.7,-151.99,426.29,7.3332,0.44903,0.24841,-0.072197,0.94927,-2.325e-16,1.1084e-16
2005.8,-151.99,426.34,7.3261,0.44403,0.24825,-0.069651,0.94927,-2.325e-16,1.1084e-16
2005.9,-151.98,426.39,7.3192,0.43919,0.24797,-0.067125,0.94927,-2.325e-16,1.1084e-16
2006,-151.98,426.44,7.3126,0.43452,0.24758,-0.064621,0.94927,-2.325e-16,1.1084e-16
2006.1,-151.98,426.49,7.3063,0.42999,0.24709,-0.062143,0.94927,-2.325e-16,1.1084e-16
2006.2,-151.98,426.54,7.3002,0.42562,0.2465,-0.059692,0.94927,-2.325e-16,1.1084e-16
2006.3,-151.98,426.59,7.2944,0.4214,0.24582,-0.057271,0.94927,-2.325e-16,1.1084e-16
2006.4,-151.98,426.64,7.2888,0.41732,0.24505,-0.05488,0.94927,-2.325e-16,1.1084e-16
2006.5,-151.98,426.69,7.2834,0.41338,0.2442,-0.05252,0.94927,-2.325e-16,1.1084e-16
2006.6,-151.97,426.73,7.2782,0.40958,0.24327,-0.050194,0.94927,-2.325e-16,1.1084e-16
2006.7,-151.97,426.78,7.2733,0.4059,0.24226,-0.047901,0.94927,-2.325e-16,1.1084e-16
2006.8,-151.97,426.83,7.2687,0.40235,0.24119,-0.045642,0.94927,-2.325e-16,1.1084e-16
2006.9,-151.97,426.88,7.2642,0.39893,0.24005,-0.043417,0.94927,-2.325e-16,1.1084e-16
2007,-151.97,426.92,7.26,0.39563,0.23885,-0.041226,0.94927,-2.325e-16,1.1084e-16
2007.1,-151.96,426.97,7.256,0.39244,0.23759,-0.039069,0.94927,-2.325e-16,1.1084e-16
2007.2,-151.96,427.01,7.2522,0.38936,0.23628,-0.036946,0.94927,-2.325e-16,1.1084e-16
2007.3,-151.96,427.06,7.2486,0.3864,0.23492,-0.034857,0.94927,-2.325e-16,1.1084e-16
2007.4,-151.96,427.1,7.2452,0.38353,0.23351,-0.032801,0.94927,-2.325e-16,1.1084e-16
2007.5,-151.95,427.15,7.242,0.38077,0.23205,-0.030778,0.94927,-2.325e-16,1.1084e-16
2007.6,-151.95,427.19,7.239,0.37811,0.23055,-0.028787,0.94927,-2.325e-16,1.1084e-16
2007.7,-151.95,427.24,7.2363,0.37554,0.22901,-0.026827,0.94927,-2.325e-16,1.1084e-16
2007.8,-151.94,427.28,7.2337,0.37307,0.22743,-0.024898,0.94927,-2.325e-16,1.1084e-16
2007.9,-151.94,427.32,7.2313,0.37068,0.22582,-0.022999,0.94927,-2.325e-16,1.1084e-16
2008,-151.94,427.37,7.2291,0.36838,0.22417,-0.02113,0.94927,-2.325e-16,1.1084e-16
2008.1,-151.93,427.41,7.227,0.36617,0.22248,-0.019288,0.94927,-2.325e-16,1.1084e-16
2008.2,-151.93,427.45,7.2252,0.36403,0.22077,-0.017474,0.94927,-2.325e-16,1.1084e-16
2008.3,-151.93,427.49,7.2236,0.36197,0.21903,-0.015685,0.94927,-2.325e-16,1.1084e-16
2008.4,-151.92,427.54,7.2221,0.35999,0.21726,-0.013923,0.94927,-2.325e-16,1.1084e-16
2008.5,-151.92,427.58,7.2208,0.35808,0.21546,-0.012184,0.94927,-2.325e-16,1.1084e-16
2008.6,-151.92,427.62,7.2196,0.35624,0.21364,-0.010468,0.94927,-2.325e-16,1.1084e-16
2008.7,-151.91,427.66,7.2187,0.35447,0.21179,-0.0087737,0.94927,-2.325e-16,1.1084e-16
2008.8,-151.91,427.7,7.2179,0.35277,0.20993,-0.0071,0.94927,-2.325e-16,1.1084e-16
2008.9,-151.9,427.74,7.2173,0.35113,0.20804,-0.0054455,0.94927,-2.325e-16,1.1084e-16
2009,-151.9,427.78,7.2168,0.34955,0.20613,-0.0038088,0.94927,-2.325e-16,1.1084e-16
2009.1,-151.89,427.82,7.2165,0.34803,0.2042,-0.0021885,0.94927,-2.325e-16,1.1084e-16
2009.2,-151.89,427.86,7.2164,0.34656,0.20225,-0.00058313,0.94927,-2.325e-16,1.1084e-16
2009.3,-151.89,427.9,7.2164,0.34515,0.20025,0.00099783,0.94927,-2.325e-16,1.1084e-16
2009.4,-151.88,427.94,7.2165,0.3438,0.1981,0.0025125,0.94927,-2.325e-16,1.1084e-16
2009.5,-151.88,427.98,7.2169,0.34249,0.1958,0.0039523,0.94927,-2.325e-16,1.1084e-16
2009.6,-151.87,428.02,7.2173,0.34124,0.19336,0.0053132,0.94927,-2.325e-16,1.1084e-16
2009.7,-151.87,428.06,7.2179,0.34002,0.19079,0.0065925,0.94927,-2.325e-16,1.1084e-16
2009.8,-151.86,428.1,7.2187,0.33885,0.1881,0.0077883,0.94927,-2.325e-16,1.1084e-16
2009.9,-151.86,428.14,7.2195,0.33772,0.18531,0.0089,0.94927,-2.325e-16,1.1084e-16
2010,-151.85,428.17,7.2204,0.33662,0.18242,0.0099274,0.94927,-2.325e-16,1.1084e-16
2010.1,-151.85,428.21,7.2215,0.33556,0.17946,0.010872,0.94927,-2.325e-16,1.1084e-16
2010.2,-151.84,428.25,7.2226,0.33453,0.17642,0.011734,0.94927,-2.325e-16,1.1084e-16
2010.3,-151.84,428.29,7.2238,0.33352,0.17333,0.012517,0.94927,-2.325e-16,1.1084e-16
2010.4,-151.83,428.32,7.2251,0.33254,0.1702,0.013222,0.94927,-2.325e-16,1.1084e-16
2010.5,-151.82,428.36,7.2265,0.33159,0.16702,0.013854,0.94927,-2.325e-16,1.1084e-16
2010.6,-151.82,428.4,7.2279,0.33066,0.16382,0.014414,0.94927,-2.325e-16,1.1084e-16
2010.7,-151.81,428.43,7.2293,0.32974,0.16061,0.014907,0.94927,-2.325e-16,1.1084e-16
2010.8,-151.81,428.47,7.2308,0.32885,0.15738,0.015336,0.94927,-2.325e-16,1.1084e-16
2010.9,-151.8,428.51,7.2324,0.32797,0.15415,0.015705,0.94927,-2.325e-16,1.1084e-16
2011,-151.79,428.54,7.234,0.32711,0.15093,0.016017,0.94927,-2.325e-16,1.1084e-16
2011.1,-151.79,428.58,7.2356,0.32627,0.14772,0.016276,0.94927,-2.325e-16,1.1084e-16
2011.2,-151.78,428.61,7.2372,0.32543,0.14452,0.016486,0.94927,-2.325e-16,1.1084e-16
2011.3,-151.77,428.65,7.2389,0.32461,0.14135,0.016651,0.94927,-2.325e-16,1.1084e-16
2011.4,-151.76,428.68,7.2406,0.3238,0.13821,0.016773,0.94927,-2.325e-16,1.1084e-16
2011.5,-151.76,428.72,7.2423,0.323,0.1351,0.016856,0.94927,-2.325e-16,1.1084e-16
2011.6,-151.75,428.75,7.2439,0.32222,0.13202,0.016903,0.94927,-2.325e-16,1.1084e-16
2011.7,-151.74,428.78,7.2456,0.32144,0.12898,0.016918,0.94927,-2.325e-16,1.1084e-16
2011.8,-151.73,428.82,7.2473,0.32067,0.12599,0.016902,0.94927,-2.325e-16,1.1084e-16
2011.9,-151.73,428.85,7.249,0.31991,0.12304,0.01686,0.94927,-2.325e-16,1.1084e-16
2012,-151.72,428.88,7.2507,0.31915,0.12013,0.016793,0.94927,-2.325e-16,1.1084e-16
2012.1,-151.71,428.92,7.2524,0.31841,0.11728,0.016703,0.94927,-2.325e-16,1.1084e-16
2012.2,-151.7,428.95,7.254,0.31767,0.11447,0.016594,0.94927,-2.325e-16,1.1084e-16
2012.3,-151.69,428.98,7.2557,0.31694,0.11171,0.016466,0.94927,-2.325e-16,1.1084e-16
2012.4,-151.68,429.01,7.2573,0.31622,0.10901,0.016322,0.94927,-2.325e-16,1.1084e-16
2012.5,-151.68,429.05,7.259,0.3155,0.10635,0.016165,0.94927,-2.325e-16,1.1084e-16
2012.6,-151.67,429.08,7.2606,0.31479,0.10375,0.015994,0.94927,-2.325e-16,1.1084e-16
2012.7,-151.66,429.11,7.2621,0.31409,0.10121,0.015813,0.94927,-2.325e-16,1.1084e-16
2012.8,-151.65,429.14,7.2637,0.3134,0.098711,0.015621,0.94927,-2.325e-16,1.1084e-16
2012.9,-151.64,429.17,7.2653,0.31271,0.096269,0.015422,0.94927,-2.325e-16,1.1084e-16
2013,-151.63,429.2,7.2668,0.31203,0.09388,0.015215,0.94927,-2.325e-16,1.1084e-16
2013.1,-151.62,429.24,7.2683,0.31135,0.091543,0.015003,0.94927,-2.325e-16,1.1084e-16
2013.2,-151.61,429.27,7.2698,0.31068,0.089258,0.014785,0.94927,-2.325e-16,1.1084e-16
2013.3,-151.6,429.3,7.2713,0.31002,0.087025,0.014563,0.94927,-2.325e-16,1.1084e-16
2013.4,-151.59,429.33,7.2727,0.30936,0.084843,0.014338,0.94927,-2.325e-16,1.1084e-16
2013.5,-151.58,429.36,7.2741,0.30871,0.082711,0.01411,0.94927,-2.325e-16,1.1084e-16
2013.6,-151.57,429.39,7.2755,0.30807,0.080629,0.01388,0.94927,-2.325e-16,1.1084e-16
2013.7,-151.56,429.42,7.2769,0.30743,0.078596,0.013649,0.94927,-2.325e-16,1.1084e-16
2013.8,-151.55,429.45,7.2783,0.3068,0.076611,0.013418,0.94927,-2.325e-16,1.1084e-16
2013.9,-151.54,429.48,7.2796,0.30618,0.074673,0.013186,0.94927,-2.325e-16,1.1084e-16
2014,-151.53,429.51,7.2809,0.30557,0.072782,0.012955,0.94927,-2.325e-16,1.1084e-16
2014.1,-151.52,429.54,7.2822,0.30496,0.070937,0.012724,0.94927,-2.325e-16,1.1084e-16
2014.2,-151.51,429.57,7.2835,0.30435,0.069137,0.012495,0.94927,-2.325e-16,1.1084e-16
2014.3,-151.5,429.6,7.2847,0.30376,0.06738,0.012266,0.94927,-2.325e-16,1.1084e-16
2014.4,-151.49,429.63,7.2859,0.30317,0.065667,0.01204,0.94927,-2.325e-16,1.1084e-16
2014.5,-151.48,429.65,7.2871,0.30258,0.063996,0.011816,0.94927,-2.325e-16,1.1084e-16
2014.6,-151.47,429.68,7.2883,0.302,0.062366,0.011594,0.94927,-2.325e-16,1.1084e-16
2014.7,-151.45,429.71,7.2894,0.30143,0.060776,0.011374,0.94927,-2.325e-16,1.1084e-16
2014.8,-151.44,429.74,7.2905,0.30087,0.059226,0.011157,0.94927,-2.325e-16,1.1084e-16
2014.9,-151.43,429.77,7.2916,0.30031,0.057714,0.010943,0.94927,-2.325e-16,1.1084e-16
2015,-151.42,429.8,7.2927,0.29976,0.056241,0.010731,0.94927,-2.325e-16,1.1084e-16
2015.1,-151.41,429.83,7.2938,0.29922,0.054804,0.010523,0.94927,-2.325e-16,1.1084e-16
2015.2,-151.4,429.85,7.2948,0.29868,0.053403,0.010318,0.94927,-2.325e-16,1.1084e-16
2015.3,-151.39,429.88,7.2959,0.29815,0.052037,0.010116,0.94927,-2.325e-16,1.1084e-16
2015.4,-151.38,429.91,7.2969,0.29763,0.050705,0.0099173,0.94927,-2.325e-16,1.1084e-16
2015.5,-151.36,429.94,7.2978,0.29711,0.049407,0.009722,0.94927,-2.325e-16,1.1084e-16
2015.6,-151.35,429.97,7.2988,0.2966,0.048141,0.0095302,0.94927,-2.325e-16,1.1084e-16
2015.7,-151.34,429.99,7.2997,0.29609,0.046907,0.0093418,0.94927,-2.325e-16,1.1084e-16
2015.8,-151.33,430.02,7.3007,0.29559,0.045705,0.0091568,0.94927,-2.325e-16,1.1084e-16
2015.9,-151.32,430.05,7.3016,0.2951,0.044532,0.0089754,0.94927,-2.325e-16,1.1084e-16
2016,-151.31,430.08,7.3025,0.29462,0.043389,0.0087974,0.94927,-2.325e-16,1.1084e-16
2016.1,-151.29,430.1,7.3033,0.29414,0.042275,0.008623,0.94927,-2.325e-16,1.1084e-16
2016.2,-151.28,430.13,7.3042,0.29366,0.041189,0.008452,0.94927,-2.325e-16,1.1084e-16
2016.3,-151.27,430.16,7.305,0.2932,0.04013,0.0082845,0.94927,-2.325e-16,1.1084e-16
2016.4,-151.26,430.19,7.3059,0.29274,0.039097,0.0081204,0.94927,-2.325e-16,1.1084e-16
2016.5,-151.25,430.21,7.3067,0.29228,0.038091,0.0079598,0.94927,-2.325e-16,1.1084e-16
2016.6,-151.23,430.24,7.3074,0.29183,0.03711,0.0078026,0.94927,-2.325e-16,1.1084e-16
2016.7,-151.22,430.27,7.3082,0.29139,0.036153,0.0076488,0.94927,-2.325e-16,1.1084e-16
2016.8,-151.21,430.29,7.309,0.29095,0.035221,0.0074983,0.94927,-2.325e-16,1.1084e-16
2016.9,-151.2,430.32,7.3097,0.29052,0.034312,0.0073512,0.94927,-2.325e-16,1.1084e-16
2017,-151.19,430.35,7.3104,0.2901,0.033425,0.0072073,0.94927,-2.325e-16,1.1084e-16
2017.1,-151.17,430.37,7.3112,0.28968,0.032561,0.0070667,0.94927,-2.325e-16,1.1084e-16
2017.2,-151.16,430.4,7.3119,0.28926,0.031719,0.0069293,0.94927,-2.325e-16,1.1084e-16
2017.3,-151.15,430.43,7.3125,0.28886,0.030897,0.006795,0.94927,-2.325e-16,1.1084e-16
2017.4,-151.14,430.45,7.3132,0.28845,0.030096,0.0066639,0.94927,-2.325e-16,1.1084e-16
2017.5,-151.13,430.48,7.3139,0.28806,0.029315,0.0065358,0.94927,-2.325e-16,1.1084e-16
2017.6,-151.11,430.5,7.3145,0.28767,0.028553,0.0064107,0.94927,-2.325e-16,1.1084e-16
2017.7,-151.1,430.53,7.3152,0.28728,0.027811,0.0062885,0.2741,0.031961,-0.015677
2017.8,-151.09,430.56,7.3158,0.28539,0.027228,0.0057283,0.2741,0.031961,-0.015677
2017.9,-151.08,430.58,7.3163,0.28353,0.026679,0.0051748,0.2741,0.031961,-0.015677
2018,-151.06,430.61,7.3168,0.28169,0.026164,0.0046277,0.2741,0.031961,-0.015677
2018.1,-151.05,430.63,7.3172,0.27989,0.025681,0.0040866,0.2741,0.031961,-0.015677
2018.2,-151.04,430.66,7.3176,0.27811,0.025228,0.0035512,0.2741,0.031961,-0.015677
2018.3,-151.03,430.68,7.3179,0.27635,0.024805,0.0030211,0.2741,0.031961,-0.015677
2018.4,-151.02,430.71,7.3182,0.27462,0.02441,0.0024961,0.2741,0.031961,-0.015677
2018.5,-151,430.73,7.3184,0.27292,0.024043,0.0019758,0.2741,0.031961,-0.015677
2018.6,-150.99,430.76,7.3186,0.27124,0.023702,0.0014601,0.2741,0.031961,-0.015677
2018.7,-150.98,430.78,7.3187,0.26959,0.023387,0.00094867,0.2741,0.031961,-0.015677
2018.8,-150.97,430.81,7.3188,0.26796,0.023096,0.00044127,0.2741,0.031961,-0.015677
2018.9,-150.96,430.83,7.3188,0.26635,0.022829,-6.2318e-05,0.2741,0.031961,-0.015677
2019,-150.95,430.85,7.3188,0.26476,0.022582,-0.00056328,0.2741,0.031961,-0.015677
2019.1,-150.93,430.88,7.3187,0.2632,0.022352,-0.0010619,0.2741,0.031961,-0.015677
2019.2,-150.92,430.9,7.3186,0.26166,0.022139,-0.0015577,0.2741,0.031961,-0.015677
2019.3,-150.91,430.93,7.3184,0.26015,0.021942,-0.0020501,0.2741,0.031961,-0.015677
2019.4,-150.9,430.95,7.3182,0.25865,0.021761,-0.0025386,0.2741,0.031961,-0.015677
2019.5,-150.89,430.97,7.3179,0.25717,0.021595,-0.0030227,0.2741,0.031961,-0.015677
2019.6,-150.88,431,7.3176,0.25572,0.021444,-0.003502,0.2741,0.031961,-0.015677
2019.7,-150.87,431.02,7.3172,0.25428,0.021308,-0.003976,0.2741,0.031961,-0.015677
2019.8,-150.85,431.04,7.3168,0.25287,0.021186,-0.0044443,0.2741,0.031961,-0.015677
2019.9,-150.84,431.06,7.3163,0.25147,0.021077,-0.0049063,0.2741,0.031961,-0.015677
2020,-150.83,431.09,7.3158,0.2501,0.020981,-0.0053618,0.2741,0.031961,-0.015677
2020.1,-150.82,431.11,7.3152,0.24874,0.020898,-0.0058103,0.2741,0.031961,-0.015677
2020.2,-150.81,431.13,7.3146,0.2474,0.020826,-0.0062514,0.2741,0.031961,-0.015677
2020.3,-150.8,431.15,7.314,0.24608,0.020767,-0.0066848,0.2741,0.031961,-0.015677
2020.4,-150.79,431.18,7.3133,0.24477,0.020719,-0.0071102,0.2741,0.031961,-0.015677
2020.5,-150.78,431.2,7.3126,0.24349,0.020681,-0.0075273,0.2741,0.031961,-0.015677
2020.6,-150.77,431.22,7.3118,0.24222,0.020653,-0.0079358,0.2741,0.031961,-0.015677
2020.7,-150.76,431.24,7.311,0.24097,0.020636,-0.0083353,0.2741,0.031961,-0.015677
2020.8,-150.75,431.26,7.3101,0.23973,0.020627,-0.0087258,0.2741,0.031961,-0.015677
2020.9,-150.74,431.28,7.3092,0.23851,0.020627,-0.009107,0.2741,0.031961,-0.015677
2021,-150.72,431.31,7.3083,0.23731,0.020636,-0.0094787,0.2741,0.031961,-0.015677
2021.1,-150.71,431.33,7.3073,0.23612,0.020653,-0.0098407,0.2741,0.031961,-0.015677
2021.2,-150.7,431.35,7.3063,0.23495,0.020677,-0.010193,0.2741,0.031961,-0.015677
2021.3,-150.69,431.37,7.3053,0.23379,0.020708,-0.010535,0.2741,0.031961,-0.015677
2021.4,-150.68,431.39,7.3042,0.23265,0.020745,-0.010868,0.2741,0.031961,-0.015677
2021.5,-150.67,431.41,7.3031,0.23152,0.020789,-0.01119,0.2741,0.031961,-0.015677
2021.6,-150.66,431.43,7.302,0.23041,0.020838,-0.011502,0.2741,0.031961,-0.015677
2021.7,-150.65,431.45,7.3008,0.22931,0.020893,-0.011804,0.2741,0.031961,-0.015677
2021.8,-150.64,431.47,7.2996,0.22823,0.020953,-0.012096,0.2741,0.031961,-0.015677
2021.9,-150.63,431.49,7.2984,0.22716,0.021017,-0.012377,0.2741,0.031961,-0.015677
2022,-150.62,431.51,7.2971,0.2261,0.021085,-0.012649,0.2741,0.031961,-0.015677
2022.1,-150.61,431.53,7.2959,0.22505,0.021158,-0.01291,0.2741,0.031961,-0.015677
2022.2,-150.6,431.55,7.2946,0.22402,0.021233,-0.013162,0.2741,0.031961,-0.015677
2022.3,-150.59,431.58,7.2932,0.223,0.021312,-0.013403,0.2741,0.031961,-0.015677
2022.4,-150.58,431.59,7.2919,0.222,0.021394,-0.013635,0.2741,0.031961,-0.015677
2022.5,-150.57,431.61,7.2905,0.22101,0.021478,-0.013857,0.2741,0.031961,-0.015677
2022.6,-150.56,431.63,7.2891,0.22003,0.021564,-0.01407,0.2741,0.031961,-0.015677
2022.7,-150.55,431.65,7.2877,0.21906,0.021653,-0.014272,0.2741,0.031961,-0.015677
2022.8,-150.54,431.67,7.2863,0.2181,0.021742,-0.014466,0.2741,0.031961,-0.015677
2022.9,-150.53,431.69,7.2848,0.21715,0.021833,-0.01465,0.2741,0.031961,-0.015677
2023,-150.52,431.71,7.2833,0.21622,0.021925,-0.014826,0.2741,0.031961,-0.015677
2023.1,-150.51,431.73,7.2818,0.2153,0.022018,-0.014992,0.2741,0.031961,-0.015677
2023.2,-150.5,431.75,7.2803,0.21439,0.022112,-0.01515,0.2741,0.031961,-0.015677
2023.3,-150.49,431.77,7.2788,0.21349,0.022205,-0.015299,0.2741,0.031961,-0.015677
2023.4,-150.48,431.79,7.2773,0.2126,0.022299,-0.01544,0.2741,0.031961,-0.015677
2023.5,-150.47,431.81,7.2757,0.21172,0.022393,-0.015573,0.2741,0.031961,-0.015677
2023.6,-150.46,431.83,7.2742,0.21085,0.022486,-0.015698,0.2741,0.031961,-0.015677
2023.7,-150.45,431.85,7.2726,0.20999,0.022579,-0.015815,0.2741,0.031961,-0.015677
2023.8,-150.44,431.87,7.271,0.20915,0.022672,-0.015925,0.2741,0.031961,-0.015677
2023.9,-150.43,431.88,7.2694,0.20831,0.022763,-0.016027,0.2741,0.031961,-0.015677
2024,-150.42,431.9,7.2678,0.20748,0.022854,-0.016122,0.2741,0.031961,-0.015677
2024.1,-150.41,431.92,7.2662,0.20666,0.022943,-0.016211,0.2741,0.031961,-0.015677
2024.2,-150.41,431.94,7.2645,0.20585,0.023031,-0.016292,0.2741,0.031961,-0.015677
2024.3,-150.4,431.96,7.2629,0.20506,0.023118,-0.016367,0.2741,0.031961,-0.015677
2024.4,-150.39,431.98,7.2613,0.20427,0.023203,-0.016436,0.2741,0.031961,-0.015677
2024.5,-150.38,431.99,7.2596,0.20349,0.023287,-0.016499,0.2741,0.031961,-0.015677
2024.6,-150.37,432.01,7.258,0.20271,0.023369,-0.016556,0.2741,0.031961,-0.015677
2024.7,-150.36,432.03,7.2563,0.20195,0.023449,-0.016607,0.2741,0.031961,-0.015677
2024.8,-150.35,432.05,7.2547,0.2012,0.023527,-0.016652,0.2741,0.031961,-0.015677
2024.9,-150.34,432.07,7.253,0.20045,0.023603,-0.016693,0.2741,0.031961,-0.015677
2025,-150.33,432.08,7.2513,0.19972,0.023677,-0.016728,0.2741,0.031961,-0.015677
2025.1,-150.32,432.1,7.2496,0.19899,0.023749,-0.016758,0.2741,0.031961,-0.015677
2025.2,-150.31,432.12,7.248,0.19827,0.023819,-0.016784,0.2741,0.031961,-0.015677
2025.3,-150.3,432.14,7.2463,0.19756,0.023887,-0.016805,0.2741,0.031961,-0.015677
2025.4,-150.29,432.15,7.2446,0.19686,0.023953,-0.016822,0.2741,0.031961,-0.015677
2025.5,-150.28,432.17,7.2429,0.19616,0.024016,-0.016834,0.2741,0.031961,-0.015677
2025.6,-150.27,432.19,7.2412,0.19548,0.024077,-0.016843,0.2741,0.031961,-0.015677
2025.7,-150.26,432.21,7.2396,0.1948,0.024135,-0.016848,0.2741,0.031961,-0.015677
2025.8,-150.26,432.22,7.2379,0.19413,0.024191,-0.016849,0.2741,0.031961,-0.015677
2025.9,-150.25,432.24,7.2362,0.19346,0.024245,-0.016847,0.2741,0.031961,-0.015677
2026,-150.24,432.26,7.2345,0.19281,0.024296,-0.016841,0.2741,0.031961,-0.015677
2026.1,-150.23,432.28,7.2328,0.19216,0.024345,-0.016832,0.2741,0.031961,-0.015677
2026.2,-150.22,432.29,7.2311,0.19152,0.024391,-0.01682,0.2741,0.031961,-0.015677
2026.3,-150.21,432.31,7.2294,0.19089,0.024435,-0.016805,0.2741,0.031961,-0.015677
2026.4,-150.2,432.33,7.2278,0.19026,0.024477,-0.016788,0.2741,0.031961,-0.015677
2026.5,-150.19,432.34,7.2261,0.18964,0.024516,-0.016768,0.2741,0.031961,-0.015677
2026.6,-150.18,432.36,7.2244,0.18903,0.024552,-0.016745,0.2741,0.031961,-0.015677
2026.7,-150.17,432.38,7.2227,0.18842,0.024587,-0.01672,0.49764,-1.2189e-16,6.2782e-17
2026.8,-150.16,432.39,7.2211,0.18832,0.024483,-0.016259,0.49764,-1.2189e-16,6.2782e-17
2026.9,-150.15,432.41,7.2195,0.18823,0.024372,-0.015814,0.49764,-1.2189e-16,6.2782e-17
2027,-150.15,432.43,7.2179,0.18813,0.024253,-0.015383,0.49764,-1.2189e-16,6.2782e-17
2027.1,-150.14,432.44,7.2164,0.18804,0.024127,-0.014966,0.49764,-1.2189e-16,6.2782e-17
2027.2,-150.13,432.46,7.2149,0.18795,0.023995,-0.014563,0.49764,-1.2189e-16,6.2782e-17
2027.3,-150.12,432.48,7.2135,0.18787,0.023857,-0.014173,0.49764,-1.2189e-16,6.2782e-17
2027.4,-150.11,432.49,7.2121,0.18778,0.023713,-0.013795,0.49764,-1.2189e-16,6.2782e-17
2027.5,-150.1,432.51,7.2107,0.1877,0.023565,-0.013429,0.49764,-1.2189e-16,6.2782e-17
2027.6,-150.09,432.53,7.2094,0.18761,0.023411,-0.013074,0.49764,-1.2189e-16,6.2782e-17
2027.7,-150.08,432.54,7.2081,0.18753,0.023253,-0.012731,0.49764,-1.2189e-16,6.2782e-17
2027.8,-150.07,432.56,7.2069,0.18745,0.02309,-0.012398,0.49764,-1.2189e-16,6.2782e-17
2027.9,-150.06,432.57,7.2056,0.18738,0.022924,-0.012074,0.49764,-1.2189e-16,6.2782e-17
2028,-150.05,432.59,7.2045,0.1873,0.022754,-0.011761,0.49764,-1.2189e-16,6.2782e-17
2028.1,-150.04,432.61,7.2033,0.18723,0.022581,-0.011457,0.49764,-1.2189e-16,6.2782e-17
2028.2,-150.03,432.62,7.2022,0.18716,0.022405,-0.011162,0.49764,-1.2189e-16,6.2782e-17
2028.3,-150.02,432.64,7.2011,0.18708,0.022225,-0.010875,0.49764,-1.2189e-16,6.2782e-17
2028.4,-150.01,432.66,7.2,0.18701,0.022044,-0.010597,0.49764,-1.2189e-16,6.2782e-17
2028.5,-150,432.67,7.1989,0.18695,0.02186,-0.010327,0.49764,-1.2189e-16,6.2782e-17
2028.6,-149.99,432.69,7.1979,0.18688,0.021673,-0.010064,0.49764,-1.2189e-16,6.2782e-17
2028.7,-149.98,432.7,7.1969,0.18681,0.021485,-0.0098092,0.49764,-1.2189e-16,6.2782e-17
2028.8,-149.97,432.72,7.196,0.18675,0.021295,-0.0095613,0.49764,-1.2189e-16,6.2782e-17
2028.9,-149.96,432.74,7.195,0.18669,0.021103,-0.0093204,0.49764,-1.2189e-16,6.2782e-17
2029,-149.95,432.75,7.1941,0.18663,0.02091,-0.0090861,0.49764,-1.2189e-16,6.2782e-17
2029.1,-149.94,432.77,7.1932,0.18657,0.020716,-0.0088583,0.49764,-1.2189e-16,6.2782e-17
2029.2,-149.94,432.78,7.1923,0.18651,0.020521,-0.0086368,0.49764,-1.2189e-16,6.2782e-17
2029.3,-149.93,432.8,7.1915,0.18645,0.020324,-0.0084213,0.49764,-1.2189e-16,6.2782e-17
2029.4,-149.92,432.82,7.1906,0.18639,0.020127,-0.0082117,0.49764,-1.2189e-16,6.2782e-17
2029.5,-149.91,432.83,7.1898,0.18634,0.019929,-0.0080077,0.49764,-1.2189e-16,6.2782e-17
2029.6,-149.9,432.85,7.189,0.18628,0.019731,-0.0078092,0.49764,-1.2189e-16,6.2782e-17
2029.7,-149.89,432.86,7.1883,0.18623,0.019532,-0.007616,0.49764,-1.2189e-16,6.2782e-17
2029.8,-149.88,432.88,7.1875,0.18618,0.019333,-0.007428,0.49764,-1.2189e-16,6.2782e-17
2029.9,-149.87,432.9,7.1868,0.18612,0.019133,-0.0072449,0.49764,-1.2189e-16,6.2782e-17
2030,-149.86,432.91,7.1861,0.18607,0.018934,-0.0070666,0.49764,-1.2189e-16,6.2782e-17
2030.1,-149.85,432.93,7.1854,0.18602,0.018734,-0.006893,0.49764,-1.2189e-16,6.2782e-17
2030.2,-149.84,432.94,7.1847,0.18598,0.018535,-0.006724,0.49764,-1.2189e-16,6.2782e-17
2030.3,-149.83,432.96,7.184,0.18593,0.018336,-0.0065593,0.49764,-1.2189e-16,6.2782e-17
2030.4,-149.82,432.97,7.1834,0.18588,0.018137,-0.0063989,0.49764,-1.2189e-16,6.2782e-17
2030.5,-149.81,432.99,7.1827,0.18584,0.017938,-0.0062426,0.49764,-1.2189e-16,6.2782e-17
2030.6,-149.79,433.01,7.1821,0.18579,0.01774,-0.0060903,0.49764,-1.2189e-16,6.2782e-17
2030.7,-149.78,433.02,7.1815,0.18575,0.017542,-0.005942,0.49764,-1.2189e-16,6.2782e-17
2030.8,-149.77,433.04,7.1809,0.1857,0.017345,-0.0057974,0.49764,-1.2189e-16,6.2782e-17
2030.9,-149.76,433.05,7.1804,0.18566,0.017149,-0.0056565,0.49764,-1.2189e-16,6.2782e-17
2031,-149.75,433.07,7.1798,0.18562,0.016953,-0.0055191,0.49764,-1.2189e-16,6.2782e-17
2031.1,-149.74,433.08,7.1793,0.18558,0.016758,-0.0053852,0.49764,-1.2189e-16,6.2782e-17
2031.2,-149.73,433.1,7.1787,0.18554,0.016564,-0.0052547,0.49764,-1.2189e-16,6.2782e-17
2031.3,-149.72,433.11,7.1782,0.1855,0.01637,-0.0051274,0.49764,-1.2189e-16,6.2782e-17
2031.4,-149.71,433.13,7.1777,0.18546,0.016178,-0.0050034,0.49764,-1.2189e-16,6.2782e-17
2031.5,-149.7,433.15,7.1772,0.18542,0.015986,-0.0048824,0.49764,-1.2189e-16,6.2782e-17
2031.6,-149.69,433.16,7.1767,0.18538,0.015796,-0.0047644,0.49764,-1.2189e-16,6.2782e-17
2031.7,-149.68,433.18,7.1763,0.18534,0.015606,-0.0046494,0.49764,-1.2189e-16,6.2782e-17
2031.8,-149.67,433.19,7.1758,0.18531,0.015418,-0.0045371,0.49764,-1.2189e-16,6.2782e-17
2031.9,-149.66,433.21,7.1753,0.18527,0.015231,-0.0044277,0.49764,-1.2189e-16,6.2782e-17
2032,-149.65,433.22,7.1749,0.18524,0.015044,-0.0043209,0.49764,-1.2189e-16,6.2782e-17
2032.1,-149.64,433.24,7.1745,0.1852,0.01486,-0.0042168,0.49764,-1.2189e-16,6.2782e-17
2032.2,-149.63,433.25,7.1741,0.18517,0.014676,-0.0041152,0.49764,-1.2189e-16,6.2782e-17
2032.3,-149.62,433.27,7.1737,0.18513,0.014493,-0.0040161,0.49764,-1.2189e-16,6.2782e-17
2032.4,-149.61,433.28,7.1733,0.1851,0.014312,-0.0039194,0.49764,-1.2189e-16,6.2782e-17
2032.5,-149.6,433.3,7.1729,0.18507,0.014132,-0.003825,0.49764,-1.2189e-16,6.2782e-17
2032.6,-149.59,433.31,7.1725,0.18504,0.013954,-0.0037329,0.49764,-1.2189e-16,6.2782e-17
2032.7,-149.58,433.33,7.1721,0.18501,0.013777,-0.0036431,0.49764,-1.2189e-16,6.2782e-17
2032.8,-149.57,433.35,7.1718,0.18497,0.013601,-0.0035554,0.49764,-1.2189e-16,6.2782e-17
2032.9,-149.56,433.36,7.1714,0.18494,0.013426,-0.0034699,0.49764,-1.2189e-16,6.2782e-17
2033,-149.54,433.38,7.1711,0.18491,0.013253,-0.0033864,0.49764,-1.2189e-16,6.2782e-17
2033.1,-149.53,433.39,7.1707,0.18489,0.013082,-0.0033049,0.49764,-1.2189e-16,6.2782e-17
2033.2,-149.52,433.41,7.1704,0.18486,0.012912,-0.0032253,0.49764,-1.2189e-16,6.2782e-17
2033.3,-149.51,433.42,7.1701,0.18483,0.012743,-0.0031477,0.49764,-1.2189e-16,6.2782e-17
2033.4,-149.5,433.44,7.1698,0.1848,0.012576,-0.0030719,0.49764,-1.2189e-16,6.2782e-17
2033.5,-149.49,433.45,7.1695,0.18477,0.01241,-0.0029979,0.49764,-1.2189e-16,6.2782e-17
2033.6,-149.48,433.47,7.1692,0.18475,0.012245,-0.0029257,0.49764,-1.2189e-16,6.2782e-17
2033.7,-149.47,433.48,7.1689,0.18472,0.012083,-0.0028552,0.49764,-1.2189e-16,6.2782e-17
2033.8,-149.46,433.5,7.1686,0.18469,0.011921,-0.0027863,0.49764,-1.2189e-16,6.2782e-17
2033.9,-149.45,433.51,7.1683,0.18467,0.011762,-0.0027191,0.49764,-1.2189e-16,6.2782e-17
2034,-149.44,433.53,7.1681,0.18464,0.011603,-0.0026535,0.49764,-1.2189e-16,6.2782e-17
2034.1,-149.43,433.54,7.1678,0.18462,0.011446,-0.0025894,0.49764,-1.2189e-16,6.2782e-17
2034.2,-149.42,433.56,7.1676,0.18459,0.011291,-0.0025269,0.49764,-1.2189e-16,6.2782e-17
2034.3,-149.41,433.57,7.1673,0.18457,0.011138,-0.0024658,0.49764,-1.2189e-16,6.2782e-17
2034.4,-149.39,433.59,7.1671,0.18454,0.010985,-0.0024062,0.49764,-1.2189e-16,6.2782e-17
2034.5,-149.38,433.6,7.1668,0.18452,0.010835,-0.002348,0.49764,-1.2189e-16,6.2782e-17
2034.6,-149.37,433.62,7.1666,0.18449,0.010686,-0.0022911,0.49764,-1.2189e-16,6.2782e-17
2034.7,-149.36,433.63,7.1664,0.18447,0.010538,-0.0022356,0.49764,-1.2189e-16,6.2782e-17
2034.8,-149.35,433.65,7.1661,0.18445,0.010392,-0.0021813,0.49764,-1.2189e-16,6.2782e-17
2034.9,-149.34,433.66,7.1659,0.18443,0.010247,-0.0021284,0.49764,-1.2189e-16,6.2782e-17
2035,-149.33,433.68,7.1657,0.1844,0.010104,-0.0020767,0.49764,-1.2189e-16,6.2782e-17
2035.1,-149.32,433.69,7.1655,0.18438,0.0099629,-0.0020262,0.49764,-1.2189e-16,6.2782e-17
2035.2,-149.31,433.71,7.1653,0.18436,0.009823,-0.0019768,0.49764,-1.2189e-16,6.2782e-17
2035.3,-149.3,433.72,7.1651,0.18434,0.0096845,-0.0019286,0.49764,-1.2189e-16,6.2782e-17
2035.4,-149.29,433.74,7.1649,0.18432,0.0095476,-0.0018816,0.49764,-1.2189e-16,6.2782e-17
2035.5,-149.27,433.75,7.1647,0.1843,0.0094122,-0.0018356,0.49764,-1.2189e-16,6.2782e-17
2035.6,-149.26,433.77,7.1646,0.18428,0.0092783,-0.0017907,0.49764,-1.2189e-16,6.2782e-17
2035.7,-149.25,433.78,7.1644,0.18426,0.0091459,-0.0017469,0.49764,-1.2189e-16,6.2782e-17
2035.8,-149.24,433.79,7.1642,0.18424,0.0090151,-0.0017041,0.49764,-1.2189e-16,6.2782e-17
2035.9,-149.23,433.81,7.164,0.18422,0.0088857,-0.0016623,0.49764,-1.2189e-16,6.2782e-17
2036,-149.22,433.82,7.1639,0.1842,0.0087577,-0.0016214,0.49764,-1.2189e-16,6.2782e-17
2036.1,-149.21,433.84,7.1637,0.18418,0.0086313,-0.0015815,0.49764,-1.2189e-16,6.2782e-17
2036.2,-149.2,433.85,7.1636,0.18416,0.0085063,-0.0015425,0.49764,-1.2189e-16,6.2782e-17
2036.3,-149.19,433.87,7.1634,0.18414,0.0083828,-0.0015044,0.49764,-1.2189e-16,6.2782e-17
2036.4,-149.17,433.88,7.1633,0.18413,0.0082608,-0.0014672,0.49764,-1.2189e-16,6.2782e-17
2036.5,-149.16,433.9,7.1631,0.18411,0.0081402,-0.0014309,0.49764,-1.2189e-16,6.2782e-17
2036.6,-149.15,433.91,7.163,0.18409,0.008021,-0.0013954,0.49764,-1.2189e-16,6.2782e-17
2036.7,-149.14,433.93,7.1628,0.18407,0.0079033,-0.0013607,0.49764,-1.2189e-16,6.2782e-17
2036.8,-149.13,433.94,7.1627,0.18406,0.007787,-0.0013269,0.49764,-1.2189e-16,6.2782e-17
2036.9,-149.12,433.96,7.1626,0.18404,0.0076721,-0.0012938,0.49764,-1.2189e-16,6.2782e-17
2037,-149.11,433.97,7.1624,0.18402,0.0075586,-0.0012615,0.49764,-1.2189e-16,6.2782e-17
2037.1,-149.1,433.99,7.1623,0.18401,0.0074465,-0.0012299,0.49764,-1.2189e-16,6.2782e-17
2037.2,-149.09,434,7.1622,0.18399,0.0073357,-0.0011991,0.49764,-1.2189e-16,6.2782e-17
2037.3,-149.07,434.02,7.1621,0.18397,0.0072264,-0.0011689,0.49764,-1.2189e-16,6.2782e-17
2037.4,-149.06,434.03,7.162,0.18396,0.0071184,-0.0011395,0.49764,-1.2189e-16,6.2782e-17
2037.5,-149.05,434.04,7.1618,0.18394,0.0070118,-0.0011107,0.49764,-1.2189e-16,6.2782e-17
2037.6,-149.04,434.06,7.1617,0.18393,0.0069065,-0.0010827,0.49764,-1.2189e-16,6.2782e-17
2037.7,-149.03,434.07,7.1616,0.18391,0.0068025,-0.0010552,0.49764,-1.2189e-16,6.2782e-17
2037.8,-149.02,434.09,7.1615,0.18389,0.0066999,-0.0010284,0.49764,-1.2189e-16,6.2782e-17
2037.9,-149.01,434.1,7.1614,0.18388,0.0065986,-0.0010022,0.49764,-1.2189e-16,6.2782e-17
2038,-149,434.12,7.1613,0.18387,0.0064986,-0.00097665,0.49764,-1.2189e-16,6.2782e-17
2038.1,-148.98,434.13,7.1612,0.18385,0.0063999,-0.00095166,0.49764,-1.2189e-16,6.2782e-17
2038.2,-148.97,434.15,7.1611,0.18384,0.0063024,-0.00092725,0.49764,-1.2189e-16,6.2782e-17
2038.3,-148.96,434.16,7.161,0.18382,0.0062062,-0.0009034,0.49764,-1.2189e-16,6.2782e-17
2038.4,-148.95,434.18,7.161,0.18381,0.0061113,-0.00088011,0.49764,-1.2189e-16,6.2782e-17
2038.5,-148.94,434.19,7.1609,0.18379,0.0060176,-0.00085736,0.49764,-1.2189e-16,6.2782e-17
2038.6,-148.93,434.2,7.1608,0.18378,0.0059252,-0.00083513,0.49764,-1.2189e-16,6.2782e-17
2038.7,-148.92,434.22,7.1607,0.18377,0.005834,-0.00081341,0.49764,-1.2189e-16,6.2782e-17
2038.8,-148.91,434.23,7.1606,0.18375,0.0057439,-0.0007922,0.49764,-1.2189e-16,6.2782e-17
2038.9,-148.89,434.25,7.1605,0.18374,0.0056551,-0.00077148,0.49764,-1.2189e-16,6.2782e-17
2039,-148.88,434.26,7.1605,0.18373,0.0055675,-0.00075124,0.49764,-1.2189e-16,6.2782e-17
2039.1,-148.87,434.28,7.1604,0.18371,0.0054811,-0.00073147,0.49764,-1.2189e-16,6.2782e-17
2039.2,-148.86,434.29,7.1603,0.1837,0.0053958,-0.00071216,0.49764,-1.2189e-16,6.2782e-17
2039.3,-148.85,434.31,7.1603,0.18369,0.0053116,-0.0006933,0.49764,-1.2189e-16,6.2782e-17
2039.4,-148.84,434.32,7.1602,0.18368,0.0052287,-0.00067487,0.49764,-1.2189e-16,6.2782e-17
2039.5,-148.83,434.33,7.1601,0.18366,0.0051468,-0.00065687,0.49764,-1.2189e-16,6.2782e-17
2039.6,-148.82,434.35,7.1601,0.18365,0.0050661,-0.00063929,0.49764,-1.2189e-16,6.2782e-17
2039.7,-148.8,434.36,7.16,0.18364,0.0049864,-0.00062212,0.49764,-1.2189e-16,6.2782e-17
2039.8,-148.79,434.38,7.1599,0.18363,0.0049079,-0.00060535,0.49764,-1.2189e-16,6.2782e-17
2039.9,-148.78,434.39,7.1599,0.18362,0.0048305,-0.00058897,0.49764,-1.2189e-16,6.2782e-17
2040,-148.77,434.41,7.1598,0.1836,0.0047541,-0.00057298,0.49764,-1.2189e-16,6.2782e-17
2040.1,-148.76,434.42,7.1598,0.18359,0.0046788,-0.00055735,0.49764,-1.2189e-16,6.2782e-17
2040.2,-148.75,434.44,7.1597,0.18358,0.0046045,-0.00054209,0.49764,-1.2189e-16,6.2782e-17
2040.3,-148.74,434.45,7.1596,0.18357,0.0045313,-0.00052719,0.49764,-1.2189e-16,6.2782e-17
2040.4,-148.72,434.46,7.1596,0.18356,0.0044591,-0.00051263,0.49764,-1.2189e-16,6.2782e-17
2040.5,-148.71,434.48,7.1595,0.18355,0.0043879,-0.00049842,0.49764,-1.2189e-16,6.2782e-17
2040.6,-148.7,434.49,7.1595,0.18354,0.0043177,-0.00048454,0.49764,-1.2189e-16,6.2782e-17
2040.7,-148.69,434.51,7.1594,0.18353,0.0042485,-0.00047098,0.49764,-1.2189e-16,6.2782e-17
2040.8,-148.68,434.52,7.1594,0.18352,0.0041803,-0.00045774,0.49764,-1.2189e-16,6.2782e-17
2040.9,-148.67,434.54,7.1594,0.18351,0.0041131,-0.00044482,0.49764,-1.2189e-16,6.2782e-17
2041,-148.66,434.55,7.1593,0.1835,0.0040468,-0.0004322,0.49764,-1.2189e-16,6.2782e-17
2041.1,-148.64,434.57,7.1593,0.18349,0.0039815,-0.00041987,0.49764,-1.2189e-16,6.2782e-17
2041.2,-148.63,434.58,7.1592,0.18348,0.0039171,-0.00040784,0.49764,-1.2189e-16,6.2782e-17
2041.3,-148.62,434.59,7.1592,0.18347,0.0038536,-0.00039609,0.49764,-1.2189e-16,6.2782e-17
2041.4,-148.61,434.61,7.1591,0.18346,0.0037911,-0.00038462,2.552,-0.32555,0.15968
2041.5,-148.6,434.62,7.1593,0.18805,0.00234,0.0041066,2.552,-0.32555,0.15968
2041.6,-148.59,434.64,7.16,0.19259,0.00081258,0.0085218,2.552,-0.32555,0.15968
2041.7,-148.57,434.65,7.161,0.19709,-0.00079096,0.012847,2.552,-0.32555,0.15968
2041.8,-148.56,434.67,7.1625,0.20152,-0.0024733,0.017067,2.552,-0.32555,0.15968
2041.9,-148.55,434.68,7.1644,0.20591,-0.0042355,0.021168,2.552,-0.32555,0.15968
2042,-148.53,434.7,7.1668,0.21024,-0.0060776,0.025137,2.552,-0.32555,0.15968
2042.1,-148.52,434.72,7.1695,0.21451,-0.0079988,0.028965,2.552,-0.32555,0.15968
2042.2,-148.51,434.73,7.1725,0.21872,-0.0099974,0.032645,2.552,-0.32555,0.15968
2042.3,-148.49,434.75,7.176,0.22287,-0.012071,0.036171,2.552,-0.32555,0.15968
2042.4,-148.48,434.76,7.1798,0.22696,-0.014218,0.03954,2.552,-0.32555,0.15968
2042.5,-148.46,434.78,7.1839,0.23099,-0.016433,0.042749,2.552,-0.32555,0.15968
2042.6,-148.44,434.8,7.1883,0.23495,-0.018715,0.045799,2.552,-0.32555,0.15968
2042.7,-148.43,434.82,7.193,0.23885,-0.021057,0.04869,2.552,-0.32555,0.15968
2042.8,-148.41,434.83,7.1981,0.24268,-0.023458,0.051425,2.552,-0.32555,0.15968
2042.9,-148.4,434.85,7.2033,0.24645,-0.025911,0.054008,2.552,-0.32555,0.15968
2043,-148.38,434.87,7.2089,0.25015,-0.028413,0.056443,2.552,-0.32555,0.15968
2043.1,-148.36,434.89,7.2146,0.25378,-0.030959,0.058735,2.552,-0.32555,0.15968
2043.2,-148.34,434.91,7.2206,0.25734,-0.033544,0.060891,2.552,-0.32555,0.15968
2043.3,-148.32,434.93,7.2268,0.26083,-0.036165,0.062915,2.552,-0.32555,0.15968
2043.4,-148.31,434.94,7.2332,0.26425,-0.038817,0.064814,2.552,-0.32555,0.15968
2043.5,-148.29,434.96,7.2397,0.26761,-0.041496,0.066596,2.552,-0.32555,0.15968
2043.6,-148.27,434.98,7.2465,0.27089,-0.044198,0.068265,2.552,-0.32555,0.15968
2043.7,-148.25,435,7.2534,0.2741,-0.046918,0.069828,2.552,-0.32555,0.15968
2043.8,-148.23,435.02,7.2605,0.27725,-0.049655,0.071292,2.552,-0.32555,0.15968
2043.9,-148.21,435.04,7.2676,0.28032,-0.052403,0.072663,2.552,-0.32555,0.15968
2044,-148.19,435.06,7.275,0.28332,-0.055161,0.073946,2.552,-0.32555,0.15968
2044.1,-148.17,435.09,7.2824,0.28626,-0.057924,0.075147,2.552,-0.32555,0.15968
2044.2,-148.15,435.11,7.29,0.28913,-0.060691,0.076271,2.552,-0.32555,0.15968
2044.3,-148.13,435.13,7.2977,0.29192,-0.063458,0.077323,2.552,-0.32555,0.15968
2044.4,-148.11,435.15,7.3055,0.29465,-0.066224,0.078307,2.552,-0.32555,0.15968
2044.5,-148.09,435.17,7.3133,0.29731,-0.068985,0.079229,2.552,-0.32555,0.15968
2044.6,-148.07,435.19,7.3213,0.29991,-0.07174,0.080091,2.552,-0.32555,0.15968
2044.7,-148.04,435.22,7.3294,0.30244,-0.074487,0.080898,2.552,-0.32555,0.15968
2044.8,-148.02,435.24,7.3375,0.3049,-0.077224,0.081654,2.552,-0.32555,0.15968
2044.9,-148,435.26,7.3457,0.3073,-0.07995,0.082361,2.552,-0.32555,0.15968
2045,-147.98,435.28,7.354,0.30964,-0.082663,0.083022,2.552,-0.32555,0.15968
2045.1,-147.96,435.31,7.3623,0.31191,-0.085362,0.083641,2.552,-0.32555,0.15968
2045.2,-147.93,435.33,7.3707,0.31412,-0.088045,0.08422,2.552,-0.32555,0.15968
2045.3,-147.91,435.35,7.3791,0.31628,-0.090712,0.08476,2.552,-0.32555,0.15968
2045.4,-147.89,435.38,7.3876,0.31837,-0.093361,0.085265,2.552,-0.32555,0.15968
2045.5,-147.87,435.4,7.3962,0.3204,-0.095991,0.085736,2.552,-0.32555,0.15968
2045.6,-147.84,435.43,7.4048,0.32237,-0.098602,0.086176,2.552,-0.32555,0.15968
2045.7,-147.82,435.45,7.4134,0.32429,-0.10119,0.086585,2.552,-0.32555,0.15968
2045.8,-147.8,435.48,7.4221,0.32615,-0.10376,0.086965,2.552,-0.32555,0.15968
2045.9,-147.77,435.5,7.4308,0.32795,-0.10631,0.087317,2.552,-0.32555,0.15968
2046,-147.75,435.53,7.4396,0.32971,-0.10883,0.087644,2.552,-0.32555,0.15968
2046.1,-147.73,435.56,7.4483,0.3314,-0.11134,0.087946,2.552,-0.32555,0.15968
2046.2,-147.7,435.58,7.4572,0.33305,-0.11382,0.088224,2.552,-0.32555,0.15968
2046.3,-147.68,435.61,7.466,0.33465,-0.11627,0.08848,2.552,-0.32555,0.15968
2046.4,-147.66,435.63,7.4748,0.33619,-0.1187,0.088713,2.552,-0.32555,0.15968
2046.5,-147.63,435.66,7.4837,0.33769,-0.12111,0.088926,2.552,-0.32555,0.15968
2046.6,-147.61,435.69,7.4926,0.33914,-0.12349,0.089119,2.552,-0.32555,0.15968
2046.7,-147.59,435.72,7.5016,0.34055,-0.12585,0.089292,2.552,-0.32555,0.15968
2046.8,-147.56,435.74,7.5105,0.3419,-0.12818,0.089447,2.552,-0.32555,0.15968
2046.9,-147.54,435.77,7.5194,0.34322,-0.13048,0.089584,2.552,-0.32555,0.15968
2047,-147.52,435.8,7.5284,0.34449,-0.13276,0.089704,2.552,-0.32555,0.15968
2047.1,-147.49,435.83,7.5374,0.34572,-0.13502,0.089807,2.552,-0.32555,0.15968
2047.2,-147.47,435.86,7.5464,0.3469,-0.13724,0.089894,2.552,-0.32555,0.15968
2047.3,-147.45,435.89,7.5554,0.34805,-0.13945,0.089965,2.552,-0.32555,0.15968
2047.4,-147.42,435.92,7.5644,0.34916,-0.14162,0.090022,2.552,-0.32555,0.15968
2047.5,-147.4,435.95,7.5734,0.35023,-0.14377,0.090064,2.552,-0.32555,0.15968
2047.6,-147.37,435.98,7.5824,0.35126,-0.14589,0.090092,2.552,-0.32555,0.15968
2047.7,-147.35,436.01,7.5914,0.35226,-0.14799,0.090107,2.552,-0.32555,0.15968
2047.8,-147.33,436.04,7.6004,0.35322,-0.15006,0.090108,5.6342,-1.38e-15,6.9018e-16
2047.9,-147.3,436.07,7.6092,0.36105,-0.15072,0.085911,5.6342,-1.38e-15,6.9018e-16
2048,-147.28,436.1,7.6176,0.36878,-0.15133,0.082294,5.6342,-1.38e-15,6.9018e-16
2048.1,-147.26,436.13,7.6257,0.37639,-0.15188,0.079176,5.6342,-1.38e-15,6.9018e-16
2048.2,-147.23,436.16,7.6334,0.38389,-0.1524,0.076492,5.6342,-1.38e-15,6.9018e-16
2048.3,-147.21,436.2,7.641,0.39125,-0.1529,0.074189,5.6342,-1.38e-15,6.9018e-16
2048.4,-147.19,436.23,7.6483,0.3985,-0.15338,0.072223,5.6342,-1.38e-15,6.9018e-16
2048.5,-147.17,436.27,7.6554,0.40561,-0.15386,0.070558,5.6342,-1.38e-15,6.9018e-16
2048.6,-147.14,436.31,7.6624,0.41259,-0.15433,0.069161,5.6342,-1.38e-15,6.9018e-16
2048.7,-147.12,436.35,7.6693,0.41944,-0.15481,0.068007,5.6342,-1.38e-15,6.9018e-16
2048.8,-147.1,436.38,7.676,0.42615,-0.15531,0.067073,5.6342,-1.38e-15,6.9018e-16
2048.9,-147.07,436.42,7.6827,0.43272,-0.15582,0.066338,5.6342,-1.38e-15,6.9018e-16
2049,-147.05,436.46,7.6893,0.43915,-0.15635,0.065787,5.6342,-1.38e-15,6.9018e-16
2049.1,-147.03,436.51,7.6959,0.44545,-0.15692,0.065404,5.6342,-1.38e-15,6.9018e-16
2049.2,-147.01,436.55,7.7024,0.4516,-0.15751,0.065175,5.6342,-1.38e-15,6.9018e-16
2049.3,-146.98,436.59,7.7089,0.45761,-0.15815,0.065089,5.6342,-1.38e-15,6.9018e-16
2049.4,-146.96,436.63,7.7154,0.46349,-0.15882,0.065134,5.6342,-1.38e-15,6.9018e-16
2049.5,-146.94,436.68,7.7219,0.46922,-0.15954,0.065301,5.6342,-1.38e-15,6.9018e-16
2049.6,-146.92,436.72,7.7285,0.47481,-0.1603,0.06558,5.6342,-1.38e-15,6.9018e-16
2049.7,-146.9,436.77,7.735,0.48027,-0.16112,0.065963,5.6342,-1.38e-15,6.9018e-16
2049.8,-146.87,436.81,7.7417,0.48558,-0.16199,0.066443,5.6342,-1.38e-15,6.9018e-16
2049.9,-146.85,436.86,7.7483,0.49076,-0.16291,0.067011,5.6342,-1.38e-15,6.9018e-16
2050,-146.83,436.91,7.7551,0.4958,-0.16389,0.067661,5.6342,-1.38e-15,6.9018e-16
2050.1,-146.81,436.96,7.7619,0.5007,-0.16494,0.068387,5.6342,-1.38e-15,6.9018e-16
2050.2,-146.79,437,7.7687,0.50546,-0.16604,0.06918,5.6342,-1.38e-15,6.9018e-16
2050.3,-146.77,437.05,7.7757,0.5101,-0.16721,0.070036,5.6342,-1.38e-15,6.9018e-16
2050.4,-146.75,437.1,7.7828,0.51459,-0.16845,0.070949,5.6342,-1.38e-15,6.9018e-16
2050.5,-146.73,437.15,7.7899,0.51896,-0.16976,0.071911,5.6342,-1.38e-15,6.9018e-16
2050.6,-146.71,437.21,7.7971,0.5232,-0.17113,0.072919,5.6342,-1.38e-15,6.9018e-16
2050.7,-146.69,437.26,7.8045,0.52731,-0.17257,0.073965,5.6342,-1.38e-15,6.9018e-16
2050.8,-146.67,437.31,7.8119,0.53129,-0.17409,0.075046,5.6342,-1.38e-15,6.9018e-16
2050.9,-146.65,437.36,7.8195,0.53514,-0.17567,0.076155,5.6342,-1.38e-15,6.9018e-16
2051,-146.63,437.41,7.8272,0.53887,-0.17732,0.077287,5.6342,-1.38e-15,6.9018e-16
2051.1,-146.61,437.47,7.835,0.54247,-0.17905,0.078438,5.6342,-1.38e-15,6.9018e-16
2051.2,-146.59,437.52,7.8429,0.54596,-0.18084,0.079602,5.6342,-1.38e-15,6.9018e-16
2051.3,-146.57,437.58,7.8509,0.54933,-0.18271,0.080774,5.6342,-1.38e-15,6.9018e-16
2051.4,-146.55,437.63,7.859,0.55257,-0.18464,0.081951,5.6342,-1.38e-15,6.9018e-16
2051.5,-146.54,437.69,7.8673,0.55571,-0.18664,0.083127,5.6342,-1.38e-15,6.9018e-16
2051.6,-146.52,437.74,7.8756,0.55873,-0.18871,0.084298,5.6342,-1.38e-15,6.9018e-16
2051.7,-146.5,437.8,7.8841,0.56163,-0.19084,0.085461,5.6342,-1.38e-15,6.9018e-16
2051.8,-146.48,437.86,7.8927,0.56443,-0.19303,0.086611,5.6342,-1.38e-15,6.9018e-16
2051.9,-146.47,437.91,7.9014,0.56712,-0.19528,0.087744,5.6342,-1.38e-15,6.9018e-16
2052,-146.45,437.97,7.9103,0.5697,-0.19759,0.088858,5.6342,-1.38e-15,6.9018e-16
2052.1,-146.43,438.03,7.9192,0.57218,-0.19996,0.089948,5.6342,-1.38e-15,6.9018e-16
2052.2,-146.42,438.09,7.9283,0.57455,-0.20238,0.091012,5.6342,-1.38e-15,6.9018e-16
2052.3,-146.4,438.15,7.9374,0.57683,-0.20486,0.092047,5.6342,-1.38e-15,6.9018e-16
2052.4,-146.39,438.21,7.9467,0.57901,-0.20738,0.09305,5.6342,-1.38e-15,6.9018e-16
2052.5,-146.37,438.27,7.956,0.5811,-0.20994,0.094019,5.6342,-1.38e-15,6.9018e-16
2052.6,-146.36,438.33,7.9655,0.58309,-0.21255,0.094952,5.6342,-1.38e-15,6.9018e-16
2052.7,-146.34,438.39,7.975,0.58499,-0.2152,0.095846,5.6342,-1.38e-15,6.9018e-16
2052.8,-146.33,438.45,7.9846,0.5868,-0.21788,0.0967,5.6342,-1.38e-15,6.9018e-16
2052.9,-146.31,438.51,7.9944,0.58852,-0.2206,0.097512,5.6342,-1.38e-15,6.9018e-16
2053,-146.3,438.57,8.0041,0.59016,-0.22335,0.098281,5.6342,-1.38e-15,6.9018e-16
2053.1,-146.29,438.63,8.014,0.59172,-0.22612,0.099006,5.6342,-1.38e-15,6.9018e-16
2053.2,-146.27,438.7,8.0239,0.5932,-0.22892,0.099686,5.6342,-1.38e-15,6.9018e-16
2053.3,-146.26,438.76,8.0339,0.59461,-0.23174,0.10032,5.6342,-1.38e-15,6.9018e-16
2053.4,-146.25,438.82,8.044,0.59594,-0.23457,0.10091,5.6342,-1.38e-15,6.9018e-16
2053.5,-146.24,438.88,8.0541,0.59719,-0.23742,0.10145,5.6342,-1.38e-15,6.9018e-16
2053.6,-146.23,438.95,8.0643,0.59838,-0.24029,0.10194,5.6342,-1.38e-15,6.9018e-16
2053.7,-146.22,439.01,8.0745,0.5995,-0.24316,0.10239,5.6342,-1.38e-15,6.9018e-16
2053.8,-146.21,439.08,8.0848,0.60056,-0.24603,0.10279,5.6342,-1.38e-15,6.9018e-16
2053.9,-146.2,439.14,8.0951,0.60155,-0.24891,0.10314,5.6342,-1.38e-15,6.9018e-16
2054,-146.19,439.2,8.1054,0.60249,-0.25179,0.10345,5.6342,-1.38e-15,6.9018e-16
2054.1,-146.18,439.27,8.1158,0.60336,-0.25467,0.10371,5.6342,-1.38e-15,6.9018e-16
2054.2,-146.17,439.33,8.1261,0.60418,-0.25754,0.10392,5.6342,-1.38e-15,6.9018e-16
2054.3,-146.16,439.4,8.1365,0.60495,-0.2604,0.10409,5.6342,-1.38e-15,6.9018e-16
2054.4,-146.15,439.46,8.147,0.60567,-0.26326,0.10421,5.6342,-1.38e-15,6.9018e-16
2054.5,-146.14,439.53,8.1574,0.60634,-0.2661,0.10429,5.6342,-1.38e-15,6.9018e-16
2054.6,-146.14,439.6,8.1678,0.60696,-0.26893,0.10433,5.6342,-1.38e-15,6.9018e-16
2054.7,-146.13,439.66,8.1782,0.60754,-0.27174,0.10433,5.6342,-1.38e-15,6.9018e-16
2054.8,-146.12,439.73,8.1887,0.60808,-0.27454,0.10428,5.6342,-1.38e-15,6.9018e-16
2054.9,-146.12,439.79,8.1991,0.60858,-0.27732,0.10419,5.6342,-1.38e-15,6.9018e-16
2055,-146.11,439.86,8.2095,0.60905,-0.28007,0.10407,5.6342,-1.38e-15,6.9018e-16
2055.1,-146.11,439.93,8.2199,0.60948,-0.28281,0.10391,5.6342,-1.38e-15,6.9018e-16
2055.2,-146.1,440,8.2303,0.60987,-0.28552,0.10371,5.6342,-1.38e-15,6.9018e-16
2055.3,-146.1,440.06,8.2407,0.61024,-0.28821,0.10347,5.6342,-1.38e-15,6.9018e-16
2055.4,-146.1,440.13,8.251,0.61058,-0.29087,0.1032,5.6342,-1.38e-15,6.9018e-16
2055.5,-146.09,440.2,8.2613,0.61089,-0.2935,0.1029,5.6342,-1.38e-15,6.9018e-16
2055.6,-146.09,440.27,8.2716,0.61117,-0.29611,0.10256,5.6342,-1.38e-15,6.9018e-16
2055.7,-146.09,440.33,8.2818,0.61144,-0.29868,0.10219,5.6342,-1.38e-15,6.9018e-16
2055.8,-146.09,440.4,8.292,0.61168,-0.30123,0.10179,5.6342,-1.38e-15,6.9018e-16
2055.9,-146.09,440.47,8.3022,0.6119,-0.30375,0.10136,5.6342,-1.38e-15,6.9018e-16
2056,-146.09,440.54,8.3123,0.61211,-0.30624,0.10091,5.6342,-1.38e-15,6.9018e-16
2056.1,-146.09,440.61,8.3223,0.61229,-0.30869,0.10042,5.6342,-1.38e-15,6.9018e-16
2056.2,-146.09,440.68,8.3324,0.61247,-0.31112,0.099914,5.6342,-1.38e-15,6.9018e-16
2056.3,-146.09,440.74,8.3423,0.61263,-0.31351,0.099379,5.6342,-1.38e-15,6.9018e-16
2056.4,-146.09,440.81,8.3522,0.61278,-0.31587,0.09882,5.6342,-1.38e-15,6.9018e-16
2056.5,-146.09,440.88,8.3621,0.61292,-0.3182,0.098237,5.6342,-1.38e-15,6.9018e-16
2056.6,-146.09,440.95,8.3719,0.61306,-0.32049,0.097633,5.6342,-1.38e-15,6.9018e-16
2056.7,-146.1,441.02,8.3816,0.61318,-0.32275,0.097007,5.6342,-1.38e-15,6.9018e-16
2056.8,-146.1,441.09,8.3913,0.6133,-0.32498,0.096361,5.6342,-1.38e-15,6.9018e-16
2056.9,-146.1,441.16,8.4009,0.61342,-0.32718,0.095695,5.6342,-1.38e-15,6.9018e-16
2057,-146.11,441.23,8.4104,0.61353,-0.32935,0.095011,5.6342,-1.38e-15,6.9018e-16
2057.1,-146.11,441.3,8.4199,0.61364,-0.33148,0.094309,5.6342,-1.38e-15,6.9018e-16
2057.2,-146.12,441.37,8.4293,0.61374,-0.33358,0.093591,5.6342,-1.38e-15,6.9018e-16
2057.3,-146.12,441.44,8.4386,0.61385,-0.33565,0.092856,5.6342,-1.38e-15,6.9018e-16
2057.4,-146.13,441.51,8.4478,0.61396,-0.33769,0.092105,5.6342,-1.38e-15,6.9018e-16
2057.5,-146.13,441.58,8.457,0.61407,-0.33969,0.09134,5.6342,-1.38e-15,6.9018e-16
2057.6,-146.14,441.65,8.4661,0.61418,-0.34167,0.090561,5.6342,-1.38e-15,6.9018e-16
2057.7,-146.15,441.72,8.4751,0.6143,-0.34362,0.089768,5.6342,-1.38e-15,6.9018e-16
2057.8,-146.16,441.79,8.4841,0.61442,-0.34553,0.088963,5.6342,-1.38e-15,6.9018e-16
2057.9,-146.17,441.86,8.4929,0.61454,-0.34741,0.088145,5.6342,-1.38e-15,6.9018e-16
2058,-146.18,441.93,8.5017,0.61467,-0.34927,0.087316,5.6342,-1.38e-15,6.9018e-16
2058.1,-146.18,442,8.5104,0.61481,-0.3511,0.086476,5.6342,-1.38e-15,6.9018e-16
2058.2,-146.19,442.07,8.519,0.61495,-0.35289,0.085625,5.6342,-1.38e-15,6.9018e-16
2058.3,-146.21,442.14,8.5275,0.61511,-0.35466,0.084764,5.6342,-1.38e-15,6.9018e-16
2058.4,-146.22,442.21,8.5359,0.61527,-0.35641,0.083893,5.6342,-1.38e-15,6.9018e-16
2058.5,-146.23,442.28,8.5443,0.61543,-0.35812,0.083013,5.6342,-1.38e-15,6.9018e-16
2058.6,-146.24,442.35,8.5525,0.61561,-0.35981,0.082124,5.6342,-1.38e-15,6.9018e-16
2058.7,-146.25,442.42,8.5607,0.6158,-0.36147,0.081227,5.6342,-1.38e-15,6.9018e-16
2058.8,-146.26,442.49,8.5688,0.616,-0.36311,0.080321,5.6342,-1.38e-15,6.9018e-16
2058.9,-146.28,442.56,8.5768,0.6162,-0.36472,0.079408,5.6342,-1.38e-15,6.9018e-16
2059,-146.29,442.63,8.5847,0.61642,-0.3663,0.078487,5.6342,-1.38e-15,6.9018e-16
2059.1,-146.3,442.7,8.5925,0.61665,-0.36787,0.077559,5.6342,-1.38e-15,6.9018e-16
2059.2,-146.32,442.77,8.6002,0.61689,-0.36941,0.076623,5.6342,-1.38e-15,6.9018e-16
2059.3,-146.33,442.84,8.6078,0.61715,-0.37092,0.075681,5.6342,-1.38e-15,6.9018e-16
2059.4,-146.35,442.91,8.6153,0.61741,-0.37241,0.074731,5.6342,-1.38e-15,6.9018e-16
2059.5,-146.37,442.98,8.6227,0.61769,-0.37388,0.073775,5.6342,-1.38e-15,6.9018e-16
2059.6,-146.38,443.05,8.6301,0.61798,-0.37533,0.072813,4.7155,0.0080859,-0.0039661
2059.7,-146.4,443.12,8.6373,0.61625,-0.37671,0.071694,4.7155,0.0080859,-0.0039661
2059.8,-146.42,443.19,8.6444,0.61459,-0.37805,0.070497,4.7155,0.0080859,-0.0039661
2059.9,-146.43,443.26,8.6514,0.61301,-0.37933,0.069229,4.7155,0.0080859,-0.0039661
2060,-146.45,443.33,8.6583,0.61151,-0.38057,0.067896,4.7155,0.0080859,-0.0039661
2060.1,-146.47,443.4,8.665,0.61008,-0.38175,0.066503,4.7155,0.0080859,-0.0039661
2060.2,-146.49,443.47,8.6716,0.60874,-0.38289,0.065054,4.7155,0.0080859,-0.0039661
2060.3,-146.5,443.54,8.678,0.60747,-0.38398,0.063554,4.7155,0.0080859,-0.0039661
2060.4,-146.52,443.61,8.6843,0.60628,-0.38503,0.062008,4.7155,0.0080859,-0.0039661
2060.5,-146.54,443.68,8.6904,0.60517,-0.38602,0.060418,4.7155,0.0080859,-0.0039661
2060.6,-146.56,443.75,8.6963,0.60414,-0.38697,0.058789,4.7155,0.0080859,-0.0039661
2060.7,-146.58,443.82,8.7021,0.60318,-0.38788,0.057122,4.7155,0.0080859,-0.0039661
2060.8,-146.6,443.89,8.7078,0.60231,-0.38874,0.055421,4.7155,0.0080859,-0.0039661
2060.9,-146.62,443.96,8.7132,0.6015,-0.38955,0.053688,4.7155,0.0080859,-0.0039661
2061,-146.64,444.02,8.7185,0.60078,-0.39033,0.051924,4.7155,0.0080859,-0.0039661
2061.1,-146.66,444.09,8.7236,0.60013,-0.39106,0.050131,4.7155,0.0080859,-0.0039661
2061.2,-146.68,444.16,8.7285,0.59956,-0.39175,0.048309,4.7155,0.0080859,-0.0039661
2061.3,-146.7,444.23,8.7333,0.59906,-0.3924,0.046461,4.7155,0.0080859,-0.0039661
2061.4,-146.72,444.3,8.7378,0.59863,-0.393,0.044586,4.7155,0.0080859,-0.0039661
2061.5,-146.75,444.37,8.7422,0.59828,-0.39357,0.042685,4.7155,0.0080859,-0.0039661
2061.6,-146.77,444.43,8.7464,0.59799,-0.39411,0.040758,4.7155,0.0080859,-0.0039661
2061.7,-146.79,444.5,8.7503,0.59778,-0.3946,0.038803,4.7155,0.0080859,-0.0039661
2061.8,-146.81,444.57,8.7541,0.59764,-0.39506,0.036821,4.7155,0.0080859,-0.0039661
2061.9,-146.83,444.64,8.7577,0.59757,-0.39548,0.034811,4.7155,0.0080859,-0.0039661
2062,-146.86,444.71,8.7611,0.59757,-0.39586,0.03277,4.7155,0.0080859,-0.0039661
2062.1,-146.88,444.78,8.7643,0.59764,-0.39621,0.030698,4.7155,0.0080859,-0.0039661
2062.2,-146.9,444.84,8.7672,0.59778,-0.39652,0.028593,4.7155,0.0080859,-0.0039661
2062.3,-146.93,444.91,8.77,0.59799,-0.3968,0.026451,4.7155,0.0080859,-0.0039661
2062.4,-146.95,444.98,8.7725,0.59826,-0.39704,0.02427,4.7155,0.0080859,-0.0039661
2062.5,-146.97,445.05,8.7748,0.5986,-0.39725,0.022046,4.7155,0.0080859,-0.0039661
2062.6,-147,445.11,8.7769,0.59901,-0.39743,0.019776,4.7155,0.0080859,-0.0039661
2062.7,-147.02,445.18,8.7788,0.59949,-0.39757,0.017454,4.7155,0.0080859,-0.0039661
2062.8,-147.04,445.25,8.7804,0.60003,-0.39767,0.015076,4.7155,0.0080859,-0.0039661
2062.9,-147.07,445.32,8.7818,0.60064,-0.39774,0.012636,4.7155,0.0080859,-0.0039661
2063,-147.09,445.39,8.7829,0.60132,-0.39777,0.010126,4.7155,0.0080859,-0.0039661
2063.1,-147.12,445.45,8.7838,0.60207,-0.39777,0.0075384,4.7155,0.0080859,-0.0039661
2063.2,-147.14,445.52,8.7844,0.60289,-0.39772,0.0048645,4.7155,0.0080859,-0.0039661
2063.3,-147.17,445.59,8.7848,0.60379,-0.39764,0.0020935,4.7155,0.0080859,-0.0039661
2063.4,-147.19,445.66,8.7848,0.60475,-0.3975,-0.00077984,4.7155,0.0080859,-0.0039661
2063.5,-147.22,445.73,8.7846,0.6058,-0.39692,-0.0036193,4.7155,0.0080859,-0.0039661
2063.6,-147.24,445.79,8.7841,0.6069,-0.39577,-0.0063431,4.7155,0.0080859,-0.0039661
2063.7,-147.27,445.86,8.7834,0.60807,-0.39406,-0.0089214,4.7155,0.0080859,-0.0039661
2063.8,-147.29,445.93,8.7823,0.6093,-0.39182,-0.011329,4.7155,0.0080859,-0.0039661
2063.9,-147.32,446,8.7811,0.61056,-0.38909,-0.013544,4.7155,0.0080859,-0.0039661
2064,-147.34,446.07,8.7796,0.61186,-0.38591,-0.015554,4.7155,0.0080859,-0.0039661
2064.1,-147.37,446.13,8.778,0.61318,-0.38232,-0.017345,4.7155,0.0080859,-0.0039661
2064.2,-147.39,446.2,8.7762,0.61452,-0.37836,-0.018914,4.7155,0.0080859,-0.0039661
2064.3,-147.42,446.27,8.7742,0.61587,-0.37409,-0.020258,4.7155,0.0080859,-0.0039661
2064.4,-147.45,446.33,8.7721,0.6172,-0.36954,-0.021379,4.7155,0.0080859,-0.0039661
2064.5,-147.47,446.4,8.77,0.61853,-0.36477,-0.022281,4.7155,0.0080859,-0.0039661
2064.6,-147.5,446.47,8.7677,0.61983,-0.35982,-0.022972,4.7155,0.0080859,-0.0039661
2064.7,-147.53,446.53,8.7654,0.62111,-0.35474,-0.023461,4.7155,0.0080859,-0.0039661
2064.8,-147.55,446.6,8.763,0.62235,-0.34956,-0.023758,4.7155,0.0080859,-0.0039661
2064.9,-147.58,446.67,8.7606,0.62356,-0.34433,-0.023874,4.7155,0.0080859,-0.0039661
2065,-147.61,446.73,8.7582,0.62472,-0.33908,-0.023821,4.7155,0.0080859,-0.0039661
2065.1,-147.64,446.8,8.7559,0.62583,-0.33384,-0.02361,4.7155,0.0080859,-0.0039661
2065.2,-147.67,446.86,8.7535,0.62689,-0.32865,-0.023253,4.7155,0.0080859,-0.0039661
2065.3,-147.7,446.93,8.7512,0.6279,-0.32352,-0.02276,4.7155,0.0080859,-0.0039661
2065.4,-147.72,446.99,8.749,0.62885,-0.3185,-0.022142,4.7155,0.0080859,-0.0039661
2065.5,-147.75,447.05,8.7468,0.62975,-0.31358,-0.021408,4.7155,0.0080859,-0.0039661
2065.6,-147.78,447.12,8.7447,0.63059,-0.30881,-0.020569,0.69161,-1.694e-16,8.5504e-17
2065.7,-147.81,447.18,8.7427,0.62243,-0.30422,-0.019603,0.69161,-1.694e-16,8.5504e-17
2065.8,-147.84,447.24,8.7408,0.61447,-0.29979,-0.018707,0.69161,-1.694e-16,8.5504e-17
2065.9,-147.87,447.3,8.7389,0.60671,-0.2955,-0.017878,0.69161,-1.694e-16,8.5504e-17
2066,-147.9,447.37,8.7372,0.59913,-0.29134,-0.017112,0.69161,-1.694e-16,8.5504e-17
2066.1,-147.93,447.43,8.7355,0.59173,-0.2873,-0.016407,0.69161,-1.694e-16,8.5504e-17
2066.2,-147.95,447.49,8.7339,0.58452,-0.28336,-0.01576,0.69161,-1.694e-16,8.5504e-17
2066.3,-147.98,447.54,8.7324,0.57747,-0.27951,-0.015167,0.69161,-1.694e-16,8.5504e-17
2066.4,-148.01,447.6,8.7309,0.5706,-0.27575,-0.014626,0.69161,-1.694e-16,8.5504e-17
2066.5,-148.03,447.66,8.7294,0.56389,-0.27207,-0.014133,0.69161,-1.694e-16,8.5504e-17
2066.6,-148.06,447.72,8.728,0.55734,-0.26845,-0.013685,0.69161,-1.694e-16,8.5504e-17
2066.7,-148.08,447.77,8.7267,0.55095,-0.2649,-0.01328,0.69161,-1.694e-16,8.5504e-17
2066.8,-148.11,447.83,8.7254,0.54472,-0.2614,-0.012914,0.69161,-1.694e-16,8.5504e-17
2066.9,-148.13,447.88,8.7241,0.53863,-0.25795,-0.012586,0.69161,-1.694e-16,8.5504e-17
2067,-148.16,447.94,8.7229,0.53268,-0.25455,-0.012292,0.69161,-1.694e-16,8.5504e-17
2067.1,-148.18,447.99,8.7217,0.52688,-0.25119,-0.012029,0.69161,-1.694e-16,8.5504e-17
2067.2,-148.21,448.04,8.7205,0.52121,-0.24786,-0.011795,0.69161,-1.694e-16,8.5504e-17
2067.3,-148.23,448.1,8.7193,0.51568,-0.24456,-0.011588,0.69161,-1.694e-16,8.5504e-17
2067.4,-148.25,448.15,8.7181,0.51028,-0.24129,-0.011405,0.69161,-1.694e-16,8.5504e-17
2067.5,-148.28,448.2,8.717,0.505,-0.23804,-0.011243,0.69161,-1.694e-16,8.5504e-17
2067.6,-148.3,448.25,8.7159,0.49985,-0.23482,-0.011101,0.69161,-1.694e-16,8.5504e-17
2067.7,-148.32,448.3,8.7148,0.49481,-0.23162,-0.010976,0.69161,-1.694e-16,8.5504e-17
2067.8,-148.34,448.35,8.7137,0.48989,-0.22845,-0.010866,0.69161,-1.694e-16,8.5504e-17
2067.9,-148.37,448.4,8.7126,0.48509,-0.22529,-0.01077,0.69161,-1.694e-16,8.5504e-17
2068,-148.39,448.45,8.7115,0.48039,-0.22214,-0.010686,0.69161,-1.694e-16,8.5504e-17
2068.1,-148.41,448.49,8.7105,0.4758,-0.21902,-0.010611,0.69161,-1.694e-16,8.5504e-17
2068.2,-148.43,448.54,8.7094,0.47131,-0.21591,-0.010545,0.69161,-1.694e-16,8.5504e-17
2068.3,-148.45,448.59,8.7084,0.46692,-0.21282,-0.010485,0.69161,-1.694e-16,8.5504e-17
2068.4,-148.47,448.63,8.7073,0.46263,-0.20974,-0.010431,0.69161,-1.694e-16,8.5504e-17
2068.5,-148.49,448.68,8.7063,0.45844,-0.20668,-0.010381,0.69161,-1.694e-16,8.5504e-17
2068.6,-148.51,448.73,8.7053,0.45433,-0.20364,-0.010335,0.69161,-1.694e-16,8.5504e-17
2068.7,-148.54,448.77,8.7042,0.45032,-0.20061,-0.01029,0.69161,-1.694e-16,8.5504e-17
2068.8,-148.56,448.82,8.7032,0.44639,-0.19761,-0.010247,0.69161,-1.694e-16,8.5504e-17
2068.9,-148.58,448.86,8.7022,0.44255,-0.19462,-0.010203,0.69161,-1.694e-16,8.5504e-17
2069,-148.6,448.9,8.7012,0.43879,-0.19165,-0.01016,0.69161,-1.694e-16,8.5504e-17
2069.1,-148.62,448.95,8.7001,0.43511,-0.1887,-0.010115,0.69161,-1.694e-16,8.5504e-17
2069.2,-148.64,448.99,8.6991,0.4315,-0.18577,-0.010068,0.69161,-1.694e-16,8.5504e-17
2069.3,-148.66,449.03,8.6981,0.42798,-0.18286,-0.010019,0.69161,-1.694e-16,8.5504e-17
2069.4,-148.68,449.07,8.6971,0.42452,-0.17998,-0.0099677,0.69161,-1.694e-16,8.5504e-17
2069.5,-148.7,449.12,8.6961,0.42114,-0.17711,-0.0099132,0.69161,-1.694e-16,8.5504e-17
2069.6,-148.72,449.16,8.6951,0.41782,-0.17428,-0.0098555,0.69161,-1.694e-16,8.5504e-17
2069.7,-148.73,449.2,8.6942,0.41457,-0.17146,-0.0097942,0.69161,-1.694e-16,8.5504e-17
2069.8,-148.75,449.24,8.6932,0.41139,-0.16868,-0.0097292,0.69161,-1.694e-16,8.5504e-17
2069.9,-148.77,449.28,8.6922,0.40827,-0.16592,-0.0096604,0.69161,-1.694e-16,8.5504e-17
2070,-148.79,449.32,8.6913,0.40521,-0.16318,-0.0095876,0.69161,-1.694e-16,8.5504e-17
2070.1,-148.81,449.36,8.6903,0.40221,-0.16048,-0.0095109,0.69161,-1.694e-16,8.5504e-17
2070.2,-148.83,449.39,8.6894,0.39927,-0.1578,-0.0094303,0.69161,-1.694e-16,8.5504e-17
2070.3,-148.85,449.43,8.6884,0.39639,-0.15515,-0.0093457,0.69161,-1.694e-16,8.5504e-17
2070.4,-148.87,449.47,8.6875,0.39357,-0.15254,-0.0092572,0.69161,-1.694e-16,8.5504e-17
2070.5,-148.89,449.51,8.6866,0.39079,-0.14995,-0.0091649,0.69161,-1.694e-16,8.5504e-17
2070.6,-148.91,449.55,8.6856,0.38808,-0.14739,-0.009069,0.69161,-1.694e-16,8.5504e-17
2070.7,-148.93,449.58,8.6847,0.38541,-0.14487,-0.0089694,0.69161,-1.694e-16,8.5504e-17
2070.8,-148.94,449.62,8.6839,0.38279,-0.14238,-0.0088664,0.69161,-1.694e-16,8.5504e-17
2070.9,-148.96,449.65,8.683,0.38022,-0.13992,-0.0087601,0.69161,-1.694e-16,8.5504e-17
2071,-148.98,449.69,8.6821,0.3777,-0.13749,-0.0086507,0.69161,-1.694e-16,8.5504e-17
2071.1,-149,449.73,8.6812,0.37522,-0.13509,-0.0085382,0.69161,-1.694e-16,8.5504e-17
2071.2,-149.02,449.76,8.6804,0.37279,-0.13273,-0.008423,0.69161,-1.694e-16,8.5504e-17
2071.3,-149.04,449.8,8.6796,0.37041,-0.1304,-0.0083052,0.69161,-1.694e-16,8.5504e-17
2071.4,-149.05,449.83,8.6787,0.36807,-0.12811,-0.0081849,0.69161,-1.694e-16,8.5504e-17
2071.5,-149.07,449.87,8.6779,0.36577,-0.12585,-0.0080624,0.69161,-1.694e-16,8.5504e-17
2071.6,-149.09,449.9,8.6771,0.36351,-0.12362,-0.0079378,0.69161,-1.694e-16,8.5504e-17
2071.7,-149.11,449.93,8.6763,0.36129,-0.12142,-0.0078114,0.69161,-1.694e-16,8.5504e-17
2071.8,-149.13,449.97,8.6756,0.35911,-0.11926,-0.0076832,0.69161,-1.694e-16,8.5504e-17
2071.9,-149.15,450,8.6748,0.35697,-0.11714,-0.0075535,0.69161,-1.694e-16,8.5504e-17
2072,-149.16,450.03,8.674,0.35487,-0.11504,-0.0074224,0.69161,-1.694e-16,8.5504e-17
2072.1,-149.18,450.06,8.6733,0.3528,-0.11298,-0.0072902,0.69161,-1.694e-16,8.5504e-17
2072.2,-149.2,450.1,8.6726,0.35077,-0.11096,-0.0071569,0.69161,-1.694e-16,8.5504e-17
2072.3,-149.22,450.13,8.6719,0.34877,-0.10896,-0.0070228,0.69161,-1.694e-16,8.5504e-17
2072.4,-149.24,450.16,8.6712,0.34681,-0.107,-0.006888,0.69161,-1.694e-16,8.5504e-17
2072.5,-149.25,450.19,8.6705,0.34489,-0.10507,-0.0067526,0.69161,-1.694e-16,8.5504e-17
2072.6,-149.27,450.22,8.6698,0.34299,-0.10318,-0.0066169,0.69161,-1.694e-16,8.5504e-17
2072.7,-149.29,450.25,8.6692,0.34113,-0.10131,-0.0064808,0.69161,-1.694e-16,8.5504e-17
2072.8,-149.31,450.28,8.6685,0.3393,-0.099482,-0.0063447,0.69161,-1.694e-16,8.5504e-17
2072.9,-149.33,450.31,8.6679,0.3375,-0.097681,-0.0062085,0.69161,-1.694e-16,8.5504e-17
2073,-149.34,450.34,8.6673,0.33573,-0.095913,-0.0060725,0.69161,-1.694e-16,8.5504e-17
2073.1,-149.36,450.37,8.6667,0.33399,-0.094175,-0.0059367,0.69161,-1.694e-16,8.5504e-17
2073.2,-149.38,450.4,8.6661,0.33228,-0.092467,-0.0058013,0.69161,-1.694e-16,8.5504e-17
2073.3,-149.4,450.43,8.6655,0.3306,-0.09079,-0.0056662,0.69161,-1.694e-16,8.5504e-17
2073.4,-149.41,450.46,8.665,0.32894,-0.089143,-0.0055318,0.69161,-1.694e-16,8.5504e-17
2073.5,-149.43,450.49,8.6644,0.32732,-0.087526,-0.0053979,0.69161,-1.694e-16,8.5504e-17
2073.6,-149.45,450.52,8.6639,0.32572,-0.085938,-0.0052648,0.69161,-1.694e-16,8.5504e-17
2073.7,-149.47,450.55,8.6634,0.32414,-0.084378,-0.0051325,0.69161,-1.694e-16,8.5504e-17
2073.8,-149.49,450.58,8.6629,0.3226,-0.082847,-0.0050011,0.69161,-1.694e-16,8.5504e-17
2073.9,-149.5,450.61,8.6624,0.32107,-0.081344,-0.0048706,0.69161,-1.694e-16,8.5504e-17
2074,-149.52,450.63,8.6619,0.31958,-0.079869,-0.0047411,0.69161,-1.694e-16,8.5504e-17
2074.1,-149.54,450.66,8.6614,0.3181,-0.078421,-0.0046127,0.69161,-1.694e-16,8.5504e-17
2074.2,-149.56,450.69,8.661,0.31665,-0.077,-0.0044854,0.69161,-1.694e-16,8.5504e-17
2074.3,-149.57,450.72,8.6605,0.31523,-0.075605,-0.0043592,0.69161,-1.694e-16,8.5504e-17
2074.4,-149.59,450.74,8.6601,0.31383,-0.074236,-0.0042343,0.69161,-1.694e-16,8.5504e-17
2074.5,-149.61,450.77,8.6597,0.31245,-0.072893,-0.0041107,0.69161,-1.694e-16,8.5504e-17
2074.6,-149.63,450.8,8.6593,0.31109,-0.071575,-0.0039884,0.69161,-1.694e-16,8.5504e-17
2074.7,-149.64,450.82,8.6589,0.30975,-0.070282,-0.0038674,0.69161,-1.694e-16,8.5504e-17
2074.8,-149.66,450.85,8.6585,0.30844,-0.069014,-0.0037478,0.69161,-1.694e-16,8.5504e-17
2074.9,-149.68,450.88,8.6581,0.30714,-0.067769,-0.0036296,0.69161,-1.694e-16,8.5504e-17
2075,-149.7,450.9,8.6578,0.30587,-0.066548,-0.0035128,0.69161,-1.694e-16,8.5504e-17
2075.1,-149.71,450.93,8.6574,0.30461,-0.065351,-0.0033975,0.69161,-1.694e-16,8.5504e-17
2075.2,-149.73,450.95,8.6571,0.30338,-0.064176,-0.0032836,0.69161,-1.694e-16,8.5504e-17
2075.3,-149.75,450.98,8.6568,0.30217,-0.063024,-0.0031712,0.69161,-1.694e-16,8.5504e-17
2075.4,-149.76,451.01,8.6565,0.30097,-0.061893,-0.0030603,0.69161,-1.694e-16,8.5504e-17
2075.5,-149.78,451.03,8.6562,0.29979,-0.060785,-0.0029509,0.69161,-1.694e-16,8.5504e-17
2075.6,-149.8,451.06,8.6559,0.29864,-0.059697,-0.0028431,0.69161,-1.694e-16,8.5504e-17
2075.7,-149.82,451.08,8.6556,0.2975,-0.058631,-0.0027368,0.69161,-1.694e-16,8.5504e-17
2075.8,-149.83,451.11,8.6553,0.29637,-0.057585,-0.002632,0.69161,-1.694e-16,8.5504e-17
2075.9,-149.85,451.13,8.6551,0.29527,-0.056559,-0.0025287,0.69161,-1.694e-16,8.5504e-17
2076,-149.87,451.16,8.6548,0.29418,-0.055553,-0.002427,0.69161,-1.694e-16,8.5504e-17
2076.1,-149.89,451.18,8.6546,0.29311,-0.054567,-0.0023269,0.69161,-1.694e-16,8.5504e-17
2076.2,-149.9,451.2,8.6544,0.29206,-0.053599,-0.0022282,0.69161,-1.694e-16,8.5504e-17
2076.3,-149.92,451.23,8.6541,0.29102,-0.05265,-0.0021311,0.69161,-1.694e-16,8.5504e-17
2076.4,-149.94,451.25,8.6539,0.29,-0.05172,-0.0020356,0.69161,-1.694e-16,8.5504e-17
2076.5,-149.95,451.28,8.6537,0.28899,-0.050808,-0.0019415,0.69161,-1.694e-16,8.5504e-17
2076.6,-149.97,451.3,8.6535,0.288,-0.049913,-0.001849,0.69161,-1.694e-16,8.5504e-17
2076.7,-149.99,451.32,8.6534,0.28703,-0.049036,-0.001758,0.69161,-1.694e-16,8.5504e-17
2076.8,-150.01,451.35,8.6532,0.28607,-0.048176,-0.0016685,0.69161,-1.694e-16,8.5504e-17
2076.9,-150.02,451.37,8.653,0.28512,-0.047332,-0.0015805,0.69161,-1.694e-16,8.5504e-17
2077,-150.04,451.39,8.6529,0.28419,-0.046505,-0.001494,0.69161,-1.694e-16,8.5504e-17
2077.1,-150.06,451.42,8.6527,0.28327,-0.045694,-0.001409,0.69161,-1.694e-16,8.5504e-17
2077.2,-150.07,451.44,8.6526,0.28237,-0.044899,-0.0013254,0.69161,-1.694e-16,8.5504e-17
2077.3,-150.09,451.46,8.6525,0.28148,-0.044119,-0.0012433,1.1379,0.18421,-0.090353
2077.4,-150.11,451.48,8.6522,0.28161,-0.042536,-0.0037069,1.1379,0.18421,-0.090353
2077.5,-150.13,451.51,8.6517,0.28174,-0.040864,-0.0061491,1.1379,0.18421,-0.090353
2077.6,-150.14,451.53,8.651,0.28188,-0.039106,-0.0085645,1.1379,0.18421,-0.090353
2077.7,-150.16,451.55,8.65,0.28203,-0.037268,-0.010948,1.1379,0.18421,-0.090353
2077.8,-150.18,451.57,8.6488,0.28217,-0.035355,-0.013295,1.1379,0.18421,-0.090353
2077.9,-150.2,451.6,8.6474,0.28233,-0.033372,-0.015602,1.1379,0.18421,-0.090353
2078,-150.21,451.62,8.6457,0.28248,-0.031326,-0.017865,1.1379,0.18421,-0.090353
2078.1,-150.23,451.64,8.6438,0.28264,-0.029222,-0.020081,1.1379,0.18421,-0.090353
2078.2,-150.25,451.66,8.6417,0.28279,-0.027067,-0.022249,1.1379,0.18421,-0.090353
2078.3,-150.27,451.68,8.6393,0.28295,-0.024866,-0.024366,1.1379,0.18421,-0.090353
2078.4,-150.29,451.71,8.6368,0.2831,-0.022625,-0.026431,1.1379,0.18421,-0.090353
2078.5,-150.3,451.73,8.6341,0.28325,-0.020351,-0.028443,1.1379,0.18421,-0.090353
2078.6,-150.32,451.75,8.6311,0.2834,-0.018049,-0.030402,1.1379,0.18421,-0.090353
2078.7,-150.34,451.77,8.628,0.28355,-0.015726,-0.032308,1.1379,0.18421,-0.090353
2078.8,-150.36,451.79,8.6246,0.28368,-0.013386,-0.034161,1.1379,0.18421,-0.090353
2078.9,-150.38,451.81,8.6211,0.28382,-0.011035,-0.035962,1.1379,0.18421,-0.090353
2079,-150.4,451.83,8.6175,0.28394,-0.0086789,-0.03771,1.1379,0.18421,-0.090353
2079.1,-150.42,451.86,8.6136,0.28406,-0.006322,-0.039408,1.1379,0.18421,-0.090353
2079.2,-150.44,451.88,8.6096,0.28417,-0.0039691,-0.041057,1.1379,0.18421,-0.090353
2079.3,-150.46,451.9,8.6054,0.28428,-0.0016245,-0.042657,1.1379,0.18421,-0.090353
2079.4,-150.48,451.92,8.601,0.28437,0.00070855,-0.044209,1.1379,0.18421,-0.090353
2079.5,-150.49,451.94,8.5966,0.28446,0.0030417,-0.045697,1.1379,0.18421,-0.090353
2079.6,-150.51,451.96,8.5919,0.28453,0.0053772,-0.047116,1.1379,0.18421,-0.090353
2079.7,-150.53,451.98,8.5871,0.2846,0.0077121,-0.048466,1.1379,0.18421,-0.090353
2079.8,-150.55,452,8.5822,0.28465,0.010044,-0.049747,1.1379,0.18421,-0.090353
2079.9,-150.57,452.02,8.5772,0.2847,0.012369,-0.050959,1.1379,0.18421,-0.090353
2080,-150.59,452.04,8.572,0.28473,0.014685,-0.052104,1.1379,0.18421,-0.090353
2080.1,-150.61,452.06,8.5668,0.28475,0.016991,-0.053183,1.1379,0.18421,-0.090353
2080.2,-150.63,452.08,8.5614,0.28476,0.019282,-0.054197,1.1379,0.18421,-0.090353
2080.3,-150.65,452.1,8.5559,0.28476,0.021558,-0.055148,1.1379,0.18421,-0.090353
2080.4,-150.67,452.12,8.5504,0.28474,0.023816,-0.056038,1.1379,0.18421,-0.090353
2080.5,-150.69,452.14,8.5447,0.28472,0.026054,-0.056868,1.1379,0.18421,-0.090353
2080.6,-150.71,452.16,8.539,0.28468,0.02827,-0.057641,1.1379,0.18421,-0.090353
2080.7,-150.73,452.18,8.5332,0.28463,0.030463,-0.058358,1.1379,0.18421,-0.090353
2080.8,-150.75,452.21,8.5273,0.28457,0.032631,-0.059022,1.1379,0.18421,-0.090353
2080.9,-150.77,452.23,8.5214,0.2845,0.034772,-0.059634,1.1379,0.18421,-0.090353
2081,-150.79,452.25,8.5154,0.28442,0.036886,-0.060198,1.1379,0.18421,-0.090353
2081.1,-150.81,452.27,8.5094,0.28432,0.038971,-0.060715,1.1379,0.18421,-0.090353
2081.2,-150.84,452.29,8.5033,0.28422,0.041026,-0.061187,1.1379,0.18421,-0.090353
2081.3,-150.86,452.31,8.4971,0.2841,0.043051,-0.061616,1.1379,0.18421,-0.090353
2081.4,-150.88,452.33,8.4909,0.28398,0.045044,-0.062005,1.1379,0.18421,-0.090353
2081.5,-150.9,452.35,8.4847,0.28384,0.047004,-0.062355,1.1379,0.18421,-0.090353
2081.6,-150.92,452.37,8.4785,0.2837,0.048932,-0.062668,1.1379,0.18421,-0.090353
2081.7,-150.94,452.39,8.4722,0.28355,0.050827,-0.062947,1.1379,0.18421,-0.090353
2081.8,-150.96,452.41,8.4659,0.28338,0.052688,-0.063193,1.1379,0.18421,-0.090353
2081.9,-150.98,452.43,8.4596,0.28321,0.054515,-0.063408,1.1379,0.18421,-0.090353
2082,-151,452.45,8.4532,0.28303,0.056308,-0.063594,1.1379,0.18421,-0.090353
2082.1,-151.02,452.47,8.4468,0.28285,0.058067,-0.063752,1.1379,0.18421,-0.090353
2082.2,-151.04,452.49,8.4405,0.28265,0.059791,-0.063883,1.1379,0.18421,-0.090353
2082.3,-151.06,452.51,8.4341,0.28245,0.06148,-0.063991,1.1379,0.18421,-0.090353
2082.4,-151.08,452.53,8.4277,0.28224,0.063135,-0.064075,1.1379,0.18421,-0.090353
2082.5,-151.1,452.55,8.4212,0.28203,0.064756,-0.064137,1.1379,0.18421,-0.090353
2082.6,-151.12,452.57,8.4148,0.28181,0.066343,-0.06418,1.1379,0.18421,-0.090353
2082.7,-151.14,452.59,8.4084,0.28158,0.067895,-0.064203,1.1379,0.18421,-0.090353
2082.8,-151.16,452.61,8.402,0.28135,0.069414,-0.064208,1.1379,0.18421,-0.090353
2082.9,-151.19,452.63,8.3956,0.28112,0.0709,-0.064196,1.1379,0.18421,-0.090353
2083,-151.21,452.65,8.3891,0.28088,0.072352,-0.064169,1.1379,0.18421,-0.090353
2083.1,-151.23,452.67,8.3827,0.28063,0.073771,-0.064127,1.1379,0.18421,-0.090353
2083.2,-151.25,452.69,8.3763,0.28038,0.075158,-0.064071,1.1379,0.18421,-0.090353
2083.3,-151.27,452.71,8.3699,0.28013,0.076512,-0.064003,0.46006,-1.1268e-16,5.5785e-17
2083.4,-151.29,452.73,8.3636,0.27837,0.077033,-0.061461,0.46006,-1.1268e-16,5.5785e-17
2083.5,-151.31,452.75,8.3576,0.27664,0.077455,-0.05908,0.46006,-1.1268e-16,5.5785e-17
2083.6,-151.33,452.77,8.3518,0.27496,0.077787,-0.056842,0.46006,-1.1268e-16,5.5785e-17
2083.7,-151.35,452.79,8.3462,0.27331,0.078036,-0.054734,0.46006,-1.1268e-16,5.5785e-17
2083.8,-151.37,452.81,8.3409,0.2717,0.07821,-0.052744,0.46006,-1.1268e-16,5.5785e-17
2083.9,-151.39,452.83,8.3357,0.27012,0.078315,-0.050861,0.46006,-1.1268e-16,5.5785e-17
2084,-151.41,452.85,8.3307,0.26857,0.078357,-0.049076,0.46006,-1.1268e-16,5.5785e-17
2084.1,-151.43,452.88,8.3259,0.26706,0.07834,-0.04738,0.46006,-1.1268e-16,5.5785e-17
2084.2,-151.44,452.9,8.3212,0.26559,0.07827,-0.045767,0.46006,-1.1268e-16,5.5785e-17
2084.3,-151.46,452.92,8.3167,0.26414,0.078151,-0.044229,0.46006,-1.1268e-16,5.5785e-17
2084.4,-151.48,452.94,8.3124,0.26272,0.077986,-0.042761,0.46006,-1.1268e-16,5.5785e-17
2084.5,-151.5,452.96,8.3082,0.26134,0.077778,-0.041359,0.46006,-1.1268e-16,5.5785e-17
2084.6,-151.52,452.98,8.3041,0.25998,0.077532,-0.040017,0.46006,-1.1268e-16,5.5785e-17
2084.7,-151.54,453,8.3002,0.25866,0.07725,-0.038731,0.46006,-1.1268e-16,5.5785e-17
2084.8,-151.56,453.02,8.2964,0.25736,0.076935,-0.037498,0.46006,-1.1268e-16,5.5785e-17
2084.9,-151.57,453.04,8.2927,0.25608,0.076589,-0.036314,0.46006,-1.1268e-16,5.5785e-17
2085,-151.59,453.06,8.2891,0.25484,0.076214,-0.035177,0.46006,-1.1268e-16,5.5785e-17
2085.1,-151.61,453.08,8.2856,0.25362,0.075813,-0.034083,0.46006,-1.1268e-16,5.5785e-17
2085.2,-151.63,453.1,8.2823,0.25243,0.075387,-0.03303,0.46006,-1.1268e-16,5.5785e-17
2085.3,-151.64,453.12,8.279,0.25126,0.074939,-0.032015,0.46006,-1.1268e-16,5.5785e-17
2085.4,-151.66,453.13,8.2759,0.25011,0.07447,-0.031037,0.46006,-1.1268e-16,5.5785e-17
2085.5,-151.68,453.15,8.2728,0.24899,0.073982,-0.030094,0.46006,-1.1268e-16,5.5785e-17
2085.6,-151.69,453.17,8.2698,0.24789,0.073475,-0.029184,0.46006,-1.1268e-16,5.5785e-17
2085.7,-151.71,453.19,8.267,0.24681,0.072952,-0.028305,0.46006,-1.1268e-16,5.5785e-17
2085.8,-151.73,453.21,8.2642,0.24575,0.072414,-0.027455,0.46006,-1.1268e-16,5.5785e-17
2085.9,-151.74,453.23,8.2615,0.24472,0.071862,-0.026634,0.46006,-1.1268e-16,5.5785e-17
2086,-151.76,453.25,8.2589,0.2437,0.071297,-0.02584,0.46006,-1.1268e-16,5.5785e-17
2086.1,-151.78,453.27,8.2563,0.24271,0.07072,-0.025071,0.46006,-1.1268e-16,5.5785e-17
2086.2,-151.79,453.29,8.2538,0.24173,0.070132,-0.024328,0.46006,-1.1268e-16,5.5785e-17
2086.3,-151.81,453.31,8.2514,0.24077,0.069535,-0.023607,0.46006,-1.1268e-16,5.5785e-17
2086.4,-151.82,453.33,8.2491,0.23984,0.068928,-0.022909,0.46006,-1.1268e-16,5.5785e-17
2086.5,-151.84,453.35,8.2469,0.23891,0.068313,-0.022233,0.46006,-1.1268e-16,5.5785e-17
2086.6,-151.85,453.37,8.2447,0.23801,0.067691,-0.021578,0.46006,-1.1268e-16,5.5785e-17
2086.7,-151.87,453.39,8.2425,0.23713,0.067062,-0.020942,0.46006,-1.1268e-16,5.5785e-17
2086.8,-151.88,453.41,8.2405,0.23626,0.066426,-0.020326,0.46006,-1.1268e-16,5.5785e-17
2086.9,-151.9,453.43,8.2385,0.2354,0.065786,-0.019728,0.46006,-1.1268e-16,5.5785e-17
2087,-151.91,453.45,8.2365,0.23457,0.065141,-0.019147,0.46006,-1.1268e-16,5.5785e-17
2087.1,-151.93,453.47,8.2346,0.23374,0.064492,-0.018584,0.46006,-1.1268e-16,5.5785e-17
2087.2,-151.94,453.49,8.2328,0.23294,0.063839,-0.018038,0.46006,-1.1268e-16,5.5785e-17
2087.3,-151.96,453.51,8.231,0.23214,0.063183,-0.017507,0.46006,-1.1268e-16,5.5785e-17
2087.4,-151.97,453.52,8.2293,0.23137,0.062525,-0.016991,0.46006,-1.1268e-16,5.5785e-17
2087.5,-151.99,453.54,8.2276,0.2306,0.061864,-0.016491,0.46006,-1.1268e-16,5.5785e-17
2087.6,-152,453.56,8.226,0.22985,0.061202,-0.016004,0.46006,-1.1268e-16,5.5785e-17
2087.7,-152.02,453.58,8.2244,0.22911,0.060538,-0.015532,0.46006,-1.1268e-16,5.5785e-17
2087.8,-152.03,453.6,8.2229,0.22839,0.059874,-0.015072,0.46006,-1.1268e-16,5.5785e-17
2087.9,-152.04,453.62,8.2214,0.22768,0.059209,-0.014626,0.46006,-1.1268e-16,5.5785e-17
2088,-152.06,453.64,8.22,0.22698,0.058545,-0.014192,0.46006,-1.1268e-16,5.5785e-17
2088.1,-152.07,453.66,8.2186,0.22629,0.05788,-0.013771,0.46006,-1.1268e-16,5.5785e-17
2088.2,-152.08,453.68,8.2172,0.22562,0.057216,-0.013361,0.46006,-1.1268e-16,5.5785e-17
2088.3,-152.1,453.7,8.2159,0.22495,0.056553,-0.012962,0.46006,-1.1268e-16,5.5785e-17
2088.4,-152.11,453.72,8.2146,0.2243,0.055891,-0.012575,0.46006,-1.1268e-16,5.5785e-17
2088.5,-152.12,453.73,8.2134,0.22366,0.05523,-0.012198,0.46006,-1.1268e-16,5.5785e-17
2088.6,-152.14,453.75,8.2122,0.22303,0.054571,-0.011832,0.46006,-1.1268e-16,5.5785e-17
2088.7,-152.15,453.77,8.211,0.22241,0.053914,-0.011476,0.46006,-1.1268e-16,5.5785e-17
2088.8,-152.16,453.79,8.2099,0.2218,0.05326,-0.011129,0.46006,-1.1268e-16,5.5785e-17
2088.9,-152.17,453.81,8.2088,0.2212,0.052607,-0.010792,0.46006,-1.1268e-16,5.5785e-17
2089,-152.19,453.83,8.2077,0.22061,0.051957,-0.010464,0.46006,-1.1268e-16,5.5785e-17
2089.1,-152.2,453.85,8.2067,0.22003,0.05131,-0.010145,0.46006,-1.1268e-16,5.5785e-17
2089.2,-152.21,453.87,8.2057,0.21946,0.050666,-0.009835,0.46006,-1.1268e-16,5.5785e-17
2089.3,-152.22,453.89,8.2047,0.21889,0.050026,-0.0095332,0.46006,-1.1268e-16,5.5785e-17
2089.4,-152.24,453.91,8.2038,0.21834,0.049388,-0.0092396,0.46006,-1.1268e-16,5.5785e-17
2089.5,-152.25,453.92,8.2029,0.21779,0.048754,-0.0089539,0.46006,-1.1268e-16,5.5785e-17
2089.6,-152.26,453.94,8.202,0.21726,0.048124,-0.008676,0.46006,-1.1268e-16,5.5785e-17
2089.7,-152.27,453.96,8.2012,0.21673,0.047497,-0.0084057,0.46006,-1.1268e-16,5.5785e-17
2089.8,-152.28,453.98,8.2003,0.21621,0.046874,-0.0081427,0.46006,-1.1268e-16,5.5785e-17
2089.9,-152.3,454,8.1995,0.2157,0.046255,-0.0078867,0.46006,-1.1268e-16,5.5785e-17
2090,-152.31,454.02,8.1988,0.2152,0.045641,-0.0076377,0.46006,-1.1268e-16,5.5785e-17
2090.1,-152.32,454.04,8.198,0.2147,0.045031,-0.0073955,0.46006,-1.1268e-16,5.5785e-17
2090.2,-152.33,454.06,8.1973,0.21421,0.044425,-0.0071598,0.46006,-1.1268e-16,5.5785e-17
2090.3,-152.34,454.07,8.1966,0.21373,0.043823,-0.0069305,0.46006,-1.1268e-16,5.5785e-17
2090.4,-152.35,454.09,8.1959,0.21326,0.043226,-0.0067073,0.46006,-1.1268e-16,5.5785e-17
2090.5,-152.36,454.11,8.1952,0.21279,0.042634,-0.0064902,0.46006,-1.1268e-16,5.5785e-17
2090.6,-152.38,454.13,8.1946,0.21233,0.042046,-0.006279,0.46006,-1.1268e-16,5.5785e-17
2090.7,-152.39,454.15,8.194,0.21188,0.041463,-0.0060735,0.46006,-1.1268e-16,5.5785e-17
2090.8,-152.4,454.17,8.1934,0.21143,0.040885,-0.0058736,0.46006,-1.1268e-16,5.5785e-17
2090.9,-152.41,454.19,8.1928,0.21099,0.040312,-0.0056791,0.46006,-1.1268e-16,5.5785e-17
2091,-152.42,454.2,8.1922,0.21056,0.039744,-0.0054898,0.46006,-1.1268e-16,5.5785e-17
2091.1,-152.43,454.22,8.1917,0.21013,0.039181,-0.0053057,0.46006,-1.1268e-16,5.5785e-17
2091.2,-152.44,454.24,8.1912,0.20971,0.038623,-0.0051266,0.46006,-1.1268e-16,5.5785e-17
2091.3,-152.45,454.26,8.1907,0.20929,0.03807,-0.0049524,0.46006,-1.1268e-16,5.5785e-17
2091.4,-152.46,454.28,8.1902,0.20888,0.037522,-0.0047829,0.46006,-1.1268e-16,5.5785e-17
2091.5,-152.47,454.3,8.1897,0.20848,0.036979,-0.004618,0.46006,-1.1268e-16,5.5785e-17
2091.6,-152.48,454.31,8.1893,0.20808,0.036442,-0.0044576,0.46006,-1.1268e-16,5.5785e-17
2091.7,-152.49,454.33,8.1888,0.20769,0.03591,-0.0043015,0.46006,-1.1268e-16,5.5785e-17
2091.8,-152.5,454.35,8.1884,0.2073,0.035383,-0.0041498,0.46006,-1.1268e-16,5.5785e-17
2091.9,-152.51,454.37,8.188,0.20692,0.034861,-0.0040022,0.46006,-1.1268e-16,5.5785e-17
2092,-152.52,454.39,8.1876,0.20654,0.034345,-0.0038586,0.46006,-1.1268e-16,5.5785e-17
2092.1,-152.53,454.41,8.1872,0.20617,0.033834,-0.003719,0.46006,-1.1268e-16,5.5785e-17
2092.2,-152.54,454.43,8.1869,0.20581,0.033328,-0.0035832,0.46006,-1.1268e-16,5.5785e-17
2092.3,-152.55,454.44,8.1865,0.20544,0.032828,-0.0034511,0.46006,-1.1268e-16,5.5785e-17
2092.4,-152.56,454.46,8.1862,0.20509,0.032333,-0.0033227,0.46006,-1.1268e-16,5.5785e-17
2092.5,-152.57,454.48,8.1858,0.20474,0.031844,-0.0031978,0.46006,-1.1268e-16,5.5785e-17
2092.6,-152.58,454.5,8.1855,0.20439,0.031359,-0.0030763,0.46006,-1.1268e-16,5.5785e-17
2092.7,-152.59,454.52,8.1852,0.20405,0.03088,-0.0029583,0.46006,-1.1268e-16,5.5785e-17
2092.8,-152.6,454.54,8.1849,0.20371,0.030407,-0.0028435,0.46006,-1.1268e-16,5.5785e-17
2092.9,-152.61,454.55,8.1847,0.20338,0.029939,-0.0027319,0.46006,-1.1268e-16,5.5785e-17
2093,-152.62,454.57,8.1844,0.20305,0.029476,-0.0026234,0.46006,-1.1268e-16,5.5785e-17
2093.1,-152.63,454.59,8.1841,0.20272,0.029018,-0.0025179,0.46006,-1.1268e-16,5.5785e-17
2093.2,-152.64,454.61,8.1839,0.2024,0.028566,-0.0024154,0.46006,-1.1268e-16,5.5785e-17
2093.3,-152.65,454.63,8.1837,0.20209,0.028119,-0.0023157,0.46006,-1.1268e-16,5.5785e-17
2093.4,-152.66,454.64,8.1834,0.20177,0.027678,-0.0022188,0.46006,-1.1268e-16,5.5785e-17
2093.5,-152.67,454.66,8.1832,0.20147,0.027241,-0.0021247,0.46006,-1.1268e-16,5.5785e-17
2093.6,-152.67,454.68,8.183,0.20116,0.02681,-0.0020332,0.46006,-1.1268e-16,5.5785e-17
2093.7,-152.68,454.7,8.1828,0.20086,0.026384,-0.0019444,0.46006,-1.1268e-16,5.5785e-17
2093.8,-152.69,454.72,8.1826,0.20056,0.025964,-0.001858,0.46006,-1.1268e-16,5.5785e-17
2093.9,-152.7,454.74,8.1824,0.20027,0.025548,-0.0017741,0.46006,-1.1268e-16,5.5785e-17
2094,-152.71,454.75,8.1823,0.19998,0.025138,-0.0016926,0.46006,-1.1268e-16,5.5785e-17
2094.1,-152.72,454.77,8.1821,0.1997,0.024733,-0.0016134,0.46006,-1.1268e-16,5.5785e-17
2094.2,-152.73,454.79,8.1819,0.19942,0.024333,-0.0015365,0.46006,-1.1268e-16,5.5785e-17
2094.3,-152.74,454.81,8.1818,0.19914,0.023938,-0.0014617,0.46006,-1.1268e-16,5.5785e-17
2094.4,-152.75,454.83,8.1816,0.19886,0.023548,-0.0013892,0.46006,-1.1268e-16,5.5785e-17
2094.5,-152.75,454.84,8.1815,0.19859,0.023163,-0.0013187,0.46006,-1.1268e-16,5.5785e-17
2094.6,-152.76,454.86,8.1814,0.19832,0.022783,-0.0012503,0.46006,-1.1268e-16,5.5785e-17
2094.7,-152.77,454.88,8.1813,0.19806,0.022408,-0.0011839,0.46006,-1.1268e-16,5.5785e-17
2094.8,-152.78,454.9,8.1811,0.1978,0.022038,-0.0011194,0.46006,-1.1268e-16,5.5785e-17
2094.9,-152.79,454.92,8.181,0.19754,0.021673,-0.0010568,0.46006,-1.1268e-16,5.5785e-17
2095,-152.8,454.93,8.1809,0.19728,0.021313,-0.00099607,0.46006,-1.1268e-16,5.5785e-17
2095.1,-152.8,454.95,8.1808,0.19703,0.020957,-0.00093712,0.46006,-1.1268e-16,5.5785e-17
2095.2,-152.81,454.97,8.1807,0.19678,0.020607,-0.0008799,0.46006,-1.1268e-16,5.5785e-17
2095.3,-152.82,454.99,8.1807,0.19654,0.020261,-0.0008244,0.46006,-1.1268e-16,5.5785e-17
2095.4,-152.83,455.01,8.1806,0.1963,0.01992,-0.00077054,0.46006,-1.1268e-16,5.5785e-17
2095.5,-152.84,455.02,8.1805,0.19606,0.019583,-0.00071831,10.462,0.66972,-0.3285
2095.6,-152.85,455.04,8.18,0.21821,0.022112,-0.0099046,10.462,0.66972,-0.3285
2095.7,-152.86,455.06,8.1785,0.24007,0.024839,-0.018976,10.462,0.66972,-0.3285
2095.8,-152.87,455.09,8.1762,0.26161,0.027807,-0.027903,10.462,0.66972,-0.3285
2095.9,-152.88,455.11,8.173,0.2828,0.031054,-0.036659,10.462,0.66972,-0.3285
2096,-152.89,455.14,8.1689,0.30364,0.034613,-0.045219,10.462,0.66972,-0.3285
2096.1,-152.9,455.17,8.1639,0.32409,0.038514,-0.053564,10.462,0.66972,-0.3285
2096.2,-152.92,455.2,8.1582,0.34416,0.042778,-0.061678,10.462,0.66972,-0.3285
2096.3,-152.93,455.23,8.1516,0.36381,0.047426,-0.069551,10.462,0.66972,-0.3285
2096.4,-152.95,455.26,8.1442,0.38303,0.052471,-0.077175,10.462,0.66972,-0.3285
2096.5,-152.96,455.3,8.1362,0.40181,0.057922,-0.084544,10.462,0.66972,-0.3285
2096.6,-152.98,455.34,8.1273,0.42014,0.063786,-0.091659,10.462,0.66972,-0.3285
2096.7,-153,455.38,8.1178,0.438,0.070064,-0.09852,10.462,0.66972,-0.3285
2096.8,-153.02,455.42,8.1077,0.45538,0.076754,-0.10513,10.462,0.66972,-0.3285
2096.9,-153.04,455.46,8.0968,0.47228,0.083854,-0.11149,10.462,0.66972,-0.3285
2097,-153.06,455.51,8.0854,0.48868,0.091355,-0.11762,10.462,0.66972,-0.3285
2097.1,-153.08,455.55,8.0733,0.50457,0.099249,-0.1235,10.462,0.66972,-0.3285
2097.2,-153.1,455.6,8.0607,0.51995,0.10752,-0.12916,10.462,0.66972,-0.3285
2097.3,-153.12,455.65,8.0475,0.53482,0.11617,-0.13459,10.462,0.66972,-0.3285
2097.4,-153.14,455.7,8.0338,0.54916,0.12517,-0.1398,10.462,0.66972,-0.3285
2097.5,-153.16,455.75,8.0195,0.56298,0.13452,-0.14479,10.462,0.66972,-0.3285
2097.6,-153.19,455.81,8.0048,0.57627,0.14418,-0.14956,10.462,0.66972,-0.3285
2097.7,-153.21,455.86,7.9896,0.58903,0.15416,-0.15412,10.462,0.66972,-0.3285
2097.8,-153.23,455.92,7.974,0.60126,0.16443,-0.15847,10.462,0.66972,-0.3285
2097.9,-153.26,455.98,7.9579,0.61296,0.17496,-0.16261,10.462,0.66972,-0.3285
2098,-153.28,456.04,7.9415,0.62413,0.18575,-0.16653,10.462,0.66972,-0.3285
2098.1,-153.3,456.1,7.9246,0.63478,0.19678,-0.17023,10.462,0.66972,-0.3285
2098.2,-153.33,456.16,7.9074,0.64492,0.20801,-0.17372,10.462,0.66972,-0.3285
2098.3,-153.35,456.23,7.8899,0.65453,0.21945,-0.17699,10.462,0.66972,-0.3285
2098.4,-153.38,456.29,7.872,0.66364,0.23105,-0.18004,10.462,0.66972,-0.3285
2098.5,-153.4,456.36,7.8539,0.67225,0.24281,-0.18287,10.462,0.66972,-0.3285
2098.6,-153.42,456.43,7.8355,0.68037,0.2547,-0.18546,10.462,0.66972,-0.3285
2098.7,-153.45,456.5,7.8168,0.68801,0.2667,-0.18783,10.462,0.66972,-0.3285
2098.8,-153.47,456.57,7.7979,0.69518,0.2788,-0.18997,10.462,0.66972,-0.3285
2098.9,-153.5,456.64,7.7788,0.70189,0.29098,-0.19188,10.462,0.66972,-0.3285
2099,-153.52,456.71,7.7596,0.70815,0.30322,-0.19355,10.462,0.66972,-0.3285
2099.1,-153.54,456.78,7.7401,0.71397,0.31549,-0.19499,10.462,0.66972,-0.3285
2099.2,-153.57,456.86,7.7206,0.71938,0.32779,-0.1962,10.462,0.66972,-0.3285
2099.3,-153.59,456.94,7.7009,0.72439,0.34009,-0.19717,10.462,0.66972,-0.3285
2099.4,-153.61,457.01,7.6811,0.729,0.35239,-0.19791,10.462,0.66972,-0.3285
2099.5,-153.63,457.09,7.6613,0.73324,0.36467,-0.19841,10.462,0.66972,-0.3285
2099.6,-153.66,457.17,7.6415,0.73713,0.37692,-0.19869,10.462,0.66972,-0.3285
2099.7,-153.68,457.25,7.6216,0.74068,0.38912,-0.19873,10.462,0.66972,-0.3285
2099.8,-153.7,457.33,7.6017,0.74391,0.40126,-0.19855,10.462,0.66972,-0.3285
2099.9,-153.72,457.42,7.5819,0.74683,0.41335,-0.19815,10.462,0.66972,-0.3285
2100,-153.74,457.5,7.5621,0.74947,0.42536,-0.19752,10.462,0.66972,-0.3285
2100.1,-153.76,457.58,7.5424,0.75185,0.4373,-0.19668,10.462,0.66972,-0.3285
2100.2,-153.77,457.67,7.5228,0.75398,0.44915,-0.19562,10.462,0.66972,-0.3285
2100.3,-153.79,457.76,7.5033,0.75588,0.46092,-0.19435,10.462,0.66972,-0.3285
2100.4,-153.81,457.84,7.4839,0.75757,0.4726,-0.19287,10.462,0.66972,-0.3285
2100.5,-153.82,457.93,7.4647,0.75907,0.4842,-0.19119,10.462,0.66972,-0.3285
2100.6,-153.84,458.02,7.4457,0.7604,0.49571,-0.1893,10.462,0.66972,-0.3285
2100.7,-153.86,458.11,7.4269,0.76157,0.50714,-0.18721,10.462,0.66972,-0.3285
2100.8,-153.87,458.2,7.4082,0.76261,0.51848,-0.18492,10.462,0.66972,-0.3285
2100.9,-153.88,458.29,7.3899,0.76353,0.52975,-0.18244,10.462,0.66972,-0.3285
2101,-153.9,458.38,7.3718,0.76436,0.54095,-0.17975,10.462,0.66972,-0.3285
2101.1,-153.91,458.48,7.3539,0.7651,0.55208,-0.17687,10.462,0.66972,-0.3285
2101.2,-153.92,458.57,7.3364,0.76579,0.56316,-0.17379,10.462,0.66972,-0.3285
2101.3,-153.93,458.67,7.3192,0.76642,0.5742,-0.1705,10.462,0.66972,-0.3285
2101.4,-153.94,458.76,7.3023,0.76704,0.5852,-0.16702,10.462,0.66972,-0.3285
2101.5,-153.95,458.86,7.2858,0.76764,0.59619,-0.16332,10.462,0.66972,-0.3285
2101.6,-153.96,458.96,7.2696,0.76825,0.60717,-0.15941,10.462,0.66972,-0.3285
2101.7,-153.97,459.05,7.2539,0.76889,0.61816,-0.15527,10.462,0.66972,-0.3285
2101.8,-153.97,459.15,7.2386,0.76958,0.62918,-0.15089,10.462,0.66972,-0.3285
2101.9,-153.98,459.25,7.2237,0.77034,0.64025,-0.14627,10.462,0.66972,-0.3285
2102,-153.99,459.35,7.2094,0.77118,0.65138,-0.14139,10.462,0.66972,-0.3285
2102.1,-153.99,459.45,7.1955,0.77212,0.66261,-0.13622,10.462,0.66972,-0.3285
2102.2,-154,459.56,7.1821,0.7732,0.67396,-0.13075,10.462,0.66972,-0.3285
2102.3,-154,459.66,7.1693,0.77443,0.68546,-0.12494,10.462,0.66972,-0.3285
2102.4,-154,459.76,7.1571,0.77584,0.69714,-0.11876,10.462,0.66972,-0.3285
2102.5,-154.01,459.87,7.1456,0.77745,0.70904,-0.11217,10.462,0.66972,-0.3285
2102.6,-154.01,459.97,7.1347,0.7793,0.7212,-0.10511,10.462,0.66972,-0.3285
2102.7,-154.01,460.08,7.1246,0.78143,0.73366,-0.097531,10.462,0.66972,-0.3285
2102.8,-154.02,460.19,7.1152,0.78387,0.74648,-0.089344,10.462,0.66972,-0.3285
2102.9,-154.02,460.3,7.1067,0.78667,0.75972,-0.080453,10.462,0.66972,-0.3285
2103,-154.02,460.41,7.0992,0.78989,0.77345,-0.070737,10.462,0.66972,-0.3285
2103.1,-154.02,460.52,7.0926,0.79359,0.78776,-0.060037,10.462,0.66972,-0.3285
2103.2,-154.03,460.63,7.0872,0.79786,0.80274,-0.048149,10.462,0.66972,-0.3285
2103.3,-154.03,460.74,7.083,0.8028,0.81853,-0.034803,10.462,0.66972,-0.3285
2103.4,-154.03,460.86,7.0803,0.80855,0.83528,-0.019634,10.462,0.66972,-0.3285
2103.5,-154.03,460.98,7.0792,0.81525,0.85318,-0.0021345,10.462,0.66972,-0.3285
2103.6,-154.04,461.09,7.0799,0.82313,0.86932,0.017073,10.462,0.66972,-0.3285
2103.7,-154.04,461.22,7.0826,0.8322,0.87875,0.035544,10.462,0.66972,-0.3285
2103.8,-154.05,461.34,7.087,0.84236,0.88146,0.052149,10.462,0.66972,-0.3285
2103.9,-154.05,461.46,7.0929,0.85337,0.87803,0.066111,10.462,0.66972,-0.3285
2104,-154.06,461.58,7.1001,0.86495,0.86938,0.077039,10.462,0.66972,-0.3285
2104.1,-154.06,461.7,7.1082,0.87679,0.85666,0.084879,10.462,0.66972,-0.3285
2104.2,-154.06,461.83,7.117,0.8886,0.84103,0.089829,6.1235,-1.4998e-15,7.7091e-16
2104.3,-154.07,461.95,7.1266,0.89087,0.81905,0.1008,6.1235,-1.4998e-15,7.7091e-16
2104.4,-154.07,462.07,7.137,0.89352,0.79313,0.10816,6.1235,-1.4998e-15,7.7091e-16
2104.5,-154.07,462.19,7.1481,0.89623,0.7647,0.11238,6.1235,-1.4998e-15,7.7091e-16
2104.6,-154.07,462.3,7.1594,0.89876,0.73499,0.11404,6.1235,-1.4998e-15,7.7091e-16
2104.7,-154.07,462.42,7.1708,0.90095,0.70494,0.11368,6.1235,-1.4998e-15,7.7091e-16
2104.8,-154.06,462.53,7.1821,0.90269,0.67525,0.11179,6.1235,-1.4998e-15,7.7091e-16
2104.9,-154.06,462.64,7.1931,0.90394,0.64642,0.10878,6.1235,-1.4998e-15,7.7091e-16
2105,-154.06,462.75,7.2038,0.90467,0.61878,0.10498,6.1235,-1.4998e-15,7.7091e-16
2105.1,-154.05,462.86,7.2141,0.9049,0.59254,0.10062,6.1235,-1.4998e-15,7.7091e-16
2105.2,-154.04,462.97,7.2239,0.90465,0.56782,0.0959,6.1235,-1.4998e-15,7.7091e-16
2105.3,-154.03,463.08,7.2333,0.90396,0.54465,0.090957,6.1235,-1.4998e-15,7.7091e-16
2105.4,-154.03,463.18,7.2421,0.90287,0.52307,0.08589,6.1235,-1.4998e-15,7.7091e-16
2105.5,-154.02,463.28,7.2505,0.90142,0.50303,0.080769,6.1235,-1.4998e-15,7.7091e-16
2105.6,-154.01,463.39,7.2583,0.89965,0.48451,0.075642,6.1235,-1.4998e-15,7.7091e-16
2105.7,-154,463.49,7.2656,0.89759,0.46745,0.070541,6.1235,-1.4998e-15,7.7091e-16
2105.8,-153.98,463.59,7.2724,0.89529,0.45179,0.065482,6.1235,-1.4998e-15,7.7091e-16
2105.9,-153.97,463.69,7.2787,0.89278,0.43749,0.060475,6.1235,-1.4998e-15,7.7091e-16
2106,-153.96,463.79,7.2845,0.89009,0.42448,0.05552,6.1235,-1.4998e-15,7.7091e-16
2106.1,-153.95,463.88,7.2898,0.88724,0.41272,0.050615,6.1235,-1.4998e-15,7.7091e-16
2106.2,-153.94,463.98,7.2946,0.88425,0.40216,0.045751,6.1235,-1.4998e-15,7.7091e-16
2106.3,-153.92,464.08,7.299,0.88115,0.39277,0.040917,6.1235,-1.4998e-15,7.7091e-16
2106.4,-153.91,464.17,7.3028,0.87796,0.38449,0.0361,6.1235,-1.4998e-15,7.7091e-16
2106.5,-153.9,464.27,7.3062,0.87469,0.37732,0.031287,6.1235,-1.4998e-15,7.7091e-16
2106.6,-153.88,464.36,7.3091,0.87134,0.37122,0.02646,6.1235,-1.4998e-15,7.7091e-16
2106.7,-153.87,464.45,7.3115,0.86794,0.36619,0.021604,6.1235,-1.4998e-15,7.7091e-16
2106.8,-153.86,464.55,7.3134,0.86448,0.36222,0.016702,6.1235,-1.4998e-15,7.7091e-16
2106.9,-153.84,464.64,7.3148,0.86098,0.3593,0.011737,6.1235,-1.4998e-15,7.7091e-16
2107,-153.83,464.73,7.3157,0.85744,0.35745,0.0066918,6.1235,-1.4998e-15,7.7091e-16
2107.1,-153.82,464.82,7.3161,0.85385,0.35669,0.0015519,6.1235,-1.4998e-15,7.7091e-16
2107.2,-153.8,464.91,7.316,0.85022,0.35681,-0.0037724,6.1235,-1.4998e-15,7.7091e-16
2107.3,-153.79,465,7.3154,0.84655,0.35723,-0.0094966,6.1235,-1.4998e-15,7.7091e-16
2107.4,-153.78,465.1,7.3141,0.84281,0.35792,-0.015613,6.1235,-1.4998e-15,7.7091e-16
2107.5,-153.77,465.19,7.3122,0.83899,0.3589,-0.022086,6.1235,-1.4998e-15,7.7091e-16
2107.6,-153.75,465.28,7.3097,0.8351,0.36019,-0.028865,6.1235,-1.4998e-15,7.7091e-16
2107.7,-153.74,465.37,7.3065,0.83112,0.36182,-0.035888,6.1235,-1.4998e-15,7.7091e-16
2107.8,-153.73,465.46,7.3025,0.82705,0.36378,-0.043077,6.1235,-1.4998e-15,7.7091e-16
2107.9,-153.72,465.55,7.2978,0.82288,0.36609,-0.050346,6.1235,-1.4998e-15,7.7091e-16
2108,-153.7,465.63,7.2924,0.81861,0.36874,-0.0576,6.1235,-1.4998e-15,7.7091e-16
2108.1,-153.69,465.72,7.2863,0.81424,0.37174,-0.064742,6.1235,-1.4998e-15,7.7091e-16
2108.2,-153.68,465.81,7.2795,0.80978,0.37507,-0.071674,6.1235,-1.4998e-15,7.7091e-16
2108.3,-153.67,465.9,7.272,0.80523,0.37872,-0.078304,6.1235,-1.4998e-15,7.7091e-16
2108.4,-153.65,465.99,7.2638,0.8006,0.38266,-0.084549,6.1235,-1.4998e-15,7.7091e-16
2108.5,-153.64,466.08,7.2551,0.7959,0.38687,-0.090336,6.1235,-1.4998e-15,7.7091e-16
2108.6,-153.63,466.16,7.2458,0.79114,0.39131,-0.095607,6.1235,-1.4998e-15,7.7091e-16
2108.7,-153.61,466.25,7.236,0.78633,0.39595,-0.10032,6.1235,-1.4998e-15,7.7091e-16
2108.8,-153.6,466.34,7.2258,0.7815,0.40076,-0.10444,6.1235,-1.4998e-15,7.7091e-16
2108.9,-153.59,466.42,7.2151,0.77665,0.40571,-0.10796,6.1235,-1.4998e-15,7.7091e-16
2109,-153.57,466.51,7.2042,0.7718,0.41075,-0.11088,6.1235,-1.4998e-15,7.7091e-16
2109.1,-153.56,466.6,7.193,0.76696,0.41586,-0.1132,6.1235,-1.4998e-15,7.7091e-16
2109.2,-153.54,466.68,7.1816,0.76217,0.421,-0.11494,6.1235,-1.4998e-15,7.7091e-16
2109.3,-153.53,466.77,7.17,0.75742,0.42614,-0.11613,6.1235,-1.4998e-15,7.7091e-16
2109.4,-153.52,466.85,7.1584,0.75273,0.43127,-0.1168,6.1235,-1.4998e-15,7.7091e-16
2109.5,-153.5,466.94,7.1467,0.74813,0.43635,-0.11698,6.1235,-1.4998e-15,7.7091e-16
2109.6,-153.48,467.02,7.135,0.74363,0.44138,-0.1167,6.1235,-1.4998e-15,7.7091e-16
2109.7,-153.47,467.11,7.1233,0.73923,0.44633,-0.11601,6.1235,-1.4998e-15,7.7091e-16
2109.8,-153.45,467.19,7.1118,0.73495,0.45119,-0.11492,6.1235,-1.4998e-15,7.7091e-16
2109.9,-153.44,467.28,7.1004,0.7308,0.45596,-0.11349,6.1235,-1.4998e-15,7.7091e-16
2110,-153.42,467.36,7.0891,0.72679,0.46063,-0.11173,6.1235,-1.4998e-15,7.7091e-16
2110.1,-153.4,467.45,7.078,0.72294,0.46518,-0.10968,6.1235,-1.4998e-15,7.7091e-16
2110.2,-153.38,467.53,7.0672,0.71925,0.46963,-0.10736,6.1235,-1.4998e-15,7.7091e-16
2110.3,-153.37,467.61,7.0566,0.71572,0.47397,-0.10479,6.1235,-1.4998e-15,7.7091e-16
2110.4,-153.35,467.7,7.0462,0.71237,0.4782,-0.102,6.1235,-1.4998e-15,7.7091e-16
2110.5,-153.33,467.78,7.0362,0.70919,0.48232,-0.099011,6.1235,-1.4998e-15,7.7091e-16
2110.6,-153.31,467.87,7.0264,0.70621,0.48634,-0.095826,6.1235,-1.4998e-15,7.7091e-16
2110.7,-153.29,467.95,7.017,0.70341,0.49025,-0.092464,6.1235,-1.4998e-15,7.7091e-16
2110.8,-153.27,468.03,7.0079,0.70081,0.49408,-0.088934,6.1235,-1.4998e-15,7.7091e-16
2110.9,-153.25,468.12,6.9992,0.69841,0.49781,-0.085243,6.1235,-1.4998e-15,7.7091e-16
2111,-153.23,468.2,6.9909,0.69621,0.50147,-0.081396,6.1235,-1.4998e-15,7.7091e-16
2111.1,-153.21,468.28,6.983,0.69421,0.50505,-0.077397,6.1235,-1.4998e-15,7.7091e-16
2111.2,-153.19,468.37,6.9754,0.69243,0.50856,-0.073244,6.1235,-1.4998e-15,7.7091e-16
2111.3,-153.17,468.45,6.9683,0.69086,0.51201,-0.068935,6.1235,-1.4998e-15,7.7091e-16
2111.4,-153.15,468.53,6.9616,0.68951,0.5154,-0.064465,6.1235,-1.4998e-15,7.7091e-16
2111.5,-153.13,468.62,6.9554,0.68838,0.51875,-0.059825,6.1235,-1.4998e-15,7.7091e-16
2111.6,-153.1,468.7,6.9497,0.68747,0.52207,-0.055002,6.1235,-1.4998e-15,7.7091e-16
2111.7,-153.08,468.78,6.9444,0.6868,0.52535,-0.049982,6.1235,-1.4998e-15,7.7091e-16
2111.8,-153.06,468.87,6.9397,0.68636,0.52862,-0.044744,6.1235,-1.4998e-15,7.7091e-16
2111.9,-153.04,468.95,6.9355,0.68616,0.53187,-0.039263,6.1235,-1.4998e-15,7.7091e-16
2112,-153.02,469.04,6.9318,0.68622,0.53512,-0.03351,6.1235,-1.4998e-15,7.7091e-16
2112.1,-152.99,469.12,6.9288,0.68654,0.53838,-0.027445,6.1235,-1.4998e-15,7.7091e-16
2112.2,-152.97,469.2,6.9264,0.68713,0.54166,-0.021021,6.1235,-1.4998e-15,7.7091e-16
2112.3,-152.95,469.29,6.9246,0.68801,0.54497,-0.014181,6.1235,-1.4998e-15,7.7091e-16
2112.4,-152.93,469.37,6.9235,0.6892,0.54832,-0.0068509,6.1235,-1.4998e-15,7.7091e-16
2112.5,-152.9,469.46,6.9233,0.69071,0.55171,0.001054,6.1235,-1.4998e-15,7.7091e-16
2112.6,-152.88,469.54,6.9238,0.69257,0.55383,0.0091059,6.1235,-1.4998e-15,7.7091e-16
2112.7,-152.86,469.63,6.9251,0.69476,0.55388,0.016837,6.1235,-1.4998e-15,7.7091e-16
2112.8,-152.84,469.72,6.9271,0.69724,0.5519,0.024054,6.1235,-1.4998e-15,7.7091e-16
2112.9,-152.81,469.8,6.9299,0.69998,0.54802,0.030603,6.1235,-1.4998e-15,7.7091e-16
2113,-152.79,469.89,6.9332,0.70293,0.5424,0.036378,6.1235,-1.4998e-15,7.7091e-16
2113.1,-152.77,469.97,6.9371,0.70602,0.53526,0.041317,6.1235,-1.4998e-15,7.7091e-16
2113.2,-152.74,470.06,6.9414,0.7092,0.52682,0.045404,6.1235,-1.4998e-15,7.7091e-16
2113.3,-152.72,470.14,6.9462,0.71243,0.51733,0.048653,6.1235,-1.4998e-15,7.7091e-16
2113.4,-152.7,470.23,6.9511,0.71565,0.507,0.051105,6.1235,-1.4998e-15,7.7091e-16
2113.5,-152.67,470.31,6.9563,0.71881,0.49606,0.05282,6.1235,-1.4998e-15,7.7091e-16
2113.6,-152.64,470.4,6.9617,0.72189,0.4847,0.053865,6.1235,-1.4998e-15,7.7091e-16
2113.7,-152.62,470.48,6.9671,0.72485,0.47312,0.054315,6.1235,-1.4998e-15,7.7091e-16
2113.8,-152.59,470.56,6.9725,0.72767,0.46144,0.054242,6.1235,-1.4998e-15,7.7091e-16
2113.9,-152.56,470.64,6.9779,0.73034,0.44982,0.053714,6.1235,-1.4998e-15,7.7091e-16
2114,-152.54,470.72,6.9833,0.73284,0.43835,0.052797,6.1235,-1.4998e-15,7.7091e-16
2114.1,-152.51,470.8,6.9885,0.73516,0.42713,0.051547,6.1235,-1.4998e-15,7.7091e-16
2114.2,-152.48,470.88,6.9936,0.73732,0.41623,0.050016,6.1235,-1.4998e-15,7.7091e-16
2114.3,-152.45,470.96,6.9985,0.73929,0.40571,0.048247,6.1235,-1.4998e-15,7.7091e-16
2114.4,-152.42,471.04,7.0032,0.74109,0.39562,0.046276,6.1235,-1.4998e-15,7.7091e-16
2114.5,-152.39,471.12,7.0077,0.74272,0.38598,0.044136,6.1235,-1.4998e-15,7.7091e-16
2114.6,-152.36,471.2,7.012,0.74419,0.37683,0.041851,6.1235,-1.4998e-15,7.7091e-16
2114.7,-152.33,471.28,7.0161,0.7455,0.36819,0.039443,6.1235,-1.4998e-15,7.7091e-16
2114.8,-152.3,471.35,7.0199,0.74666,0.36008,0.036927,6.1235,-1.4998e-15,7.7091e-16
2114.9,-152.27,471.43,7.0235,0.74768,0.3525,0.034316,6.1235,-1.4998e-15,7.7091e-16
2115,-152.24,471.51,7.0268,0.74855,0.34547,0.031619,6.1235,-1.4998e-15,7.7091e-16
2115.1,-152.21,471.58,7.0298,0.7493,0.339,0.028842,6.1235,-1.4998e-15,7.7091e-16
2115.2,-152.17,471.66,7.0325,0.74992,0.33308,0.025987,6.1235,-1.4998e-15,7.7091e-16
2115.3,-152.14,471.73,7.035,0.75042,0.32774,0.023058,6.1235,-1.4998e-15,7.7091e-16
2115.4,-152.11,471.81,7.0371,0.75081,0.32296,0.020052,6.1235,-1.4998e-15,7.7091e-16
2115.5,-152.08,471.88,7.039,0.7511,0.31877,0.016968,6.1235,-1.4998e-15,7.7091e-16
2115.6,-152.04,471.96,7.0405,0.75128,0.31518,0.013801,6.1235,-1.4998e-15,7.7091e-16
2115.7,-152.01,472.03,7.0418,0.75136,0.31218,0.010545,6.1235,-1.4998e-15,7.7091e-16
2115.8,-151.98,472.11,7.0426,0.75134,0.3098,0.0071955,6.1235,-1.4998e-15,7.7091e-16
2115.9,-151.94,472.18,7.0432,0.75123,0.30805,0.0037439,6.1235,-1.4998e-15,7.7091e-16
2116,-151.91,472.25,7.0434,0.75103,0.30695,0.00018228,6.1235,-1.4998e-15,7.7091e-16
2116.1,-151.88,472.33,7.0432,0.75074,0.30628,-0.0035802,6.1235,-1.4998e-15,7.7091e-16
2116.2,-151.84,472.4,7.0427,0.75035,0.30578,-0.007646,6.1235,-1.4998e-15,7.7091e-16
2116.3,-151.81,472.48,7.0417,0.74987,0.30545,-0.01201,6.1235,-1.4998e-15,7.7091e-16
2116.4,-151.78,472.55,7.0403,0.74927,0.30532,-0.016662,6.1235,-1.4998e-15,7.7091e-16
2116.5,-151.74,472.62,7.0383,0.74858,0.30541,-0.021583,6.1235,-1.4998e-15,7.7091e-16
2116.6,-151.71,472.7,7.0359,0.74777,0.30572,-0.026748,6.1235,-1.4998e-15,7.7091e-16
2116.7,-151.68,472.77,7.033,0.74684,0.30627,-0.032124,6.1235,-1.4998e-15,7.7091e-16
2116.8,-151.64,472.84,7.0295,0.7458,0.30707,-0.037672,0.13163,0.0079908,-0.0039195
2116.9,-151.61,472.92,7.0254,0.73136,0.30813,-0.043256,0.13163,0.0079908,-0.0039195
2117,-151.58,472.99,7.0209,0.71721,0.30934,-0.048503,0.13163,0.0079908,-0.0039195
2117.1,-151.54,473.06,7.0158,0.70336,0.31067,-0.053346,0.13163,0.0079908,-0.0039195
2117.2,-151.51,473.13,7.0102,0.68981,0.31211,-0.05773,0.13163,0.0079908,-0.0039195
2117.3,-151.48,473.2,7.0042,0.67655,0.3136,-0.061613,0.13163,0.0079908,-0.0039195
2117.4,-151.45,473.26,6.9979,0.66357,0.31514,-0.064967,0.13163,0.0079908,-0.0039195
2117.5,-151.42,473.33,6.9913,0.65089,0.31668,-0.067775,0.13163,0.0079908,-0.0039195
2117.6,-151.4,473.4,6.9844,0.6385,0.3182,-0.070033,0.13163,0.0079908,-0.0039195
2117.7,-151.37,473.46,6.9773,0.6264,0.31967,-0.071749,0.13163,0.0079908,-0.0039195
2117.8,-151.34,473.53,6.97,0.61459,0.32107,-0.072938,0.13163,0.0079908,-0.0039195
2117.9,-151.31,473.59,6.9627,0.60308,0.32239,-0.073623,0.13163,0.0079908,-0.0039195
2118,-151.29,473.65,6.9553,0.59187,0.32359,-0.073832,0.13163,0.0079908,-0.0039195
2118.1,-151.26,473.71,6.9479,0.58096,0.32468,-0.073597,0.13163,0.0079908,-0.0039195
2118.2,-151.24,473.77,6.9406,0.57035,0.32564,-0.072951,0.13163,0.0079908,-0.0039195
2118.3,-151.21,473.83,6.9334,0.56003,0.32646,-0.07193,0.13163,0.0079908,-0.0039195
2118.4,-151.19,473.89,6.9262,0.55002,0.32714,-0.070567,0.13163,0.0079908,-0.0039195
2118.5,-151.16,473.95,6.9193,0.5403,0.32767,-0.068896,0.13163,0.0079908,-0.0039195
2118.6,-151.14,474.01,6.9125,0.53088,0.32805,-0.066949,0.13163,0.0079908,-0.0039195
2118.7,-151.11,474.07,6.9059,0.52175,0.32828,-0.064755,0.13163,0.0079908,-0.0039195
2118.8,-151.09,474.13,6.8995,0.51291,0.32837,-0.062343,0.13163,0.0079908,-0.0039195
2118.9,-151.07,474.18,6.8934,0.50436,0.32832,-0.059737,0.13163,0.0079908,-0.0039195
2119,-151.05,474.24,6.8876,0.49609,0.32813,-0.056959,0.13163,0.0079908,-0.0039195
2119.1,-151.02,474.29,6.882,0.48811,0.32781,-0.054031,0.13163,0.0079908,-0.0039195
2119.2,-151,474.35,6.8768,0.48039,0.32736,-0.050969,0.13163,0.0079908,-0.0039195
2119.3,-150.98,474.4,6.8718,0.47295,0.32678,-0.047788,0.13163,0.0079908,-0.0039195
2119.4,-150.96,474.45,6.8672,0.46578,0.3261,-0.044503,0.13163,0.0079908,-0.0039195
2119.5,-150.94,474.51,6.8629,0.45887,0.3253,-0.041123,0.13163,0.0079908,-0.0039195
2119.6,-150.92,474.56,6.859,0.45221,0.32441,-0.037658,0.13163,0.0079908,-0.0039195
2119.7,-150.9,474.61,6.8554,0.4458,0.32342,-0.034114,0.13163,0.0079908,-0.0039195
2119.8,-150.88,474.66,6.8522,0.43964,0.32234,-0.030497,0.13163,0.0079908,-0.0039195
2119.9,-150.86,474.71,6.8493,0.43372,0.32117,-0.026809,0.13163,0.0079908,-0.0039195
2120,-150.84,474.76,6.8468,0.42803,0.31993,-0.023053,0.13163,0.0079908,-0.0039195
2120.1,-150.82,474.81,6.8447,0.42258,0.31862,-0.019228,0.13163,0.0079908,-0.0039195
2120.2,-150.8,474.86,6.843,0.41735,0.31725,-0.015332,0.13163,0.0079908,-0.0039195
2120.3,-150.78,474.91,6.8417,0.41234,0.31582,-0.011361,0.13163,0.0079908,-0.0039195
2120.4,-150.77,474.96,6.8407,0.40755,0.31434,-0.0073095,0.13163,0.0079908,-0.0039195
2120.5,-150.75,475.01,6.8402,0.40298,0.31281,-0.00317,0.13163,0.0079908,-0.0039195
2120.6,-150.73,475.05,6.8401,0.39861,0.31122,0.0010606,0.13163,0.0079908,-0.0039195
2120.7,-150.71,475.1,6.8404,0.39445,0.30914,0.0052211,0.13163,0.0079908,-0.0039195
2120.8,-150.7,475.15,6.8411,0.39048,0.30643,0.0092028,0.13163,0.0079908,-0.0039195
2120.9,-150.68,475.19,6.8422,0.3867,0.30313,0.012963,0.13163,0.0079908,-0.0039195
2121,-150.66,475.24,6.8437,0.38309,0.29928,0.016468,0.13163,0.0079908,-0.0039195
2121.1,-150.65,475.29,6.8455,0.37963,0.29493,0.019693,0.13163,0.0079908,-0.0039195
2121.2,-150.63,475.33,6.8476,0.37631,0.29013,0.022625,0.13163,0.0079908,-0.0039195
2121.3,-150.61,475.37,6.85,0.37313,0.28494,0.025255,0.13163,0.0079908,-0.0039195
2121.4,-150.6,475.42,6.8527,0.37005,0.27943,0.027586,0.13163,0.0079908,-0.0039195
2121.5,-150.58,475.46,6.8555,0.36708,0.27364,0.029623,0.13163,0.0079908,-0.0039195
2121.6,-150.57,475.5,6.8586,0.36419,0.26763,0.031377,0.13163,0.0079908,-0.0039195
2121.7,-150.55,475.55,6.8618,0.36138,0.26144,0.032864,0.13163,0.0079908,-0.0039195
2121.8,-150.53,475.59,6.8652,0.35865,0.25513,0.0341,0.13163,0.0079908,-0.0039195
2121.9,-150.52,475.63,6.8686,0.35596,0.24874,0.035105,0.13163,0.0079908,-0.0039195
2122,-150.5,475.67,6.8722,0.35333,0.2423,0.035897,0.13163,0.0079908,-0.0039195
2122.1,-150.49,475.71,6.8758,0.35075,0.23586,0.036496,0.13163,0.0079908,-0.0039195
2122.2,-150.47,475.75,6.8795,0.3482,0.22943,0.036923,0.13163,0.0079908,-0.0039195
2122.3,-150.45,475.78,6.8832,0.34569,0.22304,0.037194,0.13163,0.0079908,-0.0039195
2122.4,-150.44,475.82,6.8869,0.3432,0.21672,0.037327,0.13163,0.0079908,-0.0039195
2122.5,-150.42,475.86,6.8906,0.34074,0.21049,0.03734,0.13163,0.0079908,-0.0039195
2122.6,-150.41,475.9,6.8944,0.33831,0.20435,0.037246,0.13163,0.0079908,-0.0039195
2122.7,-150.39,475.93,6.8981,0.3359,0.19832,0.03706,0.13163,0.0079908,-0.0039195
2122.8,-150.37,475.97,6.9018,0.3335,0.19242,0.036794,0.13163,0.0079908,-0.0039195
2122.9,-150.36,476,6.9054,0.33113,0.18665,0.03646,0.13163,0.0079908,-0.0039195
2123,-150.34,476.04,6.9091,0.32877,0.18101,0.036068,0.13163,0.0079908,-0.0039195
2123.1,-150.33,476.07,6.9126,0.32643,0.17551,0.035627,0.13163,0.0079908,-0.0039195
2123.2,-150.31,476.1,6.9162,0.32411,0.17015,0.035144,0.13163,0.0079908,-0.0039195
2123.3,-150.29,476.14,6.9197,0.3218,0.16494,0.034628,0.13163,0.0079908,-0.0039195
2123.4,-150.28,476.17,6.9231,0.31951,0.15987,0.034085,0.13163,0.0079908,-0.0039195
2123.5,-150.26,476.2,6.9265,0.31723,0.15495,0.033519,0.13163,0.0079908,-0.0039195
2123.6,-150.25,476.23,6.9298,0.31497,0.15017,0.032937,0.13163,0.0079908,-0.0039195
2123.7,-150.23,476.26,6.9331,0.31273,0.14553,0.032342,0.13163,0.0079908,-0.0039195
2123.8,-150.21,476.29,6.9363,0.31051,0.14104,0.031737,0.13163,0.0079908,-0.0039195
2123.9,-150.2,476.32,6.9394,0.3083,0.13668,0.031127,0.13163,0.0079908,-0.0039195
2124,-150.18,476.35,6.9425,0.30611,0.13246,0.030513,0.13163,0.0079908,-0.0039195
2124.1,-150.17,476.38,6.9455,0.30394,0.12836,0.029899,0.13163,0.0079908,-0.0039195
2124.2,-150.15,476.41,6.9485,0.30178,0.1244,0.029286,0.13163,0.0079908,-0.0039195
2124.3,-150.13,476.44,6.9514,0.29965,0.12057,0.028676,0.13163,0.0079908,-0.0039195
2124.4,-150.12,476.46,6.9542,0.29753,0.11685,0.02807,0.13163,0.0079908,-0.0039195
2124.5,-150.1,476.49,6.957,0.29543,0.11326,0.02747,0.13163,0.0079908,-0.0039195
2124.6,-150.09,476.52,6.9597,0.29335,0.10978,0.026877,0.13163,0.0079908,-0.0039195
2124.7,-150.07,476.55,6.9624,0.29129,0.10641,0.026291,0.13163,0.0079908,-0.0039195
2124.8,-150.05,476.57,6.965,0.28925,0.10315,0.025714,0.13163,0.0079908,-0.0039195
2124.9,-150.04,476.6,6.9675,0.28723,0.1,0.025146,0.13163,0.0079908,-0.0039195
2125,-150.02,476.62,6.97,0.28523,0.096952,0.024587,0.13163,0.0079908,-0.0039195
2125.1,-150.01,476.65,6.9724,0.28325,0.094001,0.024038,0.13163,0.0079908,-0.0039195
2125.2,-149.99,476.67,6.9748,0.28129,0.091146,0.023498,0.13163,0.0079908,-0.0039195
2125.3,-149.97,476.7,6.9771,0.27935,0.088384,0.022969,0.13163,0.0079908,-0.0039195
2125.4,-149.96,476.72,6.9794,0.27743,0.085711,0.022451,0.13163,0.0079908,-0.0039195
2125.5,-149.94,476.75,6.9816,0.27553,0.083125,0.021942,0.13163,0.0079908,-0.0039195
2125.6,-149.93,476.77,6.9838,0.27366,0.080623,0.021444,0.13163,0.0079908,-0.0039195
2125.7,-149.91,476.8,6.9859,0.2718,0.078201,0.020956,0.13163,0.0079908,-0.0039195
2125.8,-149.9,476.82,6.988,0.26996,0.075858,0.020479,0.13163,0.0079908,-0.0039195
2125.9,-149.88,476.84,6.99,0.26814,0.07359,0.020011,0.13163,0.0079908,-0.0039195
2126,-149.86,476.87,6.992,0.26634,0.071395,0.019554,0.13163,0.0079908,-0.0039195
2126.1,-149.85,476.89,6.9939,0.26456,0.069271,0.019106,0.13163,0.0079908,-0.0039195
2126.2,-149.83,476.91,6.9958,0.2628,0.067215,0.018669,0.13163,0.0079908,-0.0039195
2126.3,-149.82,476.93,6.9977,0.26107,0.065225,0.018241,9.4237,-2.3081e-15,1.1153e-15
2126.4,-149.8,476.95,6.9995,0.28013,0.063249,0.017917,9.4237,-2.3081e-15,1.1153e-15
2126.5,-149.78,476.98,7.0012,0.29889,0.061302,0.017574,9.4237,-2.3081e-15,1.1153e-15
2126.6,-149.76,477,7.003,0.31734,0.059387,0.017216,9.4237,-2.3081e-15,1.1153e-15
2126.7,-149.74,477.03,7.0047,0.33546,0.057505,0.016846,9.4237,-2.3081e-15,1.1153e-15
2126.8,-149.72,477.06,7.0063,0.35326,0.055656,0.016468,9.4237,-2.3081e-15,1.1153e-15
2126.9,-149.7,477.08,7.008,0.37072,0.053842,0.016085,9.4237,-2.3081e-15,1.1153e-15
2127,-149.67,477.11,7.0096,0.38784,0.052064,0.015698,9.4237,-2.3081e-15,1.1153e-15
2127.1,-149.65,477.14,7.0111,0.4046,0.050321,0.015312,9.4237,-2.3081e-15,1.1153e-15
2127.2,-149.62,477.17,7.0126,0.42102,0.048614,0.014926,9.4237,-2.3081e-15,1.1153e-15
2127.3,-149.59,477.21,7.0141,0.43708,0.046944,0.014543,9.4237,-2.3081e-15,1.1153e-15
2127.4,-149.56,477.24,7.0155,0.45278,0.04531,0.014166,9.4237,-2.3081e-15,1.1153e-15
2127.5,-149.53,477.27,7.0169,0.46813,0.043713,0.013794,9.4237,-2.3081e-15,1.1153e-15
2127.6,-149.5,477.31,7.0183,0.48311,0.042153,0.01343,9.4237,-2.3081e-15,1.1153e-15
2127.7,-149.46,477.35,7.0196,0.49774,0.040628,0.013074,9.4237,-2.3081e-15,1.1153e-15
2127.8,-149.43,477.38,7.0209,0.51201,0.03914,0.012729,9.4237,-2.3081e-15,1.1153e-15
2127.9,-149.39,477.42,7.0222,0.52593,0.037687,0.012395,9.4237,-2.3081e-15,1.1153e-15
2128,-149.36,477.46,7.0234,0.53949,0.036268,0.012073,9.4237,-2.3081e-15,1.1153e-15
2128.1,-149.32,477.5,7.0246,0.55271,0.034883,0.011764,9.4237,-2.3081e-15,1.1153e-15
2128.2,-149.28,477.54,7.0257,0.56557,0.033532,0.01147,9.4237,-2.3081e-15,1.1153e-15
2128.3,-149.24,477.58,7.0269,0.5781,0.032213,0.011191,9.4237,-2.3081e-15,1.1153e-15
2128.4,-149.2,477.62,7.028,0.59028,0.030924,0.010929,9.4237,-2.3081e-15,1.1153e-15
2128.5,-149.16,477.66,7.0291,0.60214,0.029666,0.010685,9.4237,-2.3081e-15,1.1153e-15
2128.6,-149.11,477.71,7.0301,0.61366,0.028436,0.010459,9.4237,-2.3081e-15,1.1153e-15
2128.7,-149.07,477.75,7.0312,0.62486,0.027233,0.010255,9.4237,-2.3081e-15,1.1153e-15
2128.8,-149.03,477.8,7.0322,0.63575,0.026055,0.010073,9.4237,-2.3081e-15,1.1153e-15
2128.9,-148.98,477.84,7.0332,0.64632,0.024901,0.009915,9.4237,-2.3081e-15,1.1153e-15
2129,-148.94,477.89,7.0342,0.65659,0.023768,0.0097829,9.4237,-2.3081e-15,1.1153e-15
2129.1,-148.89,477.94,7.0351,0.66655,0.022654,0.009679,9.4237,-2.3081e-15,1.1153e-15
2129.2,-148.84,477.98,7.0361,0.67622,0.021558,0.0096059,9.4237,-2.3081e-15,1.1153e-15
2129.3,-148.79,478.03,7.0371,0.68561,0.020475,0.0095662,9.4237,-2.3081e-15,1.1153e-15
2129.4,-148.74,478.08,7.038,0.69471,0.019404,0.0095633,9.4237,-2.3081e-15,1.1153e-15
2129.5,-148.69,478.13,7.039,0.70354,0.018341,0.0096007,9.4237,-2.3081e-15,1.1153e-15
2129.6,-148.64,478.18,7.0399,0.7121,0.017282,0.0096826,9.4237,-2.3081e-15,1.1153e-15
2129.7,-148.59,478.23,7.0409,0.7204,0.016224,0.0098137,9.4237,-2.3081e-15,1.1153e-15
2129.8,-148.54,478.28,7.0419,0.72844,0.015161,0.0099994,9.4237,-2.3081e-15,1.1153e-15
2129.9,-148.49,478.33,7.0429,0.73623,0.01409,0.010246,9.4237,-2.3081e-15,1.1153e-15
2130,-148.44,478.38,7.0439,0.74378,0.013005,0.01056,9.4237,-2.3081e-15,1.1153e-15
2130.1,-148.38,478.44,7.045,0.75109,0.011899,0.010949,9.4237,-2.3081e-15,1.1153e-15
2130.2,-148.33,478.49,7.0461,0.75818,0.010766,0.011423,9.4237,-2.3081e-15,1.1153e-15
2130.3,-148.28,478.54,7.0473,0.76503,0.0095983,0.011991,9.4237,-2.3081e-15,1.1153e-15
2130.4,-148.22,478.6,7.0485,0.77167,0.0083873,0.012666,9.4237,-2.3081e-15,1.1153e-15
2130.5,-148.17,478.65,7.0498,0.7781,0.0071235,0.01346,9.4237,-2.3081e-15,1.1153e-15
2130.6,-148.11,478.71,7.0512,0.78432,0.0057965,0.014387,9.4237,-2.3081e-15,1.1153e-15
2130.7,-148.05,478.76,7.0527,0.79033,0.0043944,0.015464,9.4237,-2.3081e-15,1.1153e-15
2130.8,-148,478.82,7.0543,0.79616,0.002904,0.01671,9.4237,-2.3081e-15,1.1153e-15
2130.9,-147.94,478.87,7.0561,0.80179,0.0013107,0.018144,9.4237,-2.3081e-15,1.1153e-15
2131,-147.88,478.93,7.058,0.80723,-0.00040182,0.019789,9.4237,-2.3081e-15,1.1153e-15
2131.1,-147.82,478.98,7.06,0.8125,-0.0022568,0.021664,9.4237,-2.3081e-15,1.1153e-15
2131.2,-147.77,479.04,7.0623,0.81759,-0.0042777,0.02379,9.4237,-2.3081e-15,1.1153e-15
2131.3,-147.71,479.1,7.0648,0.82251,-0.0064879,0.026192,9.4237,-2.3081e-15,1.1153e-15
2131.4,-147.65,479.16,7.0676,0.82726,-0.0089132,0.028893,9.4237,-2.3081e-15,1.1153e-15
2131.5,-147.59,479.21,7.0706,0.83185,-0.011582,0.03192,9.4237,-2.3081e-15,1.1153e-15
2131.6,-147.53,479.27,7.074,0.83627,-0.014523,0.035297,9.4237,-2.3081e-15,1.1153e-15
2131.7,-147.47,479.33,7.0777,0.84054,-0.017771,0.039046,9.4237,-2.3081e-15,1.1153e-15
2131.8,-147.41,479.39,7.0818,0.84465,-0.021358,0.04319,9.4237,-2.3081e-15,1.1153e-15
2131.9,-147.35,479.45,7.0863,0.8486,-0.02532,0.047744,9.4237,-2.3081e-15,1.1153e-15
2132,-147.29,479.51,7.0913,0.8524,-0.029695,0.052719,9.4237,-2.3081e-15,1.1153e-15
2132.1,-147.23,479.57,7.0969,0.85604,-0.034519,0.058122,9.4237,-2.3081e-15,1.1153e-15
2132.2,-147.16,479.63,7.103,0.85952,-0.039829,0.063949,9.4237,-2.3081e-15,1.1153e-15
2132.3,-147.1,479.69,7.1097,0.86284,-0.04566,0.070186,9.4237,-2.3081e-15,1.1153e-15
2132.4,-147.04,479.75,7.117,0.866,-0.052044,0.076812,9.4237,-2.3081e-15,1.1153e-15
2132.5,-146.98,479.81,7.1251,0.86898,-0.059011,0.08379,9.4237,-2.3081e-15,1.1153e-15
2132.6,-146.92,479.87,7.1338,0.87179,-0.066583,0.091074,9.4237,-2.3081e-15,1.1153e-15
2132.7,-146.85,479.93,7.1433,0.8744,-0.074779,0.098608,9.4237,-2.3081e-15,1.1153e-15
2132.8,-146.79,479.99,7.1535,0.87682,-0.083607,0.10632,9.4237,-2.3081e-15,1.1153e-15
2132.9,-146.73,480.06,7.1645,0.87903,-0.09307,0.11414,9.4237,-2.3081e-15,1.1153e-15
2133,-146.66,480.12,7.1764,0.88103,-0.10316,0.12199,9.4237,-2.3081e-15,1.1153e-15
2133.1,-146.6,480.18,7.1889,0.88279,-0.11385,0.12978,9.4237,-2.3081e-15,1.1153e-15
2133.2,-146.54,480.24,7.2023,0.88431,-0.12513,0.13742,9.4237,-2.3081e-15,1.1153e-15
2133.3,-146.47,480.31,7.2164,0.88558,-0.13696,0.14484,9.4237,-2.3081e-15,1.1153e-15
2133.4,-146.41,480.37,7.2313,0.88659,-0.14928,0.15196,9.4237,-2.3081e-15,1.1153e-15
2133.5,-146.35,480.43,7.2468,0.88733,-0.16206,0.15871,9.4237,-2.3081e-15,1.1153e-15
2133.6,-146.28,480.5,7.263,0.88779,-0.17523,0.16504,9.4237,-2.3081e-15,1.1153e-15
2133.7,-146.22,480.56,7.2798,0.88797,-0.18874,0.17089,9.4237,-2.3081e-15,1.1153e-15
2133.8,-146.15,480.62,7.2972,0.88787,-0.20252,0.17624,9.4237,-2.3081e-15,1.1153e-15
2133.9,-146.09,480.69,7.315,0.88748,-0.21651,0.18105,9.4237,-2.3081e-15,1.1153e-15
2134,-146.03,480.75,7.3333,0.88682,-0.23064,0.18531,9.4237,-2.3081e-15,1.1153e-15
2134.1,-145.96,480.82,7.3521,0.88588,-0.24486,0.18903,9.4237,-2.3081e-15,1.1153e-15
2134.2,-145.9,480.89,7.3711,0.88468,-0.2591,0.19219,9.4237,-2.3081e-15,1.1153e-15
2134.3,-145.83,480.95,7.3905,0.88323,-0.27332,0.1948,9.4237,-2.3081e-15,1.1153e-15
2134.4,-145.77,481.02,7.4101,0.88154,-0.28747,0.19689,9.4237,-2.3081e-15,1.1153e-15
2134.5,-145.71,481.09,7.4298,0.87963,-0.3015,0.19847,9.4237,-2.3081e-15,1.1153e-15
2134.6,-145.64,481.16,7.4498,0.87751,-0.31537,0.19956,9.4237,-2.3081e-15,1.1153e-15
2134.7,-145.58,481.22,7.4697,0.8752,-0.32904,0.20019,9.4237,-2.3081e-15,1.1153e-15
2134.8,-145.52,481.29,7.4898,0.87272,-0.3425,0.20038,9.4237,-2.3081e-15,1.1153e-15
2134.9,-145.45,481.36,7.5098,0.8701,-0.35571,0.20016,9.4237,-2.3081e-15,1.1153e-15
2135,-145.39,481.43,7.5298,0.86734,-0.36865,0.19954,9.4237,-2.3081e-15,1.1153e-15
2135.1,-145.33,481.5,7.5497,0.86448,-0.38132,0.19857,9.4237,-2.3081e-15,1.1153e-15
2135.2,-145.27,481.57,7.5695,0.86153,-0.39369,0.19726,9.4237,-2.3081e-15,1.1153e-15
2135.3,-145.2,481.65,7.5891,0.85851,-0.40577,0.19563,9.4237,-2.3081e-15,1.1153e-15
2135.4,-145.14,481.72,7.6086,0.85545,-0.41755,0.19371,9.4237,-2.3081e-15,1.1153e-15
2135.5,-145.08,481.79,7.6279,0.85236,-0.42902,0.19152,9.4237,-2.3081e-15,1.1153e-15
2135.6,-145.02,481.87,7.6469,0.84926,-0.44019,0.18908,9.4237,-2.3081e-15,1.1153e-15
2135.7,-144.96,481.94,7.6657,0.84618,-0.45107,0.1864,9.4237,-2.3081e-15,1.1153e-15
2135.8,-144.9,482.02,7.6842,0.84312,-0.46165,0.1835,9.4237,-2.3081e-15,1.1153e-15
2135.9,-144.84,482.09,7.7024,0.8401,-0.47195,0.1804,9.4237,-2.3081e-15,1.1153e-15
2136,-144.78,482.17,7.7203,0.83715,-0.48198,0.17711,9.4237,-2.3081e-15,1.1153e-15
2136.1,-144.72,482.24,7.7378,0.83427,-0.49174,0.17365,9.4237,-2.3081e-15,1.1153e-15
2136.2,-144.67,482.32,7.755,0.83148,-0.50125,0.17001,9.4237,-2.3081e-15,1.1153e-15
2136.3,-144.61,482.4,7.7718,0.82879,-0.51053,0.16622,9.4237,-2.3081e-15,1.1153e-15
2136.4,-144.55,482.48,7.7882,0.82622,-0.51958,0.16228,9.4237,-2.3081e-15,1.1153e-15
2136.5,-144.49,482.56,7.8042,0.82378,-0.52842,0.15819,9.4237,-2.3081e-15,1.1153e-15
2136.6,-144.44,482.64,7.8199,0.82147,-0.53706,0.15396,9.4237,-2.3081e-15,1.1153e-15
2136.7,-144.38,482.72,7.835,0.81932,-0.54552,0.14958,9.4237,-2.3081e-15,1.1153e-15
2136.8,-144.32,482.8,7.8498,0.81732,-0.55382,0.14507,9.4237,-2.3081e-15,1.1153e-15
2136.9,-144.27,482.88,7.864,0.8155,-0.56197,0.14042,9.4237,-2.3081e-15,1.1153e-15
2137,-144.21,482.96,7.8778,0.81385,-0.56999,0.13563,9.4237,-2.3081e-15,1.1153e-15
2137.1,-144.16,483.05,7.8912,0.81239,-0.5779,0.13069,9.4237,-2.3081e-15,1.1153e-15
2137.2,-144.1,483.13,7.904,0.81113,-0.5857,0.12559,9.4237,-2.3081e-15,1.1153e-15
2137.3,-144.05,483.21,7.9163,0.81008,-0.59343,0.12032,9.4237,-2.3081e-15,1.1153e-15
2137.4,-144,483.3,7.928,0.80925,-0.6011,0.11488,9.4237,-2.3081e-15,1.1153e-15
2137.5,-143.94,483.39,7.9392,0.80864,-0.60873,0.10925,9.4237,-2.3081e-15,1.1153e-15
2137.6,-143.89,483.47,7.9499,0.80828,-0.61633,0.1034,9.4237,-2.3081e-15,1.1153e-15
2137.7,-143.83,483.56,7.9599,0.80817,-0.62393,0.097316,9.4237,-2.3081e-15,1.1153e-15
2137.8,-143.78,483.65,7.9693,0.80832,-0.63154,0.090967,9.4237,-2.3081e-15,1.1153e-15
2137.9,-143.73,483.73,7.9781,0.80875,-0.6392,0.084318,9.4237,-2.3081e-15,1.1153e-15
2138,-143.67,483.82,7.9862,0.80949,-0.64692,0.077326,9.4237,-2.3081e-15,1.1153e-15
2138.1,-143.62,483.91,7.9935,0.81054,-0.65473,0.069941,9.4237,-2.3081e-15,1.1153e-15
2138.2,-143.57,484,8.0002,0.81193,-0.66265,0.062097,5.6425,-0.32631,0.16006
2138.3,-143.51,484.09,8.0062,0.80519,-0.67207,0.057949,5.6425,-0.32631,0.16006
2138.4,-143.46,484.18,8.0117,0.7989,-0.68165,0.05263,5.6425,-0.32631,0.16006
2138.5,-143.4,484.27,8.0167,0.79311,-0.69141,0.046097,5.6425,-0.32631,0.16006
2138.6,-143.35,484.36,8.0209,0.78789,-0.7014,0.038283,5.6425,-0.32631,0.16006
2138.7,-143.29,484.45,8.0243,0.78333,-0.71169,0.029082,5.6425,-0.32631,0.16006
2138.8,-143.23,484.54,8.0266,0.7795,-0.72234,0.018341,5.6425,-0.32631,0.16006
2138.9,-143.18,484.63,8.0279,0.7765,-0.73345,0.0058318,5.6425,-0.32631,0.16006
2139,-143.12,484.72,8.0278,0.77446,-0.74428,-0.0084321,5.6425,-0.32631,0.16006
2139.1,-143.06,484.8,8.0262,0.77344,-0.75094,-0.022864,5.6425,-0.32631,0.16006
2139.2,-142.99,484.89,8.0232,0.77339,-0.75288,-0.036569,5.6425,-0.32631,0.16006
2139.3,-142.93,484.98,8.0189,0.77421,-0.75026,-0.048923,5.6425,-0.32631,0.16006
2139.4,-142.87,485.07,8.0135,0.77575,-0.7435,-0.059499,5.6425,-0.32631,0.16006
2139.5,-142.81,485.16,8.0071,0.77783,-0.73323,-0.068072,5.6425,-0.32631,0.16006
2139.6,-142.75,485.25,7.9999,0.78026,-0.72012,-0.074602,5.6425,-0.32631,0.16006
2139.7,-142.69,485.33,7.9922,0.78289,-0.70489,-0.079184,5.6425,-0.32631,0.16006
2139.8,-142.63,485.42,7.9842,0.78555,-0.68821,-0.082003,5.6425,-0.32631,0.16006
2139.9,-142.58,485.51,7.9759,0.78813,-0.67067,-0.083286,5.6425,-0.32631,0.16006
2140,-142.52,485.59,7.9675,0.79053,-0.65278,-0.083272,5.6425,-0.32631,0.16006
2140.1,-142.46,485.68,7.9593,0.79269,-0.63494,-0.08219,5.6425,-0.32631,0.16006
2140.2,-142.41,485.77,7.9511,0.79457,-0.61747,-0.080246,5.6425,-0.32631,0.16006
2140.3,-142.36,485.85,7.9432,0.79614,-0.60062,-0.077618,5.6425,-0.32631,0.16006
2140.4,-142.3,485.93,7.9356,0.79738,-0.58457,-0.074456,5.6425,-0.32631,0.16006
2140.5,-142.25,486.02,7.9284,0.79831,-0.56946,-0.070885,5.6425,-0.32631,0.16006
2140.6,-142.2,486.1,7.9215,0.79893,-0.55537,-0.067002,5.6425,-0.32631,0.16006
2140.7,-142.15,486.19,7.915,0.79924,-0.54236,-0.062889,5.6425,-0.32631,0.16006
2140.8,-142.1,486.27,7.9089,0.79928,-0.53048,-0.058608,5.6425,-0.32631,0.16006
2140.9,-142.06,486.35,7.9032,0.79904,-0.51973,-0.054209,5.6425,-0.32631,0.16006
2141,-142.01,486.43,7.898,0.79856,-0.51013,-0.049731,5.6425,-0.32631,0.16006
2141.1,-141.96,486.52,7.8933,0.79785,-0.50168,-0.045204,5.6425,-0.32631,0.16006
2141.2,-141.91,486.6,7.889,0.79693,-0.49438,-0.040655,5.6425,-0.32631,0.16006
2141.3,-141.87,486.68,7.8852,0.79581,-0.4882,-0.036104,5.6425,-0.32631,0.16006
2141.4,-141.82,486.76,7.8818,0.79452,-0.48315,-0.03157,5.6425,-0.32631,0.16006
2141.5,-141.77,486.84,7.8789,0.79306,-0.47921,-0.027069,5.6425,-0.32631,0.16006
2141.6,-141.73,486.92,7.8764,0.79145,-0.47637,-0.022618,5.6425,-0.32631,0.16006
2141.7,-141.68,487,7.8743,0.7897,-0.47461,-0.018236,5.6425,-0.32631,0.16006
2141.8,-141.64,487.08,7.8727,0.78782,-0.47392,-0.013942,5.6425,-0.32631,0.16006
2141.9,-141.59,487.16,7.8715,0.78583,-0.47429,-0.0097593,5.6425,-0.32631,0.16006
2142,-141.55,487.24,7.8708,0.78373,-0.4757,-0.0057141,5.6425,-0.32631,0.16006
2142.1,-141.5,487.32,7.8704,0.78153,-0.47812,-0.0018374,5.6425,-0.32631,0.16006
2142.2,-141.45,487.4,7.8704,0.77924,-0.48145,0.0018725,5.6425,-0.32631,0.16006
2142.3,-141.41,487.47,7.8708,0.77688,-0.48502,0.0055998,5.6425,-0.32631,0.16006
2142.4,-141.36,487.55,7.8715,0.77442,-0.48875,0.0093466,5.6425,-0.32631,0.16006
2142.5,-141.31,487.63,7.8726,0.77189,-0.49262,0.013076,5.6425,-0.32631,0.16006
2142.6,-141.26,487.71,7.8741,0.76927,-0.49666,0.016749,5.6425,-0.32631,0.16006
2142.7,-141.21,487.79,7.876,0.76657,-0.50084,0.020322,5.6425,-0.32631,0.16006
2142.8,-141.17,487.86,7.8782,0.7638,-0.50517,0.023754,5.6425,-0.32631,0.16006
2142.9,-141.12,487.94,7.8807,0.76096,-0.50964,0.027,5.6425,-0.32631,0.16006
2143,-141.07,488.02,7.8836,0.75806,-0.51426,0.030018,5.6425,-0.32631,0.16006
2143.1,-141.02,488.1,7.8867,0.75511,-0.51901,0.032766,5.6425,-0.32631,0.16006
2143.2,-140.97,488.17,7.8901,0.75213,-0.52388,0.035205,5.6425,-0.32631,0.16006
2143.3,-140.92,488.25,7.8937,0.74912,-0.52888,0.037299,5.6425,-0.32631,0.16006
2143.4,-140.87,488.33,7.8976,0.74611,-0.53399,0.039015,5.6425,-0.32631,0.16006
2143.5,-140.82,488.4,7.9015,0.7431,-0.53921,0.040325,5.6425,-0.32631,0.16006
2143.6,-140.77,488.48,7.9056,0.74011,-0.54454,0.041201,5.6425,-0.32631,0.16006
2143.7,-140.72,488.56,7.9098,0.73717,-0.54996,0.041621,5.6425,-0.32631,0.16006
2143.8,-140.67,488.63,7.9139,0.7343,-0.55548,0.041564,5.6425,-0.32631,0.16006
2143.9,-140.62,488.71,7.9181,0.7315,-0.56109,0.041013,5.6425,-0.32631,0.16006
2144,-140.56,488.79,7.9221,0.72882,-0.56679,0.039949,5.6425,-0.32631,0.16006
2144.1,-140.51,488.86,7.926,0.72626,-0.57258,0.038355,5.6425,-0.32631,0.16006
2144.2,-140.46,488.94,7.9298,0.72385,-0.57848,0.036212,5.6425,-0.32631,0.16006
2144.3,-140.41,489.02,7.9333,0.72162,-0.58447,0.033498,5.6425,-0.32631,0.16006
2144.4,-140.36,489.09,7.9364,0.71959,-0.59057,0.030186,5.6425,-0.32631,0.16006
2144.5,-140.3,489.17,7.9393,0.71779,-0.59679,0.026242,5.6425,-0.32631,0.16006
2144.6,-140.25,489.25,7.9417,0.71625,-0.60316,0.021625,5.6425,-0.32631,0.16006
2144.7,-140.19,489.32,7.9436,0.71502,-0.60967,0.016279,5.6425,-0.32631,0.16006
2144.8,-140.14,489.4,7.9449,0.71411,-0.61637,0.010131,5.6425,-0.32631,0.16006
2144.9,-140.08,489.48,7.9456,0.71358,-0.62327,0.0030872,5.6425,-0.32631,0.16006
2145,-140.03,489.55,7.9455,0.71348,-0.62999,-0.004813,7.179,-1.7584e-15,8.5711e-16
2145.1,-139.97,489.63,7.9444,0.71735,-0.63269,-0.017116,7.179,-1.7584e-15,8.5711e-16
2145.2,-139.92,489.71,7.9421,0.72177,-0.63188,-0.028589,7.179,-1.7584e-15,8.5711e-16
2145.3,-139.86,489.79,7.9387,0.72665,-0.62776,-0.03888,7.179,-1.7584e-15,8.5711e-16
2145.4,-139.8,489.86,7.9344,0.7319,-0.62064,-0.047757,7.179,-1.7584e-15,8.5711e-16
2145.5,-139.75,489.94,7.9292,0.7374,-0.61096,-0.055109,7.179,-1.7584e-15,8.5711e-16
2145.6,-139.69,490.02,7.9234,0.74304,-0.59916,-0.060928,7.179,-1.7584e-15,8.5711e-16
2145.7,-139.64,490.1,7.9171,0.74871,-0.58573,-0.065285,7.179,-1.7584e-15,8.5711e-16
2145.8,-139.58,490.18,7.9104,0.75431,-0.5711,-0.068304,7.179,-1.7584e-15,8.5711e-16
2145.9,-139.53,490.26,7.9034,0.75976,-0.55567,-0.070135,7.179,-1.7584e-15,8.5711e-16
2146,-139.48,490.33,7.8964,0.76502,-0.5398,-0.070939,7.179,-1.7584e-15,8.5711e-16
2146.1,-139.43,490.41,7.8893,0.77002,-0.52378,-0.070874,7.179,-1.7584e-15,8.5711e-16
2146.2,-139.38,490.49,7.8822,0.77475,-0.50784,-0.070085,7.179,-1.7584e-15,8.5711e-16
2146.3,-139.33,490.57,7.8753,0.77918,-0.49217,-0.068702,7.179,-1.7584e-15,8.5711e-16
2146.4,-139.29,490.65,7.8685,0.7833,-0.47693,-0.066835,7.179,-1.7584e-15,8.5711e-16
2146.5,-139.24,490.73,7.8619,0.78711,-0.46222,-0.06458,7.179,-1.7584e-15,8.5711e-16
2146.6,-139.2,490.81,7.8556,0.79061,-0.44814,-0.062013,7.179,-1.7584e-15,8.5711e-16
2146.7,-139.15,490.89,7.8495,0.79382,-0.43473,-0.059198,7.179,-1.7584e-15,8.5711e-16
2146.8,-139.11,490.97,7.8438,0.79675,-0.42205,-0.056185,7.179,-1.7584e-15,8.5711e-16
2146.9,-139.07,491.05,7.8383,0.79939,-0.41012,-0.053011,7.179,-1.7584e-15,8.5711e-16
2147,-139.02,491.13,7.8332,0.80178,-0.39897,-0.049708,7.179,-1.7584e-15,8.5711e-16
2147.1,-138.98,491.2,7.8284,0.80393,-0.38859,-0.046295,7.179,-1.7584e-15,8.5711e-16
2147.2,-138.94,491.28,7.8239,0.80584,-0.37901,-0.042787,7.179,-1.7584e-15,8.5711e-16
2147.3,-138.9,491.36,7.8198,0.80754,-0.37022,-0.039194,7.179,-1.7584e-15,8.5711e-16
2147.4,-138.86,491.44,7.8161,0.80903,-0.36222,-0.035519,7.179,-1.7584e-15,8.5711e-16
2147.5,-138.82,491.52,7.8127,0.81032,-0.35502,-0.031762,7.179,-1.7584e-15,8.5711e-16
2147.6,-138.78,491.6,7.8097,0.81144,-0.34863,-0.02792,7.179,-1.7584e-15,8.5711e-16
2147.7,-138.75,491.68,7.8071,0.81238,-0.34304,-0.023985,7.179,-1.7584e-15,8.5711e-16
2147.8,-138.71,491.76,7.8049,0.81316,-0.33828,-0.019948,7.179,-1.7584e-15,8.5711e-16
2147.9,-138.67,491.84,7.8031,0.81379,-0.33434,-0.015798,7.179,-1.7584e-15,8.5711e-16
2148,-138.63,491.92,7.8018,0.81426,-0.33125,-0.01152,7.179,-1.7584e-15,8.5711e-16
2148.1,-138.6,492,7.8008,0.81459,-0.32903,-0.0070985,7.179,-1.7584e-15,8.5711e-16
2148.2,-138.56,492.08,7.8004,0.81478,-0.32771,-0.0025154,7.179,-1.7584e-15,8.5711e-16
2148.3,-138.52,492.16,7.8004,0.81482,-0.32724,0.0022763,7.179,-1.7584e-15,8.5711e-16
2148.4,-138.48,492.24,7.8008,0.81472,-0.32711,0.0074816,7.179,-1.7584e-15,8.5711e-16
2148.5,-138.45,492.32,7.8019,0.81448,-0.32723,0.013133,7.179,-1.7584e-15,8.5711e-16
2148.6,-138.41,492.4,7.8035,0.81407,-0.32764,0.019214,7.179,-1.7584e-15,8.5711e-16
2148.7,-138.37,492.48,7.8057,0.81349,-0.32837,0.025695,7.179,-1.7584e-15,8.5711e-16
2148.8,-138.34,492.56,7.8086,0.81275,-0.32943,0.032533,7.179,-1.7584e-15,8.5711e-16
2148.9,-138.3,492.64,7.8122,0.81183,-0.33085,0.03967,7.179,-1.7584e-15,8.5711e-16
2149,-138.26,492.72,7.8166,0.81073,-0.33266,0.047036,7.179,-1.7584e-15,8.5711e-16
2149.1,-138.23,492.8,7.8216,0.80945,-0.33486,0.054548,7.179,-1.7584e-15,8.5711e-16
2149.2,-138.19,492.88,7.8275,0.80798,-0.33746,0.062115,7.179,-1.7584e-15,8.5711e-16
2149.3,-138.16,492.96,7.8341,0.80634,-0.34046,0.069641,7.179,-1.7584e-15,8.5711e-16
2149.4,-138.12,493.04,7.8414,0.80451,-0.34387,0.077028,7.179,-1.7584e-15,8.5711e-16
2149.5,-138.09,493.12,7.8495,0.80252,-0.34767,0.084181,7.179,-1.7584e-15,8.5711e-16
2149.6,-138.05,493.2,7.8582,0.80036,-0.35183,0.091012,7.179,-1.7584e-15,8.5711e-16
2149.7,-138.02,493.28,7.8677,0.79804,-0.35635,0.097441,7.179,-1.7584e-15,8.5711e-16
2149.8,-137.98,493.36,7.8777,0.79558,-0.36118,0.1034,7.179,-1.7584e-15,8.5711e-16
2149.9,-137.95,493.44,7.8883,0.79298,-0.3663,0.10885,7.179,-1.7584e-15,8.5711e-16
2150,-137.91,493.52,7.8995,0.79027,-0.37167,0.11374,7.179,-1.7584e-15,8.5711e-16
2150.1,-137.88,493.6,7.911,0.78744,-0.37725,0.11805,7.179,-1.7584e-15,8.5711e-16
2150.2,-137.85,493.68,7.923,0.78453,-0.383,0.12177,7.179,-1.7584e-15,8.5711e-16
2150.3,-137.82,493.76,7.9354,0.78155,-0.38889,0.12491,7.179,-1.7584e-15,8.5711e-16
2150.4,-137.78,493.84,7.948,0.7785,-0.39487,0.12747,7.179,-1.7584e-15,8.5711e-16
2150.5,-137.75,493.92,7.9609,0.77542,-0.40093,0.12947,7.179,-1.7584e-15,8.5711e-16
2150.6,-137.72,494,7.9739,0.7723,-0.40701,0.13095,7.179,-1.7584e-15,8.5711e-16
2150.7,-137.69,494.09,7.987,0.76918,-0.41311,0.13193,7.179,-1.7584e-15,8.5711e-16
2150.8,-137.66,494.17,8.0003,0.76606,-0.41918,0.13244,7.179,-1.7584e-15,8.5711e-16
2150.9,-137.63,494.25,8.0135,0.76296,-0.42522,0.13251,7.179,-1.7584e-15,8.5711e-16
2151,-137.6,494.33,8.0267,0.75989,-0.43119,0.13219,7.179,-1.7584e-15,8.5711e-16
2151.1,-137.57,494.41,8.0399,0.75687,-0.4371,0.1315,7.179,-1.7584e-15,8.5711e-16
2151.2,-137.54,494.5,8.053,0.75391,-0.44292,0.13047,7.179,-1.7584e-15,8.5711e-16
2151.3,-137.51,494.58,8.066,0.75102,-0.44864,0.12913,7.179,-1.7584e-15,8.5711e-16
2151.4,-137.48,494.66,8.0788,0.74821,-0.45427,0.12751,7.179,-1.7584e-15,8.5711e-16
2151.5,-137.46,494.75,8.0915,0.74549,-0.45979,0.12564,7.179,-1.7584e-15,8.5711e-16
2151.6,-137.43,494.83,8.104,0.74287,-0.4652,0.12354,7.179,-1.7584e-15,8.5711e-16
2151.7,-137.4,494.91,8.1162,0.74036,-0.47051,0.12122,7.179,-1.7584e-15,8.5711e-16
2151.8,-137.38,495,8.1282,0.73796,-0.4757,0.11871,7.179,-1.7584e-15,8.5711e-16
2151.9,-137.35,495.08,8.1399,0.73569,-0.48079,0.11602,7.179,-1.7584e-15,8.5711e-16
2152,-137.33,495.16,8.1514,0.73355,-0.48578,0.11316,7.179,-1.7584e-15,8.5711e-16
2152.1,-137.3,495.25,8.1626,0.73155,-0.49067,0.11015,7.179,-1.7584e-15,8.5711e-16
2152.2,-137.28,495.33,8.1734,0.72968,-0.49546,0.107,7.179,-1.7584e-15,8.5711e-16
2152.3,-137.25,495.42,8.184,0.72796,-0.50016,0.10371,7.179,-1.7584e-15,8.5711e-16
2152.4,-137.23,495.5,8.1942,0.7264,-0.50478,0.10029,7.179,-1.7584e-15,8.5711e-16
2152.5,-137.21,495.59,8.204,0.72498,-0.50932,0.09674,7.179,-1.7584e-15,8.5711e-16
2152.6,-137.18,495.68,8.2135,0.72373,-0.5138,0.093063,7.179,-1.7584e-15,8.5711e-16
2152.7,-137.16,495.76,8.2226,0.72264,-0.5182,0.08926,7.179,-1.7584e-15,8.5711e-16
2152.8,-137.14,495.85,8.2314,0.72172,-0.52255,0.085329,7.179,-1.7584e-15,8.5711e-16
2152.9,-137.12,495.93,8.2397,0.72097,-0.52685,0.081264,7.179,-1.7584e-15,8.5711e-16
2153,-137.1,496.02,8.2476,0.7204,-0.53111,0.07706,7.179,-1.7584e-15,8.5711e-16
2153.1,-137.08,496.11,8.2551,0.72,-0.53534,0.072709,7.179,-1.7584e-15,8.5711e-16
2153.2,-137.05,496.19,8.2621,0.7198,-0.53954,0.068199,7.179,-1.7584e-15,8.5711e-16
2153.3,-137.03,496.28,8.2687,0.71978,-0.54373,0.063517,7.179,-1.7584e-15,8.5711e-16
2153.4,-137.01,496.37,8.2748,0.71997,-0.5479,0.058645,7.179,-1.7584e-15,8.5711e-16
2153.5,-136.99,496.46,8.2805,0.72036,-0.55208,0.053562,7.179,-1.7584e-15,8.5711e-16
2153.6,-136.97,496.55,8.2855,0.72096,-0.55626,0.048243,7.179,-1.7584e-15,8.5711e-16
2153.7,-136.95,496.64,8.2901,0.72179,-0.56047,0.042657,7.179,-1.7584e-15,8.5711e-16
2153.8,-136.93,496.73,8.2941,0.72286,-0.5647,0.036766,7.179,-1.7584e-15,8.5711e-16
2153.9,-136.91,496.82,8.2974,0.72417,-0.56898,0.030524,7.179,-1.7584e-15,8.5711e-16
2154,-136.89,496.91,8.3002,0.72575,-0.57331,0.023875,7.179,-1.7584e-15,8.5711e-16
2154.1,-136.87,497,8.3022,0.72761,-0.57771,0.016749,7.179,-1.7584e-15,8.5711e-16
2154.2,-136.85,497.09,8.3035,0.72978,-0.58219,0.0090592,7.179,-1.7584e-15,8.5711e-16
2154.3,-136.83,497.18,8.304,0.73229,-0.58678,0.00069507,7.179,-1.7584e-15,8.5711e-16
2154.4,-136.81,497.27,8.3036,0.73516,-0.59043,-0.0080619,7.179,-1.7584e-15,8.5711e-16
2154.5,-136.79,497.36,8.3024,0.73839,-0.59171,-0.016539,7.179,-1.7584e-15,8.5711e-16
2154.6,-136.76,497.45,8.3003,0.74195,-0.59066,-0.024491,7.179,-1.7584e-15,8.5711e-16
2154.7,-136.74,497.55,8.2975,0.74579,-0.58738,-0.031724,7.179,-1.7584e-15,8.5711e-16
2154.8,-136.72,497.64,8.294,0.74986,-0.58207,-0.038097,7.179,-1.7584e-15,8.5711e-16
2154.9,-136.7,497.73,8.2899,0.75407,-0.57496,-0.043528,7.179,-1.7584e-15,8.5711e-16
2155,-136.68,497.82,8.2853,0.75838,-0.56632,-0.047987,7.179,-1.7584e-15,8.5711e-16
2155.1,-136.66,497.92,8.2804,0.76272,-0.55643,-0.051487,7.179,-1.7584e-15,8.5711e-16
2155.2,-136.64,498.01,8.2751,0.76702,-0.54558,-0.054076,0.64336,-0.05389,0.026433
2155.3,-136.63,498.1,8.2696,0.75673,-0.53433,-0.055314,0.64336,-0.05389,0.026433
2155.4,-136.61,498.19,8.264,0.74677,-0.52273,-0.056222,0.64336,-0.05389,0.026433
2155.5,-136.59,498.28,8.2584,0.73709,-0.51087,-0.056812,0.64336,-0.05389,0.026433
2155.6,-136.57,498.37,8.2527,0.72768,-0.49885,-0.057102,0.64336,-0.05389,0.026433
2155.7,-136.55,498.45,8.247,0.7185,-0.48677,-0.057118,0.64336,-0.05389,0.026433
2155.8,-136.54,498.54,8.2412,0.70954,-0.4747,-0.056884,0.64336,-0.05389,0.026433
2155.9,-136.52,498.62,8.2356,0.70078,-0.46271,-0.056428,0.64336,-0.05389,0.026433
2156,-136.5,498.7,8.23,0.6922,-0.45087,-0.055778,0.64336,-0.05389,0.026433
2156.1,-136.49,498.78,8.2244,0.68379,-0.43922,-0.054959,0.64336,-0.05389,0.026433
2156.2,-136.47,498.86,8.219,0.67555,-0.4278,-0.053997,0.64336,-0.05389,0.026433
2156.3,-136.45,498.94,8.2136,0.66745,-0.41665,-0.052914,0.64336,-0.05389,0.026433
2156.4,-136.44,499.01,8.2084,0.6595,-0.40578,-0.051731,0.64336,-0.05389,0.026433
2156.5,-136.42,499.09,8.2033,0.65168,-0.39522,-0.050467,0.64336,-0.05389,0.026433
2156.6,-136.41,499.16,8.1983,0.644,-0.38498,-0.049139,0.64336,-0.05389,0.026433
2156.7,-136.4,499.24,8.1935,0.63645,-0.37507,-0.04776,0.64336,-0.05389,0.026433
2156.8,-136.38,499.31,8.1888,0.62903,-0.3655,-0.046345,0.64336,-0.05389,0.026433
2156.9,-136.37,499.38,8.1842,0.62174,-0.35626,-0.044904,0.64336,-0.05389,0.026433
2157,-136.35,499.45,8.1798,0.61456,-0.34735,-0.043446,0.64336,-0.05389,0.026433
2157.1,-136.34,499.52,8.1755,0.60751,-0.33877,-0.04198,0.64336,-0.05389,0.026433
2157.2,-136.33,499.59,8.1714,0.60058,-0.33052,-0.040512,0.64336,-0.05389,0.026433
2157.3,-136.32,499.65,8.1674,0.59376,-0.32258,-0.039049,0.64336,-0.05389,0.026433
2157.4,-136.3,499.72,8.1636,0.58706,-0.31496,-0.037595,0.64336,-0.05389,0.026433
2157.5,-136.29,499.78,8.1599,0.58048,-0.30763,-0.036154,0.64336,-0.05389,0.026433
2157.6,-136.28,499.85,8.1563,0.57401,-0.3006,-0.03473,0.64336,-0.05389,0.026433
2157.7,-136.27,499.91,8.1529,0.56766,-0.29386,-0.033325,0.64336,-0.05389,0.026433
2157.8,-136.26,499.97,8.1497,0.56142,-0.28738,-0.031941,0.64336,-0.05389,0.026433
2157.9,-136.25,500.04,8.1466,0.55528,-0.28117,-0.030581,0.64336,-0.05389,0.026433
2158,-136.24,500.1,8.1436,0.54926,-0.27522,-0.029245,0.64336,-0.05389,0.026433
2158.1,-136.23,500.16,8.1407,0.54335,-0.26951,-0.027934,0.64336,-0.05389,0.026433
2158.2,-136.21,500.22,8.138,0.53754,-0.26404,-0.02665,0.64336,-0.05389,0.026433
2158.3,-136.2,500.28,8.1354,0.53184,-0.2588,-0.025392,0.64336,-0.05389,0.026433
2158.4,-136.19,500.33,8.1329,0.52625,-0.25377,-0.024162,0.64336,-0.05389,0.026433
2158.5,-136.18,500.39,8.1305,0.52075,-0.24895,-0.022958,0.64336,-0.05389,0.026433
2158.6,-136.17,500.45,8.1283,0.51536,-0.24433,-0.021782,0.64336,-0.05389,0.026433
2158.7,-136.17,500.5,8.1262,0.51006,-0.2399,-0.020633,0.64336,-0.05389,0.026433
2158.8,-136.16,500.56,8.1242,0.50487,-0.23566,-0.019511,0.64336,-0.05389,0.026433
2158.9,-136.15,500.61,8.1223,0.49977,-0.2316,-0.018416,0.64336,-0.05389,0.026433
2159,-136.14,500.67,8.1205,0.49477,-0.2277,-0.017347,0.64336,-0.05389,0.026433
2159.1,-136.13,500.72,8.1188,0.48986,-0.22396,-0.016304,0.64336,-0.05389,0.026433
2159.2,-136.12,500.77,8.1172,0.48504,-0.22038,-0.015287,0.64336,-0.05389,0.026433
2159.3,-136.11,500.83,8.1157,0.48031,-0.21695,-0.014295,0.64336,-0.05389,0.026433
2159.4,-136.1,500.88,8.1144,0.47567,-0.21366,-0.013328,0.64336,-0.05389,0.026433
2159.5,-136.1,500.93,8.1131,0.47111,-0.2105,-0.012386,0.64336,-0.05389,0.026433
2159.6,-136.09,500.98,8.1119,0.46664,-0.20748,-0.011468,0.64336,-0.05389,0.026433
2159.7,-136.08,501.03,8.1108,0.46226,-0.20458,-0.010573,0.64336,-0.05389,0.026433
2159.8,-136.07,501.08,8.1098,0.45795,-0.2018,-0.0097019,0.64336,-0.05389,0.026433
2159.9,-136.06,501.13,8.1088,0.45373,-0.19913,-0.0088536,0.64336,-0.05389,0.026433
2160,-136.06,501.18,8.108,0.44959,-0.19658,-0.0080279,0.64336,-0.05389,0.026433
2160.1,-136.05,501.22,8.1072,0.44552,-0.19413,-0.0072243,0.64336,-0.05389,0.026433
2160.2,-136.04,501.27,8.1066,0.44153,-0.19177,-0.0064425,0.64336,-0.05389,0.026433
2160.3,-136.03,501.32,8.106,0.43761,-0.18952,-0.0056822,0.64336,-0.05389,0.026433
2160.4,-136.02,501.37,8.1054,0.43376,-0.18735,-0.0049429,0.64336,-0.05389,0.026433
2160.5,-136.02,501.41,8.105,0.42999,-0.18527,-0.0042243,0.64336,-0.05389,0.026433
2160.6,-136.01,501.46,8.1046,0.42629,-0.18328,-0.0035262,0.64336,-0.05389,0.026433
2160.7,-136,501.5,8.1043,0.42265,-0.18137,-0.0028482,0.64336,-0.05389,0.026433
2160.8,-136,501.55,8.104,0.41908,-0.17953,-0.0021901,0.64336,-0.05389,0.026433
2160.9,-135.99,501.59,8.1038,0.41558,-0.17776,-0.0015515,0.64336,-0.05389,0.026433
2161,-135.98,501.64,8.1037,0.41214,-0.17607,-0.00093227,0.64336,-0.05389,0.026433
2161.1,-135.98,501.68,8.1036,0.40876,-0.17444,-0.00033205,0.64336,-0.05389,0.026433
2161.2,-135.97,501.73,8.1036,0.40544,-0.17287,0.00025092,0.64336,-0.05389,0.026433
2161.3,-135.96,501.77,8.1037,0.40219,-0.17133,0.00082907,0.64336,-0.05389,0.026433
2161.4,-135.96,501.81,8.1038,0.39899,-0.16979,0.0014048,0.64336,-0.05389,0.026433
2161.5,-135.95,501.86,8.104,0.39585,-0.16828,0.0019777,0.64336,-0.05389,0.026433
2161.6,-135.94,501.9,8.1042,0.39277,-0.16677,0.0025475,0.64336,-0.05389,0.026433
2161.7,-135.94,501.94,8.1045,0.38974,-0.16528,0.0031137,0.64336,-0.05389,0.026433
2161.8,-135.93,501.98,8.1048,0.38677,-0.16381,0.0036761,0.64336,-0.05389,0.026433
2161.9,-135.92,502.02,8.1052,0.38384,-0.16235,0.0042341,0.64336,-0.05389,0.026433
2162,-135.92,502.06,8.1057,0.38097,-0.16091,0.0047875,0.64336,-0.05389,0.026433
2162.1,-135.91,502.11,8.1062,0.37815,-0.15948,0.0053357,0.64336,-0.05389,0.026433
2162.2,-135.91,502.15,8.1067,0.37538,-0.15807,0.0058785,0.64336,-0.05389,0.026433
2162.3,-135.9,502.19,8.1073,0.37265,-0.15667,0.0064154,0.64336,-0.05389,0.026433
2162.4,-135.89,502.23,8.108,0.36997,-0.15528,0.0069461,0.64336,-0.05389,0.026433
2162.5,-135.89,502.27,8.1087,0.36734,-0.15391,0.00747,0.64336,-0.05389,0.026433
2162.6,-135.88,502.3,8.1095,0.36475,-0.15256,0.007987,0.64336,-0.05389,0.026433
2162.7,-135.88,502.34,8.1103,0.3622,-0.15122,0.0084965,0.64336,-0.05389,0.026433
2162.8,-135.87,502.38,8.1112,0.3597,-0.1499,0.0089984,0.64336,-0.05389,0.026433
2162.9,-135.87,502.42,8.1121,0.35724,-0.14859,0.0094921,0.64336,-0.05389,0.026433
2163,-135.86,502.46,8.1131,0.35482,-0.1473,0.0099775,0.64336,-0.05389,0.026433
2163.1,-135.86,502.5,8.1141,0.35244,-0.14602,0.010454,0.64336,-0.05389,0.026433
2163.2,-135.85,502.53,8.1152,0.3501,-0.14475,0.010922,0.64336,-0.05389,0.026433
2163.3,-135.85,502.57,8.1163,0.3478,-0.1435,0.01138,0.64336,-0.05389,0.026433
2163.4,-135.84,502.61,8.1175,0.34554,-0.14227,0.011829,0.64336,-0.05389,0.026433
2163.5,-135.84,502.65,8.1187,0.34332,-0.14104,0.012269,0.64336,-0.05389,0.026433
2163.6,-135.83,502.68,8.1199,0.34113,-0.13984,0.012698,0.64336,-0.05389,0.026433
2163.7,-135.83,502.72,8.1212,0.33898,-0.13864,0.013118,0.64336,-0.05389,0.026433
2163.8,-135.82,502.76,8.1225,0.33686,-0.13746,0.013527,0.64336,-0.05389,0.026433
2163.9,-135.82,502.79,8.1239,0.33478,-0.1363,0.013926,0.64336,-0.05389,0.026433
2164,-135.81,502.83,8.1253,0.33273,-0.13515,0.014314,0.64336,-0.05389,0.026433
2164.1,-135.81,502.86,8.1268,0.33072,-0.13401,0.014692,0.64336,-0.05389,0.026433
2164.2,-135.81,502.9,8.1283,0.32874,-0.13288,0.01506,0.64336,-0.05389,0.026433
2164.3,-135.8,502.93,8.1298,0.32679,-0.13177,0.015417,0.64336,-0.05389,0.026433
2164.4,-135.8,502.97,8.1313,0.32487,-0.13067,0.015763,0.64336,-0.05389,0.026433
2164.5,-135.8,503,8.1329,0.32298,-0.12959,0.016099,0.64336,-0.05389,0.026433
2164.6,-135.79,503.04,8.1346,0.32113,-0.12852,0.016424,0.64336,-0.05389,0.026433
2164.7,-135.79,503.07,8.1362,0.3193,-0.12745,0.016739,0.64336,-0.05389,0.026433
2164.8,-135.79,503.11,8.1379,0.31751,-0.12641,0.017043,0.64336,-0.05389,0.026433
2164.9,-135.78,503.14,8.1396,0.31574,-0.12537,0.017338,7.7693,-1.9029e-15,8.9511e-16
2165,-135.78,503.17,8.1413,0.32993,-0.12414,0.016978,7.7693,-1.9029e-15,8.9511e-16
2165.1,-135.78,503.21,8.143,0.34386,-0.12295,0.016808,7.7693,-1.9029e-15,8.9511e-16
2165.2,-135.78,503.25,8.1447,0.35755,-0.12182,0.016818,7.7693,-1.9029e-15,8.9511e-16
2165.3,-135.77,503.29,8.1464,0.37097,-0.12074,0.017002,7.7693,-1.9029e-15,8.9511e-16
2165.4,-135.77,503.33,8.1481,0.38414,-0.11971,0.017352,7.7693,-1.9029e-15,8.9511e-16
2165.5,-135.77,503.37,8.1499,0.39704,-0.11875,0.017865,7.7693,-1.9029e-15,8.9511e-16
2165.6,-135.77,503.41,8.1517,0.40967,-0.11785,0.018536,7.7693,-1.9029e-15,8.9511e-16
2165.7,-135.77,503.45,8.1536,0.42203,-0.11702,0.019362,7.7693,-1.9029e-15,8.9511e-16
2165.8,-135.78,503.5,8.1556,0.43412,-0.11627,0.020342,7.7693,-1.9029e-15,8.9511e-16
2165.9,-135.78,503.54,8.1577,0.44593,-0.1156,0.021472,7.7693,-1.9029e-15,8.9511e-16
2166,-135.78,503.59,8.1599,0.45747,-0.11503,0.022753,7.7693,-1.9029e-15,8.9511e-16
2166.1,-135.78,503.64,8.1622,0.46873,-0.11455,0.024183,7.7693,-1.9029e-15,8.9511e-16
2166.2,-135.79,503.68,8.1647,0.47972,-0.11418,0.025761,7.7693,-1.9029e-15,8.9511e-16
2166.3,-135.79,503.73,8.1674,0.49044,-0.11392,0.027486,7.7693,-1.9029e-15,8.9511e-16
2166.4,-135.8,503.78,8.1702,0.50088,-0.11379,0.029359,7.7693,-1.9029e-15,8.9511e-16
2166.5,-135.8,503.84,8.1733,0.51105,-0.11378,0.031377,7.7693,-1.9029e-15,8.9511e-16
2166.6,-135.81,503.89,8.1765,0.52095,-0.11392,0.03354,7.7693,-1.9029e-15,8.9511e-16
2166.7,-135.81,503.94,8.18,0.53059,-0.11421,0.035846,7.7693,-1.9029e-15,8.9511e-16
2166.8,-135.82,504,8.1837,0.53995,-0.11465,0.038293,7.7693,-1.9029e-15,8.9511e-16
2166.9,-135.83,504.05,8.1876,0.54905,-0.11527,0.040878,7.7693,-1.9029e-15,8.9511e-16
2167,-135.83,504.11,8.1919,0.55789,-0.11606,0.043597,7.7693,-1.9029e-15,8.9511e-16
2167.1,-135.84,504.16,8.1964,0.56646,-0.11704,0.046446,7.7693,-1.9029e-15,8.9511e-16
2167.2,-135.85,504.22,8.2011,0.57478,-0.11822,0.049419,7.7693,-1.9029e-15,8.9511e-16
2167.3,-135.86,504.28,8.2062,0.58284,-0.1196,0.05251,7.7693,-1.9029e-15,8.9511e-16
2167.4,-135.87,504.34,8.2117,0.59065,-0.1212,0.055711,7.7693,-1.9029e-15,8.9511e-16
2167.5,-135.88,504.4,8.2174,0.59821,-0.12301,0.059014,7.7693,-1.9029e-15,8.9511e-16
2167.6,-135.89,504.46,8.2235,0.60551,-0.12505,0.062408,7.7693,-1.9029e-15,8.9511e-16
2167.7,-135.9,504.52,8.2299,0.61257,-0.12733,0.065884,7.7693,-1.9029e-15,8.9511e-16
2167.8,-135.91,504.58,8.2366,0.61939,-0.12984,0.069427,7.7693,-1.9029e-15,8.9511e-16
2167.9,-135.92,504.65,8.2438,0.62596,-0.1326,0.073027,7.7693,-1.9029e-15,8.9511e-16
2168,-135.93,504.71,8.2512,0.63229,-0.1356,0.076669,7.7693,-1.9029e-15,8.9511e-16
2168.1,-135.94,504.77,8.2591,0.63838,-0.13885,0.080339,7.7693,-1.9029e-15,8.9511e-16
2168.2,-135.96,504.84,8.2673,0.64424,-0.14234,0.084021,7.7693,-1.9029e-15,8.9511e-16
2168.3,-135.97,504.9,8.2759,0.64986,-0.14608,0.087701,7.7693,-1.9029e-15,8.9511e-16
2168.4,-135.98,504.97,8.2849,0.65525,-0.15007,0.091363,7.7693,-1.9029e-15,8.9511e-16
2168.5,-136,505.03,8.2942,0.6604,-0.15429,0.094991,7.7693,-1.9029e-15,8.9511e-16
2168.6,-136.01,505.1,8.3038,0.66533,-0.15875,0.09857,7.7693,-1.9029e-15,8.9511e-16
2168.7,-136.03,505.17,8.3139,0.67003,-0.16344,0.10209,7.7693,-1.9029e-15,8.9511e-16
2168.8,-136.04,505.24,8.3243,0.67451,-0.16834,0.10553,7.7693,-1.9029e-15,8.9511e-16
2168.9,-136.06,505.3,8.335,0.67877,-0.17346,0.10887,7.7693,-1.9029e-15,8.9511e-16
2169,-136.07,505.37,8.346,0.68281,-0.17878,0.11212,7.7693,-1.9029e-15,8.9511e-16
2169.1,-136.09,505.44,8.3574,0.68663,-0.18428,0.11525,7.7693,-1.9029e-15,8.9511e-16
2169.2,-136.11,505.51,8.3691,0.69024,-0.18997,0.11825,7.7693,-1.9029e-15,8.9511e-16
2169.3,-136.12,505.58,8.381,0.69363,-0.19582,0.12112,7.7693,-1.9029e-15,8.9511e-16
2169.4,-136.14,505.65,8.3933,0.69683,-0.20182,0.12385,7.7693,-1.9029e-15,8.9511e-16
2169.5,-136.16,505.72,8.4058,0.69982,-0.20796,0.12643,7.7693,-1.9029e-15,8.9511e-16
2169.6,-136.18,505.79,8.4186,0.70261,-0.21422,0.12885,7.7693,-1.9029e-15,8.9511e-16
2169.7,-136.2,505.86,8.4316,0.70521,-0.22059,0.13112,7.7693,-1.9029e-15,8.9511e-16
2169.8,-136.22,505.93,8.4448,0.70762,-0.22706,0.13322,7.7693,-1.9029e-15,8.9511e-16
2169.9,-136.24,506,8.4582,0.70984,-0.23361,0.13516,7.7693,-1.9029e-15,8.9511e-16
2170,-136.26,506.08,8.4718,0.71189,-0.24023,0.13693,7.7693,-1.9029e-15,8.9511e-16
2170.1,-136.28,506.15,8.4856,0.71376,-0.2469,0.13854,7.7693,-1.9029e-15,8.9511e-16
2170.2,-136.31,506.22,8.4995,0.71547,-0.25361,0.13999,7.7693,-1.9029e-15,8.9511e-16
2170.3,-136.33,506.29,8.5136,0.71701,-0.26035,0.14126,7.7693,-1.9029e-15,8.9511e-16
2170.4,-136.35,506.37,8.5278,0.7184,-0.26711,0.14238,7.7693,-1.9029e-15,8.9511e-16
2170.5,-136.38,506.44,8.5421,0.71964,-0.27387,0.14334,7.7693,-1.9029e-15,8.9511e-16
2170.6,-136.4,506.51,8.5564,0.72075,-0.28063,0.14414,7.7693,-1.9029e-15,8.9511e-16
2170.7,-136.43,506.59,8.5709,0.72171,-0.28737,0.14478,7.7693,-1.9029e-15,8.9511e-16
2170.8,-136.45,506.66,8.5854,0.72255,-0.29408,0.14528,7.7693,-1.9029e-15,8.9511e-16
2170.9,-136.48,506.73,8.5999,0.72327,-0.30077,0.14563,7.7693,-1.9029e-15,8.9511e-16
2171,-136.51,506.81,8.6145,0.72387,-0.30741,0.14584,7.7693,-1.9029e-15,8.9511e-16
2171.1,-136.54,506.88,8.6291,0.72437,-0.314,0.14591,7.7693,-1.9029e-15,8.9511e-16
2171.2,-136.57,506.95,8.6437,0.72477,-0.32053,0.14585,7.7693,-1.9029e-15,8.9511e-16
2171.3,-136.59,507.03,8.6583,0.72507,-0.327,0.14566,7.7693,-1.9029e-15,8.9511e-16
2171.4,-136.62,507.1,8.6728,0.7253,-0.33341,0.14535,7.7693,-1.9029e-15,8.9511e-16
2171.5,-136.65,507.17,8.6873,0.72544,-0.33974,0.14492,7.7693,-1.9029e-15,8.9511e-16
2171.6,-136.69,507.25,8.7018,0.72551,-0.346,0.14437,7.7693,-1.9029e-15,8.9511e-16
2171.7,-136.72,507.32,8.7162,0.72552,-0.35218,0.14371,7.7693,-1.9029e-15,8.9511e-16
2171.8,-136.75,507.4,8.7305,0.72547,-0.35828,0.14295,7.7693,-1.9029e-15,8.9511e-16
2171.9,-136.78,507.47,8.7448,0.72537,-0.3643,0.14209,7.7693,-1.9029e-15,8.9511e-16
2172,-136.82,507.54,8.7589,0.72522,-0.37023,0.14113,7.7693,-1.9029e-15,8.9511e-16
2172.1,-136.85,507.62,8.773,0.72504,-0.37607,0.14007,7.7693,-1.9029e-15,8.9511e-16
2172.2,-136.89,507.69,8.787,0.72482,-0.38183,0.13893,7.7693,-1.9029e-15,8.9511e-16
2172.3,-136.92,507.77,8.8008,0.72458,-0.3875,0.1377,7.7693,-1.9029e-15,8.9511e-16
2172.4,-136.96,507.84,8.8145,0.72431,-0.39308,0.13638,7.7693,-1.9029e-15,8.9511e-16
2172.5,-137,507.91,8.8281,0.72403,-0.39858,0.13499,7.7693,-1.9029e-15,8.9511e-16
2172.6,-137.03,507.99,8.8415,0.72374,-0.40399,0.13352,7.7693,-1.9029e-15,8.9511e-16
2172.7,-137.07,508.06,8.8548,0.72345,-0.40931,0.13198,7.7693,-1.9029e-15,8.9511e-16
2172.8,-137.11,508.13,8.8679,0.72316,-0.41455,0.13037,7.7693,-1.9029e-15,8.9511e-16
2172.9,-137.15,508.21,8.8808,0.72287,-0.41971,0.12869,7.7693,-1.9029e-15,8.9511e-16
2173,-137.19,508.28,8.8936,0.72259,-0.42479,0.12695,7.7693,-1.9029e-15,8.9511e-16
2173.1,-137.23,508.35,8.9062,0.72232,-0.42979,0.12514,7.7693,-1.9029e-15,8.9511e-16
2173.2,-137.28,508.43,8.9186,0.72208,-0.43472,0.12327,7.7693,-1.9029e-15,8.9511e-16
2173.3,-137.32,508.5,8.9309,0.72185,-0.43957,0.12134,7.7693,-1.9029e-15,8.9511e-16
2173.4,-137.36,508.57,8.9429,0.72166,-0.44436,0.11935,7.7693,-1.9029e-15,8.9511e-16
2173.5,-137.4,508.65,8.9547,0.72149,-0.44907,0.1173,7.7693,-1.9029e-15,8.9511e-16
2173.6,-137.45,508.72,8.9664,0.72135,-0.45372,0.11519,7.7693,-1.9029e-15,8.9511e-16
2173.7,-137.49,508.79,8.9778,0.72126,-0.45831,0.11303,7.7693,-1.9029e-15,8.9511e-16
2173.8,-137.54,508.86,8.989,0.7212,-0.46284,0.1108,7.7693,-1.9029e-15,8.9511e-16
2173.9,-137.59,508.94,8.9999,0.72119,-0.46731,0.10853,7.7693,-1.9029e-15,8.9511e-16
2174,-137.63,509.01,9.0107,0.72123,-0.47174,0.10619,7.7693,-1.9029e-15,8.9511e-16
2174.1,-137.68,509.08,9.0212,0.72131,-0.47611,0.10379,7.7693,-1.9029e-15,8.9511e-16
2174.2,-137.73,509.15,9.0314,0.72145,-0.48044,0.10134,7.7693,-1.9029e-15,8.9511e-16
2174.3,-137.78,509.22,9.0414,0.72165,-0.48473,0.098822,7.7693,-1.9029e-15,8.9511e-16
2174.4,-137.82,509.3,9.0512,0.72191,-0.48898,0.09624,7.7693,-1.9029e-15,8.9511e-16
2174.5,-137.87,509.37,9.0607,0.72223,-0.49319,0.093592,7.7693,-1.9029e-15,8.9511e-16
2174.6,-137.92,509.44,9.0699,0.72262,-0.49738,0.090874,7.7693,-1.9029e-15,8.9511e-16
2174.7,-137.98,509.51,9.0789,0.72307,-0.50154,0.088083,7.7693,-1.9029e-15,8.9511e-16
2174.8,-138.03,509.58,9.0875,0.7236,-0.50567,0.085214,7.7693,-1.9029e-15,8.9511e-16
2174.9,-138.08,509.65,9.0959,0.72421,-0.50979,0.082262,7.7693,-1.9029e-15,8.9511e-16
2175,-138.13,509.73,9.104,0.7249,-0.51389,0.079222,7.7693,-1.9029e-15,8.9511e-16
2175.1,-138.18,509.8,9.1117,0.72567,-0.51799,0.076086,7.7693,-1.9029e-15,8.9511e-16
2175.2,-138.24,509.87,9.1192,0.72653,-0.52207,0.072848,7.7693,-1.9029e-15,8.9511e-16
2175.3,-138.29,509.94,9.1263,0.72748,-0.52616,0.069497,7.7693,-1.9029e-15,8.9511e-16
2175.4,-138.35,510.01,9.1331,0.72853,-0.53025,0.066024,7.7693,-1.9029e-15,8.9511e-16
2175.5,-138.4,510.08,9.1395,0.72969,-0.53434,0.062417,7.7693,-1.9029e-15,8.9511e-16
2175.6,-138.46,510.16,9.1456,0.73095,-0.53845,0.058663,7.7693,-1.9029e-15,8.9511e-16
2175.7,-138.51,510.23,9.1512,0.73233,-0.54258,0.054745,7.7693,-1.9029e-15,8.9511e-16
2175.8,-138.57,510.3,9.1565,0.73383,-0.54673,0.050644,7.7693,-1.9029e-15,8.9511e-16
2175.9,-138.62,510.37,9.1614,0.73547,-0.55091,0.04634,7.7693,-1.9029e-15,8.9511e-16
2176,-138.68,510.45,9.1658,0.73724,-0.55512,0.041807,7.7693,-1.9029e-15,8.9511e-16
2176.1,-138.74,510.52,9.1697,0.73917,-0.55937,0.037015,7.7693,-1.9029e-15,8.9511e-16
2176.2,-138.79,510.59,9.1732,0.74126,-0.56367,0.031928,7.7693,-1.9029e-15,8.9511e-16
2176.3,-138.85,510.66,9.1761,0.74353,-0.56803,0.026503,7.7693,-1.9029e-15,8.9511e-16
2176.4,-138.91,510.74,9.1784,0.746,-0.57246,0.020688,7.7693,-1.9029e-15,8.9511e-16
2176.5,-138.97,510.81,9.1802,0.74868,-0.57695,0.014419,7.7693,-1.9029e-15,8.9511e-16
2176.6,-139.03,510.89,9.1813,0.7516,-0.58153,0.0076168,7.7693,-1.9029e-15,8.9511e-16
2176.7,-139.09,510.96,9.1817,0.75478,-0.58621,0.00018387,7.7693,-1.9029e-15,8.9511e-16
2176.8,-139.15,511.04,9.1813,0.75826,-0.58996,-0.0075847,7.7693,-1.9029e-15,8.9511e-16
2176.9,-139.21,511.11,9.1802,0.76202,-0.59159,-0.015131,7.7693,-1.9029e-15,8.9511e-16
2177,-139.27,511.19,9.1783,0.76605,-0.59114,-0.02225,7.7693,-1.9029e-15,8.9511e-16
2177.1,-139.33,511.26,9.1758,0.77031,-0.58868,-0.028771,7.7693,-1.9029e-15,8.9511e-16
2177.2,-139.39,511.34,9.1726,0.77474,-0.58438,-0.034568,7.7693,-1.9029e-15,8.9511e-16
2177.3,-139.45,511.42,9.1689,0.77929,-0.57841,-0.039558,7.7693,-1.9029e-15,8.9511e-16
2177.4,-139.51,511.49,9.1647,0.78391,-0.57102,-0.043702,7.7693,-1.9029e-15,8.9511e-16
2177.5,-139.57,511.57,9.1602,0.78854,-0.56245,-0.046998,7.7693,-1.9029e-15,8.9511e-16
2177.6,-139.63,511.64,9.1553,0.79312,-0.55293,-0.049474,7.7693,-1.9029e-15,8.9511e-16
2177.7,-139.69,511.71,9.1503,0.79762,-0.54271,-0.051177,7.7693,-1.9029e-15,8.9511e-16
2177.8,-139.75,511.79,9.1451,0.80199,-0.53201,-0.05217,7.7693,-1.9029e-15,8.9511e-16
2177.9,-139.82,511.86,9.1399,0.8062,-0.52103,-0.052521,7.7693,-1.9029e-15,8.9511e-16
2178,-139.88,511.93,9.1346,0.81023,-0.50994,-0.0523,7.7693,-1.9029e-15,8.9511e-16
2178.1,-139.94,512.01,9.1294,0.81405,-0.4989,-0.051577,7.7693,-1.9029e-15,8.9511e-16
2178.2,-140.01,512.08,9.1243,0.81765,-0.48804,-0.050414,7.7693,-1.9029e-15,8.9511e-16
2178.3,-140.07,512.15,9.1194,0.82103,-0.47747,-0.048871,7.7693,-1.9029e-15,8.9511e-16
2178.4,-140.13,512.22,9.1146,0.82418,-0.46728,-0.046998,7.7693,-1.9029e-15,8.9511e-16
2178.5,-140.2,512.29,9.11,0.8271,-0.45756,-0.04484,7.7693,-1.9029e-15,8.9511e-16
2178.6,-140.26,512.36,9.1056,0.82979,-0.44836,-0.042434,7.7693,-1.9029e-15,8.9511e-16
2178.7,-140.33,512.42,9.1015,0.83226,-0.43973,-0.039813,7.7693,-1.9029e-15,8.9511e-16
2178.8,-140.39,512.49,9.0977,0.83451,-0.43173,-0.037,7.7693,-1.9029e-15,8.9511e-16
2178.9,-140.46,512.56,9.0941,0.83655,-0.42439,-0.034017,7.7693,-1.9029e-15,8.9511e-16
2179,-140.52,512.63,9.0909,0.83839,-0.41775,-0.030879,7.7693,-1.9029e-15,8.9511e-16
2179.1,-140.59,512.69,9.0879,0.84003,-0.41182,-0.027597,7.7693,-1.9029e-15,8.9511e-16
2179.2,-140.66,512.76,9.0854,0.84148,-0.40665,-0.024179,7.7693,-1.9029e-15,8.9511e-16
2179.3,-140.72,512.83,9.0831,0.84274,-0.40225,-0.020631,7.7693,-1.9029e-15,8.9511e-16
2179.4,-140.79,512.89,9.0812,0.84382,-0.39866,-0.016955,12.154,-1.4748,0.72338
2179.5,-140.85,512.96,9.0808,0.85409,-0.40425,0.0076137,12.154,-1.4748,0.72338
2179.6,-140.92,513.03,9.0828,0.86311,-0.41219,0.034025,12.154,-1.4748,0.72338
2179.7,-140.99,513.09,9.0876,0.87083,-0.42155,0.061957,12.154,-1.4748,0.72338
2179.8,-141.06,513.16,9.0952,0.87723,-0.4325,0.090388,12.154,-1.4748,0.72338
2179.9,-141.13,513.23,9.1057,0.88231,-0.44513,0.11819,12.154,-1.4748,0.72338
2180,-141.2,513.3,9.1188,0.88608,-0.45944,0.14428,12.154,-1.4748,0.72338
2180.1,-141.27,513.37,9.1344,0.88861,-0.47533,0.16779,12.154,-1.4748,0.72338
2180.2,-141.34,513.44,9.1523,0.88998,-0.49262,0.1881,12.154,-1.4748,0.72338
2180.3,-141.41,513.52,9.1719,0.89027,-0.51109,0.20494,12.154,-1.4748,0.72338
2180.4,-141.49,513.59,9.1931,0.8896,-0.53047,0.21828,12.154,-1.4748,0.72338
2180.5,-141.56,513.66,9.2155,0.8881,-0.55052,0.2283,12.154,-1.4748,0.72338
2180.6,-141.64,513.73,9.2387,0.88587,-0.571,0.2353,12.154,-1.4748,0.72338
2180.7,-141.71,513.81,9.2625,0.88304,-0.59172,0.23962,12.154,-1.4748,0.72338
2180.8,-141.79,513.88,9.2865,0.87973,-0.61253,0.24164,12.154,-1.4748,0.72338
2180.9,-141.87,513.95,9.3107,0.87604,-0.6333,0.24168,12.154,-1.4748,0.72338
2181,-141.95,514.02,9.3348,0.87208,-0.65397,0.24004,12.154,-1.4748,0.72338
2181.1,-142.03,514.1,9.3587,0.86795,-0.6745,0.23698,12.154,-1.4748,0.72338
2181.2,-142.12,514.17,9.3822,0.86374,-0.69486,0.23268,12.154,-1.4748,0.72338
2181.3,-142.2,514.24,9.4052,0.85952,-0.71507,0.22732,12.154,-1.4748,0.72338
2181.4,-142.29,514.32,9.4276,0.85539,-0.73515,0.22101,12.154,-1.4748,0.72338
2181.5,-142.37,514.39,9.4494,0.85142,-0.75515,0.21384,12.154,-1.4748,0.72338
2181.6,-142.46,514.46,9.4703,0.84767,-0.77513,0.20587,12.154,-1.4748,0.72338
2181.7,-142.55,514.54,9.4905,0.84422,-0.79516,0.19712,12.154,-1.4748,0.72338
2181.8,-142.64,514.61,9.5097,0.84113,-0.81534,0.18759,12.154,-1.4748,0.72338
2181.9,-142.73,514.68,9.528,0.83849,-0.83575,0.17725,12.154,-1.4748,0.72338
2182,-142.82,514.76,9.5452,0.83637,-0.85654,0.16604,12.154,-1.4748,0.72338
2182.1,-142.92,514.83,9.5612,0.83484,-0.87782,0.15387,12.154,-1.4748,0.72338
2182.2,-143.01,514.91,9.5759,0.83402,-0.89976,0.1406,12.154,-1.4748,0.72338
2182.3,-143.11,514.99,9.5892,0.834,-0.92255,0.12603,12.154,-1.4748,0.72338
2182.4,-143.21,515.07,9.6011,0.83492,-0.94642,0.10992,12.154,-1.4748,0.72338
2182.5,-143.31,515.14,9.6112,0.83696,-0.97164,0.091888,12.154,-1.4748,0.72338
2182.6,-143.41,515.23,9.6194,0.84031,-0.99855,0.071433,12.154,-1.4748,0.72338
2182.7,-143.51,515.31,9.6253,0.84527,-1.0276,0.047826,12.154,-1.4748,0.72338
2182.8,-143.61,515.39,9.6288,0.85221,-1.0594,0.019986,12.154,-1.4748,0.72338
2182.9,-143.72,515.48,9.6292,0.8617,-1.0933,-0.013237,12.154,-1.4748,0.72338
2183,-143.83,515.57,9.6261,0.87415,-1.1165,-0.046964,12.154,-1.4748,0.72338
2183.1,-143.94,515.67,9.6199,0.88939,-1.1251,-0.076728,12.154,-1.4748,0.72338
2183.2,-144.05,515.76,9.611,0.90678,-1.1205,-0.10024,12.154,-1.4748,0.72338
2183.3,-144.16,515.85,9.6001,0.92548,-1.1057,-0.11672,12.154,-1.4748,0.72338
2183.4,-144.27,515.94,9.5879,0.94463,-1.0837,-0.12652,12.154,-1.4748,0.72338
2183.5,-144.38,516.03,9.575,0.96351,-1.0576,-0.13065,12.154,-1.4748,0.72338
2183.6,-144.49,516.12,9.5619,0.98159,-1.03,-0.13033,12.154,-1.4748,0.72338
2183.7,-144.6,516.21,9.549,0.99852,-1.0026,-0.12669,12.154,-1.4748,0.72338
2183.8,-144.71,516.3,9.5366,1.0141,-0.97697,-0.12068,12.154,-1.4748,0.72338
2183.9,-144.82,516.38,9.5249,1.0283,-0.95395,-0.11306,12.154,-1.4748,0.72338
2184,-144.93,516.47,9.5141,1.041,-0.93416,-0.10441,12.154,-1.4748,0.72338
2184.1,-145.05,516.55,9.5041,1.0524,-0.91795,-0.09515,12.154,-1.4748,0.72338
2184.2,-145.16,516.63,9.495,1.0625,-0.90555,-0.085618,12.154,-1.4748,0.72338
2184.3,-145.27,516.72,9.4869,1.0713,-0.89706,-0.076077,12.154,-1.4748,0.72338
2184.4,-145.38,516.8,9.4798,1.079,-0.89248,-0.06675,12.154,-1.4748,0.72338
2184.5,-145.5,516.88,9.4736,1.0857,-0.89179,-0.057842,12.154,-1.4748,0.72338
2184.6,-145.61,516.97,9.4682,1.0915,-0.89488,-0.049554,12.154,-1.4748,0.72338
2184.7,-145.72,517.05,9.4636,1.0965,-0.9016,-0.042095,12.154,-1.4748,0.72338
2184.8,-145.84,517.14,9.4598,1.1007,-0.9117,-0.035682,12.154,-1.4748,0.72338
2184.9,-145.95,517.23,9.4565,1.1044,-0.92489,-0.030541,12.154,-1.4748,0.72338
2185,-146.06,517.32,9.4536,1.1076,-0.94074,-0.026892,12.154,-1.4748,0.72338
2185.1,-146.18,517.41,9.451,1.1106,-0.95871,-0.024931,12.154,-1.4748,0.72338
2185.2,-146.29,517.5,9.4486,1.1133,-0.97816,-0.024802,12.154,-1.4748,0.72338
2185.3,-146.4,517.6,9.446,1.1161,-0.99831,-0.026562,12.154,-1.4748,0.72338
2185.4,-146.52,517.7,9.4432,1.119,-1.0183,-0.030155,12.154,-1.4748,0.72338
2185.5,-146.63,517.8,9.4399,1.1223,-1.0373,-0.035386,12.154,-1.4748,0.72338
2185.6,-146.74,517.9,9.4361,1.1261,-1.0544,-0.041925,12.154,-1.4748,0.72338
2185.7,-146.86,518.01,9.4315,1.1304,-1.069,-0.049327,12.154,-1.4748,0.72338
2185.8,-146.97,518.11,9.4262,1.1354,-1.0805,-0.057081,12.154,-1.4748,0.72338
2185.9,-147.09,518.22,9.4201,1.1409,-1.0886,-0.064672,12.154,-1.4748,0.72338
2186,-147.2,518.33,9.4133,1.147,-1.0934,-0.071637,12.154,-1.4748,0.72338
2186.1,-147.31,518.44,9.4058,1.1535,-1.095,-0.077612,12.154,-1.4748,0.72338
2186.2,-147.43,518.56,9.3978,1.1603,-1.0938,-0.08236,12.154,-1.4748,0.72338
2186.3,-147.54,518.67,9.3894,1.1673,-1.0905,-0.085769,12.154,-1.4748,0.72338
2186.4,-147.65,518.78,9.3807,1.1742,-1.0855,-0.087837,12.154,-1.4748,0.72338
2186.5,-147.76,518.9,9.3718,1.1809,-1.0797,-0.088649,12.154,-1.4748,0.72338
2186.6,-147.88,519.01,9.363,1.1874,-1.0734,-0.08835,12.154,-1.4748,0.72338
2186.7,-147.99,519.13,9.3542,1.1935,-1.0673,-0.08712,12.154,-1.4748,0.72338
2186.8,-148.1,519.24,9.3456,1.1992,-1.0618,-0.085155,12.154,-1.4748,0.72338
2186.9,-148.21,519.36,9.3372,1.2044,-1.0572,-0.082656,12.154,-1.4748,0.72338
2187,-148.32,519.47,9.3291,1.2091,-1.0538,-0.079817,12.154,-1.4748,0.72338
2187.1,-148.43,519.59,9.3212,1.2134,-1.0518,-0.076819,12.154,-1.4748,0.72338
2187.2,-148.54,519.71,9.3137,1.2172,-1.0512,-0.073831,12.154,-1.4748,0.72338
2187.3,-148.65,519.82,9.3065,1.2206,-1.0521,-0.071007,12.154,-1.4748,0.72338
2187.4,-148.76,519.94,9.2995,1.2237,-1.0545,-0.06848,12.154,-1.4748,0.72338
2187.5,-148.87,520.06,9.2928,1.2264,-1.0582,-0.066363,12.154,-1.4748,0.72338
2187.6,-148.97,520.19,9.2862,1.2289,-1.063,-0.064747,12.154,-1.4748,0.72338
2187.7,-149.08,520.31,9.2798,1.2312,-1.0688,-0.063696,12.154,-1.4748,0.72338
2187.8,-149.19,520.43,9.2734,1.2333,-1.0752,-0.063243,12.154,-1.4748,0.72338
2187.9,-149.29,520.56,9.2671,1.2354,-1.0821,-0.063391,12.154,-1.4748,0.72338
2188,-149.4,520.69,9.2608,1.2376,-1.089,-0.064109,12.154,-1.4748,0.72338
2188.1,-149.5,520.81,9.2543,1.2397,-1.0959,-0.065333,12.154,-1.4748,0.72338
2188.2,-149.6,520.94,9.2477,1.242,-1.1023,-0.066975,12.154,-1.4748,0.72338
2188.3,-149.71,521.07,9.2409,1.2444,-1.108,-0.068921,9.6348,-2.3599e-15,1.1392e-15
2188.4,-149.81,521.21,9.2329,1.2423,-1.1015,-0.089797,9.6348,-2.3599e-15,1.1392e-15
2188.5,-149.91,521.34,9.2231,1.242,-1.0846,-0.10661,9.6348,-2.3599e-15,1.1392e-15
2188.6,-150.01,521.47,9.2117,1.2429,-1.0594,-0.11878,9.6348,-2.3599e-15,1.1392e-15
2188.7,-150.11,521.6,9.1994,1.2445,-1.0282,-0.12641,9.6348,-2.3599e-15,1.1392e-15
2188.8,-150.2,521.72,9.1866,1.2461,-0.99336,-0.13004,9.6348,-2.3599e-15,1.1392e-15
2188.9,-150.3,521.85,9.1736,1.2475,-0.95685,-0.13038,9.6348,-2.3599e-15,1.1392e-15
2189,-150.4,521.97,9.1606,1.2483,-0.92018,-0.12816,9.6348,-2.3599e-15,1.1392e-15
2189.1,-150.49,522.09,9.148,1.2483,-0.88446,-0.12404,9.6348,-2.3599e-15,1.1392e-15
2189.2,-150.59,522.21,9.1358,1.2477,-0.85048,-0.11855,9.6348,-2.3599e-15,1.1392e-15
2189.3,-150.68,522.33,9.1243,1.2462,-0.81873,-0.1121,9.6348,-2.3599e-15,1.1392e-15
2189.4,-150.78,522.44,9.1134,1.244,-0.78954,-0.10501,9.6348,-2.3599e-15,1.1392e-15
2189.5,-150.87,522.55,9.1033,1.2411,-0.76307,-0.097505,9.6348,-2.3599e-15,1.1392e-15
2189.6,-150.97,522.66,9.094,1.2376,-0.73941,-0.089747,9.6348,-2.3599e-15,1.1392e-15
2189.7,-151.06,522.77,9.0854,1.2335,-0.71859,-0.081846,9.6348,-2.3599e-15,1.1392e-15
2189.8,-151.15,522.88,9.0776,1.2289,-0.7006,-0.073881,9.6348,-2.3599e-15,1.1392e-15
2189.9,-151.24,522.99,9.0706,1.2239,-0.6854,-0.065901,9.6348,-2.3599e-15,1.1392e-15
2190,-151.33,523.1,9.0644,1.2185,-0.67297,-0.057944,9.6348,-2.3599e-15,1.1392e-15
2190.1,-151.42,523.2,9.059,1.2128,-0.66327,-0.050037,9.6348,-2.3599e-15,1.1392e-15
2190.2,-151.51,523.31,9.0544,1.2068,-0.65628,-0.042206,9.6348,-2.3599e-15,1.1392e-15
2190.3,-151.6,523.41,9.0506,1.2005,-0.65196,-0.03448,9.6348,-2.3599e-15,1.1392e-15
2190.4,-151.69,523.52,9.0475,1.194,-0.6503,-0.026897,9.6348,-2.3599e-15,1.1392e-15
2190.5,-151.77,523.62,9.0452,1.1874,-0.6513,-0.019511,9.6348,-2.3599e-15,1.1392e-15
2190.6,-151.86,523.72,9.0436,1.1805,-0.65492,-0.012393,9.6348,-2.3599e-15,1.1392e-15
2190.7,-151.94,523.83,9.0427,1.1735,-0.66116,-0.0056415,9.6348,-2.3599e-15,1.1392e-15
2190.8,-152.03,523.93,9.0424,1.1665,-0.66994,0.00062068,9.6348,-2.3599e-15,1.1392e-15
2190.9,-152.11,524.04,9.0428,1.1593,-0.68009,0.00664,9.6348,-2.3599e-15,1.1392e-15
2191,-152.19,524.15,9.0438,1.152,-0.69083,0.012541,9.6348,-2.3599e-15,1.1392e-15
2191.1,-152.27,524.25,9.0453,1.1446,-0.70218,0.018161,9.6348,-2.3599e-15,1.1392e-15
2191.2,-152.35,524.36,9.0474,1.1372,-0.71411,0.023322,9.6348,-2.3599e-15,1.1392e-15
2191.3,-152.43,524.47,9.0499,1.1297,-0.72663,0.027828,9.6348,-2.3599e-15,1.1392e-15
2191.4,-152.51,524.58,9.0529,1.1222,-0.73973,0.031477,9.6348,-2.3599e-15,1.1392e-15
2191.5,-152.59,524.69,9.0562,1.1147,-0.7534,0.034061,9.6348,-2.3599e-15,1.1392e-15
2191.6,-152.66,524.8,9.0597,1.1073,-0.76761,0.035369,9.6348,-2.3599e-15,1.1392e-15
2191.7,-152.74,524.91,9.0632,1.1002,-0.78238,0.035188,9.6348,-2.3599e-15,1.1392e-15
2191.8,-152.81,525.03,9.0667,1.0933,-0.79769,0.033301,9.6348,-2.3599e-15,1.1392e-15
2191.9,-152.89,525.14,9.0698,1.0868,-0.81357,0.029469,9.6348,-2.3599e-15,1.1392e-15
2192,-152.96,525.25,9.0725,1.0809,-0.83005,0.023424,9.6348,-2.3599e-15,1.1392e-15
2192.1,-153.03,525.37,9.0744,1.0756,-0.84719,0.014835,9.6348,-2.3599e-15,1.1392e-15
2192.2,-153.11,525.49,9.0754,1.0713,-0.86509,0.0032692,9.6348,-2.3599e-15,1.1392e-15
2192.3,-153.18,525.61,9.075,1.0681,-0.88211,-0.011158,9.6348,-2.3599e-15,1.1392e-15
2192.4,-153.25,525.73,9.0731,1.0662,-0.89369,-0.026603,9.6348,-2.3599e-15,1.1392e-15
2192.5,-153.32,525.85,9.0697,1.0657,-0.89906,-0.041987,9.6348,-2.3599e-15,1.1392e-15
2192.6,-153.38,525.97,9.0647,1.0663,-0.89809,-0.056349,9.6348,-2.3599e-15,1.1392e-15
2192.7,-153.45,526.09,9.0584,1.068,-0.89114,-0.068931,9.6348,-2.3599e-15,1.1392e-15
2192.8,-153.52,526.21,9.051,1.0704,-0.87891,-0.079254,9.6348,-2.3599e-15,1.1392e-15
2192.9,-153.59,526.33,9.0427,1.0734,-0.86238,-0.087116,9.6348,-2.3599e-15,1.1392e-15
2193,-153.65,526.45,9.0337,1.0766,-0.84259,-0.092548,9.6348,-2.3599e-15,1.1392e-15
2193.1,-153.72,526.57,9.0242,1.0799,-0.82055,-0.095743,9.6348,-2.3599e-15,1.1392e-15
2193.2,-153.79,526.69,9.0146,1.083,-0.7972,-0.096979,9.6348,-2.3599e-15,1.1392e-15
2193.3,-153.86,526.8,9.0049,1.0859,-0.77331,-0.096566,9.6348,-2.3599e-15,1.1392e-15
2193.4,-153.92,526.92,8.9953,1.0883,-0.74953,-0.094807,9.6348,-2.3599e-15,1.1392e-15
2193.5,-153.99,527.03,8.986,1.0903,-0.72634,-0.091974,9.6348,-2.3599e-15,1.1392e-15
2193.6,-154.06,527.14,8.977,1.0919,-0.70412,-0.088303,9.6348,-2.3599e-15,1.1392e-15
2193.7,-154.13,527.25,8.9683,1.0929,-0.68315,-0.083984,9.6348,-2.3599e-15,1.1392e-15
2193.8,-154.2,527.36,8.9602,1.0935,-0.66363,-0.079173,9.6348,-2.3599e-15,1.1392e-15
2193.9,-154.26,527.47,8.9525,1.0937,-0.64568,-0.073988,9.6348,-2.3599e-15,1.1392e-15
2194,-154.33,527.57,8.9454,1.0934,-0.62941,-0.068521,9.6348,-2.3599e-15,1.1392e-15
2194.1,-154.4,527.68,8.9388,1.0928,-0.61487,-0.06284,9.6348,-2.3599e-15,1.1392e-15
2194.2,-154.47,527.78,8.9328,1.0917,-0.60211,-0.056994,9.6348,-2.3599e-15,1.1392e-15
2194.3,-154.54,527.89,8.9274,1.0903,-0.59115,-0.05102,9.6348,-2.3599e-15,1.1392e-15
2194.4,-154.6,527.99,8.9226,1.0887,-0.58203,-0.044944,9.6348,-2.3599e-15,1.1392e-15
2194.5,-154.67,528.1,8.9184,1.0867,-0.57475,-0.038785,9.6348,-2.3599e-15,1.1392e-15
2194.6,-154.74,528.2,8.9149,1.0844,-0.56934,-0.03256,9.6348,-2.3599e-15,1.1392e-15
2194.7,-154.8,528.3,8.9119,1.082,-0.56583,-0.026286,9.6348,-2.3599e-15,1.1392e-15
2194.8,-154.87,528.4,8.9096,1.0792,-0.56425,-0.01998,9.6348,-2.3599e-15,1.1392e-15
2194.9,-154.94,528.51,8.9079,1.0763,-0.56463,-0.013669,9.6348,-2.3599e-15,1.1392e-15
2195,-155,528.61,8.9069,1.0732,-0.56701,-0.0073866,9.6348,-2.3599e-15,1.1392e-15
2195.1,-155.07,528.71,8.9065,1.0698,-0.57143,-0.0011814,9.6348,-2.3599e-15,1.1392e-15
2195.2,-155.13,528.81,8.9066,1.0663,-0.57737,0.0050735,9.6348,-2.3599e-15,1.1392e-15
2195.3,-155.19,528.92,8.9075,1.0626,-0.5838,0.011702,9.6348,-2.3599e-15,1.1392e-15
2195.4,-155.26,529.02,8.909,1.0587,-0.59068,0.018649,9.6348,-2.3599e-15,1.1392e-15
2195.5,-155.32,529.12,8.9112,1.0545,-0.59804,0.025824,9.6348,-2.3599e-15,1.1392e-15
2195.6,-155.38,529.23,8.9142,1.0501,-0.60589,0.033113,9.6348,-2.3599e-15,1.1392e-15
2195.7,-155.44,529.33,8.9178,1.0455,-0.61424,0.040386,9.6348,-2.3599e-15,1.1392e-15
2195.8,-155.51,529.44,8.9222,1.0406,-0.62308,0.047493,9.6348,-2.3599e-15,1.1392e-15
2195.9,-155.57,529.54,8.9273,1.0355,-0.6324,0.054276,9.6348,-2.3599e-15,1.1392e-15
2196,-155.63,529.65,8.9331,1.0301,-0.6422,0.060575,9.6348,-2.3599e-15,1.1392e-15
2196.1,-155.69,529.75,8.9394,1.0246,-0.65244,0.066231,9.6348,-2.3599e-15,1.1392e-15
2196.2,-155.75,529.86,8.9463,1.0189,-0.6631,0.071096,9.6348,-2.3599e-15,1.1392e-15
2196.3,-155.81,529.96,8.9536,1.0131,-0.67416,0.07504,9.6348,-2.3599e-15,1.1392e-15
2196.4,-155.87,530.07,8.9613,1.0073,-0.68558,0.077945,9.6348,-2.3599e-15,1.1392e-15
2196.5,-155.93,530.18,8.9692,1.0014,-0.69733,0.079715,9.6348,-2.3599e-15,1.1392e-15
2196.6,-155.99,530.28,8.9772,0.9956,-0.70938,0.080271,9.6348,-2.3599e-15,1.1392e-15
2196.7,-156.04,530.39,8.9852,0.98993,-0.72173,0.079546,9.6348,-2.3599e-15,1.1392e-15
2196.8,-156.1,530.5,8.993,0.98445,-0.73435,0.077483,9.6348,-2.3599e-15,1.1392e-15
2196.9,-156.16,530.61,9.0006,0.97926,-0.74725,0.074023,9.6348,-2.3599e-15,1.1392e-15
2197,-156.22,530.71,9.0078,0.97443,-0.76044,0.069104,9.6348,-2.3599e-15,1.1392e-15
2197.1,-156.28,530.82,9.0144,0.97007,-0.77394,0.062643,9.6348,-2.3599e-15,1.1392e-15
2197.2,-156.34,530.93,9.0203,0.96627,-0.7878,0.054529,9.6348,-2.3599e-15,1.1392e-15
2197.3,-156.39,531.04,9.0252,0.96315,-0.80207,0.044605,9.6348,-2.3599e-15,1.1392e-15
2197.4,-156.45,531.16,9.0291,0.96083,-0.81685,0.03264,9.6348,-2.3599e-15,1.1392e-15
2197.5,-156.51,531.27,9.0317,0.95949,-0.83224,0.018304,9.6348,-2.3599e-15,1.1392e-15
2197.6,-156.57,531.38,9.0327,0.95931,-0.84841,0.0011075,9.6348,-2.3599e-15,1.1392e-15
2197.7,-156.62,531.5,9.0318,0.9605,-0.862,-0.018166,9.6348,-2.3599e-15,1.1392e-15
2197.8,-156.68,531.62,9.0291,0.96312,-0.86835,-0.037116,9.6348,-2.3599e-15,1.1392e-15
2197.9,-156.73,531.73,9.0245,0.96705,-0.86736,-0.054531,9.6348,-2.3599e-15,1.1392e-15
2198,-156.79,531.85,9.0182,0.97206,-0.85956,-0.069516,9.6348,-2.3599e-15,1.1392e-15
2198.1,-156.84,531.97,9.0107,0.97787,-0.84588,-0.081569,9.6348,-2.3599e-15,1.1392e-15
2198.2,-156.9,532.09,9.002,0.98415,-0.82752,-0.090557,9.6348,-2.3599e-15,1.1392e-15
2198.3,-156.95,532.2,8.9926,0.9906,-0.80571,-0.096626,9.6348,-2.3599e-15,1.1392e-15
2198.4,-157.01,532.31,8.9828,0.99698,-0.78163,-0.1001,9.6348,-2.3599e-15,1.1392e-15
2198.5,-157.07,532.43,8.9727,1.0031,-0.7563,-0.10136,9.6348,-2.3599e-15,1.1392e-15
2198.6,-157.13,532.54,8.9626,1.0087,-0.73056,-0.10083,9.6348,-2.3599e-15,1.1392e-15
2198.7,-157.18,532.65,8.9526,1.0139,-0.70504,-0.09888,9.6348,-2.3599e-15,1.1392e-15
2198.8,-157.24,532.76,8.9428,1.0185,-0.68025,-0.095825,9.6348,-2.3599e-15,1.1392e-15
2198.9,-157.3,532.86,8.9334,1.0225,-0.65654,-0.091933,9.6348,-2.3599e-15,1.1392e-15
2199,-157.36,532.97,8.9245,1.0259,-0.63415,-0.087412,9.6348,-2.3599e-15,1.1392e-15
2199.1,-157.42,533.07,8.916,1.0288,-0.61325,-0.082426,9.6348,-2.3599e-15,1.1392e-15
2199.2,-157.48,533.18,8.908,1.0312,-0.59395,-0.077095,9.6348,-2.3599e-15,1.1392e-15
2199.3,-157.54,533.28,8.9006,1.033,-0.57632,-0.071507,9.6348,-2.3599e-15,1.1392e-15
2199.4,-157.6,533.38,8.8937,1.0344,-0.56039,-0.065725,9.6348,-2.3599e-15,1.1392e-15
2199.5,-157.66,533.48,8.8874,1.0353,-0.54618,-0.059788,9.6348,-2.3599e-15,1.1392e-15
2199.6,-157.72,533.58,8.8817,1.0358,-0.53372,-0.053722,9.6348,-2.3599e-15,1.1392e-15
2199.7,-157.78,533.68,8.8767,1.036,-0.523,-0.04754,9.6348,-2.3599e-15,1.1392e-15
2199.8,-157.85,533.78,8.8722,1.0359,-0.51404,-0.041243,9.6348,-2.3599e-15,1.1392e-15
2199.9,-157.91,533.87,8.8684,1.0354,-0.50686,-0.03483,9.6348,-2.3599e-15,1.1392e-15
2200,-157.97,533.97,8.8653,1.0346,-0.50148,-0.028291,9.6348,-2.3599e-15,1.1392e-15
2200.1,-158.03,534.07,8.8628,1.0336,-0.49793,-0.021619,9.6348,-2.3599e-15,1.1392e-15
2200.2,-158.09,534.17,8.861,1.0323,-0.49627,-0.014804,9.6348,-2.3599e-15,1.1392e-15
2200.3,-158.15,534.26,8.8598,1.0307,-0.49655,-0.0078396,9.6348,-2.3599e-15,1.1392e-15
2200.4,-158.21,534.36,8.8594,1.0289,-0.49886,-0.00072694,9.6348,-2.3599e-15,1.1392e-15
2200.5,-158.27,534.46,8.8597,1.0268,-0.50259,0.0067652,9.6348,-2.3599e-15,1.1392e-15
2200.6,-158.33,534.56,8.8608,1.0245,-0.50678,0.014966,9.6348,-2.3599e-15,1.1392e-15
2200.7,-158.39,534.65,8.8627,1.0218,-0.51148,0.023825,9.6348,-2.3599e-15,1.1392e-15
2200.8,-158.45,534.75,8.8656,1.0189,-0.51671,0.033255,9.6348,-2.3599e-15,1.1392e-15
2200.9,-158.51,534.85,8.8694,1.0156,-0.52252,0.043128,9.6348,-2.3599e-15,1.1392e-15
2201,-158.57,534.95,8.8742,1.012,-0.52892,0.053283,9.6348,-2.3599e-15,1.1392e-15
2201.1,-158.62,535.04,8.88,1.0079,-0.53594,0.063525,9.6348,-2.3599e-15,1.1392e-15
2201.2,-158.68,535.14,8.8869,1.0036,-0.54356,0.073643,9.6348,-2.3599e-15,1.1392e-15
2201.3,-158.74,535.24,8.8948,0.99886,-0.55177,0.083416,9.6348,-2.3599e-15,1.1392e-15
2201.4,-158.8,535.34,8.9036,0.9938,-0.56055,0.092626,9.6348,-2.3599e-15,1.1392e-15
2201.5,-158.86,535.44,8.9133,0.98843,-0.56985,0.10108,9.6348,-2.3599e-15,1.1392e-15
2201.6,-158.92,535.53,8.9237,0.98279,-0.57963,0.10859,9.6348,-2.3599e-15,1.1392e-15
2201.7,-158.97,535.63,8.9349,0.97692,-0.58983,0.11504,9.6348,-2.3599e-15,1.1392e-15
2201.8,-159.03,535.73,8.9467,0.97086,-0.60037,0.12033,9.6348,-2.3599e-15,1.1392e-15
2201.9,-159.09,535.83,8.959,0.96467,-0.61121,0.12439,9.6348,-2.3599e-15,1.1392e-15
2202,-159.15,535.93,8.9715,0.95841,-0.62228,0.12721,9.6348,-2.3599e-15,1.1392e-15
2202.1,-159.21,536.02,8.9844,0.95213,-0.63352,0.12877,9.6348,-2.3599e-15,1.1392e-15
2202.2,-159.27,536.12,8.9973,0.94589,-0.64488,0.12912,9.6348,-2.3599e-15,1.1392e-15
2202.3,-159.33,536.22,9.0101,0.93976,-0.65633,0.12828,9.6348,-2.3599e-15,1.1392e-15
2202.4,-159.39,536.32,9.0229,0.93379,-0.66784,0.1263,9.6348,-2.3599e-15,1.1392e-15
2202.5,-159.45,536.42,9.0354,0.92804,-0.6794,0.12323,9.6348,-2.3599e-15,1.1392e-15
2202.6,-159.51,536.51,9.0475,0.92257,-0.69099,0.11911,9.6348,-2.3599e-15,1.1392e-15
2202.7,-159.57,536.61,9.0592,0.91745,-0.70262,0.11397,9.6348,-2.3599e-15,1.1392e-15
2202.8,-159.63,536.71,9.0702,0.91271,-0.7143,0.10784,9.6348,-2.3599e-15,1.1392e-15
2202.9,-159.69,536.81,9.0807,0.90843,-0.72607,0.10071,9.6348,-2.3599e-15,1.1392e-15
2203,-159.75,536.91,9.0904,0.90467,-0.73795,0.09258,7.8478,-1.2002,0.5887
2203.1,-159.81,537.01,9.1,0.89698,-0.75514,0.099443,7.8478,-1.2002,0.5887
2203.2,-159.87,537.11,9.1102,0.88904,-0.77282,0.10397,7.8478,-1.2002,0.5887
2203.3,-159.93,537.21,9.1207,0.88099,-0.79096,0.10607,7.8478,-1.2002,0.5887
2203.4,-159.99,537.31,9.1313,0.87299,-0.80956,0.10572,7.8478,-1.2002,0.5887
2203.5,-160.05,537.42,9.1418,0.8652,-0.82864,0.10291,7.8478,-1.2002,0.5887
2203.6,-160.11,537.52,9.1518,0.85778,-0.84827,0.097662,7.8478,-1.2002,0.5887
2203.7,-160.17,537.63,9.1612,0.85091,-0.86853,0.089936,7.8478,-1.2002,0.5887
2203.8,-160.23,537.73,9.1697,0.84477,-0.88957,0.079661,7.8478,-1.2002,0.5887
2203.9,-160.29,537.84,9.177,0.83958,-0.91158,0.066671,7.8478,-1.2002,0.5887
2204,-160.35,537.95,9.1829,0.83557,-0.93482,0.05067,7.8478,-1.2002,0.5887
2204.1,-160.41,538.06,9.1871,0.83302,-0.95963,0.031166,7.8478,-1.2002,0.5887
2204.2,-160.47,538.18,9.189,0.83228,-0.98648,0.0073645,7.8478,-1.2002,0.5887
2204.3,-160.52,538.29,9.1884,0.8338,-1.0124,-0.020484,7.8478,-1.2002,0.5887
2204.4,-160.58,538.41,9.185,0.83778,-1.0276,-0.047817,7.8478,-1.2002,0.5887
2204.5,-160.64,538.53,9.1789,0.84402,-1.0317,-0.07205,7.8478,-1.2002,0.5887
2204.6,-160.7,538.65,9.1707,0.85206,-1.0257,-0.091603,7.8478,-1.2002,0.5887
2204.7,-160.75,538.77,9.1608,0.86129,-1.0116,-0.10586,7.8478,-1.2002,0.5887
2204.8,-160.81,538.89,9.1497,0.8711,-0.99166,-0.11501,7.8478,-1.2002,0.5887
2204.9,-160.87,539.01,9.1379,0.88097,-0.96813,-0.11966,7.8478,-1.2002,0.5887
2205,-160.92,539.13,9.1259,0.89049,-0.94287,-0.12067,7.8478,-1.2002,0.5887
2205.1,-160.98,539.24,9.1139,0.89937,-0.91734,-0.11885,7.8478,-1.2002,0.5887
2205.2,-161.04,539.36,9.1022,0.90744,-0.89264,-0.11493,7.8478,-1.2002,0.5887
2205.3,-161.1,539.47,9.091,0.91462,-0.86954,-0.10951,7.8478,-1.2002,0.5887
2205.4,-161.15,539.58,9.0803,0.92087,-0.84855,-0.10308,7.8478,-1.2002,0.5887
2205.5,-161.21,539.69,9.0704,0.92621,-0.82999,-0.095983,7.8478,-1.2002,0.5887
2205.6,-161.27,539.8,9.0611,0.93068,-0.81404,-0.088514,7.8478,-1.2002,0.5887
2205.7,-161.33,539.91,9.0527,0.93432,-0.80081,-0.080882,7.8478,-1.2002,0.5887
2205.8,-161.39,540.02,9.045,0.93721,-0.79031,-0.073257,7.8478,-1.2002,0.5887
2205.9,-161.44,540.13,9.038,0.9394,-0.78251,-0.065778,7.8478,-1.2002,0.5887
2206,-161.5,540.24,9.0318,0.94096,-0.77736,-0.058565,7.8478,-1.2002,0.5887
2206.1,-161.56,540.34,9.0263,0.94197,-0.77478,-0.051729,7.8478,-1.2002,0.5887
2206.2,-161.61,540.45,9.0214,0.94247,-0.77464,-0.045374,7.8478,-1.2002,0.5887
2206.3,-161.67,540.56,9.0172,0.94255,-0.77682,-0.039606,7.8478,-1.2002,0.5887
2206.4,-161.73,540.67,9.0135,0.94226,-0.78114,-0.03453,7.8478,-1.2002,0.5887
2206.5,-161.78,540.78,9.0103,0.94168,-0.7874,-0.03025,7.8478,-1.2002,0.5887
2206.6,-161.84,540.89,9.0074,0.94087,-0.79537,-0.026866,7.8478,-1.2002,0.5887
2206.7,-161.89,541,9.0049,0.9399,-0.80477,-0.024467,7.8478,-1.2002,0.5887
2206.8,-161.94,541.11,9.0025,0.93886,-0.81527,-0.023123,7.8478,-1.2002,0.5887
2206.9,-161.99,541.23,9.0002,0.93782,-0.82651,-0.022873,7.8478,-1.2002,0.5887
2207,-162.04,541.34,8.9979,0.93686,-0.83811,-0.02372,7.8478,-1.2002,0.5887
2207.1,-162.09,541.46,8.9954,0.93606,-0.84966,-0.025618,7.8478,-1.2002,0.5887
2207.2,-162.14,541.57,8.9927,0.93549,-0.86073,-0.028469,7.8478,-1.2002,0.5887
2207.3,-162.19,541.69,8.9897,0.93522,-0.87094,-0.032124,7.8478,-1.2002,0.5887
2207.4,-162.24,541.81,8.9863,0.93529,-0.87994,-0.036389,7.8478,-1.2002,0.5887
2207.5,-162.29,541.93,8.9824,0.93573,-0.88745,-0.041039,7.8478,-1.2002,0.5887
2207.6,-162.33,542.05,8.9781,0.93655,-0.89328,-0.045836,7.8478,-1.2002,0.5887
2207.7,-162.38,542.17,8.9732,0.93774,-0.89731,-0.050548,7.8478,-1.2002,0.5887
2207.8,-162.42,542.29,8.968,0.93926,-0.89955,-0.054963,7.8478,-1.2002,0.5887
2207.9,-162.47,542.42,8.9623,0.94108,-0.90009,-0.058909,7.8478,-1.2002,0.5887
2208,-162.51,542.54,8.9562,0.94312,-0.89909,-0.062259,7.8478,-1.2002,0.5887
2208.1,-162.55,542.66,8.9498,0.94531,-0.89676,-0.064934,7.8478,-1.2002,0.5887
2208.2,-162.6,542.79,8.9432,0.9476,-0.89336,-0.066899,7.8478,-1.2002,0.5887
2208.3,-162.64,542.91,8.9365,0.94992,-0.88917,-0.068161,7.8478,-1.2002,0.5887
2208.4,-162.68,543.03,8.9296,0.9522,-0.88445,-0.068754,7.8478,-1.2002,0.5887
2208.5,-162.72,543.15,8.9227,0.95439,-0.87947,-0.06874,7.8478,-1.2002,0.5887
2208.6,-162.76,543.28,8.9159,0.95646,-0.87445,-0.068193,7.8478,-1.2002,0.5887
2208.7,-162.81,543.4,8.9091,0.95836,-0.86961,-0.067196,7.8478,-1.2002,0.5887
2208.8,-162.85,543.52,8.9025,0.96007,-0.86512,-0.065839,7.8478,-1.2002,0.5887
2208.9,-162.89,543.65,8.896,0.96159,-0.86111,-0.064208,7.8478,-1.2002,0.5887
2209,-162.92,543.77,8.8896,0.96289,-0.85771,-0.062389,7.8478,-1.2002,0.5887
2209.1,-162.96,543.89,8.8835,0.96399,-0.85498,-0.060462,7.8478,-1.2002,0.5887
2209.2,-163,544.01,8.8775,0.9649,-0.85297,-0.058502,7.8478,-1.2002,0.5887
2209.3,-163.04,544.14,8.8718,0.96561,-0.85171,-0.056577,7.8478,-1.2002,0.5887
2209.4,-163.08,544.26,8.8662,0.96615,-0.85118,-0.05475,7.8478,-1.2002,0.5887
2209.5,-163.11,544.38,8.8608,0.96654,-0.85135,-0.053073,1.6949,-4.1513e-16,1.9934e-16
2209.6,-163.15,544.51,8.8548,0.95377,-0.84383,-0.06735,1.6949,-4.1513e-16,1.9934e-16
2209.7,-163.18,544.63,8.8474,0.94239,-0.83064,-0.079658,1.6949,-4.1513e-16,1.9934e-16
2209.8,-163.22,544.75,8.8389,0.93213,-0.81266,-0.08961,1.6949,-4.1513e-16,1.9934e-16
2209.9,-163.25,544.87,8.8296,0.9227,-0.79091,-0.097107,1.6949,-4.1513e-16,1.9934e-16
2210,-163.28,544.98,8.8196,0.91385,-0.76644,-0.10227,1.6949,-4.1513e-16,1.9934e-16
2210.1,-163.31,545.1,8.8092,0.90536,-0.74021,-0.10535,1.6949,-4.1513e-16,1.9934e-16
2210.2,-163.34,545.21,8.7986,0.89707,-0.71303,-0.10667,1.6949,-4.1513e-16,1.9934e-16
2210.3,-163.37,545.32,8.7879,0.88884,-0.68558,-0.10656,1.6949,-4.1513e-16,1.9934e-16
2210.4,-163.4,545.43,8.7773,0.8806,-0.65835,-0.10532,1.6949,-4.1513e-16,1.9934e-16
2210.5,-163.43,545.53,8.7669,0.87229,-0.63173,-0.10323,1.6949,-4.1513e-16,1.9934e-16
2210.6,-163.46,545.63,8.7567,0.86388,-0.60598,-0.1005,1.6949,-4.1513e-16,1.9934e-16
2210.7,-163.49,545.73,8.7468,0.85537,-0.58127,-0.097316,1.6949,-4.1513e-16,1.9934e-16
2210.8,-163.53,545.83,8.7372,0.84677,-0.55771,-0.093832,1.6949,-4.1513e-16,1.9934e-16
2210.9,-163.55,545.93,8.728,0.83809,-0.53534,-0.090156,1.6949,-4.1513e-16,1.9934e-16
2211,-163.58,546.02,8.7192,0.82934,-0.51418,-0.086376,1.6949,-4.1513e-16,1.9934e-16
2211.1,-163.61,546.11,8.7108,0.82054,-0.49423,-0.082557,1.6949,-4.1513e-16,1.9934e-16
2211.2,-163.64,546.2,8.7027,0.81173,-0.47544,-0.078747,1.6949,-4.1513e-16,1.9934e-16
2211.3,-163.67,546.29,8.695,0.80291,-0.45778,-0.074981,1.6949,-4.1513e-16,1.9934e-16
2211.4,-163.7,546.38,8.6877,0.79412,-0.4412,-0.071285,1.6949,-4.1513e-16,1.9934e-16
2211.5,-163.73,546.46,8.6807,0.78536,-0.42564,-0.067676,1.6949,-4.1513e-16,1.9934e-16
2211.6,-163.76,546.55,8.6742,0.77666,-0.41106,-0.064165,1.6949,-4.1513e-16,1.9934e-16
2211.7,-163.79,546.63,8.6679,0.76803,-0.39739,-0.060758,1.6949,-4.1513e-16,1.9934e-16
2211.8,-163.82,546.71,8.662,0.75948,-0.38458,-0.05746,1.6949,-4.1513e-16,1.9934e-16
2211.9,-163.85,546.79,8.6564,0.75103,-0.37258,-0.054272,1.6949,-4.1513e-16,1.9934e-16
2212,-163.87,546.87,8.6511,0.74269,-0.36135,-0.051192,1.6949,-4.1513e-16,1.9934e-16
2212.1,-163.9,546.94,8.6462,0.73445,-0.35083,-0.048219,1.6949,-4.1513e-16,1.9934e-16
2212.2,-163.93,547.02,8.6415,0.72634,-0.34098,-0.045349,1.6949,-4.1513e-16,1.9934e-16
2212.3,-163.96,547.1,8.6371,0.71835,-0.33176,-0.04258,1.6949,-4.1513e-16,1.9934e-16
2212.4,-163.98,547.17,8.633,0.7105,-0.32313,-0.039906,1.6949,-4.1513e-16,1.9934e-16
2212.5,-164.01,547.24,8.6291,0.70277,-0.31505,-0.037324,1.6949,-4.1513e-16,1.9934e-16
2212.6,-164.04,547.31,8.6255,0.69519,-0.3075,-0.03483,1.6949,-4.1513e-16,1.9934e-16
2212.7,-164.06,547.38,8.6221,0.68774,-0.30045,-0.03242,1.6949,-4.1513e-16,1.9934e-16
2212.8,-164.09,547.45,8.619,0.68043,-0.29385,-0.030088,1.6949,-4.1513e-16,1.9934e-16
2212.9,-164.12,547.52,8.6161,0.67326,-0.28769,-0.027833,1.6949,-4.1513e-16,1.9934e-16
2213,-164.14,547.59,8.6135,0.66624,-0.28194,-0.025648,1.6949,-4.1513e-16,1.9934e-16
2213.1,-164.17,547.66,8.611,0.65935,-0.27659,-0.023532,1.6949,-4.1513e-16,1.9934e-16
2213.2,-164.19,547.73,8.6087,0.6526,-0.2716,-0.02148,1.6949,-4.1513e-16,1.9934e-16
2213.3,-164.22,547.79,8.6067,0.64599,-0.26696,-0.01949,1.6949,-4.1513e-16,1.9934e-16
2213.4,-164.24,547.86,8.6048,0.63951,-0.26265,-0.017558,1.6949,-4.1513e-16,1.9934e-16
2213.5,-164.26,547.92,8.6032,0.63317,-0.25865,-0.015683,1.6949,-4.1513e-16,1.9934e-16
2213.6,-164.29,547.98,8.6017,0.62696,-0.25495,-0.013861,1.6949,-4.1513e-16,1.9934e-16
2213.7,-164.31,548.05,8.6004,0.62088,-0.25154,-0.01209,1.6949,-4.1513e-16,1.9934e-16
2213.8,-164.34,548.11,8.5993,0.61493,-0.24839,-0.010368,1.6949,-4.1513e-16,1.9934e-16
2213.9,-164.36,548.17,8.5983,0.60911,-0.2455,-0.0086948,1.6949,-4.1513e-16,1.9934e-16
2214,-164.38,548.23,8.5975,0.60341,-0.24286,-0.0070678,1.6949,-4.1513e-16,1.9934e-16
2214.1,-164.41,548.29,8.5969,0.59783,-0.24044,-0.005486,1.6949,-4.1513e-16,1.9934e-16
2214.2,-164.43,548.35,8.5964,0.59237,-0.23825,-0.0039486,1.6949,-4.1513e-16,1.9934e-16
2214.3,-164.45,548.41,8.5961,0.58703,-0.23628,-0.0024549,1.6949,-4.1513e-16,1.9934e-16
2214.4,-164.47,548.47,8.596,0.5818,-0.2345,-0.0010044,1.6949,-4.1513e-16,1.9934e-16
2214.5,-164.49,548.53,8.5959,0.57668,-0.23292,0.00040535,1.6949,-4.1513e-16,1.9934e-16
2214.6,-164.52,548.59,8.596,0.57167,-0.2314,0.0018116,1.6949,-4.1513e-16,1.9934e-16
2214.7,-164.54,548.65,8.5963,0.56677,-0.22992,0.0032256,1.6949,-4.1513e-16,1.9934e-16
2214.8,-164.56,548.7,8.5967,0.56196,-0.22848,0.0046444,1.6949,-4.1513e-16,1.9934e-16
2214.9,-164.58,548.76,8.5972,0.55726,-0.22706,0.0060651,1.6949,-4.1513e-16,1.9934e-16
2215,-164.6,548.82,8.5979,0.55265,-0.22569,0.0074844,1.6949,-4.1513e-16,1.9934e-16
2215.1,-164.62,548.87,8.5987,0.54814,-0.22434,0.0088989,1.6949,-4.1513e-16,1.9934e-16
2215.2,-164.64,548.93,8.5997,0.54371,-0.22303,0.010305,1.6949,-4.1513e-16,1.9934e-16
2215.3,-164.66,548.98,8.6008,0.53937,-0.22175,0.0117,1.6949,-4.1513e-16,1.9934e-16
2215.4,-164.68,549.04,8.602,0.53512,-0.2205,0.013079,1.6949,-4.1513e-16,1.9934e-16
2215.5,-164.7,549.09,8.6034,0.53095,-0.21929,0.01444,1.6949,-4.1513e-16,1.9934e-16
2215.6,-164.72,549.14,8.6049,0.52687,-0.21811,0.015778,1.6949,-4.1513e-16,1.9934e-16
2215.7,-164.74,549.2,8.6065,0.52286,-0.21695,0.01709,1.6949,-4.1513e-16,1.9934e-16
2215.8,-164.76,549.25,8.6083,0.51893,-0.21583,0.018373,1.6949,-4.1513e-16,1.9934e-16
2215.9,-164.78,549.3,8.6102,0.51508,-0.21473,0.019625,1.6949,-4.1513e-16,1.9934e-16
2216,-164.8,549.35,8.6122,0.5113,-0.21366,0.02084,1.6949,-4.1513e-16,1.9934e-16
2216.1,-164.82,549.41,8.6144,0.50759,-0.21262,0.022019,1.6949,-4.1513e-16,1.9934e-16
2216.2,-164.84,549.46,8.6166,0.50396,-0.2116,0.023156,1.6949,-4.1513e-16,1.9934e-16
2216.3,-164.86,549.51,8.619,0.5004,-0.21061,0.024251,1.6949,-4.1513e-16,1.9934e-16
2216.4,-164.88,549.56,8.6215,0.4969,-0.20963,0.025301,1.6949,-4.1513e-16,1.9934e-16
2216.5,-164.9,549.61,8.6241,0.49348,-0.20868,0.026305,1.6949,-4.1513e-16,1.9934e-16
2216.6,-164.92,549.66,8.6268,0.49012,-0.20775,0.027261,1.6949,-4.1513e-16,1.9934e-16
2216.7,-164.94,549.71,8.6295,0.48683,-0.20683,0.028168,1.6949,-4.1513e-16,1.9934e-16
2216.8,-164.96,549.76,8.6324,0.4836,-0.20593,0.029026,1.6949,-4.1513e-16,1.9934e-16
2216.9,-164.98,549.81,8.6353,0.48044,-0.20505,0.029833,1.6949,-4.1513e-16,1.9934e-16
2217,-165,549.85,8.6384,0.47734,-0.20418,0.030589,1.6949,-4.1513e-16,1.9934e-16
2217.1,-165.02,549.9,8.6414,0.4743,-0.20332,0.031295,1.6949,-4.1513e-16,1.9934e-16
2217.2,-165.03,549.95,8.6446,0.47132,-0.20247,0.03195,1.6949,-4.1513e-16,1.9934e-16
2217.3,-165.05,550,8.6478,0.46841,-0.20162,0.032555,1.6949,-4.1513e-16,1.9934e-16
2217.4,-165.07,550.04,8.6511,0.46555,-0.20079,0.033111,1.6949,-4.1513e-16,1.9934e-16
2217.5,-165.09,550.09,8.6545,0.46276,-0.19996,0.033618,1.6949,-4.1513e-16,1.9934e-16
2217.6,-165.11,550.14,8.6578,0.46002,-0.19914,0.034078,1.6949,-4.1513e-16,1.9934e-16
2217.7,-165.13,550.18,8.6613,0.45734,-0.19832,0.034492,1.6949,-4.1513e-16,1.9934e-16
2217.8,-165.15,550.23,8.6647,0.45472,-0.1975,0.034861,1.6949,-4.1513e-16,1.9934e-16
2217.9,-165.17,550.27,8.6682,0.45215,-0.19669,0.035186,1.6949,-4.1513e-16,1.9934e-16
2218,-165.19,550.32,8.6718,0.44964,-0.19587,0.035469,1.6949,-4.1513e-16,1.9934e-16
2218.1,-165.21,550.36,8.6753,0.44718,-0.19506,0.035712,1.6949,-4.1513e-16,1.9934e-16
2218.2,-165.23,550.41,8.6789,0.44478,-0.19424,0.035916,1.6949,-4.1513e-16,1.9934e-16
2218.3,-165.25,550.45,8.6825,0.44243,-0.19342,0.036083,1.6949,-4.1513e-16,1.9934e-16
2218.4,-165.27,550.5,8.6861,0.44014,-0.1926,0.036215,1.6949,-4.1513e-16,1.9934e-16
2218.5,-165.29,550.54,8.6898,0.43789,-0.19177,0.036314,1.6949,-4.1513e-16,1.9934e-16
2218.6,-165.31,550.58,8.6934,0.4357,-0.19094,0.036381,1.6949,-4.1513e-16,1.9934e-16
2218.7,-165.33,550.63,8.697,0.43355,-0.19011,0.036419,1.6949,-4.1513e-16,1.9934e-16
2218.8,-165.35,550.67,8.7007,0.43145,-0.18927,0.036429,1.6949,-4.1513e-16,1.9934e-16
2218.9,-165.37,550.71,8.7043,0.42941,-0.18843,0.036412,1.6949,-4.1513e-16,1.9934e-16
2219,-165.39,550.76,8.708,0.42741,-0.18758,0.036371,1.6949,-4.1513e-16,1.9934e-16
2219.1,-165.41,550.8,8.7116,0.42546,-0.18672,0.036308,1.6949,-4.1513e-16,1.9934e-16
2219.2,-165.43,550.84,8.7152,0.42355,-0.18586,0.036223,1.6949,-4.1513e-16,1.9934e-16
2219.3,-165.45,550.88,8.7188,0.42169,-0.18499,0.03612,1.6949,-4.1513e-16,1.9934e-16
2219.4,-165.47,550.92,8.7224,0.41987,-0.18411,0.035998,1.6949,-4.1513e-16,1.9934e-16
2219.5,-165.49,550.96,8.726,0.4181,-0.18323,0.03586,1.6949,-4.1513e-16,1.9934e-16
2219.6,-165.51,551,8.7296,0.41637,-0.18234,0.035707,1.6949,-4.1513e-16,1.9934e-16
2219.7,-165.53,551.04,8.7332,0.41468,-0.18144,0.035541,1.6949,-4.1513e-16,1.9934e-16
2219.8,-165.55,551.09,8.7367,0.41303,-0.18054,0.035363,1.6949,-4.1513e-16,1.9934e-16
2219.9,-165.57,551.13,8.7402,0.41142,-0.17963,0.035175,1.6949,-4.1513e-16,1.9934e-16
2220,-165.59,551.17,8.7438,0.40986,-0.17871,0.034976,1.6949,-4.1513e-16,1.9934e-16
2220.1,-165.61,551.2,8.7472,0.40833,-0.17779,0.03477,1.6949,-4.1513e-16,1.9934e-16
2220.2,-165.63,551.24,8.7507,0.40684,-0.17686,0.034556,1.6949,-4.1513e-16,1.9934e-16
2220.3,-165.65,551.28,8.7542,0.40538,-0.17593,0.034337,1.6949,-4.1513e-16,1.9934e-16
2220.4,-165.67,551.32,8.7576,0.40397,-0.17499,0.034112,1.6949,-4.1513e-16,1.9934e-16
2220.5,-165.69,551.36,8.761,0.40258,-0.17404,0.033883,1.6949,-4.1513e-16,1.9934e-16
2220.6,-165.71,551.4,8.7644,0.40124,-0.17309,0.033651,1.6949,-4.1513e-16,1.9934e-16
2220.7,-165.73,551.44,8.7677,0.39992,-0.17213,0.033417,1.6949,-4.1513e-16,1.9934e-16
2220.8,-165.76,551.47,8.771,0.39864,-0.17117,0.033181,1.6949,-4.1513e-16,1.9934e-16
2220.9,-165.78,551.51,8.7743,0.3974,-0.1702,0.032944,1.6949,-4.1513e-16,1.9934e-16
2221,-165.8,551.55,8.7776,0.39618,-0.16923,0.032707,1.6949,-4.1513e-16,1.9934e-16
2221.1,-165.82,551.59,8.7809,0.395,-0.16825,0.032471,1.6949,-4.1513e-16,1.9934e-16
2221.2,-165.84,551.62,8.7841,0.39384,-0.16727,0.032236,1.6949,-4.1513e-16,1.9934e-16
2221.3,-165.86,551.66,8.7873,0.39272,-0.16629,0.032003,1.6949,-4.1513e-16,1.9934e-16
2221.4,-165.88,551.7,8.7905,0.39162,-0.1653,0.031772,1.6949,-4.1513e-16,1.9934e-16
2221.5,-165.91,551.73,8.7937,0.39055,-0.16431,0.031544,1.6949,-4.1513e-16,1.9934e-16
2221.6,-165.93,551.77,8.7968,0.38951,-0.16332,0.031319,1.6949,-4.1513e-16,1.9934e-16
2221.7,-165.95,551.81,8.7999,0.3885,-0.16233,0.031097,3.5662,-0.42472,0.20832
2221.8,-165.97,551.84,8.8033,0.39164,-0.16318,0.036721,3.5662,-0.42472,0.20832
2221.9,-165.99,551.88,8.8073,0.39465,-0.16419,0.042231,3.5662,-0.42472,0.20832
2222,-166.02,551.92,8.8118,0.39751,-0.16537,0.04759,3.5662,-0.42472,0.20832
2222.1,-166.04,551.95,8.8168,0.40024,-0.16671,0.052767,3.5662,-0.42472,0.20832
2222.2,-166.06,551.99,8.8223,0.40283,-0.16822,0.057734,3.5662,-0.42472,0.20832
2222.3,-166.09,552.02,8.8283,0.4053,-0.16988,0.06247,3.5662,-0.42472,0.20832
2222.4,-166.11,552.06,8.8348,0.40764,-0.17169,0.066955,3.5662,-0.42472,0.20832
2222.5,-166.14,552.1,8.8417,0.40986,-0.17365,0.071178,3.5662,-0.42472,0.20832
2222.6,-166.16,552.14,8.849,0.41197,-0.17574,0.075129,3.5662,-0.42472,0.20832
2222.7,-166.19,552.17,8.8567,0.41397,-0.17795,0.078806,3.5662,-0.42472,0.20832
2222.8,-166.21,552.21,8.8648,0.41586,-0.18027,0.082209,3.5662,-0.42472,0.20832
2222.9,-166.24,552.25,8.8732,0.41764,-0.1827,0.08534,3.5662,-0.42472,0.20832
2223,-166.26,552.29,8.8818,0.41933,-0.18522,0.088208,3.5662,-0.42472,0.20832
2223.1,-166.29,552.32,8.8908,0.42092,-0.18782,0.090819,3.5662,-0.42472,0.20832
2223.2,-166.32,552.36,8.9,0.42241,-0.19049,0.093185,3.5662,-0.42472,0.20832
2223.3,-166.34,552.4,8.9094,0.42383,-0.19322,0.095318,3.5662,-0.42472,0.20832
2223.4,-166.37,552.44,8.9191,0.42515,-0.196,0.09723,3.5662,-0.42472,0.20832
2223.5,-166.4,552.47,8.9289,0.4264,-0.19883,0.098935,3.5662,-0.42472,0.20832
2223.6,-166.43,552.51,8.9388,0.42757,-0.20168,0.10044,3.5662,-0.42472,0.20832
2223.7,-166.46,552.55,8.949,0.42867,-0.20457,0.10177,3.5662,-0.42472,0.20832
2223.8,-166.49,552.59,8.9592,0.42969,-0.20746,0.10293,3.5662,-0.42472,0.20832
2223.9,-166.51,552.62,8.9695,0.43066,-0.21037,0.10394,3.5662,-0.42472,0.20832
2224,-166.54,552.66,8.98,0.43155,-0.21329,0.1048,3.5662,-0.42472,0.20832
2224.1,-166.57,552.7,8.9905,0.43239,-0.2162,0.10553,3.5662,-0.42472,0.20832
2224.2,-166.6,552.74,9.0011,0.43318,-0.2191,0.10613,3.5662,-0.42472,0.20832
2224.3,-166.64,552.78,9.0117,0.43391,-0.222,0.10663,3.5662,-0.42472,0.20832
2224.4,-166.67,552.81,9.0224,0.43458,-0.22488,0.10702,3.5662,-0.42472,0.20832
2224.5,-166.7,552.85,9.0331,0.43521,-0.22774,0.10731,3.5662,-0.42472,0.20832
2224.6,-166.73,552.89,9.0439,0.4358,-0.23058,0.10752,3.5662,-0.42472,0.20832
2224.7,-166.76,552.93,9.0546,0.43634,-0.23339,0.10766,3.5662,-0.42472,0.20832
2224.8,-166.79,552.96,9.0654,0.43684,-0.23618,0.10772,3.5662,-0.42472,0.20832
2224.9,-166.83,553,9.0762,0.43731,-0.23894,0.10771,3.5662,-0.42472,0.20832
2225,-166.86,553.04,9.0869,0.43774,-0.24167,0.10764,3.5662,-0.42472,0.20832
2225.1,-166.89,553.08,9.0977,0.43813,-0.24437,0.10752,3.5662,-0.42472,0.20832
2225.2,-166.93,553.11,9.1084,0.4385,-0.24703,0.10735,3.5662,-0.42472,0.20832
2225.3,-166.96,553.15,9.1192,0.43883,-0.24966,0.10713,3.5662,-0.42472,0.20832
2225.4,-167,553.19,9.1299,0.43914,-0.25226,0.10687,3.5662,-0.42472,0.20832
2225.5,-167.03,553.22,9.1405,0.43942,-0.25482,0.10657,3.5662,-0.42472,0.20832
2225.6,-167.07,553.26,9.1512,0.43968,-0.25734,0.10624,3.5662,-0.42472,0.20832
2225.7,-167.1,553.3,9.1618,0.43992,-0.25983,0.10587,3.5662,-0.42472,0.20832
2225.8,-167.14,553.33,9.1723,0.44014,-0.26228,0.10548,3.5662,-0.42472,0.20832
2225.9,-167.17,553.37,9.1829,0.44033,-0.2647,0.10505,3.5662,-0.42472,0.20832
2226,-167.21,553.41,9.1934,0.44051,-0.26708,0.1046,3.5662,-0.42472,0.20832
2226.1,-167.25,553.44,9.2038,0.44068,-0.26942,0.10413,3.5662,-0.42472,0.20832
2226.2,-167.28,553.48,9.2142,0.44083,-0.27173,0.10364,3.5662,-0.42472,0.20832
2226.3,-167.32,553.51,9.2245,0.44097,-0.27401,0.10313,3.5662,-0.42472,0.20832
2226.4,-167.36,553.55,9.2348,0.44109,-0.27624,0.1026,3.5662,-0.42472,0.20832
2226.5,-167.4,553.59,9.245,0.4412,-0.27845,0.10205,3.5662,-0.42472,0.20832
2226.6,-167.44,553.62,9.2552,0.44131,-0.28061,0.10149,3.5662,-0.42472,0.20832
2226.7,-167.48,553.66,9.2653,0.4414,-0.28275,0.10092,3.5662,-0.42472,0.20832
2226.8,-167.51,553.69,9.2754,0.44149,-0.28485,0.10033,3.5662,-0.42472,0.20832
2226.9,-167.55,553.72,9.2854,0.44157,-0.28692,0.099735,3.5662,-0.42472,0.20832
2227,-167.59,553.76,9.2953,0.44165,-0.28896,0.099127,3.5662,-0.42472,0.20832
2227.1,-167.63,553.79,9.3052,0.44172,-0.29096,0.09851,3.5662,-0.42472,0.20832
2227.2,-167.68,553.83,9.315,0.44178,-0.29293,0.097883,3.5662,-0.42472,0.20832
2227.3,-167.72,553.86,9.3248,0.44185,-0.29488,0.097249,3.5662,-0.42472,0.20832
2227.4,-167.76,553.9,9.3345,0.44191,-0.29679,0.096607,3.5662,-0.42472,0.20832
2227.5,-167.8,553.93,9.3441,0.44196,-0.29868,0.095959,3.5662,-0.42472,0.20832
2227.6,-167.84,553.96,9.3537,0.44202,-0.30053,0.095305,3.5662,-0.42472,0.20832
2227.7,-167.88,553.99,9.3632,0.44208,-0.30236,0.094645,1.5022,-3.6794e-16,1.921e-16
2227.8,-167.92,554.03,9.3723,0.43761,-0.30231,0.088318,1.5022,-3.6794e-16,1.921e-16
2227.9,-167.97,554.06,9.3809,0.4334,-0.30206,0.082398,1.5022,-3.6794e-16,1.921e-16
2228,-168.01,554.09,9.3888,0.42942,-0.30164,0.076828,1.5022,-3.6794e-16,1.921e-16
2228.1,-168.05,554.12,9.3962,0.42567,-0.30108,0.071564,1.5022,-3.6794e-16,1.921e-16
2228.2,-168.09,554.15,9.4031,0.42214,-0.30038,0.066568,1.5022,-3.6794e-16,1.921e-16
2228.3,-168.13,554.19,9.4096,0.4188,-0.29955,0.06181,1.5022,-3.6794e-16,1.921e-16
2228.4,-168.18,554.22,9.4155,0.41566,-0.29862,0.05726,1.5022,-3.6794e-16,1.921e-16
2228.5,-168.22,554.25,9.421,0.4127,-0.2976,0.052897,1.5022,-3.6794e-16,1.921e-16
2228.6,-168.26,554.28,9.4261,0.40991,-0.29648,0.048699,1.5022,-3.6794e-16,1.921e-16
2228.7,-168.3,554.3,9.4308,0.4073,-0.29529,0.044649,1.5022,-3.6794e-16,1.921e-16
2228.8,-168.34,554.33,9.435,0.40484,-0.29402,0.040731,1.5022,-3.6794e-16,1.921e-16
2228.9,-168.38,554.36,9.4389,0.40253,-0.29268,0.036931,1.5022,-3.6794e-16,1.921e-16
2229,-168.42,554.39,9.4424,0.40037,-0.29129,0.033235,1.5022,-3.6794e-16,1.921e-16
2229.1,-168.46,554.42,9.4456,0.39835,-0.28984,0.029631,1.5022,-3.6794e-16,1.921e-16
2229.2,-168.5,554.45,9.4483,0.39647,-0.28833,0.026109,1.5022,-3.6794e-16,1.921e-16
2229.3,-168.54,554.48,9.4508,0.39471,-0.28678,0.022658,1.5022,-3.6794e-16,1.921e-16
2229.4,-168.58,554.5,9.4529,0.39307,-0.28518,0.019268,1.5022,-3.6794e-16,1.921e-16
2229.5,-168.62,554.53,9.4546,0.39156,-0.28354,0.01593,1.5022,-3.6794e-16,1.921e-16
2229.6,-168.66,554.56,9.4561,0.39016,-0.28186,0.012635,1.5022,-3.6794e-16,1.921e-16
2229.7,-168.7,554.58,9.4572,0.38887,-0.28014,0.0093722,1.5022,-3.6794e-16,1.921e-16
2229.8,-168.74,554.61,9.4579,0.38769,-0.27838,0.0061334,1.5022,-3.6794e-16,1.921e-16
2229.9,-168.78,554.64,9.4584,0.38661,-0.2766,0.002909,1.5022,-3.6794e-16,1.921e-16
2230,-168.82,554.66,9.4585,0.38563,-0.27477,-0.00030995,1.5022,-3.6794e-16,1.921e-16
2230.1,-168.86,554.69,9.4583,0.38475,-0.27267,-0.0034397,1.5022,-3.6794e-16,1.921e-16
2230.2,-168.9,554.72,9.4578,0.38395,-0.27015,-0.0064014,1.5022,-3.6794e-16,1.921e-16
2230.3,-168.94,554.74,9.4571,0.38325,-0.26724,-0.0091765,1.5022,-3.6794e-16,1.921e-16
2230.4,-168.98,554.77,9.456,0.38261,-0.26396,-0.011752,1.5022,-3.6794e-16,1.921e-16
2230.5,-169.02,554.79,9.4547,0.38204,-0.26034,-0.014118,1.5022,-3.6794e-16,1.921e-16
2230.6,-169.06,554.82,9.4532,0.38154,-0.25644,-0.016271,1.5022,-3.6794e-16,1.921e-16
2230.7,-169.09,554.84,9.4515,0.38108,-0.25228,-0.018211,1.5022,-3.6794e-16,1.921e-16
2230.8,-169.13,554.86,9.4496,0.38067,-0.24789,-0.019941,1.5022,-3.6794e-16,1.921e-16
2230.9,-169.17,554.89,9.4475,0.38029,-0.24331,-0.021467,1.5022,-3.6794e-16,1.921e-16
2231,-169.21,554.91,9.4453,0.37994,-0.23858,-0.022796,1.5022,-3.6794e-16,1.921e-16
2231.1,-169.25,554.93,9.4429,0.37962,-0.23372,-0.023939,1.5022,-3.6794e-16,1.921e-16
2231.2,-169.29,554.96,9.4405,0.37932,-0.22877,-0.024906,1.5022,-3.6794e-16,1.921e-16
2231.3,-169.33,554.98,9.438,0.37903,-0.22375,-0.025709,1.5022,-3.6794e-16,1.921e-16
2231.4,-169.36,555,9.4354,0.37874,-0.21869,-0.026361,1.5022,-3.6794e-16,1.921e-16
2231.5,-169.4,555.02,9.4327,0.37847,-0.21361,-0.026873,1.5022,-3.6794e-16,1.921e-16
2231.6,-169.44,555.04,9.43,0.37819,-0.20852,-0.027258,1.5022,-3.6794e-16,1.921e-16
2231.7,-169.48,555.06,9.4272,0.37792,-0.20345,-0.027527,1.5022,-3.6794e-16,1.921e-16
2231.8,-169.51,555.08,9.4245,0.37764,-0.19842,-0.027692,1.5022,-3.6794e-16,1.921e-16
2231.9,-169.55,555.1,9.4217,0.37736,-0.19342,-0.027763,1.5022,-3.6794e-16,1.921e-16
2232,-169.59,555.12,9.4189,0.37707,-0.18849,-0.02775,1.5022,-3.6794e-16,1.921e-16
2232.1,-169.63,555.14,9.4162,0.37677,-0.18362,-0.027663,1.5022,-3.6794e-16,1.921e-16
2232.2,-169.67,555.16,9.4134,0.37647,-0.17883,-0.02751,1.5022,-3.6794e-16,1.921e-16
2232.3,-169.7,555.18,9.4107,0.37616,-0.17412,-0.027299,1.5022,-3.6794e-16,1.921e-16
2232.4,-169.74,555.2,9.4079,0.37583,-0.1695,-0.027038,1.5022,-3.6794e-16,1.921e-16
2232.5,-169.78,555.21,9.4053,0.3755,-0.16496,-0.026732,1.5022,-3.6794e-16,1.921e-16
2232.6,-169.81,555.23,9.4026,0.37516,-0.16053,-0.026389,1.5022,-3.6794e-16,1.921e-16
2232.7,-169.85,555.25,9.4,0.37482,-0.15619,-0.026013,1.5022,-3.6794e-16,1.921e-16
2232.8,-169.89,555.26,9.3974,0.37446,-0.15196,-0.02561,1.5022,-3.6794e-16,1.921e-16
2232.9,-169.93,555.28,9.3949,0.37409,-0.14783,-0.025183,1.5022,-3.6794e-16,1.921e-16
2233,-169.96,555.29,9.3924,0.37372,-0.14379,-0.024737,1.5022,-3.6794e-16,1.921e-16
2233.1,-170,555.31,9.3899,0.37334,-0.13987,-0.024275,1.5022,-3.6794e-16,1.921e-16
2233.2,-170.04,555.33,9.3875,0.37295,-0.13604,-0.023801,1.5022,-3.6794e-16,1.921e-16
2233.3,-170.07,555.34,9.3852,0.37256,-0.13231,-0.023316,1.5022,-3.6794e-16,1.921e-16
2233.4,-170.11,555.35,9.3828,0.37216,-0.12869,-0.022825,1.5022,-3.6794e-16,1.921e-16
2233.5,-170.15,555.37,9.3806,0.37176,-0.12516,-0.022328,1.5022,-3.6794e-16,1.921e-16
2233.6,-170.18,555.38,9.3784,0.37135,-0.12174,-0.021828,1.5022,-3.6794e-16,1.921e-16
2233.7,-170.22,555.4,9.3762,0.37094,-0.1184,-0.021326,1.5022,-3.6794e-16,1.921e-16
2233.8,-170.26,555.41,9.3741,0.37052,-0.11517,-0.020824,1.5022,-3.6794e-16,1.921e-16
2233.9,-170.29,555.42,9.3721,0.3701,-0.11202,-0.020323,1.5022,-3.6794e-16,1.921e-16
2234,-170.33,555.44,9.37,0.36968,-0.10897,-0.019825,1.5022,-3.6794e-16,1.921e-16
2234.1,-170.36,555.45,9.3681,0.36925,-0.106,-0.019329,1.5022,-3.6794e-16,1.921e-16
2234.2,-170.4,555.46,9.3662,0.36883,-0.10312,-0.018838,1.5022,-3.6794e-16,1.921e-16
2234.3,-170.44,555.47,9.3643,0.3684,-0.10033,-0.018351,1.5022,-3.6794e-16,1.921e-16
2234.4,-170.47,555.49,9.3625,0.36797,-0.097616,-0.01787,1.5022,-3.6794e-16,1.921e-16
2234.5,-170.51,555.5,9.3607,0.36754,-0.094983,-0.017395,1.5022,-3.6794e-16,1.921e-16
2234.6,-170.55,555.51,9.359,0.36711,-0.092429,-0.016926,1.5022,-3.6794e-16,1.921e-16
2234.7,-170.58,555.52,9.3574,0.36669,-0.08995,-0.016463,1.5022,-3.6794e-16,1.921e-16
2234.8,-170.62,555.53,9.3557,0.36626,-0.087545,-0.016008,1.5022,-3.6794e-16,1.921e-16
2234.9,-170.65,555.54,9.3542,0.36584,-0.085211,-0.015559,1.5022,-3.6794e-16,1.921e-16
2235,-170.69,555.55,9.3526,0.36541,-0.082948,-0.015118,1.5022,-3.6794e-16,1.921e-16
2235.1,-170.73,555.57,9.3511,0.36499,-0.080751,-0.014684,1.5022,-3.6794e-16,1.921e-16
2235.2,-170.76,555.58,9.3497,0.36457,-0.078621,-0.014258,1.5022,-3.6794e-16,1.921e-16
2235.3,-170.8,555.59,9.3483,0.36415,-0.076555,-0.013839,1.5022,-3.6794e-16,1.921e-16
2235.4,-170.83,555.6,9.3469,0.36374,-0.07455,-0.013428,1.5022,-3.6794e-16,1.921e-16
2235.5,-170.87,555.61,9.3456,0.36333,-0.072605,-0.013025,1.5022,-3.6794e-16,1.921e-16
2235.6,-170.9,555.62,9.3443,0.36292,-0.070719,-0.012629,1.5022,-3.6794e-16,1.921e-16
2235.7,-170.94,555.63,9.3431,0.36251,-0.06889,-0.012241,1.5022,-3.6794e-16,1.921e-16
2235.8,-170.97,555.64,9.3419,0.36211,-0.067115,-0.011859,1.5022,-3.6794e-16,1.921e-16
2235.9,-171.01,555.65,9.3407,0.36171,-0.065394,-0.011486,1.5022,-3.6794e-16,1.921e-16
2236,-171.05,555.66,9.3396,0.36132,-0.063724,-0.011119,1.5022,-3.6794e-16,1.921e-16
2236.1,-171.08,555.67,9.3385,0.36092,-0.062105,-0.01076,1.5022,-3.6794e-16,1.921e-16
2236.2,-171.12,555.67,9.3374,0.36054,-0.060534,-0.010407,1.5022,-3.6794e-16,1.921e-16
2236.3,-171.15,555.68,9.3364,0.36015,-0.05901,-0.010061,1.5022,-3.6794e-16,1.921e-16
2236.4,-171.19,555.69,9.3354,0.35977,-0.057532,-0.0097221,1.5022,-3.6794e-16,1.921e-16
2236.5,-171.22,555.7,9.3345,0.3594,-0.056099,-0.0093896,1.5022,-3.6794e-16,1.921e-16
2236.6,-171.26,555.71,9.3335,0.35903,-0.054709,-0.0090634,1.5022,-3.6794e-16,1.921e-16
2236.7,-171.29,555.72,9.3326,0.35866,-0.053361,-0.0087434,1.5022,-3.6794e-16,1.921e-16
2236.8,-171.33,555.73,9.3318,0.3583,-0.052053,-0.0084295,1.5022,-3.6794e-16,1.921e-16
2236.9,-171.36,555.74,9.331,0.35794,-0.050785,-0.0081214,1.5022,-3.6794e-16,1.921e-16
2237,-171.4,555.74,9.3302,0.35759,-0.049555,-0.007819,1.5022,-3.6794e-16,1.921e-16
2237.1,-171.43,555.75,9.3294,0.35724,-0.048362,-0.0075222,1.5022,-3.6794e-16,1.921e-16
2237.2,-171.47,555.76,9.3287,0.35689,-0.047206,-0.0072308,1.5022,-3.6794e-16,1.921e-16
2237.3,-171.5,555.77,9.3279,0.35655,-0.046085,-0.0069445,1.5022,-3.6794e-16,1.921e-16
2237.4,-171.54,555.78,9.3273,0.35622,-0.044997,-0.0066633,1.5022,-3.6794e-16,1.921e-16
2237.5,-171.57,555.78,9.3266,0.35589,-0.043943,-0.0063869,1.5022,-3.6794e-16,1.921e-16
2237.6,-171.61,555.79,9.326,0.35556,-0.042921,-0.0061152,1.5022,-3.6794e-16,1.921e-16
2237.7,-171.64,555.8,9.3254,0.35524,-0.04193,-0.005848,1.5022,-3.6794e-16,1.921e-16
2237.8,-171.68,555.81,9.3248,0.35492,-0.04097,-0.0055851,1.5022,-3.6794e-16,1.921e-16
2237.9,-171.71,555.82,9.3243,0.35461,-0.040039,-0.0053265,1.5022,-3.6794e-16,1.921e-16
2238,-171.75,555.82,9.3238,0.3543,-0.039137,-0.0050718,1.5022,-3.6794e-16,1.921e-16
2238.1,-171.78,555.83,9.3233,0.354,-0.038262,-0.0048209,1.5022,-3.6794e-16,1.921e-16
2238.2,-171.82,555.84,9.3228,0.3537,-0.037415,-0.0045737,1.5022,-3.6794e-16,1.921e-16
2238.3,-171.85,555.85,9.3223,0.3534,-0.036595,-0.00433,1.5022,-3.6794e-16,1.921e-16
2238.4,-171.89,555.85,9.3219,0.35311,-0.0358,-0.0040896,1.5022,-3.6794e-16,1.921e-16
2238.5,-171.92,555.86,9.3215,0.35283,-0.03503,-0.0038524,1.5022,-3.6794e-16,1.921e-16
2238.6,-171.96,555.87,9.3211,0.35254,-0.034285,-0.0036181,1.5022,-3.6794e-16,1.921e-16
2238.7,-171.99,555.87,9.3208,0.35227,-0.033563,-0.0033868,1.5022,-3.6794e-16,1.921e-16
2238.8,-172.03,555.88,9.3205,0.35199,-0.032865,-0.0031581,1.5022,-3.6794e-16,1.921e-16
2238.9,-172.06,555.89,9.3202,0.35173,-0.032189,-0.0029319,1.5022,-3.6794e-16,1.921e-16
2239,-172.1,555.89,9.3199,0.35146,-0.031535,-0.002708,1.5022,-3.6794e-16,1.921e-16
2239.1,-172.13,555.9,9.3196,0.3512,-0.030903,-0.0024864,1.5022,-3.6794e-16,1.921e-16
2239.2,-172.17,555.91,9.3194,0.35094,-0.030292,-0.0022667,1.5022,-3.6794e-16,1.921e-16
2239.3,-172.2,555.91,9.3192,0.35069,-0.029701,-0.002049,1.5022,-3.6794e-16,1.921e-16
2239.4,-172.23,555.92,9.319,0.35044,-0.02913,-0.001833,1.5022,-3.6794e-16,1.921e-16
2239.5,-172.27,555.93,9.3188,0.3502,-0.028578,-0.0016186,1.5022,-3.6794e-16,1.921e-16
2239.6,-172.3,555.93,9.3187,0.34996,-0.028046,-0.0014055,1.5022,-3.6794e-16,1.921e-16
2239.7,-172.34,555.94,9.3185,0.34972,-0.027532,-0.0011937,1.5022,-3.6794e-16,1.921e-16
2239.8,-172.37,555.95,9.3184,0.34949,-0.027036,-0.00098305,1.5022,-3.6794e-16,1.921e-16
2239.9,-172.41,555.95,9.3183,0.34926,-0.026558,-0.00077331,1.5022,-3.6794e-16,1.921e-16
2240,-172.44,555.96,9.3183,0.34903,-0.026098,-0.00056435,1.5022,-3.6794e-16,1.921e-16
2240.1,-172.48,555.97,9.3182,0.34881,-0.025654,-0.00035602,1.5022,-3.6794e-16,1.921e-16
2240.2,-172.51,555.97,9.3182,0.34859,-0.025227,-0.00014817,1.5022,-3.6794e-16,1.921e-16
2240.3,-172.54,555.98,9.3182,0.34838,-0.024817,5.9402e-05,1.5022,-3.6794e-16,1.921e-16
2240.4,-172.58,555.98,9.3182,0.34817,-0.024421,0.0002674,1.5022,-3.6794e-16,1.921e-16
2240.5,-172.61,555.99,9.3182,0.34796,-0.024038,0.00047607,1.5022,-3.6794e-16,1.921e-16
2240.6,-172.65,556,9.3183,0.34776,-0.023668,0.00068543,1.5022,-3.6794e-16,1.921e-16
2240.7,-172.68,556,9.3184,0.34756,-0.023312,0.0008955,1.5022,-3.6794e-16,1.921e-16
2240.8,-172.72,556.01,9.3185,0.34736,-0.022969,0.0011063,1.5022,-3.6794e-16,1.921e-16
2240.9,-172.75,556.02,9.3186,0.34716,-0.022638,0.0013178,1.5022,-3.6794e-16,1.921e-16
2241,-172.78,556.02,9.3187,0.34697,-0.022321,0.0015301,1.5022,-3.6794e-16,1.921e-16
2241.1,-172.82,556.03,9.3189,0.34679,-0.022016,0.0017431,1.5022,-3.6794e-16,1.921e-16
2241.2,-172.85,556.03,9.3191,0.3466,-0.021723,0.001957,1.5022,-3.6794e-16,1.921e-16
2241.3,-172.89,556.04,9.3193,0.34642,-0.021443,0.0021716,1.5022,-3.6794e-16,1.921e-16
2241.4,-172.92,556.04,9.3195,0.34624,-0.021175,0.0023871,1.5022,-3.6794e-16,1.921e-16
2241.5,-172.96,556.05,9.3198,0.34606,-0.020918,0.0026034,6.5671,0.95281,-0.46735
2241.6,-172.99,556.06,9.3194,0.35721,-0.016469,-0.010476,6.5671,0.95281,-0.46735
2241.7,-173.03,556.06,9.3177,0.36816,-0.011481,-0.023639,6.5671,0.95281,-0.46735
2241.8,-173.06,556.07,9.3147,0.37891,-0.0059501,-0.036754,6.5671,0.95281,-0.46735
2241.9,-173.1,556.07,9.3103,0.38944,0.00010929,-0.049696,6.5671,0.95281,-0.46735
2242,-173.14,556.07,9.3047,0.39975,0.0067102,-0.062312,6.5671,0.95281,-0.46735
2242.1,-173.18,556.08,9.2979,0.40982,0.013876,-0.074435,6.5671,0.95281,-0.46735
2242.2,-173.22,556.08,9.2899,0.41963,0.021594,-0.085949,6.5671,0.95281,-0.46735
2242.3,-173.26,556.09,9.2807,0.42916,0.029836,-0.096766,6.5671,0.95281,-0.46735
2242.4,-173.31,556.09,9.2705,0.43842,0.038568,-0.10683,6.5671,0.95281,-0.46735
2242.5,-173.35,556.09,9.2594,0.44737,0.047748,-0.1161,6.5671,0.95281,-0.46735
2242.6,-173.4,556.09,9.2473,0.45601,0.057328,-0.12459,6.5671,0.95281,-0.46735
2242.7,-173.44,556.1,9.2345,0.46432,0.067259,-0.13229,6.5671,0.95281,-0.46735
2242.8,-173.49,556.1,9.2209,0.47231,0.077489,-0.13925,6.5671,0.95281,-0.46735
2242.9,-173.54,556.1,9.2067,0.47995,0.08797,-0.14549,6.5671,0.95281,-0.46735
2243,-173.59,556.1,9.1918,0.48726,0.098653,-0.15107,6.5671,0.95281,-0.46735
2243.1,-173.64,556.1,9.1765,0.49421,0.10949,-0.15603,6.5671,0.95281,-0.46735
2243.2,-173.69,556.1,9.1606,0.50082,0.12045,-0.16043,6.5671,0.95281,-0.46735
2243.3,-173.74,556.11,9.1444,0.50709,0.13149,-0.16431,6.5671,0.95281,-0.46735
2243.4,-173.8,556.11,9.1278,0.51301,0.14257,-0.16772,6.5671,0.95281,-0.46735
2243.5,-173.85,556.11,9.1109,0.51859,0.15367,-0.17071,6.5671,0.95281,-0.46735
2243.6,-173.9,556.11,9.0937,0.52384,0.16475,-0.1733,6.5671,0.95281,-0.46735
2243.7,-173.96,556.11,9.0762,0.52876,0.17581,-0.17554,6.5671,0.95281,-0.46735
2243.8,-174.01,556.11,9.0586,0.53336,0.1868,-0.17745,6.5671,0.95281,-0.46735
2243.9,-174.07,556.12,9.0407,0.53766,0.19773,-0.17907,6.5671,0.95281,-0.46735
2244,-174.13,556.12,9.0228,0.54165,0.20857,-0.18041,6.5671,0.95281,-0.46735
2244.1,-174.19,556.12,9.0047,0.54535,0.21931,-0.18151,6.5671,0.95281,-0.46735
2244.2,-174.25,556.12,8.9865,0.54877,0.22993,-0.18237,6.5671,0.95281,-0.46735
2244.3,-174.31,556.12,8.9682,0.55192,0.24044,-0.18302,6.5671,0.95281,-0.46735
2244.4,-174.37,556.13,8.9499,0.55481,0.25082,-0.18347,6.5671,0.95281,-0.46735
2244.5,-174.43,556.13,8.9315,0.55746,0.26106,-0.18373,6.5671,0.95281,-0.46735
2244.6,-174.49,556.13,8.9131,0.55986,0.27117,-0.18381,6.5671,0.95281,-0.46735
2244.7,-174.55,556.14,8.8948,0.56204,0.28113,-0.18373,6.5671,0.95281,-0.46735
2244.8,-174.62,556.14,8.8764,0.56401,0.29094,-0.18349,6.5671,0.95281,-0.46735
2244.9,-174.68,556.15,8.8581,0.56578,0.30061,-0.1831,6.5671,0.95281,-0.46735
2245,-174.74,556.15,8.8398,0.56735,0.31012,-0.18257,6.5671,0.95281,-0.46735
2245.1,-174.81,556.16,8.8216,0.56875,0.31949,-0.1819,6.5671,0.95281,-0.46735
2245.2,-174.87,556.16,8.8034,0.56998,0.3287,-0.18111,6.5671,0.95281,-0.46735
2245.3,-174.94,556.17,8.7853,0.57105,0.33777,-0.1802,6.5671,0.95281,-0.46735
2245.4,-175,556.18,8.7674,0.57198,0.34668,-0.17917,6.5671,0.95281,-0.46735
2245.5,-175.07,556.19,8.7495,0.57278,0.35545,-0.17803,6.5671,0.95281,-0.46735
2245.6,-175.14,556.19,8.7318,0.57344,0.36408,-0.17678,6.5671,0.95281,-0.46735
2245.7,-175.21,556.2,8.7141,0.574,0.37256,-0.17543,6.5671,0.95281,-0.46735
2245.8,-175.27,556.21,8.6967,0.57445,0.38091,-0.17399,6.5671,0.95281,-0.46735
2245.9,-175.34,556.22,8.6794,0.57481,0.38913,-0.17244,6.5671,0.95281,-0.46735
2246,-175.41,556.23,8.6622,0.57508,0.39721,-0.17081,6.5671,0.95281,-0.46735
2246.1,-175.48,556.24,8.6452,0.57528,0.40517,-0.16909,6.5671,0.95281,-0.46735
2246.2,-175.55,556.26,8.6284,0.57541,0.41301,-0.16729,6.5671,0.95281,-0.46735
2246.3,-175.62,556.27,8.6117,0.57549,0.42074,-0.1654,6.5671,0.95281,-0.46735
2246.4,-175.69,556.28,8.5953,0.57551,0.42836,-0.16343,6.5671,0.95281,-0.46735
2246.5,-175.76,556.3,8.5791,0.5755,0.43587,-0.16139,6.5671,0.95281,-0.46735
2246.6,-175.83,556.31,8.563,0.57545,0.44329,-0.15926,6.5671,0.95281,-0.46735
2246.7,-175.9,556.33,8.5472,0.57538,0.45061,-0.15706,6.5671,0.95281,-0.46735
2246.8,-175.98,556.34,8.5316,0.57529,0.45785,-0.15479,6.5671,0.95281,-0.46735
2246.9,-176.05,556.36,8.5163,0.5752,0.46502,-0.15244,6.5671,0.95281,-0.46735
2247,-176.12,556.38,8.5011,0.57509,0.47211,-0.15002,6.5671,0.95281,-0.46735
2247.1,-176.19,556.39,8.4862,0.575,0.47914,-0.14753,6.5671,0.95281,-0.46735
2247.2,-176.26,556.41,8.4716,0.57491,0.48612,-0.14496,6.5671,0.95281,-0.46735
2247.3,-176.34,556.43,8.4573,0.57484,0.49304,-0.14231,9.183,-2.2492e-15,1.0941e-15
2247.4,-176.41,556.45,8.4438,0.58089,0.4959,-0.12754,9.183,-2.2492e-15,1.0941e-15
2247.5,-176.48,556.47,8.4317,0.58731,0.49862,-0.11467,9.183,-2.2492e-15,1.0941e-15
2247.6,-176.56,556.49,8.4208,0.59403,0.50124,-0.10327,9.183,-2.2492e-15,1.0941e-15
2247.7,-176.63,556.52,8.411,0.60099,0.50383,-0.093054,9.183,-2.2492e-15,1.0941e-15
2247.8,-176.71,556.54,8.4022,0.60815,0.50639,-0.083769,9.183,-2.2492e-15,1.0941e-15
2247.9,-176.78,556.57,8.3942,0.61547,0.50895,-0.075238,9.183,-2.2492e-15,1.0941e-15
2248,-176.86,556.6,8.3871,0.62293,0.51154,-0.067312,9.183,-2.2492e-15,1.0941e-15
2248.1,-176.93,556.62,8.3807,0.63049,0.51415,-0.05987,9.183,-2.2492e-15,1.0941e-15
2248.2,-177.01,556.65,8.3751,0.63814,0.5168,-0.052809,9.183,-2.2492e-15,1.0941e-15
2248.3,-177.09,556.68,8.3702,0.64587,0.5195,-0.046041,9.183,-2.2492e-15,1.0941e-15
2248.4,-177.16,556.71,8.3659,0.65366,0.52226,-0.039485,9.183,-2.2492e-15,1.0941e-15
2248.5,-177.24,556.75,8.3623,0.66151,0.52507,-0.033067,9.183,-2.2492e-15,1.0941e-15
2248.6,-177.32,556.78,8.3593,0.6694,0.52794,-0.026717,9.183,-2.2492e-15,1.0941e-15
2248.7,-177.4,556.81,8.3569,0.67735,0.53088,-0.020365,9.183,-2.2492e-15,1.0941e-15
2248.8,-177.48,556.85,8.3552,0.68535,0.53389,-0.013937,9.183,-2.2492e-15,1.0941e-15
2248.9,-177.56,556.88,8.3541,0.69342,0.53697,-0.0073571,9.183,-2.2492e-15,1.0941e-15
2249,-177.64,556.92,8.3537,0.70155,0.54012,-0.00053857,9.183,-2.2492e-15,1.0941e-15
2249.1,-177.72,556.95,8.354,0.70976,0.54258,0.006315,9.183,-2.2492e-15,1.0941e-15
2249.2,-177.8,556.99,8.355,0.71803,0.54337,0.012753,9.183,-2.2492e-15,1.0941e-15
2249.3,-177.89,557.03,8.3566,0.72635,0.54253,0.01865,9.183,-2.2492e-15,1.0941e-15
2249.4,-177.97,557.06,8.3587,0.73468,0.54018,0.023913,9.183,-2.2492e-15,1.0941e-15
2249.5,-178.05,557.1,8.3613,0.74297,0.53647,0.028481,9.183,-2.2492e-15,1.0941e-15
2249.6,-178.13,557.14,8.3644,0.7512,0.53157,0.032321,9.183,-2.2492e-15,1.0941e-15
2249.7,-178.22,557.18,8.3678,0.75931,0.52566,0.035429,9.183,-2.2492e-15,1.0941e-15
2249.8,-178.3,557.22,8.3714,0.76728,0.51893,0.037821,9.183,-2.2492e-15,1.0941e-15
2249.9,-178.38,557.26,8.3753,0.77506,0.51156,0.039529,9.183,-2.2492e-15,1.0941e-15
2250,-178.47,557.31,8.3793,0.78264,0.50375,0.040596,9.183,-2.2492e-15,1.0941e-15
2250.1,-178.55,557.35,8.3834,0.78997,0.49565,0.041071,9.183,-2.2492e-15,1.0941e-15
2250.2,-178.63,557.39,8.3875,0.79705,0.48742,0.041007,9.183,-2.2492e-15,1.0941e-15
2250.3,-178.71,557.44,8.3916,0.80385,0.4792,0.040455,9.183,-2.2492e-15,1.0941e-15
2250.4,-178.8,557.48,8.3956,0.81037,0.4711,0.039465,9.183,-2.2492e-15,1.0941e-15
2250.5,-178.88,557.53,8.3995,0.8166,0.46324,0.038081,9.183,-2.2492e-15,1.0941e-15
2250.6,-178.96,557.57,8.4032,0.82253,0.45571,0.036346,9.183,-2.2492e-15,1.0941e-15
2250.7,-179.04,557.62,8.4067,0.82817,0.4486,0.034293,9.183,-2.2492e-15,1.0941e-15
2250.8,-179.12,557.67,8.41,0.83351,0.44198,0.031954,9.183,-2.2492e-15,1.0941e-15
2250.9,-179.2,557.71,8.4131,0.83856,0.43591,0.029354,9.183,-2.2492e-15,1.0941e-15
2251,-179.29,557.76,8.4159,0.84332,0.43047,0.026512,9.183,-2.2492e-15,1.0941e-15
2251.1,-179.37,557.81,8.4184,0.8478,0.42569,0.023444,9.183,-2.2492e-15,1.0941e-15
2251.2,-179.45,557.86,8.4206,0.852,0.42165,0.020164,9.183,-2.2492e-15,1.0941e-15
2251.3,-179.53,557.91,8.4224,0.85593,0.41838,0.016678,9.183,-2.2492e-15,1.0941e-15
2251.4,-179.61,557.96,8.4239,0.85959,0.41594,0.012992,9.183,-2.2492e-15,1.0941e-15
2251.5,-179.69,558.01,8.425,0.86298,0.41438,0.0091105,9.183,-2.2492e-15,1.0941e-15
2251.6,-179.77,558.06,8.4257,0.86611,0.41376,0.0050344,9.183,-2.2492e-15,1.0941e-15
2251.7,-179.86,558.11,8.426,0.86899,0.41414,0.00076508,9.183,-2.2492e-15,1.0941e-15
2251.8,-179.94,558.16,8.4259,0.87161,0.41529,-0.0038004,9.183,-2.2492e-15,1.0941e-15
2251.9,-180.02,558.21,8.4252,0.87396,0.41667,-0.0088633,9.183,-2.2492e-15,1.0941e-15
2252,-180.1,558.26,8.4241,0.87604,0.41832,-0.01443,9.183,-2.2492e-15,1.0941e-15
2252.1,-180.19,558.31,8.4223,0.87784,0.42027,-0.020488,9.183,-2.2492e-15,1.0941e-15
2252.2,-180.27,558.37,8.42,0.87934,0.42253,-0.027012,9.183,-2.2492e-15,1.0941e-15
2252.3,-180.35,558.42,8.4169,0.88054,0.42514,-0.03396,9.183,-2.2492e-15,1.0941e-15
2252.4,-180.43,558.47,8.4132,0.88144,0.42813,-0.041271,9.183,-2.2492e-15,1.0941e-15
2252.5,-180.52,558.52,8.4087,0.88201,0.43153,-0.048868,9.183,-2.2492e-15,1.0941e-15
2252.6,-180.6,558.57,8.4034,0.88227,0.43534,-0.056659,9.183,-2.2492e-15,1.0941e-15
2252.7,-180.68,558.63,8.3973,0.88221,0.43958,-0.064539,9.183,-2.2492e-15,1.0941e-15
2252.8,-180.77,558.68,8.3905,0.88184,0.44425,-0.072393,9.183,-2.2492e-15,1.0941e-15
2252.9,-180.85,558.73,8.3829,0.88115,0.44937,-0.080103,9.183,-2.2492e-15,1.0941e-15
2253,-180.93,558.79,8.3745,0.88017,0.4549,-0.087553,9.183,-2.2492e-15,1.0941e-15
2253.1,-181.02,558.84,8.3654,0.8789,0.46085,-0.094632,9.183,-2.2492e-15,1.0941e-15
2253.2,-181.1,558.89,8.3556,0.87735,0.46718,-0.10124,9.183,-2.2492e-15,1.0941e-15
2253.3,-181.18,558.95,8.3451,0.87556,0.47387,-0.10729,9.183,-2.2492e-15,1.0941e-15
2253.4,-181.27,559,8.3341,0.87354,0.48088,-0.11272,9.183,-2.2492e-15,1.0941e-15
2253.5,-181.35,559.06,8.3226,0.87131,0.48817,-0.11748,9.183,-2.2492e-15,1.0941e-15
2253.6,-181.43,559.12,8.3106,0.86891,0.4957,-0.12153,9.183,-2.2492e-15,1.0941e-15
2253.7,-181.51,559.17,8.2983,0.86636,0.50344,-0.12485,9.183,-2.2492e-15,1.0941e-15
2253.8,-181.6,559.23,8.2857,0.86368,0.51133,-0.12746,9.183,-2.2492e-15,1.0941e-15
2253.9,-181.68,559.29,8.2729,0.86091,0.51936,-0.12934,9.183,-2.2492e-15,1.0941e-15
2254,-181.76,559.34,8.2599,0.85808,0.52747,-0.13054,9.183,-2.2492e-15,1.0941e-15
2254.1,-181.84,559.4,8.2468,0.85521,0.53565,-0.13106,9.183,-2.2492e-15,1.0941e-15
2254.2,-181.93,559.46,8.2337,0.85234,0.54386,-0.13095,9.183,-2.2492e-15,1.0941e-15
2254.3,-182.01,559.52,8.2206,0.84949,0.55209,-0.13023,9.183,-2.2492e-15,1.0941e-15
2254.4,-182.09,559.58,8.2076,0.84668,0.56031,-0.12894,9.183,-2.2492e-15,1.0941e-15
2254.5,-182.17,559.64,8.1948,0.84395,0.56852,-0.12711,9.183,-2.2492e-15,1.0941e-15
2254.6,-182.25,559.7,8.1822,0.84132,0.57671,-0.12477,9.183,-2.2492e-15,1.0941e-15
2254.7,-182.34,559.76,8.1699,0.83881,0.58486,-0.12196,9.183,-2.2492e-15,1.0941e-15
2254.8,-182.42,559.82,8.1579,0.83645,0.59298,-0.11868,9.183,-2.2492e-15,1.0941e-15
2254.9,-182.5,559.89,8.1462,0.83425,0.60108,-0.11497,9.183,-2.2492e-15,1.0941e-15
2255,-182.58,559.95,8.1349,0.83224,0.60915,-0.11083,9.183,-2.2492e-15,1.0941e-15
2255.1,-182.66,560.01,8.124,0.83045,0.61721,-0.10627,9.183,-2.2492e-15,1.0941e-15
2255.2,-182.74,560.08,8.1136,0.82888,0.62526,-0.1013,9.183,-2.2492e-15,1.0941e-15
2255.3,-182.83,560.14,8.1038,0.82757,0.63332,-0.095902,9.183,-2.2492e-15,1.0941e-15
2255.4,-182.91,560.21,8.0945,0.82653,0.64141,-0.090074,9.183,-2.2492e-15,1.0941e-15
2255.5,-182.99,560.27,8.0858,0.8258,0.64955,-0.083791,9.183,-2.2492e-15,1.0941e-15
2255.6,-183.07,560.34,8.0777,0.82538,0.65776,-0.077021,9.183,-2.2492e-15,1.0941e-15
2255.7,-183.15,560.4,8.0704,0.82532,0.66606,-0.06972,9.183,-2.2492e-15,1.0941e-15
2255.8,-183.24,560.47,8.0638,0.82564,0.67448,-0.061828,9.183,-2.2492e-15,1.0941e-15
2255.9,-183.32,560.54,8.058,0.82638,0.68306,-0.053268,9.183,-2.2492e-15,1.0941e-15
2256,-183.4,560.6,8.0532,0.82758,0.69184,-0.043936,9.183,-2.2492e-15,1.0941e-15
2256.1,-183.49,560.67,8.0493,0.82929,0.70085,-0.033699,9.183,-2.2492e-15,1.0941e-15
2256.2,-183.57,560.74,8.0465,0.83157,0.71016,-0.022377,9.183,-2.2492e-15,1.0941e-15
2256.3,-183.66,560.81,8.0449,0.83449,0.71982,-0.0097335,9.183,-2.2492e-15,1.0941e-15
2256.4,-183.75,560.88,8.0446,0.83815,0.72968,0.004469,9.183,-2.2492e-15,1.0941e-15
2256.5,-183.84,560.94,8.0458,0.84262,0.73611,0.018973,9.183,-2.2492e-15,1.0941e-15
2256.6,-183.92,561.01,8.0484,0.84786,0.73778,0.032718,9.183,-2.2492e-15,1.0941e-15
2256.7,-184.01,561.08,8.0523,0.85378,0.73486,0.045126,9.183,-2.2492e-15,1.0941e-15
2256.8,-184.1,561.15,8.0573,0.86023,0.72775,0.055794,9.183,-2.2492e-15,1.0941e-15
2256.9,-184.19,561.22,8.0634,0.86705,0.71702,0.064508,9.183,-2.2492e-15,1.0941e-15
2257,-184.28,561.29,8.0702,0.87406,0.70336,0.071223,9.183,-2.2492e-15,1.0941e-15
2257.1,-184.37,561.36,8.0775,0.88111,0.68745,0.076026,9.183,-2.2492e-15,1.0941e-15
2257.2,-184.45,561.43,8.0853,0.88804,0.66998,0.079087,9.183,-2.2492e-15,1.0941e-15
2257.3,-184.54,561.5,8.0933,0.89475,0.65152,0.080619,9.183,-2.2492e-15,1.0941e-15
2257.4,-184.62,561.58,8.1014,0.90115,0.6326,0.080851,9.183,-2.2492e-15,1.0941e-15
2257.5,-184.7,561.65,8.1094,0.90717,0.61362,0.08,9.183,-2.2492e-15,1.0941e-15
2257.6,-184.78,561.72,8.1174,0.91278,0.59494,0.078264,9.183,-2.2492e-15,1.0941e-15
2257.7,-184.87,561.79,8.1251,0.91797,0.57681,0.075815,9.183,-2.2492e-15,1.0941e-15
2257.8,-184.95,561.87,8.1325,0.92271,0.55942,0.072794,9.183,-2.2492e-15,1.0941e-15
2257.9,-185.02,561.94,8.1396,0.92701,0.54293,0.06932,9.183,-2.2492e-15,1.0941e-15
2258,-185.1,562.01,8.1463,0.93089,0.52745,0.065485,9.183,-2.2492e-15,1.0941e-15
2258.1,-185.18,562.09,8.1527,0.93436,0.51306,0.06136,9.183,-2.2492e-15,1.0941e-15
2258.2,-185.25,562.16,8.1586,0.93744,0.49982,0.056999,9.183,-2.2492e-15,1.0941e-15
2258.3,-185.33,562.24,8.1641,0.94014,0.48775,0.05244,9.183,-2.2492e-15,1.0941e-15
2258.4,-185.4,562.31,8.1691,0.9425,0.47691,0.04771,9.183,-2.2492e-15,1.0941e-15
2258.5,-185.48,562.39,8.1736,0.94453,0.4673,0.042824,9.183,-2.2492e-15,1.0941e-15
2258.6,-185.55,562.46,8.1777,0.94624,0.45897,0.037792,9.183,-2.2492e-15,1.0941e-15
2258.7,-185.63,562.54,8.1812,0.94767,0.45192,0.032613,9.183,-2.2492e-15,1.0941e-15
2258.8,-185.7,562.61,8.1842,0.94881,0.44619,0.027283,9.183,-2.2492e-15,1.0941e-15
2258.9,-185.77,562.69,8.1866,0.94968,0.44182,0.021794,9.183,-2.2492e-15,1.0941e-15
2259,-185.85,562.76,8.1885,0.9503,0.43883,0.016136,9.183,-2.2492e-15,1.0941e-15
2259.1,-185.92,562.84,8.1899,0.95068,0.43729,0.010296,9.183,-2.2492e-15,1.0941e-15
2259.2,-185.99,562.91,8.1906,0.95081,0.43726,0.0042605,9.183,-2.2492e-15,1.0941e-15
2259.3,-186.06,562.99,8.1907,0.9507,0.43873,-0.0020031,9.183,-2.2492e-15,1.0941e-15
2259.4,-186.14,563.06,8.1902,0.95034,0.44085,-0.0088266,9.183,-2.2492e-15,1.0941e-15
2259.5,-186.21,563.14,8.1889,0.94972,0.44336,-0.016306,9.183,-2.2492e-15,1.0941e-15
2259.6,-186.28,563.21,8.1869,0.94882,0.44628,-0.024405,9.183,-2.2492e-15,1.0941e-15
2259.7,-186.36,563.29,8.184,0.94762,0.44967,-0.033061,9.183,-2.2492e-15,1.0941e-15
2259.8,-186.43,563.36,8.1802,0.94611,0.45356,-0.042179,9.183,-2.2492e-15,1.0941e-15
2259.9,-186.5,563.44,8.1756,0.94428,0.45797,-0.051636,9.183,-2.2492e-15,1.0941e-15
2260,-186.58,563.51,8.1699,0.94212,0.46292,-0.061287,9.183,-2.2492e-15,1.0941e-15
2260.1,-186.65,563.59,8.1633,0.93962,0.46843,-0.070963,6.438,0.55522,-0.27234
2260.2,-186.72,563.66,8.1553,0.93056,0.47697,-0.088008,6.438,0.55522,-0.27234
2260.3,-186.79,563.74,8.1457,0.92108,0.48638,-0.10414,6.438,0.55522,-0.27234
2260.4,-186.87,563.81,8.1346,0.91122,0.49657,-0.11891,6.438,0.55522,-0.27234
2260.5,-186.94,563.89,8.122,0.90102,0.50743,-0.13193,6.438,0.55522,-0.27234
2260.6,-187.01,563.96,8.1082,0.89054,0.51882,-0.14296,6.438,0.55522,-0.27234
2260.7,-187.09,564.03,8.0935,0.87985,0.5306,-0.15188,6.438,0.55522,-0.27234
2260.8,-187.16,564.11,8.0779,0.86902,0.54265,-0.15868,6.438,0.55522,-0.27234
2260.9,-187.23,564.18,8.0618,0.85814,0.55483,-0.16341,6.438,0.55522,-0.27234
2261,-187.3,564.25,8.0453,0.84728,0.56702,-0.16623,6.438,0.55522,-0.27234
2261.1,-187.37,564.32,8.0286,0.83652,0.57916,-0.16728,6.438,0.55522,-0.27234
2261.2,-187.45,564.39,8.0119,0.82594,0.59115,-0.16675,6.438,0.55522,-0.27234
2261.3,-187.52,564.47,7.9953,0.81558,0.60296,-0.16482,6.438,0.55522,-0.27234
2261.4,-187.59,564.54,7.979,0.80553,0.61457,-0.16167,6.438,0.55522,-0.27234
2261.5,-187.66,564.61,7.963,0.79583,0.62596,-0.15743,6.438,0.55522,-0.27234
2261.6,-187.73,564.68,7.9475,0.78653,0.63714,-0.15224,6.438,0.55522,-0.27234
2261.7,-187.8,564.76,7.9326,0.77768,0.64812,-0.14621,6.438,0.55522,-0.27234
2261.8,-187.87,564.83,7.9183,0.76933,0.65894,-0.13943,6.438,0.55522,-0.27234
2261.9,-187.94,564.9,7.9047,0.76149,0.66964,-0.13194,6.438,0.55522,-0.27234
2262,-188.01,564.97,7.892,0.75422,0.68026,-0.12379,6.438,0.55522,-0.27234
2262.1,-188.08,565.05,7.88,0.74755,0.69085,-0.11499,6.438,0.55522,-0.27234
2262.2,-188.15,565.12,7.869,0.74151,0.70148,-0.10555,6.438,0.55522,-0.27234
2262.3,-188.23,565.19,7.8589,0.73615,0.71221,-0.095421,6.438,0.55522,-0.27234
2262.4,-188.3,565.27,7.8499,0.73149,0.72313,-0.084551,6.438,0.55522,-0.27234
2262.5,-188.37,565.34,7.842,0.72759,0.73431,-0.072847,6.438,0.55522,-0.27234
2262.6,-188.44,565.41,7.8354,0.7245,0.74586,-0.06018,6.438,0.55522,-0.27234
2262.7,-188.52,565.49,7.83,0.7223,0.75788,-0.046364,6.438,0.55522,-0.27234
2262.8,-188.59,565.56,7.8262,0.72106,0.77052,-0.031149,6.438,0.55522,-0.27234
2262.9,-188.67,565.64,7.8239,0.7209,0.78395,-0.014181,6.438,0.55522,-0.27234
2263,-188.74,565.71,7.8234,0.72196,0.79812,0.0049459,6.438,0.55522,-0.27234
2263.1,-188.82,565.79,7.8249,0.72437,0.80796,0.024458,6.438,0.55522,-0.27234
2263.2,-188.9,565.86,7.8282,0.72805,0.81127,0.042548,6.438,0.55522,-0.27234
2263.3,-188.98,565.94,7.8333,0.73284,0.80842,0.058292,6.438,0.55522,-0.27234
2263.4,-189.06,566.01,7.8398,0.73848,0.80019,0.071151,6.438,0.55522,-0.27234
2263.5,-189.14,566.09,7.8474,0.74469,0.78758,0.080951,6.438,0.55522,-0.27234
2263.6,-189.22,566.16,7.8559,0.75119,0.77168,0.087805,6.438,0.55522,-0.27234
2263.7,-189.29,566.24,7.8649,0.75774,0.75355,0.092009,6.438,0.55522,-0.27234
2263.8,-189.37,566.31,7.8742,0.76413,0.7341,0.093945,6.438,0.55522,-0.27234
2263.9,-189.44,566.38,7.8836,0.77022,0.71411,0.094011,6.438,0.55522,-0.27234
2264,-189.52,566.46,7.893,0.77591,0.69419,0.092582,6.438,0.55522,-0.27234
2264.1,-189.59,566.53,7.9021,0.78113,0.6748,0.089986,6.438,0.55522,-0.27234
2264.2,-189.66,566.61,7.9109,0.78584,0.65629,0.086498,6.438,0.55522,-0.27234
2264.3,-189.73,566.68,7.9194,0.79004,0.6389,0.08234,6.438,0.55522,-0.27234
2264.4,-189.8,566.76,7.9274,0.79373,0.62281,0.07769,6.438,0.55522,-0.27234
2264.5,-189.86,566.83,7.9349,0.79692,0.60811,0.072688,6.438,0.55522,-0.27234
2264.6,-189.93,566.91,7.9419,0.79964,0.59488,0.067441,6.438,0.55522,-0.27234
2264.7,-190,566.98,7.9484,0.80192,0.58316,0.062032,6.438,0.55522,-0.27234
2264.8,-190.06,567.06,7.9543,0.80377,0.57296,0.056527,6.438,0.55522,-0.27234
2264.9,-190.13,567.13,7.9597,0.80523,0.56428,0.050977,6.438,0.55522,-0.27234
2265,-190.19,567.2,7.9645,0.80633,0.55713,0.045424,6.438,0.55522,-0.27234
2265.1,-190.25,567.28,7.9688,0.80709,0.55148,0.039904,6.438,0.55522,-0.27234
2265.2,-190.32,567.35,7.9725,0.80755,0.54731,0.034451,6.438,0.55522,-0.27234
2265.3,-190.38,567.43,7.9757,0.80771,0.54462,0.029096,6.438,0.55522,-0.27234
2265.4,-190.45,567.5,7.9783,0.80761,0.54337,0.023872,6.438,0.55522,-0.27234
2265.5,-190.51,567.57,7.9805,0.80726,0.54354,0.018816,6.438,0.55522,-0.27234
2265.6,-190.57,567.65,7.9821,0.80669,0.5451,0.013969,6.438,0.55522,-0.27234
2265.7,-190.64,567.72,7.9833,0.80591,0.54802,0.0093771,6.438,0.55522,-0.27234
2265.8,-190.7,567.79,7.984,0.80495,0.55226,0.0050944,6.438,0.55522,-0.27234
2265.9,-190.77,567.86,7.9843,0.80382,0.55776,0.0011812,6.438,0.55522,-0.27234
2266,-190.84,567.94,7.9842,0.80255,0.56426,-0.0023711,6.438,0.55522,-0.27234
2266.1,-190.9,568.01,7.9838,0.80114,0.57103,-0.0057359,6.438,0.55522,-0.27234
2266.2,-190.97,568.08,7.9831,0.79962,0.57803,-0.0088679,6.438,0.55522,-0.27234
2266.3,-191.04,568.15,7.9821,0.79799,0.58528,-0.011702,6.438,0.55522,-0.27234
2266.4,-191.11,568.22,7.9808,0.79627,0.59275,-0.014172,6.438,0.55522,-0.27234
2266.5,-191.17,568.3,7.9792,0.79448,0.60046,-0.01621,6.438,0.55522,-0.27234
2266.6,-191.24,568.37,7.9775,0.79265,0.60841,-0.017749,6.438,0.55522,-0.27234
2266.7,-191.32,568.44,7.9757,0.79079,0.61659,-0.018721,6.438,0.55522,-0.27234
2266.8,-191.39,568.51,7.9738,0.78895,0.62502,-0.019059,6.438,0.55522,-0.27234
2266.9,-191.46,568.58,7.9719,0.78715,0.63369,-0.018695,6.438,0.55522,-0.27234
2267,-191.53,568.65,7.9701,0.78543,0.64263,-0.017557,6.438,0.55522,-0.27234
2267.1,-191.6,568.72,7.9684,0.78385,0.65183,-0.015568,6.438,0.55522,-0.27234
2267.2,-191.68,568.79,7.967,0.78244,0.66133,-0.012645,6.438,0.55522,-0.27234
2267.3,-191.75,568.86,7.9659,0.78127,0.67115,-0.0086875,6.438,0.55522,-0.27234
2267.4,-191.83,568.93,7.9653,0.78039,0.68132,-0.0035776,6.438,0.55522,-0.27234
2267.5,-191.91,569,7.9653,0.77988,0.69169,0.0027643,6.438,0.55522,-0.27234
2267.6,-191.98,569.07,7.9659,0.77979,0.70061,0.0097689,6.438,0.55522,-0.27234
2267.7,-192.06,569.14,7.9672,0.78016,0.70746,0.017046,6.438,0.55522,-0.27234
2267.8,-192.14,569.21,7.9693,0.78097,0.71209,0.024308,6.438,0.55522,-0.27234
2267.9,-192.22,569.28,7.9721,0.78222,0.71447,0.031282,6.6919,-1.639e-15,8.1647e-16
2268,-192.3,569.35,7.9759,0.78464,0.71104,0.044942,6.6919,-1.639e-15,8.1647e-16
2268.1,-192.38,569.42,7.981,0.78777,0.70318,0.056758,6.6919,-1.639e-15,8.1647e-16
2268.2,-192.46,569.49,7.9872,0.79143,0.69152,0.066481,6.6919,-1.639e-15,8.1647e-16
2268.3,-192.54,569.56,7.9942,0.79542,0.67676,0.074057,6.6919,-1.639e-15,8.1647e-16
2268.4,-192.62,569.63,8.0019,0.79958,0.65964,0.079586,6.6919,-1.639e-15,8.1647e-16
2268.5,-192.69,569.69,8.0101,0.80374,0.64086,0.083261,6.6919,-1.639e-15,8.1647e-16
2268.6,-192.77,569.76,8.0185,0.8078,0.62103,0.085325,6.6919,-1.639e-15,8.1647e-16
2268.7,-192.84,569.83,8.0271,0.81165,0.60067,0.086034,6.6919,-1.639e-15,8.1647e-16
2268.8,-192.92,569.9,8.0357,0.81523,0.58022,0.085632,6.6919,-1.639e-15,8.1647e-16
2268.9,-192.99,569.97,8.0442,0.81849,0.55999,0.084339,6.6919,-1.639e-15,8.1647e-16
2269,-193.06,570.04,8.0525,0.82142,0.54025,0.082345,6.6919,-1.639e-15,8.1647e-16
2269.1,-193.13,570.11,8.0607,0.82399,0.52117,0.079809,6.6919,-1.639e-15,8.1647e-16
2269.2,-193.19,570.18,8.0685,0.82622,0.50288,0.076859,6.6919,-1.639e-15,8.1647e-16
2269.3,-193.26,570.25,8.076,0.82812,0.48547,0.073599,6.6919,-1.639e-15,8.1647e-16
2269.4,-193.32,570.32,8.0832,0.82969,0.469,0.070109,6.6919,-1.639e-15,8.1647e-16
2269.5,-193.39,570.39,8.09,0.83097,0.4535,0.066451,6.6919,-1.639e-15,8.1647e-16
2269.6,-193.45,570.46,8.0965,0.83196,0.43898,0.062673,6.6919,-1.639e-15,8.1647e-16
2269.7,-193.51,570.53,8.1026,0.83269,0.42544,0.058808,6.6919,-1.639e-15,8.1647e-16
2269.8,-193.57,570.6,8.1083,0.83317,0.41288,0.05488,6.6919,-1.639e-15,8.1647e-16
2269.9,-193.63,570.67,8.1135,0.83344,0.40129,0.050905,6.6919,-1.639e-15,8.1647e-16
2270,-193.69,570.74,8.1184,0.83351,0.39065,0.046892,6.6919,-1.639e-15,8.1647e-16
2270.1,-193.75,570.81,8.1229,0.83338,0.38094,0.042845,6.6919,-1.639e-15,8.1647e-16
2270.2,-193.81,570.88,8.127,0.83309,0.37216,0.038762,6.6919,-1.639e-15,8.1647e-16
2270.3,-193.87,570.96,8.1307,0.83265,0.3643,0.034641,6.6919,-1.639e-15,8.1647e-16
2270.4,-193.93,571.03,8.1339,0.83206,0.35733,0.030472,6.6919,-1.639e-15,8.1647e-16
2270.5,-193.98,571.1,8.1368,0.83134,0.35126,0.026247,6.6919,-1.639e-15,8.1647e-16
2270.6,-194.04,571.17,8.1392,0.83049,0.34608,0.021954,6.6919,-1.639e-15,8.1647e-16
2270.7,-194.1,571.24,8.1412,0.82954,0.34181,0.01758,6.6919,-1.639e-15,8.1647e-16
2270.8,-194.15,571.31,8.1427,0.82847,0.33844,0.013108,6.6919,-1.639e-15,8.1647e-16
2270.9,-194.21,571.37,8.1438,0.8273,0.33599,0.0085222,6.6919,-1.639e-15,8.1647e-16
2271,-194.27,571.44,8.1444,0.82603,0.33448,0.0038059,6.6919,-1.639e-15,8.1647e-16
2271.1,-194.32,571.51,8.1445,0.82466,0.33393,-0.0010655,6.6919,-1.639e-15,8.1647e-16
2271.2,-194.38,571.58,8.1442,0.8232,0.33384,-0.0062862,6.6919,-1.639e-15,8.1647e-16
2271.3,-194.43,571.65,8.1433,0.82162,0.33401,-0.011934,6.6919,-1.639e-15,8.1647e-16
2271.4,-194.49,571.72,8.1418,0.81992,0.33446,-0.017992,6.6919,-1.639e-15,8.1647e-16
2271.5,-194.54,571.79,8.1396,0.8181,0.3352,-0.024427,6.6919,-1.639e-15,8.1647e-16
2271.6,-194.6,571.86,8.1369,0.81614,0.33628,-0.031194,6.6919,-1.639e-15,8.1647e-16
2271.7,-194.65,571.93,8.1334,0.81405,0.3377,-0.038234,6.6919,-1.639e-15,8.1647e-16
2271.8,-194.71,572,8.1292,0.81181,0.33948,-0.045476,6.6919,-1.639e-15,8.1647e-16
2271.9,-194.76,572.07,8.1243,0.80943,0.34163,-0.052837,6.6919,-1.639e-15,8.1647e-16
2272,-194.82,572.14,8.1186,0.80691,0.34416,-0.060226,6.6919,-1.639e-15,8.1647e-16
2272.1,-194.87,572.2,8.1123,0.80424,0.34707,-0.067548,6.6919,-1.639e-15,8.1647e-16
2272.2,-194.93,572.27,8.1051,0.80142,0.35034,-0.074708,6.6919,-1.639e-15,8.1647e-16
2272.3,-194.98,572.34,8.0973,0.79847,0.35398,-0.081614,6.6919,-1.639e-15,8.1647e-16
2272.4,-195.03,572.41,8.0888,0.7954,0.35795,-0.088181,6.6919,-1.639e-15,8.1647e-16
2272.5,-195.09,572.48,8.0797,0.7922,0.36224,-0.094334,6.6919,-1.639e-15,8.1647e-16
2272.6,-195.14,572.55,8.07,0.78889,0.36681,-0.10001,6.6919,-1.639e-15,8.1647e-16
2272.7,-195.19,572.62,8.0597,0.78549,0.37163,-0.10517,6.6919,-1.639e-15,8.1647e-16
2272.8,-195.24,572.69,8.049,0.782,0.37667,-0.10976,6.6919,-1.639e-15,8.1647e-16
2272.9,-195.3,572.76,8.0378,0.77845,0.38189,-0.11378,6.6919,-1.639e-15,8.1647e-16
2273,-195.35,572.83,8.0262,0.77484,0.38725,-0.11722,6.6919,-1.639e-15,8.1647e-16
2273.1,-195.4,572.9,8.0144,0.77118,0.39272,-0.12008,6.6919,-1.639e-15,8.1647e-16
2273.2,-195.45,572.97,8.0022,0.76751,0.39826,-0.12237,6.6919,-1.639e-15,8.1647e-16
2273.3,-195.5,573.04,7.9899,0.76383,0.40385,-0.12412,6.6919,-1.639e-15,8.1647e-16
2273.4,-195.55,573.11,7.9774,0.76016,0.40945,-0.12536,6.6919,-1.639e-15,8.1647e-16
2273.5,-195.6,573.18,7.9648,0.7565,0.41504,-0.1261,6.6919,-1.639e-15,8.1647e-16
2273.6,-195.65,573.25,7.9522,0.75289,0.4206,-0.12639,6.6919,-1.639e-15,8.1647e-16
2273.7,-195.7,573.32,7.9396,0.74932,0.4261,-0.12626,6.6919,-1.639e-15,8.1647e-16
2273.8,-195.75,573.39,7.927,0.74582,0.43153,-0.12574,6.6919,-1.639e-15,8.1647e-16
2273.9,-195.8,573.46,7.9144,0.74239,0.43689,-0.12487,6.6919,-1.639e-15,8.1647e-16
2274,-195.84,573.53,7.902,0.73905,0.44215,-0.12367,6.6919,-1.639e-15,8.1647e-16
2274.1,-195.89,573.61,7.8897,0.73581,0.44731,-0.12217,6.6919,-1.639e-15,8.1647e-16
2274.2,-195.94,573.68,7.8776,0.73267,0.45237,-0.12041,6.6919,-1.639e-15,8.1647e-16
2274.3,-195.98,573.75,7.8656,0.72965,0.45732,-0.1184,6.6919,-1.639e-15,8.1647e-16
2274.4,-196.03,573.82,7.8539,0.72675,0.46216,-0.11617,6.6919,-1.639e-15,8.1647e-16
2274.5,-196.08,573.89,7.8424,0.72398,0.46689,-0.11374,6.6919,-1.639e-15,8.1647e-16
2274.6,-196.12,573.97,7.8312,0.72134,0.47151,-0.11112,6.6919,-1.639e-15,8.1647e-16
2274.7,-196.17,574.04,7.8202,0.71885,0.47603,-0.10833,6.6919,-1.639e-15,8.1647e-16
2274.8,-196.21,574.11,7.8095,0.71651,0.48044,-0.10539,6.6919,-1.639e-15,8.1647e-16
2274.9,-196.26,574.19,7.7991,0.71431,0.48476,-0.1023,6.6919,-1.639e-15,8.1647e-16
2275,-196.3,574.26,7.7891,0.71228,0.48898,-0.099071,6.6919,-1.639e-15,8.1647e-16
2275.1,-196.35,574.34,7.7793,0.7104,0.49311,-0.095714,6.6919,-1.639e-15,8.1647e-16
2275.2,-196.39,574.41,7.7699,0.70869,0.49716,-0.09223,6.6919,-1.639e-15,8.1647e-16
2275.3,-196.43,574.49,7.7609,0.70715,0.50114,-0.088625,6.6919,-1.639e-15,8.1647e-16
2275.4,-196.48,574.56,7.7522,0.70577,0.50504,-0.084898,6.6919,-1.639e-15,8.1647e-16
2275.5,-196.52,574.64,7.7439,0.70457,0.50888,-0.081049,6.6919,-1.639e-15,8.1647e-16
2275.6,-196.56,574.71,7.736,0.70355,0.51266,-0.077075,6.6919,-1.639e-15,8.1647e-16
2275.7,-196.6,574.79,7.7285,0.70271,0.5164,-0.072972,6.6919,-1.639e-15,8.1647e-16
2275.8,-196.65,574.87,7.7214,0.70205,0.52009,-0.068733,6.6919,-1.639e-15,8.1647e-16
2275.9,-196.69,574.94,7.7147,0.70158,0.52375,-0.064347,6.6919,-1.639e-15,8.1647e-16
2276,-196.73,575.02,7.7085,0.7013,0.52737,-0.059804,6.6919,-1.639e-15,8.1647e-16
2276.1,-196.77,575.1,7.7028,0.70123,0.53098,-0.055089,6.6919,-1.639e-15,8.1647e-16
2276.2,-196.82,575.17,7.6975,0.70135,0.53458,-0.050182,6.6919,-1.639e-15,8.1647e-16
2276.3,-196.86,575.25,7.6928,0.70168,0.53817,-0.045063,6.6919,-1.639e-15,8.1647e-16
2276.4,-196.9,575.33,7.6885,0.70224,0.54176,-0.039703,6.6919,-1.639e-15,8.1647e-16
2276.5,-196.94,575.41,7.6848,0.70302,0.54537,-0.034069,6.6919,-1.639e-15,8.1647e-16
2276.6,-196.98,575.49,7.6817,0.70403,0.54901,-0.028122,6.6919,-1.639e-15,8.1647e-16
2276.7,-197.02,575.57,7.6792,0.7053,0.55267,-0.021812,6.6919,-1.639e-15,8.1647e-16
2276.8,-197.07,575.64,7.6774,0.70684,0.55638,-0.015078,6.6919,-1.639e-15,8.1647e-16
2276.9,-197.11,575.72,7.6762,0.70866,0.56014,-0.0078462,6.6919,-1.639e-15,8.1647e-16
2277,-197.15,575.8,7.6758,0.71079,0.56398,-2.1369e-05,6.6919,-1.639e-15,8.1647e-16
2277.1,-197.2,575.88,7.6762,0.71325,0.5668,0.0080735,6.6919,-1.639e-15,8.1647e-16
2277.2,-197.24,575.96,7.6774,0.71604,0.5675,0.015885,6.6919,-1.639e-15,8.1647e-16
2277.3,-197.28,576.04,7.6794,0.71912,0.56611,0.023208,6.6919,-1.639e-15,8.1647e-16
2277.4,-197.33,576.13,7.682,0.72245,0.56275,0.029879,6.6919,-1.639e-15,8.1647e-16
2277.5,-197.37,576.21,7.6853,0.72598,0.55757,0.035779,6.6919,-1.639e-15,8.1647e-16
2277.6,-197.41,576.29,7.6892,0.72965,0.55079,0.040839,6.6919,-1.639e-15,8.1647e-16
2277.7,-197.45,576.37,7.6935,0.73341,0.54265,0.045032,6.6919,-1.639e-15,8.1647e-16
2277.8,-197.49,576.45,7.6982,0.7372,0.53337,0.048366,6.6919,-1.639e-15,8.1647e-16
2277.9,-197.54,576.53,7.7031,0.74097,0.52321,0.050881,6.6919,-1.639e-15,8.1647e-16
2278,-197.58,576.61,7.7083,0.74468,0.51239,0.052632,6.6919,-1.639e-15,8.1647e-16
2278.1,-197.61,576.69,7.7136,0.74828,0.50113,0.053689,6.6919,-1.639e-15,8.1647e-16
2278.2,-197.65,576.77,7.719,0.75175,0.48961,0.054124,6.6919,-1.639e-15,8.1647e-16
2278.3,-197.69,576.86,7.7244,0.75506,0.47799,0.054011,6.6919,-1.639e-15,8.1647e-16
2278.4,-197.73,576.94,7.7298,0.7582,0.46641,0.053422,6.6919,-1.639e-15,8.1647e-16
2278.5,-197.77,577.02,7.7351,0.76115,0.455,0.052421,6.6919,-1.639e-15,8.1647e-16
2278.6,-197.8,577.1,7.7403,0.76391,0.44386,0.051069,6.6919,-1.639e-15,8.1647e-16
2278.7,-197.84,577.18,7.7453,0.76647,0.43305,0.049415,6.6919,-1.639e-15,8.1647e-16
2278.8,-197.87,577.26,7.7502,0.76883,0.42265,0.047507,6.6919,-1.639e-15,8.1647e-16
2278.9,-197.9,577.34,7.7548,0.771,0.4127,0.04538,6.6919,-1.639e-15,8.1647e-16
2279,-197.94,577.42,7.7592,0.77298,0.40326,0.043068,6.6919,-1.639e-15,8.1647e-16
2279.1,-197.97,577.5,7.7634,0.77478,0.39434,0.040595,6.6919,-1.639e-15,8.1647e-16
2279.2,-198,577.58,7.7673,0.77639,0.38599,0.037983,6.6919,-1.639e-15,8.1647e-16
2279.3,-198.03,577.66,7.771,0.77784,0.37821,0.035248,6.6919,-1.639e-15,8.1647e-16
2279.4,-198.06,577.74,7.7744,0.77912,0.37103,0.0324,6.6919,-1.639e-15,8.1647e-16
2279.5,-198.1,577.82,7.7775,0.78025,0.36446,0.029449,6.6919,-1.639e-15,8.1647e-16
2279.6,-198.13,577.91,7.7803,0.78122,0.35851,0.026401,6.6919,-1.639e-15,8.1647e-16
2279.7,-198.16,577.99,7.7828,0.78205,0.35319,0.023256,6.6919,-1.639e-15,8.1647e-16
2279.8,-198.18,578.07,7.7849,0.78275,0.34853,0.020017,6.6919,-1.639e-15,8.1647e-16
2279.9,-198.21,578.15,7.7868,0.78331,0.34452,0.016681,6.6919,-1.639e-15,8.1647e-16
2280,-198.24,578.23,7.7883,0.78375,0.34119,0.013244,6.6919,-1.639e-15,8.1647e-16
2280.1,-198.27,578.31,7.7894,0.78406,0.33856,0.0097019,6.6919,-1.639e-15,8.1647e-16
2280.2,-198.3,578.39,7.7902,0.78426,0.33664,0.006049,6.6919,-1.639e-15,8.1647e-16
2280.3,-198.33,578.47,7.7906,0.78434,0.33545,0.0022781,6.6919,-1.639e-15,8.1647e-16
2280.4,-198.36,578.55,7.7906,0.7843,0.33498,-0.0016362,6.6919,-1.639e-15,8.1647e-16
2280.5,-198.39,578.63,7.7903,0.78414,0.33478,-0.0058599,6.6919,-1.639e-15,8.1647e-16
2280.6,-198.41,578.71,7.7895,0.78386,0.33476,-0.010429,6.6919,-1.639e-15,8.1647e-16
2280.7,-198.44,578.79,7.7882,0.78346,0.33496,-0.015334,6.6919,-1.639e-15,8.1647e-16
2280.8,-198.47,578.87,7.7864,0.78291,0.33538,-0.020558,6.6919,-1.639e-15,8.1647e-16
2280.9,-198.5,578.95,7.784,0.78223,0.33605,-0.026075,6.6919,-1.639e-15,8.1647e-16
2281,-198.53,579.03,7.7812,0.78141,0.33697,-0.031849,6.6919,-1.639e-15,8.1647e-16
2281.1,-198.55,579.11,7.7777,0.78044,0.33818,-0.037835,6.6919,-1.639e-15,8.1647e-16
2281.2,-198.58,579.19,7.7736,0.77932,0.33967,-0.043979,6.6919,-1.639e-15,8.1647e-16
2281.3,-198.61,579.27,7.7689,0.77805,0.34146,-0.050223,6.6919,-1.639e-15,8.1647e-16
2281.4,-198.64,579.35,7.7635,0.77664,0.34356,-0.056499,6.6919,-1.639e-15,8.1647e-16
2281.5,-198.66,579.43,7.7576,0.77507,0.34596,-0.062738,6.6919,-1.639e-15,8.1647e-16
2281.6,-198.69,579.51,7.751,0.77337,0.34866,-0.068872,6.6919,-1.639e-15,8.1647e-16
2281.7,-198.72,579.59,7.7438,0.77152,0.35166,-0.07483,6.6919,-1.639e-15,8.1647e-16
2281.8,-198.74,579.68,7.736,0.76954,0.35493,-0.08055,6.6919,-1.639e-15,8.1647e-16
2281.9,-198.77,579.76,7.7277,0.76744,0.35848,-0.085972,6.6919,-1.639e-15,8.1647e-16
2282,-198.8,579.84,7.7189,0.76522,0.36227,-0.091045,6.6919,-1.639e-15,8.1647e-16
2282.1,-198.82,579.92,7.7095,0.76289,0.36629,-0.095729,6.6919,-1.639e-15,8.1647e-16
2282.2,-198.85,580,7.6997,0.76047,0.37051,-0.099992,6.6919,-1.639e-15,8.1647e-16
2282.3,-198.87,580.08,7.6895,0.75797,0.3749,-0.10381,6.6919,-1.639e-15,8.1647e-16
2282.4,-198.9,580.16,7.679,0.75539,0.37944,-0.10717,6.6919,-1.639e-15,8.1647e-16
2282.5,-198.92,580.24,7.6681,0.75276,0.3841,-0.11007,6.6919,-1.639e-15,8.1647e-16
2282.6,-198.94,580.32,7.657,0.75008,0.38885,-0.11251,6.6919,-1.639e-15,8.1647e-16
2282.7,-198.97,580.4,7.6456,0.74736,0.39368,-0.1145,6.6919,-1.639e-15,8.1647e-16
2282.8,-198.99,580.48,7.6341,0.74463,0.39854,-0.11606,2.722,0.42808,-0.20997
2282.9,-199.01,580.57,7.6221,0.73298,0.40528,-0.12264,2.722,0.42808,-0.20997
2283,-199.03,580.65,7.6096,0.72142,0.41209,-0.12786,2.722,0.42808,-0.20997
2283.1,-199.06,580.73,7.5966,0.70999,0.41892,-0.13175,2.722,0.42808,-0.20997
2283.2,-199.08,580.8,7.5833,0.69873,0.42568,-0.1344,2.722,0.42808,-0.20997
2283.3,-199.1,580.88,7.5698,0.68765,0.43233,-0.1359,2.722,0.42808,-0.20997
2283.4,-199.12,580.96,7.5562,0.67679,0.43882,-0.13636,2.722,0.42808,-0.20997
2283.5,-199.15,581.04,7.5425,0.66618,0.44512,-0.13591,2.722,0.42808,-0.20997
2283.6,-199.17,581.11,7.529,0.65583,0.4512,-0.13464,2.722,0.42808,-0.20997
2283.7,-199.19,581.19,7.5156,0.64578,0.45704,-0.13266,2.722,0.42808,-0.20997
2283.8,-199.21,581.27,7.5025,0.63604,0.46264,-0.13008,2.722,0.42808,-0.20997
2283.9,-199.23,581.34,7.4896,0.62662,0.46799,-0.12697,2.722,0.42808,-0.20997
2284,-199.25,581.42,7.4771,0.61754,0.47311,-0.12341,2.722,0.42808,-0.20997
2284.1,-199.28,581.49,7.465,0.6088,0.478,-0.11946,2.722,0.42808,-0.20997
2284.2,-199.3,581.57,7.4532,0.60042,0.48267,-0.11518,2.722,0.42808,-0.20997
2284.3,-199.32,581.64,7.4419,0.5924,0.48713,-0.11061,2.722,0.42808,-0.20997
2284.4,-199.34,581.71,7.4311,0.58475,0.49142,-0.1058,2.722,0.42808,-0.20997
2284.5,-199.36,581.79,7.4208,0.57746,0.49553,-0.10077,2.722,0.42808,-0.20997
2284.6,-199.38,581.86,7.411,0.57055,0.4995,-0.095537,2.722,0.42808,-0.20997
2284.7,-199.4,581.93,7.4017,0.56401,0.50333,-0.09013,2.722,0.42808,-0.20997
2284.8,-199.42,582.01,7.3929,0.55785,0.50706,-0.084555,2.722,0.42808,-0.20997
2284.9,-199.44,582.08,7.3848,0.55206,0.51071,-0.078816,2.722,0.42808,-0.20997
2285,-199.46,582.15,7.3772,0.54665,0.51428,-0.072915,2.722,0.42808,-0.20997
2285.1,-199.48,582.22,7.3702,0.54162,0.51782,-0.066845,2.722,0.42808,-0.20997
2285.2,-199.5,582.29,7.3638,0.53697,0.52133,-0.060596,2.722,0.42808,-0.20997
2285.3,-199.52,582.37,7.3581,0.5327,0.52484,-0.054151,2.722,0.42808,-0.20997
2285.4,-199.55,582.44,7.353,0.52882,0.52838,-0.047488,2.722,0.42808,-0.20997
2285.5,-199.57,582.51,7.3486,0.52533,0.53196,-0.040577,2.722,0.42808,-0.20997
2285.6,-199.59,582.58,7.3449,0.52224,0.53562,-0.033382,2.722,0.42808,-0.20997
2285.7,-199.61,582.65,7.3419,0.51955,0.53939,-0.025854,2.722,0.42808,-0.20997
2285.8,-199.63,582.73,7.3397,0.51729,0.54329,-0.017936,2.722,0.42808,-0.20997
2285.9,-199.65,582.8,7.3384,0.51546,0.54735,-0.0095514,2.722,0.42808,-0.20997
2286,-199.67,582.87,7.3378,0.51409,0.55162,-0.000609,2.722,0.42808,-0.20997
2286.1,-199.7,582.94,7.3382,0.51319,0.55507,0.0085782,2.722,0.42808,-0.20997
2286.2,-199.72,583.01,7.3395,0.51276,0.55634,0.017331,2.722,0.42808,-0.20997
2286.3,-199.74,583.08,7.3417,0.51275,0.55551,0.025404,2.722,0.42808,-0.20997
2286.4,-199.77,583.16,7.3446,0.51312,0.55273,0.032619,2.722,0.42808,-0.20997
2286.5,-199.79,583.23,7.3482,0.5138,0.54821,0.038861,2.722,0.42808,-0.20997
2286.6,-199.81,583.3,7.3523,0.51472,0.54219,0.044077,2.722,0.42808,-0.20997
2286.7,-199.84,583.37,7.357,0.51583,0.53494,0.048269,2.722,0.42808,-0.20997
2286.8,-199.86,583.44,7.362,0.51705,0.52671,0.051477,2.722,0.42808,-0.20997
2286.9,-199.88,583.51,7.3672,0.51833,0.51775,0.053772,2.722,0.42808,-0.20997
2287,-199.9,583.58,7.3727,0.51962,0.50829,0.055239,2.722,0.42808,-0.20997
2287.1,-199.92,583.65,7.3782,0.52088,0.49854,0.055972,2.722,0.42808,-0.20997
2287.2,-199.94,583.72,7.3839,0.52209,0.48866,0.056066,2.722,0.42808,-0.20997
2287.3,-199.96,583.79,7.3894,0.5232,0.47881,0.055612,2.722,0.42808,-0.20997
2287.4,-199.98,583.86,7.395,0.52421,0.46911,0.054695,2.722,0.42808,-0.20997
2287.5,-200,583.92,7.4004,0.5251,0.45965,0.053389,2.722,0.42808,-0.20997
2287.6,-200.02,583.99,7.4056,0.52587,0.45052,0.051762,2.722,0.42808,-0.20997
2287.7,-200.04,584.06,7.4107,0.5265,0.44178,0.049874,2.722,0.42808,-0.20997
2287.8,-200.05,584.12,7.4156,0.527,0.43347,0.047774,2.722,0.42808,-0.20997
2287.9,-200.07,584.19,7.4203,0.52737,0.42562,0.045505,2.722,0.42808,-0.20997
2288,-200.09,584.26,7.4247,0.5276,0.41826,0.043104,2.722,0.42808,-0.20997
2288.1,-200.1,584.32,7.4289,0.52772,0.41141,0.040603,2.722,0.42808,-0.20997
2288.2,-200.12,584.39,7.4328,0.52771,0.40507,0.038026,2.722,0.42808,-0.20997
2288.3,-200.13,584.45,7.4365,0.52759,0.39925,0.035398,2.722,0.42808,-0.20997
2288.4,-200.15,584.51,7.4399,0.52736,0.39395,0.032736,2.722,0.42808,-0.20997
2288.5,-200.16,584.58,7.443,0.52703,0.38917,0.030056,2.722,0.42808,-0.20997
2288.6,-200.18,584.64,7.4459,0.52659,0.38491,0.027374,2.722,0.42808,-0.20997
2288.7,-200.19,584.71,7.4485,0.52607,0.38114,0.024701,2.722,0.42808,-0.20997
2288.8,-200.2,584.77,7.4508,0.52547,0.37788,0.022049,2.722,0.42808,-0.20997
2288.9,-200.22,584.83,7.4529,0.52478,0.37511,0.019427,2.722,0.42808,-0.20997
2289,-200.23,584.89,7.4547,0.52402,0.37281,0.016847,2.722,0.42808,-0.20997
2289.1,-200.25,584.96,7.4563,0.52319,0.37098,0.014316,2.722,0.42808,-0.20997
2289.2,-200.26,585.02,7.4576,0.5223,0.36961,0.011844,2.722,0.42808,-0.20997
2289.3,-200.27,585.08,7.4587,0.52135,0.36868,0.0094406,2.722,0.42808,-0.20997
2289.4,-200.29,585.14,7.4595,0.52035,0.36818,0.0071149,2.722,0.42808,-0.20997
2289.5,-200.3,585.21,7.4601,0.51929,0.36809,0.0048764,2.722,0.42808,-0.20997
2289.6,-200.32,585.27,7.4605,0.51819,0.36841,0.0027353,2.722,0.42808,-0.20997
2289.7,-200.33,585.33,7.4606,0.51706,0.36912,0.00070193,2.722,0.42808,-0.20997
2289.8,-200.35,585.39,7.4606,0.51588,0.37012,-0.0012373,2.722,0.42808,-0.20997
2289.9,-200.36,585.45,7.4604,0.51467,0.37118,-0.0031592,2.722,0.42808,-0.20997
2290,-200.37,585.52,7.46,0.51343,0.37226,-0.0050626,2.722,0.42808,-0.20997
2290.1,-200.39,585.58,7.4594,0.51216,0.37336,-0.0069387,2.722,0.42808,-0.20997
2290.2,-200.4,585.64,7.4586,0.51086,0.37449,-0.0087785,2.722,0.42808,-0.20997
2290.3,-200.42,585.7,7.4576,0.50953,0.37564,-0.010573,2.722,0.42808,-0.20997
2290.4,-200.43,585.76,7.4565,0.50817,0.37681,-0.012314,2.722,0.42808,-0.20997
2290.5,-200.45,585.82,7.4552,0.50679,0.378,-0.013992,2.722,0.42808,-0.20997
2290.6,-200.46,585.89,7.4537,0.50539,0.37922,-0.0156,2.722,0.42808,-0.20997
2290.7,-200.48,585.95,7.452,0.50397,0.38045,-0.01713,2.722,0.42808,-0.20997
2290.8,-200.49,586.01,7.4503,0.50253,0.3817,-0.018575,2.722,0.42808,-0.20997
2290.9,-200.51,586.07,7.4483,0.50108,0.38297,-0.019928,0.98118,-2.4032e-16,1.1666e-16
2291,-200.53,586.13,7.4466,0.49584,0.38244,-0.015207,0.98118,-2.4032e-16,1.1666e-16
2291.1,-200.54,586.19,7.4453,0.49089,0.38184,-0.010295,0.98118,-2.4032e-16,1.1666e-16
2291.2,-200.56,586.25,7.4445,0.48623,0.38118,-0.0051763,0.98118,-2.4032e-16,1.1666e-16
2291.3,-200.57,586.31,7.4443,0.48185,0.38047,0.00016755,0.98118,-2.4032e-16,1.1666e-16
2291.4,-200.59,586.37,7.4446,0.47776,0.3792,0.0055568,0.98118,-2.4032e-16,1.1666e-16
2291.5,-200.6,586.43,7.4454,0.47394,0.37693,0.010754,0.98118,-2.4032e-16,1.1666e-16
2291.6,-200.62,586.49,7.4467,0.47038,0.3737,0.015678,0.98118,-2.4032e-16,1.1666e-16
2291.7,-200.64,586.54,7.4485,0.46705,0.36957,0.020263,0.98118,-2.4032e-16,1.1666e-16
2291.8,-200.65,586.6,7.4507,0.46394,0.36462,0.024461,0.98118,-2.4032e-16,1.1666e-16
2291.9,-200.67,586.66,7.4534,0.46101,0.35894,0.02824,0.98118,-2.4032e-16,1.1666e-16
2292,-200.68,586.71,7.4564,0.45825,0.35262,0.031586,0.98118,-2.4032e-16,1.1666e-16
2292.1,-200.7,586.77,7.4597,0.45564,0.34575,0.034497,0.98118,-2.4032e-16,1.1666e-16
2292.2,-200.71,586.82,7.4633,0.45314,0.33843,0.036984,0.98118,-2.4032e-16,1.1666e-16
2292.3,-200.72,586.88,7.4671,0.45075,0.33074,0.039063,0.98118,-2.4032e-16,1.1666e-16
2292.4,-200.74,586.93,7.4711,0.44844,0.32278,0.040761,0.98118,-2.4032e-16,1.1666e-16
2292.5,-200.75,586.99,7.4752,0.4462,0.31462,0.042107,0.98118,-2.4032e-16,1.1666e-16
2292.6,-200.76,587.04,7.4795,0.44402,0.30633,0.043131,0.98118,-2.4032e-16,1.1666e-16
2292.7,-200.77,587.09,7.4838,0.44187,0.29797,0.043867,0.98118,-2.4032e-16,1.1666e-16
2292.8,-200.79,587.14,7.4882,0.43975,0.2896,0.044345,0.98118,-2.4032e-16,1.1666e-16
2292.9,-200.8,587.19,7.4927,0.43766,0.28126,0.044596,0.98118,-2.4032e-16,1.1666e-16
2293,-200.81,587.24,7.4971,0.43559,0.27299,0.04465,0.98118,-2.4032e-16,1.1666e-16
2293.1,-200.82,587.29,7.5016,0.43353,0.26482,0.044532,0.98118,-2.4032e-16,1.1666e-16
2293.2,-200.83,587.34,7.506,0.43148,0.25679,0.044268,0.98118,-2.4032e-16,1.1666e-16
2293.3,-200.84,587.39,7.5105,0.42943,0.24891,0.043879,0.98118,-2.4032e-16,1.1666e-16
2293.4,-200.85,587.44,7.5148,0.42739,0.24119,0.043386,0.98118,-2.4032e-16,1.1666e-16
2293.5,-200.85,587.49,7.5191,0.42535,0.23366,0.042805,0.98118,-2.4032e-16,1.1666e-16
2293.6,-200.86,587.54,7.5234,0.42331,0.22632,0.042152,0.98118,-2.4032e-16,1.1666e-16
2293.7,-200.87,587.58,7.5276,0.42128,0.21917,0.041441,0.98118,-2.4032e-16,1.1666e-16
2293.8,-200.88,587.63,7.5317,0.41925,0.21223,0.040684,0.98118,-2.4032e-16,1.1666e-16
2293.9,-200.88,587.68,7.5357,0.41722,0.20549,0.03989,0.98118,-2.4032e-16,1.1666e-16
2294,-200.89,587.72,7.5396,0.4152,0.19895,0.03907,0.98118,-2.4032e-16,1.1666e-16
2294.1,-200.89,587.77,7.5435,0.41319,0.19262,0.03823,0.98118,-2.4032e-16,1.1666e-16
2294.2,-200.9,587.81,7.5473,0.41118,0.18649,0.037377,0.98118,-2.4032e-16,1.1666e-16
2294.3,-200.91,587.86,7.551,0.40917,0.18055,0.036517,0.98118,-2.4032e-16,1.1666e-16
2294.4,-200.91,587.9,7.5546,0.40718,0.17481,0.035654,0.98118,-2.4032e-16,1.1666e-16
2294.5,-200.91,587.95,7.5581,0.4052,0.16926,0.034793,0.98118,-2.4032e-16,1.1666e-16
2294.6,-200.92,587.99,7.5615,0.40322,0.1639,0.033936,0.98118,-2.4032e-16,1.1666e-16
2294.7,-200.92,588.03,7.5649,0.40126,0.15872,0.033087,0.98118,-2.4032e-16,1.1666e-16
2294.8,-200.93,588.08,7.5682,0.39932,0.15371,0.032248,0.98118,-2.4032e-16,1.1666e-16
2294.9,-200.93,588.12,7.5714,0.39738,0.14887,0.031421,0.98118,-2.4032e-16,1.1666e-16
2295,-200.93,588.16,7.5745,0.39547,0.1442,0.030607,0.98118,-2.4032e-16,1.1666e-16
2295.1,-200.94,588.2,7.5775,0.39356,0.13968,0.029808,0.98118,-2.4032e-16,1.1666e-16
2295.2,-200.94,588.24,7.5804,0.39168,0.13532,0.029025,0.98118,-2.4032e-16,1.1666e-16
2295.3,-200.94,588.29,7.5833,0.38981,0.13111,0.028258,0.98118,-2.4032e-16,1.1666e-16
2295.4,-200.94,588.33,7.5861,0.38796,0.12705,0.027509,0.98118,-2.4032e-16,1.1666e-16
2295.5,-200.94,588.37,7.5888,0.38613,0.12312,0.026777,0.98118,-2.4032e-16,1.1666e-16
2295.6,-200.95,588.41,7.5914,0.38432,0.11932,0.026062,0.98118,-2.4032e-16,1.1666e-16
2295.7,-200.95,588.45,7.594,0.38253,0.11565,0.025366,0.98118,-2.4032e-16,1.1666e-16
2295.8,-200.95,588.49,7.5965,0.38076,0.11211,0.024687,0.98118,-2.4032e-16,1.1666e-16
2295.9,-200.95,588.53,7.5989,0.37901,0.10869,0.024026,0.98118,-2.4032e-16,1.1666e-16
2296,-200.95,588.57,7.6013,0.37728,0.10538,0.023384,0.98118,-2.4032e-16,1.1666e-16
2296.1,-200.95,588.61,7.6036,0.37557,0.10218,0.022759,0.98118,-2.4032e-16,1.1666e-16
2296.2,-200.95,588.64,7.6059,0.37388,0.099086,0.022151,0.98118,-2.4032e-16,1.1666e-16
2296.3,-200.95,588.68,7.608,0.37222,0.096097,0.02156,0.98118,-2.4032e-16,1.1666e-16
2296.4,-200.95,588.72,7.6102,0.37058,0.093206,0.020987,0.98118,-2.4032e-16,1.1666e-16
2296.5,-200.95,588.76,7.6122,0.36895,0.09041,0.02043,0.98118,-2.4032e-16,1.1666e-16
2296.6,-200.95,588.8,7.6143,0.36735,0.087705,0.019889,0.98118,-2.4032e-16,1.1666e-16
2296.7,-200.95,588.83,7.6162,0.36577,0.085088,0.019365,0.98118,-2.4032e-16,1.1666e-16
2296.8,-200.95,588.87,7.6181,0.36422,0.082556,0.018855,0.98118,-2.4032e-16,1.1666e-16
2296.9,-200.95,588.91,7.62,0.36268,0.080106,0.018362,0.98118,-2.4032e-16,1.1666e-16
2297,-200.95,588.95,7.6218,0.36117,0.077734,0.017883,0.98118,-2.4032e-16,1.1666e-16
2297.1,-200.95,588.98,7.6236,0.35968,0.075438,0.017418,0.98118,-2.4032e-16,1.1666e-16
2297.2,-200.95,589.02,7.6253,0.35821,0.073215,0.016968,0.98118,-2.4032e-16,1.1666e-16
2297.3,-200.95,589.06,7.627,0.35676,0.071062,0.016531,0.98118,-2.4032e-16,1.1666e-16
2297.4,-200.95,589.09,7.6286,0.35534,0.068977,0.016107,0.98118,-2.4032e-16,1.1666e-16
2297.5,-200.95,589.13,7.6302,0.35393,0.066956,0.015697,0.98118,-2.4032e-16,1.1666e-16
2297.6,-200.94,589.16,7.6317,0.35255,0.064999,0.015299,0.98118,-2.4032e-16,1.1666e-16
2297.7,-200.94,589.2,7.6332,0.35118,0.063102,0.014914,0.98118,-2.4032e-16,1.1666e-16
2297.8,-200.94,589.24,7.6347,0.34984,0.061264,0.014541,0.98118,-2.4032e-16,1.1666e-16
2297.9,-200.94,589.27,7.6361,0.34852,0.059482,0.014179,0.98118,-2.4032e-16,1.1666e-16
2298,-200.94,589.31,7.6375,0.34721,0.057755,0.013828,0.98118,-2.4032e-16,1.1666e-16
2298.1,-200.94,589.34,7.6389,0.34593,0.05608,0.013488,0.98118,-2.4032e-16,1.1666e-16
2298.2,-200.93,589.38,7.6402,0.34467,0.054455,0.013159,0.98118,-2.4032e-16,1.1666e-16
2298.3,-200.93,589.41,7.6415,0.34343,0.052879,0.012841,0.98118,-2.4032e-16,1.1666e-16
2298.4,-200.93,589.45,7.6428,0.3422,0.051351,0.012532,0.98118,-2.4032e-16,1.1666e-16
2298.5,-200.93,589.48,7.6441,0.341,0.049868,0.012233,0.98118,-2.4032e-16,1.1666e-16
2298.6,-200.93,589.51,7.6453,0.33982,0.048428,0.011943,0.98118,-2.4032e-16,1.1666e-16
2298.7,-200.92,589.55,7.6464,0.33865,0.047032,0.011663,0.98118,-2.4032e-16,1.1666e-16
2298.8,-200.92,589.58,7.6476,0.3375,0.045676,0.011391,0.98118,-2.4032e-16,1.1666e-16
2298.9,-200.92,589.62,7.6487,0.33637,0.04436,0.011128,0.98118,-2.4032e-16,1.1666e-16
2299,-200.92,589.65,7.6498,0.33526,0.043082,0.010873,0.98118,-2.4032e-16,1.1666e-16
2299.1,-200.91,589.68,7.6509,0.33417,0.041841,0.010627,0.98118,-2.4032e-16,1.1666e-16
2299.2,-200.91,589.72,7.6519,0.33309,0.040636,0.010388,0.98118,-2.4032e-16,1.1666e-16
2299.3,-200.91,589.75,7.653,0.33203,0.039465,0.010157,0.98118,-2.4032e-16,1.1666e-16
2299.4,-200.9,589.78,7.654,0.33099,0.038328,0.009933,0.98118,-2.4032e-16,1.1666e-16
2299.5,-200.9,589.82,7.655,0.32997,0.037223,0.0097164,0.98118,-2.4032e-16,1.1666e-16
2299.6,-200.9,589.85,7.6559,0.32896,0.03615,0.0095068,0.98118,-2.4032e-16,1.1666e-16
2299.7,-200.9,589.88,7.6569,0.32796,0.035106,0.0093039,0.98118,-2.4032e-16,1.1666e-16
2299.8,-200.89,589.92,7.6578,0.32699,0.034092,0.0091076,0.98118,-2.4032e-16,1.1666e-16
2299.9,-200.89,589.95,7.6587,0.32603,0.033107,0.0089176,0.98118,-2.4032e-16,1.1666e-16
2300,-200.89,589.98,7.6596,0.32508,0.032148,0.0087339,0.98118,-2.4032e-16,1.1666e-16
2300.1,-200.88,590.01,7.6604,0.32415,0.031216,0.0085561,0.98118,-2.4032e-16,1.1666e-16
2300.2,-200.88,590.05,7.6613,0.32324,0.03031,0.0083841,0.98118,-2.4032e-16,1.1666e-16
2300.3,-200.88,590.08,7.6621,0.32234,0.029429,0.0082178,0.98118,-2.4032e-16,1.1666e-16
2300.4,-200.87,590.11,7.6629,0.32145,0.028572,0.008057,0.98118,-2.4032e-16,1.1666e-16
2300.5,-200.87,590.14,7.6637,0.32058,0.027738,0.0079015,0.98118,-2.4032e-16,1.1666e-16
2300.6,-200.87,590.17,7.6645,0.31972,0.026927,0.0077512,0.98118,-2.4032e-16,1.1666e-16
2300.7,-200.86,590.21,7.6653,0.31888,0.026138,0.0076059,0.98118,-2.4032e-16,1.1666e-16
2300.8,-200.86,590.24,7.666,0.31805,0.02537,0.0074654,0.98118,-2.4032e-16,1.1666e-16
2300.9,-200.86,590.27,7.6668,0.31723,0.024623,0.0073297,0.98118,-2.4032e-16,1.1666e-16
2301,-200.85,590.3,7.6675,0.31643,0.023895,0.0071986,0.98118,-2.4032e-16,1.1666e-16
2301.1,-200.85,590.33,7.6682,0.31564,0.023187,0.007072,0.98118,-2.4032e-16,1.1666e-16
2301.2,-200.85,590.36,7.6689,0.31486,0.022498,0.0069497,0.98118,-2.4032e-16,1.1666e-16
2301.3,-200.84,590.4,7.6696,0.3141,0.021826,0.0068316,0.98118,-2.4032e-16,1.1666e-16
2301.4,-200.84,590.43,7.6703,0.31335,0.021173,0.0067177,0.98118,-2.4032e-16,1.1666e-16
2301.5,-200.84,590.46,7.6709,0.31261,0.020536,0.0066077,0.98118,-2.4032e-16,1.1666e-16
2301.6,-200.83,590.49,7.6716,0.31188,0.019916,0.0065016,0.98118,-2.4032e-16,1.1666e-16
2301.7,-200.83,590.52,7.6722,0.31116,0.019312,0.0063993,0.98118,-2.4032e-16,1.1666e-16
2301.8,-200.82,590.55,7.6729,0.31046,0.018724,0.0063006,0.98118,-2.4032e-16,1.1666e-16
2301.9,-200.82,590.58,7.6735,0.30977,0.018151,0.0062055,0.98118,-2.4032e-16,1.1666e-16
2302,-200.82,590.61,7.6741,0.30908,0.017592,0.0061139,0.98118,-2.4032e-16,1.1666e-16
2302.1,-200.81,590.64,7.6747,0.30841,0.017048,0.0060256,0.98118,-2.4032e-16,1.1666e-16
2302.2,-200.81,590.67,7.6753,0.30775,0.016518,0.0059406,0.98118,-2.4032e-16,1.1666e-16
2302.3,-200.81,590.7,7.6759,0.3071,0.016,0.0058587,0.98118,-2.4032e-16,1.1666e-16
2302.4,-200.8,590.73,7.6765,0.30646,0.015496,0.00578,0.98118,-2.4032e-16,1.1666e-16
2302.5,-200.8,590.77,7.6771,0.30584,0.015005,0.0057043,0.98118,-2.4032e-16,1.1666e-16
2302.6,-200.79,590.8,7.6776,0.30522,0.014526,0.0056315,0.98118,-2.4032e-16,1.1666e-16
2302.7,-200.79,590.83,7.6782,0.30461,0.014059,0.0055616,0.98118,-2.4032e-16,1.1666e-16
2302.8,-200.79,590.86,7.6787,0.30401,0.013603,0.0054945,0.98118,-2.4032e-16,1.1666e-16
2302.9,-200.78,590.89,7.6793,0.30342,0.013159,0.0054301,0.98118,-2.4032e-16,1.1666e-16
2303,-200.78,590.92,7.6798,0.30284,0.012725,0.0053683,0.98118,-2.4032e-16,1.1666e-16
2303.1,-200.77,590.95,7.6804,0.30227,0.012302,0.005309,0.98118,-2.4032e-16,1.1666e-16
2303.2,-200.77,590.98,7.6809,0.30171,0.01189,0.0052523,0.98118,-2.4032e-16,1.1666e-16
2303.3,-200.77,591.01,7.6814,0.30116,0.011487,0.005198,0.98118,-2.4032e-16,1.1666e-16
2303.4,-200.76,591.04,7.6819,0.30062,0.011094,0.005146,0.98118,-2.4032e-16,1.1666e-16
2303.5,-200.76,591.07,7.6824,0.30008,0.010711,0.0050964,0.98118,-2.4032e-16,1.1666e-16
2303.6,-200.75,591.1,7.683,0.29955,0.010337,0.005049,0.98118,-2.4032e-16,1.1666e-16
2303.7,-200.75,591.13,7.6835,0.29904,0.0099711,0.0050038,0.98118,-2.4032e-16,1.1666e-16
2303.8,-200.75,591.15,7.684,0.29853,0.0096143,0.0049607,0.98118,-2.4032e-16,1.1666e-16
2303.9,-200.74,591.18,7.6844,0.29803,0.009266,0.0049197,0.98118,-2.4032e-16,1.1666e-16
2304,-200.74,591.21,7.6849,0.29753,0.0089258,0.0048807,1.3673,-0.070267,0.034466
2304.1,-200.73,591.24,7.6855,0.29791,0.0082862,0.0058189,1.3673,-0.070267,0.034466
2304.2,-200.73,591.27,7.6861,0.29828,0.0076235,0.0067606,1.3673,-0.070267,0.034466
2304.3,-200.72,591.3,7.6868,0.29865,0.0069383,0.0077053,1.3673,-0.070267,0.034466
2304.4,-200.72,591.33,7.6876,0.29901,0.0062312,0.0086525,1.3673,-0.070267,0.034466
2304.5,-200.72,591.36,7.6886,0.29937,0.0055029,0.0096017,1.3673,-0.070267,0.034466
2304.6,-200.71,591.39,7.6896,0.29972,0.0047539,0.010552,1.3673,-0.070267,0.034466
2304.7,-200.71,591.42,7.6907,0.30006,0.0039849,0.011504,1.3673,-0.070267,0.034466
2304.8,-200.7,591.45,7.6919,0.3004,0.0031968,0.012456,1.3673,-0.070267,0.034466
2304.9,-200.7,591.48,7.6932,0.30073,0.0023902,0.013408,1.3673,-0.070267,0.034466
2305,-200.69,591.51,7.6945,0.30105,0.0015658,0.014359,1.3673,-0.070267,0.034466
2305.1,-200.69,591.54,7.696,0.30137,0.00072464,0.015309,1.3673,-0.070267,0.034466
2305.2,-200.68,591.57,7.6976,0.30169,-0.00013269,0.016258,1.3673,-0.070267,0.034466
2305.3,-200.68,591.6,7.6993,0.30199,-0.0010072,0.017203,1.3673,-0.070267,0.034466
2305.4,-200.67,591.63,7.701,0.3023,-0.0018995,0.018141,1.3673,-0.070267,0.034466
2305.5,-200.67,591.66,7.7029,0.30259,-0.0028089,0.019073,1.3673,-0.070267,0.034466
2305.6,-200.66,591.69,7.7049,0.30288,-0.0037348,0.019996,1.3673,-0.070267,0.034466
2305.7,-200.66,591.72,7.7069,0.30316,-0.0046767,0.02091,1.3673,-0.070267,0.034466
2305.8,-200.65,591.75,7.709,0.30344,-0.0056338,0.021814,1.3673,-0.070267,0.034466
2305.9,-200.65,591.78,7.7113,0.30371,-0.0066056,0.022707,1.3673,-0.070267,0.034466
2306,-200.64,591.81,7.7136,0.30397,-0.0075913,0.023588,1.3673,-0.070267,0.034466
2306.1,-200.64,591.84,7.716,0.30423,-0.0085901,0.024456,1.3673,-0.070267,0.034466
2306.2,-200.63,591.87,7.7185,0.30448,-0.0096014,0.025311,1.3673,-0.070267,0.034466
2306.3,-200.63,591.9,7.721,0.30472,-0.010624,0.026152,1.3673,-0.070267,0.034466
2306.4,-200.62,591.93,7.7237,0.30496,-0.011658,0.026978,1.3673,-0.070267,0.034466
2306.5,-200.62,591.96,7.7264,0.30519,-0.012702,0.027788,1.3673,-0.070267,0.034466
2306.6,-200.61,591.99,7.7293,0.30541,-0.013755,0.028582,1.3673,-0.070267,0.034466
2306.7,-200.61,592.02,7.7322,0.30562,-0.014817,0.029359,1.3673,-0.070267,0.034466
2306.8,-200.6,592.05,7.7351,0.30583,-0.015886,0.030119,1.3673,-0.070267,0.034466
2306.9,-200.6,592.08,7.7382,0.30604,-0.016963,0.030861,1.3673,-0.070267,0.034466
2307,-200.59,592.11,7.7413,0.30623,-0.018045,0.031586,1.3673,-0.070267,0.034466
2307.1,-200.59,592.14,7.7445,0.30642,-0.019132,0.032292,1.3673,-0.070267,0.034466
2307.2,-200.58,592.17,7.7478,0.3066,-0.020224,0.03298,1.3673,-0.070267,0.034466
2307.3,-200.58,592.2,7.7511,0.30677,-0.02132,0.033649,1.3673,-0.070267,0.034466
2307.4,-200.57,592.23,7.7545,0.30694,-0.022418,0.034299,1.3673,-0.070267,0.034466
2307.5,-200.57,592.26,7.758,0.3071,-0.023518,0.03493,1.3673,-0.070267,0.034466
2307.6,-200.56,592.29,7.7615,0.30725,-0.02462,0.035542,1.3673,-0.070267,0.034466
2307.7,-200.56,592.32,7.7651,0.3074,-0.025722,0.036134,1.3673,-0.070267,0.034466
2307.8,-200.55,592.35,7.7687,0.30754,-0.026824,0.036708,1.3673,-0.070267,0.034466
2307.9,-200.55,592.38,7.7724,0.30767,-0.027924,0.037262,1.3673,-0.070267,0.034466
2308,-200.54,592.41,7.7762,0.3078,-0.029023,0.037798,1.3673,-0.070267,0.034466
2308.1,-200.54,592.44,7.78,0.30792,-0.03012,0.038314,1.3673,-0.070267,0.034466
2308.2,-200.53,592.47,7.7838,0.30803,-0.031214,0.038812,1.3673,-0.070267,0.034466
2308.3,-200.52,592.5,7.7877,0.30814,-0.032304,0.039291,1.3673,-0.070267,0.034466
2308.4,-200.52,592.54,7.7917,0.30824,-0.033389,0.039751,1.3673,-0.070267,0.034466
2308.5,-200.51,592.57,7.7957,0.30833,-0.03447,0.040194,1.3673,-0.070267,0.034466
2308.6,-200.51,592.6,7.7997,0.30842,-0.035545,0.040618,1.3673,-0.070267,0.034466
2308.7,-200.5,592.63,7.8038,0.3085,-0.036613,0.041025,1.3673,-0.070267,0.034466
2308.8,-200.5,592.66,7.8079,0.30857,-0.037676,0.041414,1.3673,-0.070267,0.034466
2308.9,-200.49,592.69,7.8121,0.30864,-0.038731,0.041787,1.3673,-0.070267,0.034466
2309,-200.49,592.72,7.8163,0.3087,-0.039778,0.042143,1.3673,-0.070267,0.034466
2309.1,-200.48,592.75,7.8205,0.30876,-0.040818,0.042482,1.3673,-0.070267,0.034466
2309.2,-200.48,592.78,7.8248,0.30881,-0.041848,0.042805,1.3673,-0.070267,0.034466
2309.3,-200.47,592.81,7.8291,0.30886,-0.04287,0.043113,1.3673,-0.070267,0.034466
2309.4,-200.47,592.84,7.8334,0.3089,-0.043883,0.043406,1.3673,-0.070267,0.034466
2309.5,-200.46,592.87,7.8377,0.30893,-0.044886,0.043683,1.3673,-0.070267,0.034466
2309.6,-200.46,592.9,7.8421,0.30896,-0.045879,0.043946,1.3673,-0.070267,0.034466
2309.7,-200.45,592.93,7.8465,0.30898,-0.046861,0.044195,1.3673,-0.070267,0.034466
2309.8,-200.45,592.97,7.851,0.309,-0.047833,0.04443,1.3673,-0.070267,0.034466
2309.9,-200.44,593,7.8554,0.30902,-0.048794,0.044652,1.3673,-0.070267,0.034466
2310,-200.44,593.03,7.8599,0.30903,-0.049743,0.044861,1.3673,-0.070267,0.034466
2310.1,-200.43,593.06,7.8644,0.30903,-0.050681,0.045057,1.3673,-0.070267,0.034466
2310.2,-200.43,593.09,7.8689,0.30903,-0.051608,0.045241,1.3673,-0.070267,0.034466
2310.3,-200.42,593.12,7.8734,0.30903,-0.052523,0.045413,1.3673,-0.070267,0.034466
2310.4,-200.42,593.15,7.878,0.30902,-0.053425,0.045574,1.3673,-0.070267,0.034466
2310.5,-200.42,593.18,7.8826,0.30901,-0.054316,0.045723,1.3673,-0.070267,0.034466
2310.6,-200.41,593.21,7.8871,0.30899,-0.055194,0.045862,1.3673,-0.070267,0.034466
2310.7,-200.41,593.24,7.8917,0.30897,-0.05606,0.045991,1.3673,-0.070267,0.034466
2310.8,-200.4,593.28,7.8963,0.30895,-0.056913,0.046109,1.3673,-0.070267,0.034466
2310.9,-200.4,593.31,7.9009,0.30892,-0.057754,0.046218,1.3673,-0.070267,0.034466
2311,-200.39,593.34,7.9056,0.30889,-0.058582,0.046318,1.3673,-0.070267,0.034466
2311.1,-200.39,593.37,7.9102,0.30886,-0.059397,0.046409,1.3673,-0.070267,0.034466
2311.2,-200.38,593.4,7.9149,0.30882,-0.0602,0.046491,1.3673,-0.070267,0.034466
2311.3,-200.38,593.43,7.9195,0.30878,-0.06099,0.046565,1.3673,-0.070267,0.034466
2311.4,-200.38,593.46,7.9242,0.30874,-0.061767,0.046631,1.3673,-0.070267,0.034466
2311.5,-200.37,593.49,7.9288,0.30869,-0.062531,0.046689,1.3673,-0.070267,0.034466
2311.6,-200.37,593.53,7.9335,0.30864,-0.063282,0.04674,1.3673,-0.070267,0.034466
2311.7,-200.37,593.56,7.9382,0.30859,-0.06402,0.046784,1.3673,-0.070267,0.034466
2311.8,-200.36,593.59,7.9429,0.30854,-0.064746,0.046822,1.3673,-0.070267,0.034466
2311.9,-200.36,593.62,7.9475,0.30848,-0.065459,0.046853,1.3673,-0.070267,0.034466
2312,-200.35,593.65,7.9522,0.30843,-0.066159,0.046877,1.3673,-0.070267,0.034466
2312.1,-200.35,593.68,7.9569,0.30837,-0.066846,0.046896,1.3673,-0.070267,0.034466
2312.2,-200.35,593.71,7.9616,0.30831,-0.067521,0.046909,1.3673,-0.070267,0.034466
2312.3,-200.34,593.74,7.9663,0.30824,-0.068183,0.046917,0.6109,-1.4963e-16,7.4089e-17
2312.4,-200.34,593.78,7.9709,0.30649,-0.068524,0.045961,0.6109,-1.4963e-16,7.4089e-17
2312.5,-200.34,593.81,7.9755,0.30477,-0.068818,0.04503,0.6109,-1.4963e-16,7.4089e-17
2312.6,-200.33,593.84,7.98,0.30309,-0.069067,0.044123,0.6109,-1.4963e-16,7.4089e-17
2312.7,-200.33,593.87,7.9843,0.30143,-0.069275,0.043238,0.6109,-1.4963e-16,7.4089e-17
2312.8,-200.33,593.9,7.9886,0.29981,-0.069442,0.042375,0.6109,-1.4963e-16,7.4089e-17
2312.9,-200.33,593.93,7.9928,0.29822,-0.069572,0.041532,0.6109,-1.4963e-16,7.4089e-17
2313,-200.32,593.96,7.9969,0.29665,-0.069666,0.04071,0.6109,-1.4963e-16,7.4089e-17
2313.1,-200.32,593.99,8.0009,0.29512,-0.069726,0.039906,0.6109,-1.4963e-16,7.4089e-17
2313.2,-200.32,594.02,8.0049,0.29361,-0.069753,0.039121,0.6109,-1.4963e-16,7.4089e-17
2313.3,-200.32,594.05,8.0088,0.29214,-0.069749,0.038354,0.6109,-1.4963e-16,7.4089e-17
2313.4,-200.31,594.08,8.0126,0.29069,-0.069715,0.037603,0.6109,-1.4963e-16,7.4089e-17
2313.5,-200.31,594.11,8.0163,0.28927,-0.069654,0.03687,0.6109,-1.4963e-16,7.4089e-17
2313.6,-200.31,594.14,8.0199,0.28787,-0.069567,0.036152,0.6109,-1.4963e-16,7.4089e-17
2313.7,-200.31,594.17,8.0235,0.28651,-0.069454,0.03545,0.6109,-1.4963e-16,7.4089e-17
2313.8,-200.3,594.2,8.027,0.28516,-0.069317,0.034763,0.6109,-1.4963e-16,7.4089e-17
2313.9,-200.3,594.23,8.0305,0.28385,-0.069157,0.03409,0.6109,-1.4963e-16,7.4089e-17
2314,-200.3,594.26,8.0338,0.28256,-0.068975,0.033432,0.6109,-1.4963e-16,7.4089e-17
2314.1,-200.3,594.29,8.0372,0.28129,-0.068773,0.032787,0.6109,-1.4963e-16,7.4089e-17
2314.2,-200.3,594.32,8.0404,0.28004,-0.068552,0.032156,0.6109,-1.4963e-16,7.4089e-17
2314.3,-200.3,594.34,8.0436,0.27882,-0.068312,0.031539,0.6109,-1.4963e-16,7.4089e-17
2314.4,-200.29,594.37,8.0467,0.27763,-0.068055,0.030934,0.6109,-1.4963e-16,7.4089e-17
2314.5,-200.29,594.4,8.0498,0.27645,-0.06778,0.030341,0.6109,-1.4963e-16,7.4089e-17
2314.6,-200.29,594.43,8.0528,0.2753,-0.06749,0.029761,0.6109,-1.4963e-16,7.4089e-17
2314.7,-200.29,594.46,8.0557,0.27417,-0.067185,0.029192,0.6109,-1.4963e-16,7.4089e-17
2314.8,-200.29,594.49,8.0586,0.27305,-0.066866,0.028635,0.6109,-1.4963e-16,7.4089e-17
2314.9,-200.29,594.51,8.0615,0.27196,-0.066534,0.02809,0.6109,-1.4963e-16,7.4089e-17
2315,-200.29,594.54,8.0642,0.27089,-0.066189,0.027555,0.6109,-1.4963e-16,7.4089e-17
2315.1,-200.29,594.57,8.067,0.26984,-0.065832,0.027032,0.6109,-1.4963e-16,7.4089e-17
2315.2,-200.29,594.6,8.0696,0.26881,-0.065463,0.026519,0.6109,-1.4963e-16,7.4089e-17
2315.3,-200.29,594.62,8.0723,0.2678,-0.065085,0.026017,0.6109,-1.4963e-16,7.4089e-17
2315.4,-200.29,594.65,8.0748,0.26681,-0.064696,0.025524,0.6109,-1.4963e-16,7.4089e-17
2315.5,-200.28,594.68,8.0774,0.26583,-0.064297,0.025042,0.6109,-1.4963e-16,7.4089e-17
2315.6,-200.28,594.71,8.0799,0.26488,-0.06389,0.02457,0.6109,-1.4963e-16,7.4089e-17
2315.7,-200.28,594.73,8.0823,0.26394,-0.063475,0.024107,0.6109,-1.4963e-16,7.4089e-17
2315.8,-200.28,594.76,8.0847,0.26302,-0.063051,0.023653,0.6109,-1.4963e-16,7.4089e-17
2315.9,-200.28,594.79,8.087,0.26211,-0.062621,0.023209,0.6109,-1.4963e-16,7.4089e-17
2316,-200.28,594.82,8.0893,0.26122,-0.062184,0.022773,0.6109,-1.4963e-16,7.4089e-17
2316.1,-200.28,594.84,8.0916,0.26035,-0.06174,0.022347,0.6109,-1.4963e-16,7.4089e-17
2316.2,-200.28,594.87,8.0938,0.25949,-0.061291,0.021929,0.6109,-1.4963e-16,7.4089e-17
2316.3,-200.28,594.9,8.096,0.25865,-0.060836,0.021519,0.6109,-1.4963e-16,7.4089e-17
2316.4,-200.29,594.92,8.0981,0.25782,-0.060376,0.021118,0.6109,-1.4963e-16,7.4089e-17
2316.5,-200.29,594.95,8.1002,0.25701,-0.059911,0.020725,0.6109,-1.4963e-16,7.4089e-17
2316.6,-200.29,594.97,8.1022,0.25622,-0.059442,0.02034,0.6109,-1.4963e-16,7.4089e-17
2316.7,-200.29,595,8.1043,0.25543,-0.05897,0.019963,0.6109,-1.4963e-16,7.4089e-17
2316.8,-200.29,595.03,8.1062,0.25466,-0.058494,0.019593,0.6109,-1.4963e-16,7.4089e-17
2316.9,-200.29,595.05,8.1082,0.25391,-0.058014,0.019231,0.6109,-1.4963e-16,7.4089e-17
2317,-200.29,595.08,8.1101,0.25317,-0.057532,0.018877,0.6109,-1.4963e-16,7.4089e-17
2317.1,-200.29,595.1,8.1119,0.25244,-0.057047,0.018529,0.6109,-1.4963e-16,7.4089e-17
2317.2,-200.29,595.13,8.1138,0.25172,-0.05656,0.018189,0.6109,-1.4963e-16,7.4089e-17
2317.3,-200.29,595.16,8.1156,0.25102,-0.056071,0.017856,0.6109,-1.4963e-16,7.4089e-17
2317.4,-200.29,595.18,8.1174,0.25033,-0.05558,0.017529,0.6109,-1.4963e-16,7.4089e-17
2317.5,-200.29,595.21,8.1191,0.24965,-0.055088,0.017209,0.6109,-1.4963e-16,7.4089e-17
2317.6,-200.3,595.23,8.1208,0.24898,-0.054595,0.016896,0.6109,-1.4963e-16,7.4089e-17
2317.7,-200.3,595.26,8.1225,0.24832,-0.054101,0.016589,0.6109,-1.4963e-16,7.4089e-17
2317.8,-200.3,595.28,8.1241,0.24768,-0.053606,0.016288,0.6109,-1.4963e-16,7.4089e-17
2317.9,-200.3,595.31,8.1257,0.24704,-0.05311,0.015994,0.6109,-1.4963e-16,7.4089e-17
2318,-200.3,595.33,8.1273,0.24642,-0.052615,0.015705,0.6109,-1.4963e-16,7.4089e-17
2318.1,-200.3,595.36,8.1289,0.24581,-0.052119,0.015423,0.6109,-1.4963e-16,7.4089e-17
2318.2,-200.3,595.38,8.1304,0.24521,-0.051623,0.015146,0.6109,-1.4963e-16,7.4089e-17
2318.3,-200.31,595.41,8.1319,0.24462,-0.051128,0.014875,0.6109,-1.4963e-16,7.4089e-17
2318.4,-200.31,595.43,8.1334,0.24403,-0.050633,0.014609,0.6109,-1.4963e-16,7.4089e-17
2318.5,-200.31,595.46,8.1348,0.24346,-0.050139,0.014349,0.6109,-1.4963e-16,7.4089e-17
2318.6,-200.31,595.48,8.1362,0.2429,-0.049646,0.014095,0.6109,-1.4963e-16,7.4089e-17
2318.7,-200.31,595.51,8.1376,0.24235,-0.049154,0.013845,0.6109,-1.4963e-16,7.4089e-17
2318.8,-200.32,595.53,8.139,0.2418,-0.048663,0.013601,0.6109,-1.4963e-16,7.4089e-17
2318.9,-200.32,595.56,8.1404,0.24127,-0.048173,0.013362,0.6109,-1.4963e-16,7.4089e-17
2319,-200.32,595.58,8.1417,0.24075,-0.047685,0.013127,0.6109,-1.4963e-16,7.4089e-17
2319.1,-200.32,595.61,8.143,0.24023,-0.047198,0.012898,0.6109,-1.4963e-16,7.4089e-17
2319.2,-200.32,595.63,8.1443,0.23972,-0.046713,0.012673,0.6109,-1.4963e-16,7.4089e-17
2319.3,-200.33,595.66,8.1455,0.23922,-0.04623,0.012453,0.6109,-1.4963e-16,7.4089e-17
2319.4,-200.33,595.68,8.1468,0.23873,-0.045749,0.012237,0.6109,-1.4963e-16,7.4089e-17
2319.5,-200.33,595.7,8.148,0.23824,-0.04527,0.012026,0.6109,-1.4963e-16,7.4089e-17
2319.6,-200.33,595.73,8.1492,0.23777,-0.044793,0.011819,0.6109,-1.4963e-16,7.4089e-17
2319.7,-200.34,595.75,8.1503,0.2373,-0.044318,0.011617,0.6109,-1.4963e-16,7.4089e-17
2319.8,-200.34,595.78,8.1515,0.23684,-0.043846,0.011418,0.6109,-1.4963e-16,7.4089e-17
2319.9,-200.34,595.8,8.1526,0.23639,-0.043376,0.011224,0.6109,-1.4963e-16,7.4089e-17
2320,-200.35,595.82,8.1537,0.23594,-0.042908,0.011034,0.6109,-1.4963e-16,7.4089e-17
2320.1,-200.35,595.85,8.1548,0.2355,-0.042444,0.010847,0.6109,-1.4963e-16,7.4089e-17
2320.2,-200.35,595.87,8.1559,0.23507,-0.041981,0.010665,0.6109,-1.4963e-16,7.4089e-17
2320.3,-200.35,595.89,8.157,0.23465,-0.041522,0.010486,0.6109,-1.4963e-16,7.4089e-17
2320.4,-200.36,595.92,8.158,0.23423,-0.041066,0.010311,0.6109,-1.4963e-16,7.4089e-17
2320.5,-200.36,595.94,8.159,0.23382,-0.040612,0.010139,0.6109,-1.4963e-16,7.4089e-17
2320.6,-200.36,595.97,8.16,0.23341,-0.040161,0.009971,0.6109,-1.4963e-16,7.4089e-17
2320.7,-200.37,595.99,8.161,0.23301,-0.039714,0.0098063,0.6109,-1.4963e-16,7.4089e-17
2320.8,-200.37,596.01,8.162,0.23262,-0.039269,0.0096451,0.6109,-1.4963e-16,7.4089e-17
2320.9,-200.37,596.04,8.1629,0.23224,-0.038828,0.0094872,0.6109,-1.4963e-16,7.4089e-17
2321,-200.38,596.06,8.1639,0.23186,-0.038389,0.0093324,0.6109,-1.4963e-16,7.4089e-17
2321.1,-200.38,596.08,8.1648,0.23148,-0.037954,0.0091809,0.6109,-1.4963e-16,7.4089e-17
2321.2,-200.38,596.11,8.1657,0.23111,-0.037523,0.0090324,0.6109,-1.4963e-16,7.4089e-17
2321.3,-200.39,596.13,8.1666,0.23075,-0.037094,0.008887,0.6109,-1.4963e-16,7.4089e-17
2321.4,-200.39,596.15,8.1675,0.23039,-0.036669,0.0087445,0.6109,-1.4963e-16,7.4089e-17
2321.5,-200.4,596.17,8.1684,0.23004,-0.036247,0.0086049,0.6109,-1.4963e-16,7.4089e-17
2321.6,-200.4,596.2,8.1692,0.2297,-0.035829,0.0084681,0.6109,-1.4963e-16,7.4089e-17
2321.7,-200.4,596.22,8.1701,0.22935,-0.035414,0.0083341,0.6109,-1.4963e-16,7.4089e-17
2321.8,-200.41,596.24,8.1709,0.22902,-0.035002,0.0082028,0.6109,-1.4963e-16,7.4089e-17
2321.9,-200.41,596.27,8.1717,0.22869,-0.034594,0.0080741,0.6109,-1.4963e-16,7.4089e-17
2322,-200.41,596.29,8.1725,0.22836,-0.034189,0.0079481,0.6109,-1.4963e-16,7.4089e-17
2322.1,-200.42,596.31,8.1733,0.22804,-0.033788,0.0078245,0.6109,-1.4963e-16,7.4089e-17
2322.2,-200.42,596.33,8.1741,0.22773,-0.033391,0.0077035,0.6109,-1.4963e-16,7.4089e-17
2322.3,-200.43,596.36,8.1748,0.22741,-0.032997,0.0075848,0.6109,-1.4963e-16,7.4089e-17
2322.4,-200.43,596.38,8.1756,0.22711,-0.032606,0.0074686,0.6109,-1.4963e-16,7.4089e-17
2322.5,-200.43,596.4,8.1763,0.22681,-0.032219,0.0073547,0.6109,-1.4963e-16,7.4089e-17
2322.6,-200.44,596.42,8.1771,0.22651,-0.031836,0.007243,0.6109,-1.4963e-16,7.4089e-17
2322.7,-200.44,596.45,8.1778,0.22622,-0.031456,0.0071335,0.6109,-1.4963e-16,7.4089e-17
2322.8,-200.45,596.47,8.1785,0.22593,-0.03108,0.0070262,0.6109,-1.4963e-16,7.4089e-17
2322.9,-200.45,596.49,8.1792,0.22564,-0.030707,0.0069211,0.6109,-1.4963e-16,7.4089e-17
2323,-200.46,596.51,8.1799,0.22536,-0.030338,0.006818,0.6109,-1.4963e-16,7.4089e-17
2323.1,-200.46,596.54,8.1805,0.22509,-0.029973,0.0067169,0.6109,-1.4963e-16,7.4089e-17
2323.2,-200.46,596.56,8.1812,0.22482,-0.029611,0.0066178,0.6109,-1.4963e-16,7.4089e-17
2323.3,-200.47,596.58,8.1819,0.22455,-0.029252,0.0065206,0.6109,-1.4963e-16,7.4089e-17
2323.4,-200.47,596.6,8.1825,0.22428,-0.028898,0.0064254,0.6109,-1.4963e-16,7.4089e-17
2323.5,-200.48,596.63,8.1832,0.22402,-0.028547,0.006332,0.6109,-1.4963e-16,7.4089e-17
2323.6,-200.48,596.65,8.1838,0.22377,-0.028199,0.0062404,0.6109,-1.4963e-16,7.4089e-17
2323.7,-200.49,596.67,8.1844,0.22351,-0.027855,0.0061506,0.6109,-1.4963e-16,7.4089e-17
2323.8,-200.49,596.69,8.185,0.22326,-0.027515,0.0060625,0.6109,-1.4963e-16,7.4089e-17
2323.9,-200.5,596.71,8.1856,0.22302,-0.027178,0.0059761,0.6109,-1.4963e-16,7.4089e-17
2324,-200.5,596.74,8.1862,0.22278,-0.026844,0.0058913,0.6109,-1.4963e-16,7.4089e-17
2324.1,-200.51,596.76,8.1868,0.22254,-0.026515,0.0058082,0.6109,-1.4963e-16,7.4089e-17
2324.2,-200.51,596.78,8.1874,0.2223,-0.026188,0.0057266,0.6109,-1.4963e-16,7.4089e-17
2324.3,-200.51,596.8,8.1879,0.22207,-0.025865,0.0056466,0.71198,0.065755,-0.032253
2324.4,-200.52,596.82,8.1885,0.22207,-0.025265,0.0046633,0.71198,0.065755,-0.032253
2324.5,-200.52,596.84,8.1889,0.22207,-0.024653,0.003694,0.71198,0.065755,-0.032253
2324.6,-200.53,596.87,8.1892,0.22208,-0.024029,0.0027372,0.71198,0.065755,-0.032253
2324.7,-200.53,596.89,8.1894,0.22208,-0.023394,0.0017916,0.71198,0.065755,-0.032253
2324.8,-200.54,596.91,8.1895,0.22209,-0.022748,0.00085576,0.71198,0.065755,-0.032253
2324.9,-200.55,596.93,8.1896,0.2221,-0.022092,-7.1592e-05,0.71198,0.065755,-0.032253
2325,-200.55,596.95,8.1895,0.22211,-0.02142,-0.00098939,0.71198,0.065755,-0.032253
2325.1,-200.56,596.97,8.1894,0.22212,-0.020731,-0.0018957,0.71198,0.065755,-0.032253
2325.2,-200.56,597,8.1892,0.22214,-0.020023,-0.00279,0.71198,0.065755,-0.032253
2325.3,-200.57,597.02,8.1888,0.22215,-0.019299,-0.0036715,0.71198,0.065755,-0.032253
2325.4,-200.57,597.04,8.1884,0.22217,-0.01856,-0.0045397,0.71198,0.065755,-0.032253
2325.5,-200.58,597.06,8.1879,0.22219,-0.017806,-0.0053943,0.71198,0.065755,-0.032253
2325.6,-200.58,597.08,8.1873,0.2222,-0.017039,-0.0062348,0.71198,0.065755,-0.032253
2325.7,-200.59,597.1,8.1867,0.22222,-0.01626,-0.0070608,0.71198,0.065755,-0.032253
2325.8,-200.59,597.13,8.1859,0.22224,-0.01547,-0.007872,0.71198,0.065755,-0.032253
2325.9,-200.6,597.15,8.1851,0.22226,-0.014669,-0.0086683,0.71198,0.065755,-0.032253
2326,-200.61,597.17,8.1842,0.22228,-0.01386,-0.0094494,0.71198,0.065755,-0.032253
2326.1,-200.61,597.19,8.1832,0.2223,-0.013043,-0.010215,0.71198,0.065755,-0.032253
2326.2,-200.62,597.21,8.1822,0.22232,-0.012218,-0.010966,0.71198,0.065755,-0.032253
2326.3,-200.62,597.23,8.181,0.22234,-0.011388,-0.011701,0.71198,0.065755,-0.032253
2326.4,-200.63,597.25,8.1798,0.22236,-0.010553,-0.012421,0.71198,0.065755,-0.032253
2326.5,-200.64,597.28,8.1785,0.22238,-0.009714,-0.013125,0.71198,0.065755,-0.032253
2326.6,-200.64,597.3,8.1772,0.2224,-0.0088717,-0.013814,0.71198,0.065755,-0.032253
2326.7,-200.65,597.32,8.1758,0.22242,-0.0080273,-0.014488,0.71198,0.065755,-0.032253
2326.8,-200.66,597.34,8.1743,0.22244,-0.0071816,-0.015147,0.71198,0.065755,-0.032253
2326.9,-200.66,597.36,8.1727,0.22246,-0.0063354,-0.015792,0.71198,0.065755,-0.032253
2327,-200.67,597.38,8.1711,0.22247,-0.0054896,-0.016421,0.71198,0.065755,-0.032253
2327.1,-200.67,597.4,8.1695,0.22249,-0.0046448,-0.017037,0.71198,0.065755,-0.032253
2327.2,-200.68,597.43,8.1677,0.2225,-0.0038019,-0.017638,0.71198,0.065755,-0.032253
2327.3,-200.69,597.45,8.1659,0.22252,-0.0029616,-0.018225,0.71198,0.065755,-0.032253
2327.4,-200.69,597.47,8.1641,0.22253,-0.0021245,-0.018799,0.71198,0.065755,-0.032253
2327.5,-200.7,597.49,8.1622,0.22254,-0.0012913,-0.019359,0.71198,0.065755,-0.032253
2327.6,-200.71,597.51,8.1602,0.22255,-0.00046259,-0.019906,0.71198,0.065755,-0.032253
2327.7,-200.71,597.53,8.1582,0.22256,0.00036143,-0.02044,0.71198,0.065755,-0.032253
2327.8,-200.72,597.55,8.1561,0.22257,0.0011828,-0.020958,0.71198,0.065755,-0.032253
2327.9,-200.73,597.57,8.154,0.22257,0.0020017,-0.02146,0.71198,0.065755,-0.032253
2328,-200.73,597.6,8.1518,0.22258,0.0028177,-0.021945,0.71198,0.065755,-0.032253
2328.1,-200.74,597.62,8.1496,0.22258,0.0036303,-0.022415,0.71198,0.065755,-0.032253
2328.2,-200.75,597.64,8.1474,0.22258,0.0044392,-0.022868,0.71198,0.065755,-0.032253
2328.3,-200.75,597.66,8.145,0.22258,0.0052439,-0.023305,0.71198,0.065755,-0.032253
2328.4,-200.76,597.68,8.1427,0.22258,0.006044,-0.023727,0.71198,0.065755,-0.032253
2328.5,-200.77,597.7,8.1403,0.22257,0.0068392,-0.024133,0.71198,0.065755,-0.032253
2328.6,-200.78,597.72,8.1379,0.22257,0.0076292,-0.024524,0.71198,0.065755,-0.032253
2328.7,-200.78,597.74,8.1354,0.22256,0.0084136,-0.0249,0.71198,0.065755,-0.032253
2328.8,-200.79,597.76,8.1329,0.22255,0.0091921,-0.02526,0.71198,0.065755,-0.032253
2328.9,-200.8,597.79,8.1303,0.22254,0.0099643,-0.025607,0.71198,0.065755,-0.032253
2329,-200.8,597.81,8.1278,0.22253,0.01073,-0.025939,0.71198,0.065755,-0.032253
2329.1,-200.81,597.83,8.1252,0.22251,0.011489,-0.026257,0.71198,0.065755,-0.032253
2329.2,-200.82,597.85,8.1225,0.2225,0.012241,-0.026561,0.71198,0.065755,-0.032253
2329.3,-200.82,597.87,8.1198,0.22248,0.012986,-0.026852,0.71198,0.065755,-0.032253
2329.4,-200.83,597.89,8.1171,0.22246,0.013723,-0.027129,0.71198,0.065755,-0.032253
2329.5,-200.84,597.91,8.1144,0.22244,0.014452,-0.027394,0.71198,0.065755,-0.032253
2329.6,-200.85,597.93,8.1117,0.22242,0.015174,-0.027647,0.71198,0.065755,-0.032253
2329.7,-200.85,597.95,8.1089,0.22239,0.015887,-0.027887,0.71198,0.065755,-0.032253
2329.8,-200.86,597.98,8.1061,0.22237,0.016592,-0.028116,0.71198,0.065755,-0.032253
2329.9,-200.87,598,8.1033,0.22234,0.017289,-0.028333,0.71198,0.065755,-0.032253
2330,-200.87,598.02,8.1004,0.22231,0.017977,-0.028539,0.71198,0.065755,-0.032253
2330.1,-200.88,598.04,8.0976,0.22228,0.018656,-0.028735,0.71198,0.065755,-0.032253
2330.2,-200.89,598.06,8.0947,0.22225,0.019327,-0.02892,0.71198,0.065755,-0.032253
2330.3,-200.9,598.08,8.0918,0.22222,0.019989,-0.029095,0.71198,0.065755,-0.032253
2330.4,-200.9,598.1,8.0889,0.22218,0.020641,-0.02926,0.71198,0.065755,-0.032253
2330.5,-200.91,598.12,8.0859,0.22214,0.021285,-0.029415,0.71198,0.065755,-0.032253
2330.6,-200.92,598.14,8.083,0.22211,0.02192,-0.029562,0.71198,0.065755,-0.032253
2330.7,-200.93,598.17,8.08,0.22207,0.022545,-0.029699,0.71198,0.065755,-0.032253
2330.8,-200.93,598.19,8.077,0.22203,0.023161,-0.029829,0.71198,0.065755,-0.032253
2330.9,-200.94,598.21,8.074,0.22199,0.023768,-0.029949,0.71198,0.065755,-0.032253
2331,-200.95,598.23,8.071,0.22194,0.024365,-0.030062,0.71198,0.065755,-0.032253
2331.1,-200.95,598.25,8.068,0.2219,0.024953,-0.030168,0.71198,0.065755,-0.032253
2331.2,-200.96,598.27,8.065,0.22185,0.025532,-0.030266,0.71198,0.065755,-0.032253
2331.3,-200.97,598.29,8.062,0.22181,0.026102,-0.030357,0.71198,0.065755,-0.032253
2331.4,-200.98,598.31,8.0589,0.22176,0.026662,-0.030441,0.71198,0.065755,-0.032253
2331.5,-200.98,598.34,8.0559,0.22171,0.027213,-0.030519,0.71198,0.065755,-0.032253
2331.6,-200.99,598.36,8.0528,0.22166,0.027755,-0.03059,0.71198,0.065755,-0.032253
2331.7,-201,598.38,8.0498,0.22161,0.028287,-0.030655,0.71198,0.065755,-0.032253
2331.8,-201,598.4,8.0467,0.22156,0.02881,-0.030715,0.71198,0.065755,-0.032253
2331.9,-201.01,598.42,8.0436,0.22151,0.029325,-0.030769,0.71198,0.065755,-0.032253
2332,-201.02,598.44,8.0406,0.22145,0.02983,-0.030818,0.71198,0.065755,-0.032253
2332.1,-201.02,598.46,8.0375,0.2214,0.030325,-0.030862,0.71198,0.065755,-0.032253
2332.2,-201.03,598.48,8.0344,0.22134,0.030812,-0.030901,0.71198,0.065755,-0.032253
2332.3,-201.04,598.5,8.0313,0.22129,0.03129,-0.030935,0.71198,0.065755,-0.032253
2332.4,-201.05,598.53,8.0282,0.22123,0.03176,-0.030965,0.71198,0.065755,-0.032253
2332.5,-201.05,598.55,8.0251,0.22118,0.03222,-0.030991,0.71198,0.065755,-0.032253
2332.6,-201.06,598.57,8.022,0.22112,0.032672,-0.031012,0.71198,0.065755,-0.032253
2332.7,-201.07,598.59,8.0189,0.22106,0.033115,-0.03103,0.71198,0.065755,-0.032253
2332.8,-201.07,598.61,8.0158,0.221,0.033549,-0.031044,0.71198,0.065755,-0.032253
2332.9,-201.08,598.63,8.0127,0.22095,0.033975,-0.031055,0.71198,0.065755,-0.032253
2333,-201.09,598.65,8.0096,0.22089,0.034393,-0.031062,0.71198,0.065755,-0.032253
2333.1,-201.09,598.68,8.0065,0.22083,0.034802,-0.031066,0.71198,0.065755,-0.032253
2333.2,-201.1,598.7,8.0034,0.22077,0.035204,-0.031068,0.71198,0.065755,-0.032253
2333.3,-201.11,598.72,8.0003,0.22071,0.035597,-0.031066,0.71198,0.065755,-0.032253
2333.4,-201.11,598.74,7.9972,0.22065,0.035982,-0.031062,0.71198,0.065755,-0.032253
2333.5,-201.12,598.76,7.994,0.22059,0.036359,-0.031055,0.71198,0.065755,-0.032253
2333.6,-201.13,598.78,7.9909,0.22053,0.036729,-0.031045,0.71198,0.065755,-0.032253
2333.7,-201.13,598.8,7.9878,0.22046,0.037091,-0.031034,6.7009,-1.6413e-15,7.926e-16
2333.8,-201.14,598.83,7.9848,0.23381,0.037188,-0.030185,6.7009,-1.6413e-15,7.926e-16
2333.9,-201.15,598.85,7.9818,0.24698,0.037309,-0.029479,6.7009,-1.6413e-15,7.926e-16
2334,-201.15,598.87,7.9789,0.25997,0.037456,-0.028904,6.7009,-1.6413e-15,7.926e-16
2334.1,-201.16,598.9,7.976,0.27277,0.037629,-0.02845,6.7009,-1.6413e-15,7.926e-16
2334.2,-201.17,598.93,7.9732,0.28537,0.03783,-0.028111,6.7009,-1.6413e-15,7.926e-16
2334.3,-201.18,598.95,7.9704,0.29777,0.038059,-0.027879,6.7009,-1.6413e-15,7.926e-16
2334.4,-201.18,598.98,7.9676,0.30998,0.038318,-0.027748,6.7009,-1.6413e-15,7.926e-16
2334.5,-201.19,599.02,7.9648,0.32197,0.03861,-0.027714,6.7009,-1.6413e-15,7.926e-16
2334.6,-201.2,599.05,7.9621,0.33376,0.038937,-0.027773,6.7009,-1.6413e-15,7.926e-16
2334.7,-201.21,599.08,7.9593,0.34534,0.039299,-0.027922,6.7009,-1.6413e-15,7.926e-16
2334.8,-201.21,599.12,7.9565,0.3567,0.039701,-0.02816,6.7009,-1.6413e-15,7.926e-16
2334.9,-201.22,599.15,7.9536,0.36784,0.040144,-0.028483,6.7009,-1.6413e-15,7.926e-16
2335,-201.23,599.19,7.9508,0.37877,0.040631,-0.02889,6.7009,-1.6413e-15,7.926e-16
2335.1,-201.24,599.23,7.9479,0.38948,0.041165,-0.029382,6.7009,-1.6413e-15,7.926e-16
2335.2,-201.24,599.26,7.9449,0.39997,0.041749,-0.029956,6.7009,-1.6413e-15,7.926e-16
2335.3,-201.25,599.3,7.9419,0.41024,0.042388,-0.030613,6.7009,-1.6413e-15,7.926e-16
2335.4,-201.26,599.35,7.9388,0.42029,0.043083,-0.031354,6.7009,-1.6413e-15,7.926e-16
2335.5,-201.27,599.39,7.9356,0.43013,0.043838,-0.032177,6.7009,-1.6413e-15,7.926e-16
2335.6,-201.28,599.43,7.9323,0.43974,0.044659,-0.033085,6.7009,-1.6413e-15,7.926e-16
2335.7,-201.28,599.47,7.929,0.44913,0.045547,-0.034077,6.7009,-1.6413e-15,7.926e-16
2335.8,-201.29,599.52,7.9255,0.45831,0.046509,-0.035154,6.7009,-1.6413e-15,7.926e-16
2335.9,-201.3,599.57,7.9219,0.46728,0.047548,-0.036317,6.7009,-1.6413e-15,7.926e-16
2336,-201.31,599.61,7.9182,0.47602,0.048668,-0.037566,6.7009,-1.6413e-15,7.926e-16
2336.1,-201.31,599.66,7.9144,0.48456,0.049874,-0.038903,6.7009,-1.6413e-15,7.926e-16
2336.2,-201.32,599.71,7.9105,0.49288,0.051171,-0.040329,6.7009,-1.6413e-15,7.926e-16
2336.3,-201.33,599.76,7.9064,0.50099,0.052564,-0.041843,6.7009,-1.6413e-15,7.926e-16
2336.4,-201.34,599.81,7.9021,0.5089,0.054058,-0.043445,6.7009,-1.6413e-15,7.926e-16
2336.5,-201.35,599.86,7.8977,0.51659,0.055658,-0.045137,6.7009,-1.6413e-15,7.926e-16
2336.6,-201.35,599.91,7.8931,0.52409,0.057368,-0.046917,6.7009,-1.6413e-15,7.926e-16
2336.7,-201.36,599.96,7.8883,0.53138,0.059193,-0.048785,6.7009,-1.6413e-15,7.926e-16
2336.8,-201.37,600.02,7.8833,0.53846,0.06114,-0.05074,6.7009,-1.6413e-15,7.926e-16
2336.9,-201.38,600.07,7.8781,0.54536,0.063212,-0.05278,6.7009,-1.6413e-15,7.926e-16
2337,-201.38,600.13,7.8727,0.55205,0.065414,-0.054903,6.7009,-1.6413e-15,7.926e-16
2337.1,-201.39,600.18,7.8671,0.55855,0.06775,-0.057107,6.7009,-1.6413e-15,7.926e-16
2337.2,-201.4,600.24,7.8613,0.56485,0.070226,-0.059387,6.7009,-1.6413e-15,7.926e-16
2337.3,-201.41,600.29,7.8553,0.57097,0.072845,-0.061742,6.7009,-1.6413e-15,7.926e-16
2337.4,-201.41,600.35,7.849,0.57689,0.07561,-0.064164,6.7009,-1.6413e-15,7.926e-16
2337.5,-201.42,600.41,7.8424,0.58263,0.078526,-0.06665,6.7009,-1.6413e-15,7.926e-16
2337.6,-201.43,600.47,7.8356,0.58818,0.081594,-0.069194,6.7009,-1.6413e-15,7.926e-16
2337.7,-201.44,600.53,7.8286,0.59355,0.084817,-0.071789,6.7009,-1.6413e-15,7.926e-16
2337.8,-201.44,600.59,7.8213,0.59873,0.088197,-0.074428,6.7009,-1.6413e-15,7.926e-16
2337.9,-201.45,600.65,7.8137,0.60373,0.091735,-0.077103,6.7009,-1.6413e-15,7.926e-16
2338,-201.46,600.71,7.8059,0.60855,0.09543,-0.079807,6.7009,-1.6413e-15,7.926e-16
2338.1,-201.46,600.77,7.7977,0.6132,0.099284,-0.08253,6.7009,-1.6413e-15,7.926e-16
2338.2,-201.47,600.83,7.7893,0.61766,0.10329,-0.085263,6.7009,-1.6413e-15,7.926e-16
2338.3,-201.48,600.89,7.7807,0.62195,0.10746,-0.087998,6.7009,-1.6413e-15,7.926e-16
2338.4,-201.48,600.96,7.7717,0.62607,0.11178,-0.090724,6.7009,-1.6413e-15,7.926e-16
2338.5,-201.49,601.02,7.7625,0.63001,0.11624,-0.093433,6.7009,-1.6413e-15,7.926e-16
2338.6,-201.49,601.08,7.7531,0.63379,0.12086,-0.096114,6.7009,-1.6413e-15,7.926e-16
2338.7,-201.5,601.15,7.7433,0.63739,0.12561,-0.098759,6.7009,-1.6413e-15,7.926e-16
2338.8,-201.5,601.21,7.7333,0.64082,0.1305,-0.10136,6.7009,-1.6413e-15,7.926e-16
2338.9,-201.51,601.28,7.723,0.64409,0.13551,-0.1039,6.7009,-1.6413e-15,7.926e-16
2339,-201.51,601.35,7.7125,0.64719,0.14065,-0.10638,6.7009,-1.6413e-15,7.926e-16
2339.1,-201.52,601.41,7.7018,0.65013,0.1459,-0.10879,6.7009,-1.6413e-15,7.926e-16
2339.2,-201.52,601.48,7.6908,0.65291,0.15126,-0.11112,6.7009,-1.6413e-15,7.926e-16
2339.3,-201.53,601.55,7.6796,0.65553,0.15672,-0.11337,6.7009,-1.6413e-15,7.926e-16
2339.4,-201.53,601.61,7.6681,0.658,0.16226,-0.11552,6.7009,-1.6413e-15,7.926e-16
2339.5,-201.53,601.68,7.6565,0.66031,0.16789,-0.11757,6.7009,-1.6413e-15,7.926e-16
2339.6,-201.54,601.75,7.6446,0.66247,0.17359,-0.11952,6.7009,-1.6413e-15,7.926e-16
2339.7,-201.54,601.82,7.6326,0.66448,0.17934,-0.12137,6.7009,-1.6413e-15,7.926e-16
2339.8,-201.54,601.89,7.6203,0.66635,0.18516,-0.1231,6.7009,-1.6413e-15,7.926e-16
2339.9,-201.55,601.96,7.6079,0.66808,0.19101,-0.12473,6.7009,-1.6413e-15,7.926e-16
2340,-201.55,602.03,7.5954,0.66967,0.1969,-0.12623,6.7009,-1.6413e-15,7.926e-16
2340.1,-201.55,602.1,7.5827,0.67113,0.20282,-0.12762,6.7009,-1.6413e-15,7.926e-16
2340.2,-201.55,602.17,7.5699,0.67246,0.20875,-0.12889,6.7009,-1.6413e-15,7.926e-16
2340.3,-201.55,602.24,7.5569,0.67366,0.21468,-0.13004,6.7009,-1.6413e-15,7.926e-16
2340.4,-201.55,602.31,7.5439,0.67474,0.22062,-0.13108,6.7009,-1.6413e-15,7.926e-16
2340.5,-201.55,602.38,7.5307,0.67571,0.22655,-0.132,6.7009,-1.6413e-15,7.926e-16
2340.6,-201.55,602.45,7.5175,0.67656,0.23245,-0.1328,6.7009,-1.6413e-15,7.926e-16
2340.7,-201.55,602.52,7.5042,0.67731,0.23834,-0.13348,6.7009,-1.6413e-15,7.926e-16
2340.8,-201.55,602.59,7.4908,0.67796,0.24419,-0.13406,6.7009,-1.6413e-15,7.926e-16
2340.9,-201.55,602.67,7.4773,0.6785,0.25001,-0.13452,6.7009,-1.6413e-15,7.926e-16
2341,-201.55,602.74,7.4639,0.67896,0.25578,-0.13487,6.7009,-1.6413e-15,7.926e-16
2341.1,-201.55,602.81,7.4504,0.67933,0.2615,-0.13512,6.7009,-1.6413e-15,7.926e-16
2341.2,-201.54,602.88,7.4369,0.67961,0.26717,-0.13526,6.7009,-1.6413e-15,7.926e-16
2341.3,-201.54,602.96,7.4233,0.67982,0.27277,-0.1353,6.7009,-1.6413e-15,7.926e-16
2341.4,-201.54,603.03,7.4098,0.67996,0.27832,-0.13525,6.7009,-1.6413e-15,7.926e-16
2341.5,-201.53,603.1,7.3963,0.68003,0.28379,-0.1351,6.7009,-1.6413e-15,7.926e-16
2341.6,-201.53,603.18,7.3828,0.68003,0.2892,-0.13486,6.7009,-1.6413e-15,7.926e-16
2341.7,-201.52,603.25,7.3693,0.67998,0.29453,-0.13453,6.7009,-1.6413e-15,7.926e-16
2341.8,-201.52,603.32,7.3559,0.67988,0.29979,-0.13412,6.7009,-1.6413e-15,7.926e-16
2341.9,-201.51,603.4,7.3425,0.67973,0.30496,-0.13363,6.7009,-1.6413e-15,7.926e-16
2342,-201.5,603.47,7.3292,0.67954,0.31006,-0.13306,6.7009,-1.6413e-15,7.926e-16
2342.1,-201.49,603.55,7.3159,0.67931,0.31508,-0.13242,6.7009,-1.6413e-15,7.926e-16
2342.2,-201.49,603.62,7.3027,0.67904,0.32001,-0.1317,6.7009,-1.6413e-15,7.926e-16
2342.3,-201.48,603.7,7.2895,0.67874,0.32486,-0.13092,6.7009,-1.6413e-15,7.926e-16
2342.4,-201.47,603.77,7.2765,0.67842,0.32962,-0.13007,6.7009,-1.6413e-15,7.926e-16
2342.5,-201.46,603.85,7.2635,0.67808,0.3343,-0.12916,6.7009,-1.6413e-15,7.926e-16
2342.6,-201.45,603.92,7.2507,0.67772,0.3389,-0.12819,6.7009,-1.6413e-15,7.926e-16
2342.7,-201.44,604,7.2379,0.67735,0.34341,-0.12717,6.7009,-1.6413e-15,7.926e-16
2342.8,-201.43,604.07,7.2252,0.67697,0.34784,-0.12609,6.7009,-1.6413e-15,7.926e-16
2342.9,-201.41,604.15,7.2127,0.67658,0.35219,-0.12496,6.7009,-1.6413e-15,7.926e-16
2343,-201.4,604.22,7.2002,0.67619,0.35646,-0.12378,6.7009,-1.6413e-15,7.926e-16
2343.1,-201.39,604.3,7.1879,0.6758,0.36064,-0.12256,6.7009,-1.6413e-15,7.926e-16
2343.2,-201.38,604.37,7.1757,0.67541,0.36475,-0.12129,6.7009,-1.6413e-15,7.926e-16
2343.3,-201.36,604.45,7.1637,0.67503,0.36877,-0.11998,6.7009,-1.6413e-15,7.926e-16
2343.4,-201.35,604.52,7.1517,0.67466,0.37272,-0.11863,6.7009,-1.6413e-15,7.926e-16
2343.5,-201.33,604.6,7.1399,0.6743,0.3766,-0.11725,6.7009,-1.6413e-15,7.926e-16
2343.6,-201.31,604.67,7.1283,0.67395,0.3804,-0.11582,6.7009,-1.6413e-15,7.926e-16
2343.7,-201.3,604.75,7.1168,0.67362,0.38413,-0.11437,6.7009,-1.6413e-15,7.926e-16
2343.8,-201.28,604.83,7.1054,0.67331,0.38779,-0.11288,6.7009,-1.6413e-15,7.926e-16
2343.9,-201.26,604.9,7.0942,0.67302,0.39138,-0.11136,6.7009,-1.6413e-15,7.926e-16
2344,-201.25,604.98,7.0831,0.67275,0.39491,-0.1098,6.7009,-1.6413e-15,7.926e-16
2344.1,-201.23,605.05,7.0722,0.67251,0.39837,-0.10822,6.7009,-1.6413e-15,7.926e-16
2344.2,-201.21,605.13,7.0615,0.67229,0.40177,-0.10661,6.7009,-1.6413e-15,7.926e-16
2344.3,-201.19,605.21,7.0509,0.67211,0.40511,-0.10498,6.7009,-1.6413e-15,7.926e-16
2344.4,-201.17,605.28,7.0405,0.67195,0.40839,-0.10331,6.7009,-1.6413e-15,7.926e-16
2344.5,-201.15,605.36,7.0303,0.67182,0.41161,-0.10162,6.7009,-1.6413e-15,7.926e-16
2344.6,-201.12,605.43,7.0202,0.67173,0.41478,-0.099907,6.7009,-1.6413e-15,7.926e-16
2344.7,-201.1,605.51,7.0103,0.67168,0.4179,-0.098166,6.7009,-1.6413e-15,7.926e-16
2344.8,-201.08,605.58,7.0005,0.67165,0.42097,-0.0964,6.7009,-1.6413e-15,7.926e-16
2344.9,-201.06,605.66,6.991,0.67167,0.424,-0.094609,6.7009,-1.6413e-15,7.926e-16
2345,-201.03,605.74,6.9816,0.67172,0.42697,-0.092793,6.7009,-1.6413e-15,7.926e-16
2345.1,-201.01,605.81,6.9724,0.67182,0.42991,-0.090951,2.4267,-0.19264,0.094488
2345.2,-200.98,605.89,6.9636,0.66251,0.43189,-0.086283,2.4267,-0.19264,0.094488
2345.3,-200.96,605.96,6.9552,0.65364,0.43362,-0.081351,2.4267,-0.19264,0.094488
2345.4,-200.94,606.04,6.9473,0.6452,0.43512,-0.076179,2.4267,-0.19264,0.094488
2345.5,-200.91,606.11,6.94,0.63719,0.43639,-0.070788,2.4267,-0.19264,0.094488
2345.6,-200.89,606.18,6.9332,0.6296,0.43745,-0.065191,2.4267,-0.19264,0.094488
2345.7,-200.86,606.26,6.9269,0.62243,0.43831,-0.059397,2.4267,-0.19264,0.094488
2345.8,-200.84,606.33,6.9213,0.61568,0.43899,-0.053409,2.4267,-0.19264,0.094488
2345.9,-200.82,606.4,6.9163,0.60934,0.4395,-0.047224,2.4267,-0.19264,0.094488
2346,-200.79,606.47,6.9118,0.60341,0.43985,-0.040833,2.4267,-0.19264,0.094488
2346.1,-200.77,606.54,6.9081,0.59789,0.44006,-0.03422,2.4267,-0.19264,0.094488
2346.2,-200.75,606.61,6.905,0.59278,0.44014,-0.027364,2.4267,-0.19264,0.094488
2346.3,-200.73,606.68,6.9026,0.58807,0.4401,-0.020234,2.4267,-0.19264,0.094488
2346.4,-200.7,606.75,6.901,0.58377,0.43996,-0.01279,2.4267,-0.19264,0.094488
2346.5,-200.68,606.82,6.9001,0.57988,0.43973,-0.0049808,2.4267,-0.19264,0.094488
2346.6,-200.66,606.89,6.9,0.5764,0.43929,0.0032121,2.4267,-0.19264,0.094488
2346.7,-200.64,606.96,6.9007,0.57333,0.43739,0.011306,2.4267,-0.19264,0.094488
2346.8,-200.62,607.03,6.9022,0.57064,0.43374,0.019017,2.4267,-0.19264,0.094488
2346.9,-200.6,607.1,6.9045,0.5683,0.42844,0.026199,2.4267,-0.19264,0.094488
2347,-200.57,607.17,6.9075,0.56628,0.42162,0.032744,2.4267,-0.19264,0.094488
2347.1,-200.55,607.23,6.911,0.56452,0.41346,0.038584,2.4267,-0.19264,0.094488
2347.2,-200.53,607.3,6.9152,0.56297,0.40413,0.043692,2.4267,-0.19264,0.094488
2347.3,-200.51,607.36,6.9197,0.56161,0.39382,0.048071,2.4267,-0.19264,0.094488
2347.4,-200.49,607.43,6.9247,0.56038,0.38271,0.05175,2.4267,-0.19264,0.094488
2347.5,-200.47,607.49,6.9301,0.55924,0.37099,0.054776,2.4267,-0.19264,0.094488
2347.6,-200.44,607.56,6.9357,0.55817,0.3588,0.057209,2.4267,-0.19264,0.094488
2347.7,-200.42,607.62,6.9415,0.55713,0.34631,0.059113,2.4267,-0.19264,0.094488
2347.8,-200.4,607.68,6.9475,0.55611,0.33362,0.060557,2.4267,-0.19264,0.094488
2347.9,-200.37,607.74,6.9536,0.55509,0.32086,0.061606,2.4267,-0.19264,0.094488
2348,-200.35,607.8,6.9598,0.55405,0.30809,0.062324,2.4267,-0.19264,0.094488
2348.1,-200.33,607.86,6.9661,0.55298,0.29541,0.062768,2.4267,-0.19264,0.094488
2348.2,-200.3,607.91,6.9723,0.55189,0.28286,0.06299,2.4267,-0.19264,0.094488
2348.3,-200.28,607.97,6.9786,0.55075,0.27049,0.063039,2.4267,-0.19264,0.094488
2348.4,-200.25,608.03,6.9849,0.54958,0.25834,0.062955,2.4267,-0.19264,0.094488
2348.5,-200.23,608.08,6.9912,0.54836,0.24643,0.062775,2.4267,-0.19264,0.094488
2348.6,-200.2,608.13,6.9975,0.54711,0.23478,0.06253,2.4267,-0.19264,0.094488
2348.7,-200.18,608.19,7.0037,0.54582,0.2234,0.062248,2.4267,-0.19264,0.094488
2348.8,-200.15,608.24,7.0099,0.5445,0.21229,0.061952,2.4267,-0.19264,0.094488
2348.9,-200.12,608.29,7.0161,0.54314,0.20146,0.061663,2.4267,-0.19264,0.094488
2349,-200.1,608.34,7.0223,0.54176,0.19091,0.061398,2.4267,-0.19264,0.094488
2349.1,-200.07,608.39,7.0284,0.54035,0.18063,0.061171,2.4267,-0.19264,0.094488
2349.2,-200.04,608.44,7.0345,0.53892,0.17062,0.060995,2.4267,-0.19264,0.094488
2349.3,-200.01,608.49,7.0406,0.53747,0.16087,0.060882,2.4267,-0.19264,0.094488
2349.4,-199.98,608.54,7.0467,0.53601,0.15137,0.06084,2.4267,-0.19264,0.094488
2349.5,-199.96,608.59,7.0528,0.53453,0.14212,0.060877,2.4267,-0.19264,0.094488
2349.6,-199.93,608.63,7.0589,0.53305,0.1331,0.061001,2.4267,-0.19264,0.094488
2349.7,-199.9,608.68,7.065,0.53155,0.12431,0.061216,2.4267,-0.19264,0.094488
2349.8,-199.87,608.73,7.0711,0.53005,0.11573,0.061528,2.4267,-0.19264,0.094488
2349.9,-199.84,608.77,7.0773,0.52855,0.10736,0.06194,2.4267,-0.19264,0.094488
2350,-199.81,608.82,7.0835,0.52704,0.099192,0.062456,2.4267,-0.19264,0.094488
2350.1,-199.78,608.86,7.0898,0.52553,0.091213,0.063078,2.4267,-0.19264,0.094488
2350.2,-199.75,608.91,7.0961,0.52402,0.083416,0.063808,2.4267,-0.19264,0.094488
2350.3,-199.72,608.95,7.1026,0.52252,0.075794,0.064648,2.4267,-0.19264,0.094488
2350.4,-199.69,608.99,7.1091,0.52102,0.068341,0.065598,2.4267,-0.19264,0.094488
2350.5,-199.66,609.04,7.1157,0.51952,0.061049,0.066659,2.4267,-0.19264,0.094488
2350.6,-199.63,609.08,7.1224,0.51802,0.053914,0.067829,2.4267,-0.19264,0.094488
2350.7,-199.6,609.12,7.1292,0.51652,0.046929,0.069109,2.4267,-0.19264,0.094488
2350.8,-199.57,609.16,7.1362,0.51503,0.040091,0.070495,2.4267,-0.19264,0.094488
2350.9,-199.54,609.2,7.1433,0.51354,0.033396,0.071986,2.4267,-0.19264,0.094488
2351,-199.51,609.24,7.1506,0.51205,0.026841,0.07358,2.4267,-0.19264,0.094488
2351.1,-199.48,609.28,7.1581,0.51056,0.020422,0.075271,1.1626,-2.8475e-16,1.3598e-16
2351.2,-199.44,609.32,7.1656,0.50626,0.01503,0.074429,1.1626,-2.8475e-16,1.3598e-16
2351.3,-199.41,609.36,7.173,0.50203,0.0099383,0.073753,1.1626,-2.8475e-16,1.3598e-16
2351.4,-199.38,609.4,7.1803,0.49786,0.0051222,0.073225,1.1626,-2.8475e-16,1.3598e-16
2351.5,-199.35,609.44,7.1876,0.49377,0.00056061,0.072831,1.1626,-2.8475e-16,1.3598e-16
2351.6,-199.32,609.48,7.1949,0.48975,-0.0037902,0.07253,1.1626,-2.8475e-16,1.3598e-16
2351.7,-199.29,609.52,7.2021,0.48579,-0.0079826,0.072268,1.1626,-2.8475e-16,1.3598e-16
2351.8,-199.26,609.56,7.2093,0.4819,-0.012025,0.072036,1.1626,-2.8475e-16,1.3598e-16
2351.9,-199.23,609.6,7.2165,0.47808,-0.015926,0.071825,1.1626,-2.8475e-16,1.3598e-16
2352,-199.2,609.63,7.2237,0.47433,-0.01969,0.071628,1.1626,-2.8475e-16,1.3598e-16
2352.1,-199.17,609.67,7.2308,0.47064,-0.023324,0.071441,1.1626,-2.8475e-16,1.3598e-16
2352.2,-199.14,609.71,7.238,0.46701,-0.026832,0.071257,1.1626,-2.8475e-16,1.3598e-16
2352.3,-199.11,609.74,7.2451,0.46344,-0.03022,0.071072,1.1626,-2.8475e-16,1.3598e-16
2352.4,-199.09,609.78,7.2522,0.45994,-0.033491,0.070882,1.1626,-2.8475e-16,1.3598e-16
2352.5,-199.06,609.81,7.2593,0.4565,-0.036648,0.070683,1.1626,-2.8475e-16,1.3598e-16
2352.6,-199.03,609.85,7.2663,0.45311,-0.039696,0.070474,1.1626,-2.8475e-16,1.3598e-16
2352.7,-199,609.89,7.2734,0.44979,-0.042637,0.070251,1.1626,-2.8475e-16,1.3598e-16
2352.8,-198.97,609.92,7.2804,0.44652,-0.045474,0.070013,1.1626,-2.8475e-16,1.3598e-16
2352.9,-198.94,609.96,7.2874,0.44331,-0.048211,0.069758,1.1626,-2.8475e-16,1.3598e-16
2353,-198.92,609.99,7.2943,0.44015,-0.050848,0.069486,1.1626,-2.8475e-16,1.3598e-16
2353.1,-198.89,610.02,7.3013,0.43705,-0.053389,0.069194,1.1626,-2.8475e-16,1.3598e-16
2353.2,-198.86,610.06,7.3082,0.434,-0.055836,0.068883,1.1626,-2.8475e-16,1.3598e-16
2353.3,-198.83,610.09,7.315,0.43101,-0.058191,0.068552,1.1626,-2.8475e-16,1.3598e-16
2353.4,-198.81,610.13,7.3219,0.42807,-0.060456,0.068202,1.1626,-2.8475e-16,1.3598e-16
2353.5,-198.78,610.16,7.3287,0.42518,-0.062634,0.067832,1.1626,-2.8475e-16,1.3598e-16
2353.6,-198.75,610.19,7.3354,0.42234,-0.064725,0.067442,1.1626,-2.8475e-16,1.3598e-16
2353.7,-198.73,610.23,7.3422,0.41955,-0.066732,0.067034,1.1626,-2.8475e-16,1.3598e-16
2353.8,-198.7,610.26,7.3489,0.41682,-0.068657,0.066606,1.1626,-2.8475e-16,1.3598e-16
2353.9,-198.67,610.29,7.3555,0.41413,-0.070502,0.066161,1.1626,-2.8475e-16,1.3598e-16
2354,-198.65,610.33,7.3621,0.41149,-0.072268,0.065699,1.1626,-2.8475e-16,1.3598e-16
2354.1,-198.62,610.36,7.3686,0.40889,-0.073958,0.06522,1.1626,-2.8475e-16,1.3598e-16
2354.2,-198.6,610.39,7.3751,0.40635,-0.075573,0.064726,1.1626,-2.8475e-16,1.3598e-16
2354.3,-198.57,610.43,7.3816,0.40385,-0.077114,0.064217,1.1626,-2.8475e-16,1.3598e-16
2354.4,-198.55,610.46,7.388,0.4014,-0.078584,0.063694,1.1626,-2.8475e-16,1.3598e-16
2354.5,-198.52,610.49,7.3943,0.39899,-0.079985,0.063159,1.1626,-2.8475e-16,1.3598e-16
2354.6,-198.5,610.52,7.4006,0.39663,-0.081317,0.062611,1.1626,-2.8475e-16,1.3598e-16
2354.7,-198.47,610.55,7.4068,0.39431,-0.082583,0.062053,1.1626,-2.8475e-16,1.3598e-16
2354.8,-198.45,610.59,7.413,0.39204,-0.083785,0.061484,1.1626,-2.8475e-16,1.3598e-16
2354.9,-198.42,610.62,7.4191,0.38981,-0.084924,0.060906,1.1626,-2.8475e-16,1.3598e-16
2355,-198.4,610.65,7.4252,0.38762,-0.086001,0.06032,1.1626,-2.8475e-16,1.3598e-16
2355.1,-198.38,610.68,7.4312,0.38547,-0.08702,0.059727,1.1626,-2.8475e-16,1.3598e-16
2355.2,-198.35,610.71,7.4371,0.38337,-0.08798,0.059127,1.1626,-2.8475e-16,1.3598e-16
2355.3,-198.33,610.74,7.443,0.38131,-0.088883,0.058522,1.1626,-2.8475e-16,1.3598e-16
2355.4,-198.31,610.78,7.4488,0.37929,-0.089732,0.057912,1.1626,-2.8475e-16,1.3598e-16
2355.5,-198.28,610.81,7.4546,0.3773,-0.090528,0.057297,1.1626,-2.8475e-16,1.3598e-16
2355.6,-198.26,610.84,7.4603,0.37536,-0.091272,0.05668,1.1626,-2.8475e-16,1.3598e-16
2355.7,-198.24,610.87,7.4659,0.37346,-0.091966,0.056061,1.1626,-2.8475e-16,1.3598e-16
2355.8,-198.21,610.9,7.4715,0.37159,-0.092612,0.05544,1.1626,-2.8475e-16,1.3598e-16
2355.9,-198.19,610.93,7.477,0.36976,-0.09321,0.054817,1.1626,-2.8475e-16,1.3598e-16
2356,-198.17,610.96,7.4825,0.36797,-0.093763,0.054195,1.1626,-2.8475e-16,1.3598e-16
2356.1,-198.15,610.99,7.4879,0.36621,-0.094271,0.053572,1.1626,-2.8475e-16,1.3598e-16
2356.2,-198.13,611.02,7.4932,0.36449,-0.094736,0.052951,1.1626,-2.8475e-16,1.3598e-16
2356.3,-198.1,611.05,7.4985,0.36281,-0.09516,0.052331,1.1626,-2.8475e-16,1.3598e-16
2356.4,-198.08,611.08,7.5037,0.36116,-0.095544,0.051712,1.1626,-2.8475e-16,1.3598e-16
2356.5,-198.06,611.12,7.5088,0.35955,-0.095889,0.051097,1.1626,-2.8475e-16,1.3598e-16
2356.6,-198.04,611.15,7.5139,0.35797,-0.096196,0.050484,1.1626,-2.8475e-16,1.3598e-16
2356.7,-198.02,611.18,7.5189,0.35642,-0.096466,0.049875,1.1626,-2.8475e-16,1.3598e-16
2356.8,-198,611.21,7.5239,0.3549,-0.096702,0.049269,1.1626,-2.8475e-16,1.3598e-16
2356.9,-197.98,611.24,7.5288,0.35342,-0.096904,0.048667,1.1626,-2.8475e-16,1.3598e-16
2357,-197.96,611.27,7.5336,0.35197,-0.097073,0.04807,1.1626,-2.8475e-16,1.3598e-16
2357.1,-197.94,611.3,7.5384,0.35055,-0.09721,0.047478,1.1626,-2.8475e-16,1.3598e-16
2357.2,-197.92,611.33,7.5431,0.34916,-0.097317,0.046891,1.1626,-2.8475e-16,1.3598e-16
2357.3,-197.9,611.36,7.5477,0.34779,-0.097395,0.046309,1.1626,-2.8475e-16,1.3598e-16
2357.4,-197.88,611.39,7.5523,0.34646,-0.097444,0.045733,1.1626,-2.8475e-16,1.3598e-16
2357.5,-197.86,611.42,7.5569,0.34516,-0.097465,0.045163,1.1626,-2.8475e-16,1.3598e-16
2357.6,-197.84,611.45,7.5614,0.34389,-0.097461,0.0446,1.1626,-2.8475e-16,1.3598e-16
2357.7,-197.82,611.48,7.5658,0.34264,-0.097431,0.044042,1.1626,-2.8475e-16,1.3598e-16
2357.8,-197.8,611.51,7.5702,0.34142,-0.097377,0.043492,1.1626,-2.8475e-16,1.3598e-16
2357.9,-197.78,611.54,7.5745,0.34023,-0.097299,0.042947,1.1626,-2.8475e-16,1.3598e-16
2358,-197.76,611.57,7.5788,0.33906,-0.097199,0.04241,1.1626,-2.8475e-16,1.3598e-16
2358.1,-197.74,611.6,7.583,0.33792,-0.097078,0.04188,1.1626,-2.8475e-16,1.3598e-16
2358.2,-197.73,611.63,7.5872,0.3368,-0.096935,0.041357,1.1626,-2.8475e-16,1.3598e-16
2358.3,-197.71,611.66,7.5913,0.33571,-0.096773,0.040841,1.1626,-2.8475e-16,1.3598e-16
2358.4,-197.69,611.69,7.5953,0.33464,-0.096591,0.040333,1.1626,-2.8475e-16,1.3598e-16
2358.5,-197.67,611.72,7.5993,0.3336,-0.096391,0.039832,1.1626,-2.8475e-16,1.3598e-16
2358.6,-197.66,611.75,7.6033,0.33258,-0.096173,0.039338,1.1626,-2.8475e-16,1.3598e-16
2358.7,-197.64,611.78,7.6072,0.33158,-0.095939,0.038852,1.1626,-2.8475e-16,1.3598e-16
2358.8,-197.62,611.81,7.6111,0.33061,-0.095688,0.038374,1.1626,-2.8475e-16,1.3598e-16
2358.9,-197.6,611.84,7.6149,0.32966,-0.095422,0.037903,1.1626,-2.8475e-16,1.3598e-16
2359,-197.59,611.87,7.6186,0.32872,-0.095141,0.03744,1.1626,-2.8475e-16,1.3598e-16
2359.1,-197.57,611.9,7.6224,0.32781,-0.094846,0.036985,1.1626,-2.8475e-16,1.3598e-16
2359.2,-197.55,611.93,7.626,0.32692,-0.094538,0.036537,1.1626,-2.8475e-16,1.3598e-16
2359.3,-197.54,611.96,7.6297,0.32605,-0.094217,0.036097,1.1626,-2.8475e-16,1.3598e-16
2359.4,-197.52,611.99,7.6333,0.3252,-0.093884,0.035665,1.1626,-2.8475e-16,1.3598e-16
2359.5,-197.5,612.02,7.6368,0.32437,-0.093539,0.03524,1.1626,-2.8475e-16,1.3598e-16
2359.6,-197.49,612.05,7.6403,0.32355,-0.093183,0.034823,1.1626,-2.8475e-16,1.3598e-16
2359.7,-197.47,612.08,7.6438,0.32276,-0.092816,0.034413,1.1626,-2.8475e-16,1.3598e-16
2359.8,-197.46,612.11,7.6472,0.32198,-0.092439,0.034011,1.1626,-2.8475e-16,1.3598e-16
2359.9,-197.44,612.14,7.6506,0.32122,-0.092053,0.033617,1.1626,-2.8475e-16,1.3598e-16
2360,-197.42,612.16,7.6539,0.32048,-0.091658,0.03323,1.1626,-2.8475e-16,1.3598e-16
2360.1,-197.41,612.19,7.6572,0.31976,-0.091255,0.032851,1.1626,-2.8475e-16,1.3598e-16
2360.2,-197.39,612.22,7.6605,0.31905,-0.090843,0.032478,1.1626,-2.8475e-16,1.3598e-16
2360.3,-197.38,612.25,7.6637,0.31836,-0.090424,0.032114,1.1626,-2.8475e-16,1.3598e-16
2360.4,-197.36,612.28,7.6669,0.31768,-0.089998,0.031756,1.1626,-2.8475e-16,1.3598e-16
2360.5,-197.35,612.31,7.6701,0.31702,-0.089565,0.031406,1.1626,-2.8475e-16,1.3598e-16
2360.6,-197.34,612.34,7.6732,0.31637,-0.089126,0.031063,1.1626,-2.8475e-16,1.3598e-16
2360.7,-197.32,612.37,7.6763,0.31574,-0.088681,0.030726,1.1626,-2.8475e-16,1.3598e-16
2360.8,-197.31,612.4,7.6793,0.31513,-0.088231,0.030397,1.1626,-2.8475e-16,1.3598e-16
2360.9,-197.29,612.43,7.6824,0.31452,-0.087776,0.030075,1.1626,-2.8475e-16,1.3598e-16
2361,-197.28,612.46,7.6853,0.31393,-0.087315,0.029759,1.1626,-2.8475e-16,1.3598e-16
2361.1,-197.26,612.49,7.6883,0.31336,-0.086851,0.029451,1.1626,-2.8475e-16,1.3598e-16
2361.2,-197.25,612.52,7.6912,0.3128,-0.086382,0.029149,1.1626,-2.8475e-16,1.3598e-16
2361.3,-197.24,612.55,7.6941,0.31225,-0.08591,0.028853,1.1626,-2.8475e-16,1.3598e-16
2361.4,-197.22,612.58,7.697,0.31171,-0.085435,0.028564,1.1626,-2.8475e-16,1.3598e-16
2361.5,-197.21,612.61,7.6999,0.31118,-0.084956,0.028282,1.1626,-2.8475e-16,1.3598e-16
2361.6,-197.2,612.64,7.7027,0.31067,-0.084475,0.028005,1.1626,-2.8475e-16,1.3598e-16
2361.7,-197.19,612.67,7.7055,0.31017,-0.083991,0.027735,1.1626,-2.8475e-16,1.3598e-16
2361.8,-197.17,612.7,7.7082,0.30968,-0.083505,0.027471,1.1626,-2.8475e-16,1.3598e-16
2361.9,-197.16,612.73,7.7109,0.3092,-0.083017,0.027213,1.1626,-2.8475e-16,1.3598e-16
2362,-197.15,612.75,7.7137,0.30873,-0.082527,0.026961,1.1626,-2.8475e-16,1.3598e-16
2362.1,-197.13,612.78,7.7163,0.30828,-0.082036,0.026715,1.1626,-2.8475e-16,1.3598e-16
2362.2,-197.12,612.81,7.719,0.30783,-0.081544,0.026475,1.1626,-2.8475e-16,1.3598e-16
2362.3,-197.11,612.84,7.7216,0.3074,-0.081051,0.02624,1.1626,-2.8475e-16,1.3598e-16
2362.4,-197.1,612.87,7.7242,0.30697,-0.080557,0.026011,1.1626,-2.8475e-16,1.3598e-16
2362.5,-197.09,612.9,7.7268,0.30655,-0.080063,0.025787,1.1626,-2.8475e-16,1.3598e-16
2362.6,-197.07,612.93,7.7294,0.30615,-0.079569,0.025569,1.1626,-2.8475e-16,1.3598e-16
2362.7,-197.06,612.96,7.732,0.30575,-0.079074,0.025356,1.1626,-2.8475e-16,1.3598e-16
2362.8,-197.05,612.99,7.7345,0.30536,-0.07858,0.025148,1.1626,-2.8475e-16,1.3598e-16
2362.9,-197.04,613.02,7.737,0.30498,-0.078086,0.024945,1.1626,-2.8475e-16,1.3598e-16
2363,-197.03,613.05,7.7395,0.30461,-0.077593,0.024747,1.1626,-2.8475e-16,1.3598e-16
2363.1,-197.02,613.08,7.7419,0.30425,-0.0771,0.024555,1.1626,-2.8475e-16,1.3598e-16
2363.2,-197.01,613.11,7.7444,0.30389,-0.076608,0.024367,1.1626,-2.8475e-16,1.3598e-16
2363.3,-197,613.14,7.7468,0.30355,-0.076118,0.024183,1.1626,-2.8475e-16,1.3598e-16
2363.4,-196.98,613.17,7.7492,0.30321,-0.075628,0.024005,1.1626,-2.8475e-16,1.3598e-16
2363.5,-196.97,613.2,7.7516,0.30288,-0.07514,0.023831,1.1626,-2.8475e-16,1.3598e-16
2363.6,-196.96,613.22,7.754,0.30256,-0.074653,0.023661,1.1626,-2.8475e-16,1.3598e-16
2363.7,-196.95,613.25,7.7563,0.30224,-0.074168,0.023496,1.1626,-2.8475e-16,1.3598e-16
2363.8,-196.94,613.28,7.7587,0.30193,-0.073685,0.023335,10.378,1.8135,-0.88951
2363.9,-196.93,613.31,7.7598,0.3223,-0.065403,-0.0017164,10.378,1.8135,-0.88951
2364,-196.92,613.35,7.7583,0.34246,-0.056113,-0.026507,10.378,1.8135,-0.88951
2364.1,-196.92,613.38,7.7545,0.36236,-0.045482,-0.050645,10.378,1.8135,-0.88951
2364.2,-196.91,613.42,7.7482,0.38195,-0.033584,-0.073737,10.378,1.8135,-0.88951
2364.3,-196.9,613.46,7.7398,0.40116,-0.020553,-0.095505,10.378,1.8135,-0.88951
2364.4,-196.89,613.5,7.7292,0.41995,-0.0065691,-0.1158,10.378,1.8135,-0.88951
2364.5,-196.89,613.54,7.7167,0.43825,0.0082236,-0.13453,10.378,1.8135,-0.88951
2364.6,-196.88,613.58,7.7024,0.456,0.023959,-0.15135,10.378,1.8135,-0.88951
2364.7,-196.88,613.63,7.6865,0.47315,0.040561,-0.16625,10.378,1.8135,-0.88951
2364.8,-196.88,613.68,7.6692,0.48964,0.057903,-0.1793,10.378,1.8135,-0.88951
2364.9,-196.87,613.73,7.6507,0.50545,0.075858,-0.19065,10.378,1.8135,-0.88951
2365,-196.87,613.78,7.6311,0.52054,0.094305,-0.20046,10.378,1.8135,-0.88951
2365.1,-196.87,613.83,7.6106,0.53488,0.11313,-0.20892,10.378,1.8135,-0.88951
2365.2,-196.87,613.89,7.5893,0.54847,0.13223,-0.21617,10.378,1.8135,-0.88951
2365.3,-196.87,613.95,7.5674,0.56129,0.15153,-0.22238,10.378,1.8135,-0.88951
2365.4,-196.86,614.01,7.5449,0.57335,0.17094,-0.22769,10.378,1.8135,-0.88951
2365.5,-196.86,614.07,7.5219,0.58465,0.19039,-0.23219,10.378,1.8135,-0.88951
2365.6,-196.86,614.13,7.4985,0.5952,0.20984,-0.23599,10.378,1.8135,-0.88951
2365.7,-196.86,614.19,7.4747,0.605,0.22924,-0.23917,10.378,1.8135,-0.88951
2365.8,-196.86,614.26,7.4507,0.61409,0.24855,-0.24179,10.378,1.8135,-0.88951
2365.9,-196.86,614.33,7.4264,0.62248,0.26773,-0.2439,10.378,1.8135,-0.88951
2366,-196.86,614.39,7.4019,0.63019,0.28676,-0.24555,10.378,1.8135,-0.88951
2366.1,-196.86,614.46,7.3773,0.63724,0.30562,-0.24676,10.378,1.8135,-0.88951
2366.2,-196.85,614.54,7.3526,0.64366,0.32429,-0.24758,10.378,1.8135,-0.88951
2366.3,-196.85,614.61,7.3278,0.64949,0.34275,-0.24801,10.378,1.8135,-0.88951
2366.4,-196.85,614.68,7.303,0.65473,0.361,-0.24808,10.378,1.8135,-0.88951
2366.5,-196.84,614.76,7.2782,0.65944,0.37902,-0.24781,10.378,1.8135,-0.88951
2366.6,-196.84,614.83,7.2534,0.66363,0.3968,-0.2472,10.378,1.8135,-0.88951
2366.7,-196.83,614.91,7.2287,0.66734,0.41435,-0.24628,10.378,1.8135,-0.88951
2366.8,-196.83,614.99,7.2042,0.67059,0.43166,-0.24505,10.378,1.8135,-0.88951
2366.9,-196.82,615.07,7.1797,0.67343,0.44874,-0.24353,10.378,1.8135,-0.88951
2367,-196.81,615.15,7.1555,0.67588,0.46558,-0.24172,10.378,1.8135,-0.88951
2367.1,-196.81,615.23,7.1314,0.67797,0.4822,-0.23962,10.378,1.8135,-0.88951
2367.2,-196.8,615.32,7.1076,0.67974,0.49861,-0.23725,10.378,1.8135,-0.88951
2367.3,-196.79,615.4,7.084,0.68121,0.5148,-0.23461,10.378,1.8135,-0.88951
2367.4,-196.78,615.49,7.0607,0.68242,0.53081,-0.23171,10.378,1.8135,-0.88951
2367.5,-196.76,615.57,7.0376,0.6834,0.54663,-0.22855,10.378,1.8135,-0.88951
2367.6,-196.75,615.66,7.015,0.68417,0.56229,-0.22513,10.378,1.8135,-0.88951
2367.7,-196.74,615.75,6.9926,0.68478,0.57781,-0.22145,10.378,1.8135,-0.88951
2367.8,-196.72,615.84,6.9707,0.68524,0.5932,-0.21752,10.378,1.8135,-0.88951
2367.9,-196.71,615.93,6.9491,0.68558,0.6085,-0.21333,10.378,1.8135,-0.88951
2368,-196.69,616.02,6.928,0.68585,0.62372,-0.20887,10.378,1.8135,-0.88951
2368.1,-196.67,616.11,6.9074,0.68606,0.6389,-0.20414,10.378,1.8135,-0.88951
2368.2,-196.65,616.2,6.8872,0.68624,0.65407,-0.19913,10.378,1.8135,-0.88951
2368.3,-196.63,616.29,6.8675,0.68643,0.66926,-0.19382,10.378,1.8135,-0.88951
2368.4,-196.61,616.39,6.8484,0.68666,0.6845,-0.18821,10.378,1.8135,-0.88951
2368.5,-196.59,616.48,6.8299,0.68695,0.69985,-0.18226,10.378,1.8135,-0.88951
2368.6,-196.57,616.58,6.812,0.68733,0.71534,-0.17597,10.378,1.8135,-0.88951
2368.7,-196.54,616.68,6.7947,0.68785,0.73103,-0.16928,10.378,1.8135,-0.88951
2368.8,-196.52,616.77,6.7782,0.68854,0.74697,-0.16216,10.378,1.8135,-0.88951
2368.9,-196.49,616.87,6.7623,0.68943,0.76323,-0.15457,10.378,1.8135,-0.88951
2369,-196.47,616.97,6.7473,0.69058,0.77988,-0.14645,10.378,1.8135,-0.88951
2369.1,-196.44,617.07,6.733,0.69203,0.79701,-0.13772,10.378,1.8135,-0.88951
2369.2,-196.41,617.18,6.7197,0.69383,0.8147,-0.12828,10.378,1.8135,-0.88951
2369.3,-196.38,617.28,6.7074,0.69605,0.83306,-0.11802,10.378,1.8135,-0.88951
2369.4,-196.35,617.39,6.6962,0.69877,0.85224,-0.1068,10.378,1.8135,-0.88951
2369.5,-196.32,617.49,6.6861,0.70207,0.87238,-0.094415,10.378,1.8135,-0.88951
2369.6,-196.29,617.6,6.6773,0.70608,0.89368,-0.08062,10.378,1.8135,-0.88951
2369.7,-196.26,617.71,6.67,0.71094,0.91637,-0.065079,10.378,1.8135,-0.88951
2369.8,-196.23,617.83,6.6644,0.71683,0.94074,-0.047331,10.378,1.8135,-0.88951
2369.9,-196.2,617.94,6.6607,0.72399,0.96718,-0.026732,10.378,1.8135,-0.88951
2370,-196.17,618.06,6.6592,0.73276,0.99619,-0.0023449,10.378,1.8135,-0.88951
2370.1,-196.14,618.18,6.6603,0.74352,1.0229,0.024789,10.378,1.8135,-0.88951
2370.2,-196.1,618.3,6.6641,0.75639,1.0392,0.050418,10.378,1.8135,-0.88951
2370.3,-196.07,618.43,6.6703,0.7711,1.0455,0.07249,10.378,1.8135,-0.88951
2370.4,-196.04,618.55,6.6784,0.78718,1.0429,0.089816,10.378,1.8135,-0.88951
2370.5,-196.01,618.68,6.6881,0.80407,1.0334,0.10206,10.378,1.8135,-0.88951
2370.6,-195.97,618.81,6.6987,0.8212,1.0189,0.10954,10.378,1.8135,-0.88951
2370.7,-195.94,618.93,6.7098,0.8381,1.0016,0.1129,10.378,1.8135,-0.88951
2370.8,-195.9,619.06,6.7211,0.85441,0.98302,0.11294,10.378,1.8135,-0.88951
2370.9,-195.87,619.18,6.7323,0.86988,0.96456,0.11044,10.378,1.8135,-0.88951
2371,-195.83,619.31,6.7432,0.88434,0.94721,0.10605,10.378,1.8135,-0.88951
2371.1,-195.79,619.43,6.7535,0.89773,0.93166,0.10036,10.378,1.8135,-0.88951
2371.2,-195.76,619.56,6.7632,0.91002,0.91842,0.093809,10.378,1.8135,-0.88951
2371.3,-195.72,619.68,6.7722,0.92122,0.90779,0.086759,10.378,1.8135,-0.88951
2371.4,-195.68,619.8,6.7806,0.93138,0.89996,0.079506,10.378,1.8135,-0.88951
2371.5,-195.64,619.93,6.7881,0.94056,0.895,0.07229,10.378,1.8135,-0.88951
2371.6,-195.6,620.05,6.795,0.94883,0.89293,0.065319,10.378,1.8135,-0.88951
2371.7,-195.56,620.18,6.8012,0.95627,0.89368,0.058778,10.378,1.8135,-0.88951
2371.8,-195.52,620.3,6.8068,0.96296,0.89714,0.052836,10.378,1.8135,-0.88951
2371.9,-195.48,620.43,6.8118,0.96899,0.90314,0.047651,11.75,-2.8779e-15,1.3252e-15
2372,-195.45,620.55,6.8175,0.97844,0.89864,0.066502,11.75,-2.8779e-15,1.3252e-15
2372.1,-195.41,620.68,6.825,0.98886,0.88661,0.081824,11.75,-2.8779e-15,1.3252e-15
2372.2,-195.37,620.81,6.8338,0.99986,0.86848,0.093325,11.75,-2.8779e-15,1.3252e-15
2372.3,-195.33,620.93,6.8435,1.0111,0.84583,0.10114,11.75,-2.8779e-15,1.3252e-15
2372.4,-195.29,621.06,6.8539,1.0221,0.82018,0.10566,11.75,-2.8779e-15,1.3252e-15
2372.5,-195.24,621.18,6.8646,1.0327,0.79284,0.10741,11.75,-2.8779e-15,1.3252e-15
2372.6,-195.2,621.31,6.8753,1.0427,0.76491,0.10692,11.75,-2.8779e-15,1.3252e-15
2372.7,-195.16,621.43,6.8859,1.052,0.73722,0.10469,11.75,-2.8779e-15,1.3252e-15
2372.8,-195.11,621.55,6.8962,1.0606,0.71039,0.10112,11.75,-2.8779e-15,1.3252e-15
2372.9,-195.06,621.66,6.9061,1.0683,0.68487,0.096552,11.75,-2.8779e-15,1.3252e-15
2373,-195.02,621.78,6.9155,1.0752,0.66095,0.091237,11.75,-2.8779e-15,1.3252e-15
2373.1,-194.97,621.9,6.9243,1.0814,0.63885,0.085369,11.75,-2.8779e-15,1.3252e-15
2373.2,-194.92,622.01,6.9325,1.0868,0.61869,0.079087,11.75,-2.8779e-15,1.3252e-15
2373.3,-194.87,622.13,6.9401,1.0915,0.60058,0.072489,11.75,-2.8779e-15,1.3252e-15
2373.4,-194.82,622.24,6.947,1.0956,0.58456,0.065635,11.75,-2.8779e-15,1.3252e-15
2373.5,-194.77,622.36,6.9532,1.0991,0.57068,0.058562,11.75,-2.8779e-15,1.3252e-15
2373.6,-194.72,622.47,6.9587,1.102,0.55897,0.051286,11.75,-2.8779e-15,1.3252e-15
2373.7,-194.67,622.58,6.9635,1.1044,0.54948,0.043808,11.75,-2.8779e-15,1.3252e-15
2373.8,-194.62,622.69,6.9675,1.1064,0.54225,0.036116,11.75,-2.8779e-15,1.3252e-15
2373.9,-194.57,622.8,6.9707,1.1078,0.53736,0.028195,11.75,-2.8779e-15,1.3252e-15
2374,-194.51,622.92,6.9731,1.1088,0.53489,0.020022,11.75,-2.8779e-15,1.3252e-15
2374.1,-194.46,623.03,6.9747,1.1094,0.53494,0.011577,11.75,-2.8779e-15,1.3252e-15
2374.2,-194.41,623.14,6.9754,1.1095,0.53766,0.002846,11.75,-2.8779e-15,1.3252e-15
2374.3,-194.36,623.25,6.9753,1.1093,0.54268,-0.0063617,11.75,-2.8779e-15,1.3252e-15
2374.4,-194.31,623.37,6.9741,1.1085,0.54845,-0.016605,11.75,-2.8779e-15,1.3252e-15
2374.5,-194.26,623.48,6.9719,1.1073,0.55495,-0.027859,11.75,-2.8779e-15,1.3252e-15
2374.6,-194.21,623.59,6.9685,1.1056,0.56224,-0.039996,11.75,-2.8779e-15,1.3252e-15
2374.7,-194.16,623.71,6.9639,1.1032,0.57038,-0.052814,11.75,-2.8779e-15,1.3252e-15
2374.8,-194.11,623.82,6.9579,1.1003,0.5794,-0.066046,11.75,-2.8779e-15,1.3252e-15
2374.9,-194.06,623.93,6.9507,1.0968,0.58934,-0.079369,11.75,-2.8779e-15,1.3252e-15
2375,-194.01,624.05,6.9421,1.0927,0.60018,-0.092426,11.75,-2.8779e-15,1.3252e-15
2375.1,-193.96,624.16,6.9322,1.088,0.61191,-0.10485,11.75,-2.8779e-15,1.3252e-15
2375.2,-193.91,624.28,6.9211,1.0827,0.62447,-0.1163,11.75,-2.8779e-15,1.3252e-15
2375.3,-193.86,624.39,6.909,1.077,0.63779,-0.12647,11.75,-2.8779e-15,1.3252e-15
2375.4,-193.81,624.51,6.8959,1.0708,0.65178,-0.13512,11.75,-2.8779e-15,1.3252e-15
2375.5,-193.76,624.62,6.882,1.0642,0.66633,-0.14208,11.75,-2.8779e-15,1.3252e-15
2375.6,-193.71,624.74,6.8675,1.0574,0.68135,-0.14726,11.75,-2.8779e-15,1.3252e-15
2375.7,-193.66,624.85,6.8526,1.0503,0.69674,-0.15061,11.75,-2.8779e-15,1.3252e-15
2375.8,-193.61,624.97,6.8375,1.0432,0.71242,-0.15215,11.75,-2.8779e-15,1.3252e-15
2375.9,-193.56,625.08,6.8223,1.0361,0.72831,-0.15192,11.75,-2.8779e-15,1.3252e-15
2376,-193.51,625.2,6.8072,1.0291,0.74436,-0.14998,11.75,-2.8779e-15,1.3252e-15
2376.1,-193.45,625.31,6.7923,1.0223,0.76055,-0.14642,11.75,-2.8779e-15,1.3252e-15
2376.2,-193.4,625.43,6.7779,1.0159,0.77686,-0.14129,11.75,-2.8779e-15,1.3252e-15
2376.3,-193.35,625.55,6.7641,1.0098,0.79331,-0.13465,11.75,-2.8779e-15,1.3252e-15
2376.4,-193.3,625.66,6.751,1.0043,0.80992,-0.12652,11.75,-2.8779e-15,1.3252e-15
2376.5,-193.24,625.78,6.7389,0.99933,0.82676,-0.11688,11.75,-2.8779e-15,1.3252e-15
2376.6,-193.19,625.9,6.7277,0.99514,0.8439,-0.10569,11.75,-2.8779e-15,1.3252e-15
2376.7,-193.14,626.02,6.7178,0.9918,0.86143,-0.092815,11.75,-2.8779e-15,1.3252e-15
2376.8,-193.08,626.14,6.7092,0.98944,0.8795,-0.078074,11.75,-2.8779e-15,1.3252e-15
2376.9,-193.03,626.26,6.7022,0.98824,0.89827,-0.061162,11.75,-2.8779e-15,1.3252e-15
2377,-192.97,626.39,6.6971,0.98838,0.91794,-0.041623,11.75,-2.8779e-15,1.3252e-15
2377.1,-192.92,626.51,6.694,0.99013,0.93879,-0.018771,11.75,-2.8779e-15,1.3252e-15
2377.2,-192.87,626.64,6.6935,0.99381,0.96063,0.008241,11.75,-2.8779e-15,1.3252e-15
2377.3,-192.82,626.77,6.6957,0.99972,0.97435,0.036284,11.75,-2.8779e-15,1.3252e-15
2377.4,-192.76,626.9,6.7006,1.0078,0.97637,0.062047,11.75,-2.8779e-15,1.3252e-15
2377.5,-192.71,627.03,6.708,1.0176,0.96746,0.083735,11.75,-2.8779e-15,1.3252e-15
2377.6,-192.66,627.16,6.7172,1.0285,0.94936,0.10044,11.75,-2.8779e-15,1.3252e-15
2377.7,-192.6,627.28,6.7279,1.0402,0.92428,0.11208,11.75,-2.8779e-15,1.3252e-15
2377.8,-192.55,627.41,6.7395,1.0518,0.89446,0.1191,11.75,-2.8779e-15,1.3252e-15
2377.9,-192.49,627.54,6.7516,1.0632,0.8619,0.12225,11.75,-2.8779e-15,1.3252e-15
2378,-192.44,627.66,6.7638,1.0739,0.82823,0.12232,11.75,-2.8779e-15,1.3252e-15
2378.1,-192.38,627.78,6.776,1.0837,0.79467,0.12005,11.75,-2.8779e-15,1.3252e-15
2378.2,-192.32,627.9,6.7878,1.0927,0.76211,0.11606,11.75,-2.8779e-15,1.3252e-15
2378.3,-192.26,628.02,6.7991,1.1006,0.73115,0.11083,11.75,-2.8779e-15,1.3252e-15
2378.4,-192.2,628.14,6.8099,1.1076,0.70217,0.10472,11.75,-2.8779e-15,1.3252e-15
2378.5,-192.14,628.26,6.8201,1.1137,0.67543,0.098003,11.75,-2.8779e-15,1.3252e-15
2378.6,-192.08,628.37,6.8295,1.1189,0.65106,0.090869,11.75,-2.8779e-15,1.3252e-15
2378.7,-192.02,628.48,6.8382,1.1233,0.62912,0.08344,11.75,-2.8779e-15,1.3252e-15
2378.8,-191.95,628.6,6.8462,1.127,0.60966,0.075796,11.75,-2.8779e-15,1.3252e-15
2378.9,-191.89,628.71,6.8534,1.13,0.59269,0.067981,11.75,-2.8779e-15,1.3252e-15
2379,-191.83,628.82,6.8598,1.1323,0.5782,0.060012,11.75,-2.8779e-15,1.3252e-15
2379.1,-191.76,628.93,6.8654,1.1341,0.56621,0.051888,11.75,-2.8779e-15,1.3252e-15
2379.2,-191.7,629.04,6.8701,1.1354,0.55675,0.043594,11.75,-2.8779e-15,1.3252e-15
2379.3,-191.64,629.15,6.8741,1.1362,0.54986,0.035105,11.75,-2.8779e-15,1.3252e-15
2379.4,-191.57,629.25,6.8772,1.1365,0.54559,0.026392,11.75,-2.8779e-15,1.3252e-15
2379.5,-191.51,629.36,6.8794,1.1363,0.54405,0.017423,11.75,-2.8779e-15,1.3252e-15
2379.6,-191.45,629.47,6.8806,1.1358,0.54535,0.0081735,11.75,-2.8779e-15,1.3252e-15
2379.7,-191.38,629.58,6.881,1.1348,0.54964,-0.0013834,11.75,-2.8779e-15,1.3252e-15
2379.8,-191.32,629.69,6.8803,1.1333,0.55551,-0.01179,11.75,-2.8779e-15,1.3252e-15
2379.9,-191.26,629.8,6.8786,1.1314,0.56213,-0.023322,11.75,-2.8779e-15,1.3252e-15
2380,-191.2,629.91,6.8756,1.129,0.56958,-0.035862,11.75,-2.8779e-15,1.3252e-15
2380.1,-191.14,630.02,6.8714,1.1259,0.57792,-0.04921,11.75,-2.8779e-15,1.3252e-15
2380.2,-191.07,630.13,6.8658,1.1223,0.5872,-0.063088,11.75,-2.8779e-15,1.3252e-15
2380.3,-191.01,630.24,6.8588,1.1181,0.59745,-0.077151,11.75,-2.8779e-15,1.3252e-15
2380.4,-190.95,630.35,6.8504,1.1132,0.60868,-0.091006,11.75,-2.8779e-15,1.3252e-15
2380.5,-190.89,630.46,6.8406,1.1077,0.62086,-0.10425,11.75,-2.8779e-15,1.3252e-15
2380.6,-190.83,630.58,6.8295,1.1017,0.63394,-0.11648,11.75,-2.8779e-15,1.3252e-15
2380.7,-190.77,630.69,6.8173,1.0951,0.64783,-0.12736,11.75,-2.8779e-15,1.3252e-15
2380.8,-190.71,630.8,6.8041,1.088,0.66244,-0.13661,11.75,-2.8779e-15,1.3252e-15
2380.9,-190.64,630.91,6.7901,1.0806,0.67765,-0.14404,11.75,-2.8779e-15,1.3252e-15
2381,-190.58,631.02,6.7754,1.0729,0.69336,-0.14953,11.75,-2.8779e-15,1.3252e-15
2381.1,-190.52,631.13,6.7602,1.065,0.70946,-0.15303,11.75,-2.8779e-15,1.3252e-15
2381.2,-190.46,631.25,6.7448,1.057,0.72585,-0.15457,11.75,-2.8779e-15,1.3252e-15
2381.3,-190.4,631.36,6.7294,1.0491,0.74246,-0.15419,11.75,-2.8779e-15,1.3252e-15
2381.4,-190.33,631.47,6.7141,1.0413,0.75923,-0.15196,11.75,-2.8779e-15,1.3252e-15
2381.5,-190.27,631.58,6.699,1.0338,0.77614,-0.14797,11.75,-2.8779e-15,1.3252e-15
2381.6,-190.21,631.7,6.6845,1.0266,0.79318,-0.1423,11.75,-2.8779e-15,1.3252e-15
2381.7,-190.14,631.81,6.6706,1.0199,0.81036,-0.13498,11.75,-2.8779e-15,1.3252e-15
2381.8,-190.08,631.92,6.6576,1.0138,0.82773,-0.12605,11.75,-2.8779e-15,1.3252e-15
2381.9,-190.02,632.04,6.6455,1.0084,0.84536,-0.11547,11.75,-2.8779e-15,1.3252e-15
2382,-189.95,632.15,6.6345,1.0039,0.86334,-0.10318,11.75,-2.8779e-15,1.3252e-15
2382.1,-189.89,632.27,6.6249,1.0003,0.88179,-0.089027,11.75,-2.8779e-15,1.3252e-15
2382.2,-189.82,632.39,6.6168,0.9978,0.90086,-0.072757,11.75,-2.8779e-15,1.3252e-15
2382.3,-189.76,632.51,6.6104,0.99665,0.92077,-0.053986,11.75,-2.8779e-15,1.3252e-15
2382.4,-189.69,632.63,6.6061,0.99705,0.94176,-0.032129,11.75,-2.8779e-15,1.3252e-15
2382.5,-189.63,632.75,6.6042,0.99933,0.96419,-0.0062854,11.75,-2.8779e-15,1.3252e-15
2382.6,-189.56,632.87,6.605,1.0039,0.9842,0.023112,11.75,-2.8779e-15,1.3252e-15
2382.7,-189.5,633,6.6087,1.0108,0.99225,0.051428,11.75,-2.8779e-15,1.3252e-15
2382.8,-189.44,633.12,6.6152,1.0198,0.98821,0.076221,11.75,-2.8779e-15,1.3252e-15
2382.9,-189.37,633.25,6.6238,1.0304,0.9735,0.096053,11.75,-2.8779e-15,1.3252e-15
2383,-189.31,633.38,6.6342,1.0419,0.95036,0.11046,11.75,-2.8779e-15,1.3252e-15
2383.1,-189.24,633.5,6.6457,1.0537,0.92121,0.11971,11.75,-2.8779e-15,1.3252e-15
2383.2,-189.17,633.62,6.658,1.0654,0.88835,0.12454,11.75,-2.8779e-15,1.3252e-15
2383.3,-189.11,633.74,6.6705,1.0765,0.85369,0.12578,11.75,-2.8779e-15,1.3252e-15
2383.4,-189.04,633.86,6.683,1.0868,0.81869,0.12428,11.75,-2.8779e-15,1.3252e-15
2383.5,-188.97,633.98,6.6953,1.0962,0.78444,0.12075,11.75,-2.8779e-15,1.3252e-15
2383.6,-188.9,634.09,6.7071,1.1046,0.75167,0.11576,11.75,-2.8779e-15,1.3252e-15
2383.7,-188.83,634.21,6.7184,1.112,0.72085,0.10974,11.75,-2.8779e-15,1.3252e-15
2383.8,-188.76,634.32,6.7291,1.1184,0.69229,0.10302,11.75,-2.8779e-15,1.3252e-15
2383.9,-188.69,634.43,6.739,1.1238,0.66617,0.095821,11.75,-2.8779e-15,1.3252e-15
2384,-188.62,634.54,6.7482,1.1285,0.64255,0.088295,11.75,-2.8779e-15,1.3252e-15
2384.1,-188.55,634.64,6.7567,1.1323,0.62149,0.08054,11.75,-2.8779e-15,1.3252e-15
2384.2,-188.47,634.75,6.7643,1.1354,0.603,0.072613,11.75,-2.8779e-15,1.3252e-15
2384.3,-188.4,634.86,6.7712,1.1379,0.58706,0.064541,11.75,-2.8779e-15,1.3252e-15
2384.4,-188.33,634.96,6.7772,1.1397,0.57369,0.056328,8.5475,-1.3842,0.67893
2384.5,-188.25,635.07,6.7834,1.1344,0.554,0.066932,8.5475,-1.3842,0.67893
2384.6,-188.18,635.17,6.7906,1.1297,0.53082,0.076878,8.5475,-1.3842,0.67893
2384.7,-188.11,635.27,6.7987,1.1254,0.50455,0.086146,8.5475,-1.3842,0.67893
2384.8,-188.03,635.37,6.8078,1.1215,0.47561,0.094799,8.5475,-1.3842,0.67893
2384.9,-187.96,635.46,6.8177,1.1179,0.44439,0.10297,8.5475,-1.3842,0.67893
2385,-187.89,635.56,6.8284,1.1144,0.41129,0.11085,8.5475,-1.3842,0.67893
2385.1,-187.81,635.65,6.8399,1.111,0.37664,0.11864,8.5475,-1.3842,0.67893
2385.2,-187.74,635.74,6.8521,1.1077,0.34074,0.1266,8.5475,-1.3842,0.67893
2385.3,-187.66,635.82,6.8652,1.1043,0.30382,0.13495,8.5475,-1.3842,0.67893
2385.4,-187.59,635.91,6.8791,1.1009,0.2661,0.14392,8.5475,-1.3842,0.67893
2385.5,-187.51,635.99,6.894,1.0974,0.22776,0.15375,8.5475,-1.3842,0.67893
2385.6,-187.43,636.07,6.9099,1.0937,0.18897,0.16461,8.5475,-1.3842,0.67893
2385.7,-187.36,636.15,6.927,1.0898,0.14992,0.17666,8.5475,-1.3842,0.67893
2385.8,-187.28,636.23,6.9453,1.0857,0.11077,0.19,8.5475,-1.3842,0.67893
2385.9,-187.2,636.3,6.965,1.0813,0.071745,0.20467,8.5475,-1.3842,0.67893
2386,-187.12,636.38,6.9863,1.0764,0.033077,0.22064,8.5475,-1.3842,0.67893
2386.1,-187.04,636.45,7.0092,1.0712,-0.0049777,0.23777,8.5475,-1.3842,0.67893
2386.2,-186.96,636.52,7.0338,1.0654,-0.043281,0.25456,8.5475,-1.3842,0.67893
2386.3,-186.88,636.59,7.06,1.059,-0.082243,0.26982,8.5475,-1.3842,0.67893
2386.4,-186.8,636.65,7.0877,1.0519,-0.12154,0.28319,8.5475,-1.3842,0.67893
2386.5,-186.71,636.72,7.1166,1.044,-0.16082,0.29446,8.5475,-1.3842,0.67893
2386.6,-186.63,636.79,7.1465,1.0353,-0.19977,0.30356,8.5475,-1.3842,0.67893
2386.7,-186.55,636.85,7.1772,1.0258,-0.23807,0.31048,8.5475,-1.3842,0.67893
2386.8,-186.47,636.92,7.2086,1.0156,-0.27549,0.31533,8.5475,-1.3842,0.67893
2386.9,-186.38,636.98,7.2402,1.0046,-0.3118,0.31824,8.5475,-1.3842,0.67893
2387,-186.3,637.05,7.2721,0.99297,-0.34687,0.31938,8.5475,-1.3842,0.67893
2387.1,-186.22,637.11,7.3041,0.98081,-0.38056,0.31891,8.5475,-1.3842,0.67893
2387.2,-186.13,637.17,7.3359,0.96819,-0.41282,0.31703,8.5475,-1.3842,0.67893
2387.3,-186.05,637.24,7.3674,0.95522,-0.44363,0.31388,8.5475,-1.3842,0.67893
2387.4,-185.96,637.3,7.3986,0.94201,-0.47297,0.30962,8.5475,-1.3842,0.67893
2387.5,-185.88,637.36,7.4293,0.92865,-0.50089,0.3044,8.5475,-1.3842,0.67893
2387.6,-185.8,637.43,7.4595,0.91524,-0.52742,0.29833,8.5475,-1.3842,0.67893
2387.7,-185.71,637.49,7.489,0.90188,-0.55265,0.29153,8.5475,-1.3842,0.67893
2387.8,-185.63,637.56,7.5178,0.88866,-0.57663,0.28409,8.5475,-1.3842,0.67893
2387.9,-185.54,637.62,7.5458,0.87565,-0.59948,0.27608,8.5475,-1.3842,0.67893
2388,-185.46,637.69,7.573,0.86294,-0.62127,0.26758,8.5475,-1.3842,0.67893
2388.1,-185.38,637.75,7.5993,0.85058,-0.64212,0.25864,8.5475,-1.3842,0.67893
2388.2,-185.29,637.82,7.6247,0.83863,-0.66213,0.24929,8.5475,-1.3842,0.67893
2388.3,-185.21,637.89,7.6491,0.82717,-0.6814,0.23957,8.5475,-1.3842,0.67893
2388.4,-185.13,637.95,7.6726,0.81622,-0.70004,0.22949,8.5475,-1.3842,0.67893
2388.5,-185.04,638.02,7.695,0.80585,-0.71817,0.21906,8.5475,-1.3842,0.67893
2388.6,-184.96,638.09,7.7164,0.79609,-0.7359,0.20827,8.5475,-1.3842,0.67893
2388.7,-184.88,638.16,7.7366,0.78699,-0.75334,0.19709,8.5475,-1.3842,0.67893
2388.8,-184.79,638.23,7.7558,0.77859,-0.77063,0.18549,8.5475,-1.3842,0.67893
2388.9,-184.71,638.3,7.7737,0.77093,-0.78787,0.17343,8.5475,-1.3842,0.67893
2389,-184.62,638.37,7.7904,0.76406,-0.80521,0.16082,8.5475,-1.3842,0.67893
2389.1,-184.54,638.44,7.8059,0.75803,-0.82279,0.14757,8.5475,-1.3842,0.67893
2389.2,-184.45,638.51,7.8199,0.75291,-0.84076,0.13355,8.5475,-1.3842,0.67893
2389.3,-184.36,638.59,7.8325,0.74876,-0.8593,0.11859,8.5475,-1.3842,0.67893
2389.4,-184.27,638.66,7.8436,0.74567,-0.87861,0.10247,8.5475,-1.3842,0.67893
2389.5,-184.19,638.73,7.853,0.74376,-0.89892,0.084899,8.5475,-1.3842,0.67893
2389.6,-184.09,638.81,7.8605,0.74319,-0.92051,0.065466,8.5475,-1.3842,0.67893
2389.7,-184,638.88,7.866,0.74413,-0.94374,0.043608,8.5475,-1.3842,0.67893
2389.8,-183.91,638.96,7.8691,0.74687,-0.96906,0.018517,8.5475,-1.3842,0.67893
2389.9,-183.81,639.04,7.8696,0.75178,-0.99617,-0.010672,8.5475,-1.3842,0.67893
2390,-183.71,639.11,7.867,0.75916,-1.0148,-0.040149,8.5475,-1.3842,0.67893
2390.1,-183.61,639.19,7.8616,0.76885,-1.0219,-0.066413,8.5475,-1.3842,0.67893
2390.2,-183.51,639.27,7.8539,0.78041,-1.0185,-0.087693,1.8984,-4.6496e-16,2.2888e-16
2390.3,-183.41,639.35,7.8434,0.77923,-0.99681,-0.12025,1.8984,-4.6496e-16,2.2888e-16
2390.4,-183.31,639.42,7.8302,0.78024,-0.96235,-0.14255,1.8984,-4.6496e-16,2.2888e-16
2390.5,-183.21,639.5,7.8152,0.78228,-0.91978,-0.15581,1.8984,-4.6496e-16,2.2888e-16
2390.6,-183.12,639.57,7.7993,0.78443,-0.87303,-0.16198,1.8984,-4.6496e-16,2.2888e-16
2390.7,-183.03,639.64,7.783,0.78613,-0.82501,-0.16303,1.8984,-4.6496e-16,2.2888e-16
2390.8,-182.94,639.72,7.7668,0.78702,-0.77764,-0.16061,1.8984,-4.6496e-16,2.2888e-16
2390.9,-182.86,639.79,7.7509,0.78698,-0.7321,-0.15599,1.8984,-4.6496e-16,2.2888e-16
2391,-182.78,639.86,7.7356,0.78598,-0.68904,-0.15003,1.8984,-4.6496e-16,2.2888e-16
2391.1,-182.7,639.93,7.7209,0.78406,-0.64875,-0.14335,1.8984,-4.6496e-16,2.2888e-16
2391.2,-182.63,640,7.707,0.7813,-0.6113,-0.13636,1.8984,-4.6496e-16,2.2888e-16
2391.3,-182.56,640.06,7.6937,0.77781,-0.57663,-0.12931,1.8984,-4.6496e-16,2.2888e-16
2391.4,-182.49,640.13,7.6811,0.77367,-0.54461,-0.12238,1.8984,-4.6496e-16,2.2888e-16
2391.5,-182.43,640.2,7.6692,0.769,-0.51507,-0.11567,1.8984,-4.6496e-16,2.2888e-16
2391.6,-182.36,640.26,7.6579,0.76388,-0.48782,-0.10923,1.8984,-4.6496e-16,2.2888e-16
2391.7,-182.3,640.33,7.6473,0.75839,-0.46269,-0.10309,1.8984,-4.6496e-16,2.2888e-16
2391.8,-182.24,640.39,7.6373,0.75259,-0.43949,-0.097259,1.8984,-4.6496e-16,2.2888e-16
2391.9,-182.18,640.46,7.6279,0.74656,-0.41807,-0.091743,1.8984,-4.6496e-16,2.2888e-16
2392,-182.13,640.52,7.619,0.74035,-0.39825,-0.086529,1.8984,-4.6496e-16,2.2888e-16
2392.1,-182.07,640.58,7.6106,0.734,-0.37991,-0.081604,1.8984,-4.6496e-16,2.2888e-16
2392.2,-182.02,640.64,7.6026,0.72756,-0.36291,-0.076951,1.8984,-4.6496e-16,2.2888e-16
2392.3,-181.96,640.71,7.5952,0.72105,-0.34715,-0.072555,1.8984,-4.6496e-16,2.2888e-16
2392.4,-181.91,640.77,7.5881,0.71451,-0.33251,-0.068397,1.8984,-4.6496e-16,2.2888e-16
2392.5,-181.86,640.83,7.5815,0.70796,-0.3189,-0.064461,1.8984,-4.6496e-16,2.2888e-16
2392.6,-181.81,640.88,7.5752,0.70142,-0.30624,-0.060731,1.8984,-4.6496e-16,2.2888e-16
2392.7,-181.76,640.94,7.5693,0.69492,-0.29445,-0.057191,1.8984,-4.6496e-16,2.2888e-16
2392.8,-181.72,641,7.5638,0.68846,-0.28347,-0.053825,1.8984,-4.6496e-16,2.2888e-16
2392.9,-181.67,641.06,7.5585,0.68206,-0.27322,-0.050621,1.8984,-4.6496e-16,2.2888e-16
2393,-181.63,641.12,7.5536,0.67573,-0.26366,-0.047565,1.8984,-4.6496e-16,2.2888e-16
2393.1,-181.58,641.17,7.549,0.66947,-0.25474,-0.044645,1.8984,-4.6496e-16,2.2888e-16
2393.2,-181.54,641.23,7.5447,0.6633,-0.2464,-0.04185,1.8984,-4.6496e-16,2.2888e-16
2393.3,-181.49,641.28,7.5407,0.65722,-0.23861,-0.039169,1.8984,-4.6496e-16,2.2888e-16
2393.4,-181.45,641.34,7.5369,0.65123,-0.23134,-0.036593,1.8984,-4.6496e-16,2.2888e-16
2393.5,-181.41,641.39,7.5333,0.64535,-0.22454,-0.034112,1.8984,-4.6496e-16,2.2888e-16
2393.6,-181.37,641.45,7.53,0.63956,-0.21819,-0.031718,1.8984,-4.6496e-16,2.2888e-16
2393.7,-181.33,641.5,7.527,0.63387,-0.21226,-0.029403,1.8984,-4.6496e-16,2.2888e-16
2393.8,-181.29,641.55,7.5242,0.62829,-0.20673,-0.027159,1.8984,-4.6496e-16,2.2888e-16
2393.9,-181.25,641.61,7.5216,0.62281,-0.20156,-0.024981,1.8984,-4.6496e-16,2.2888e-16
2394,-181.21,641.66,7.5192,0.61743,-0.19675,-0.02286,1.8984,-4.6496e-16,2.2888e-16
2394.1,-181.17,641.71,7.517,0.61216,-0.19228,-0.020792,1.8984,-4.6496e-16,2.2888e-16
2394.2,-181.13,641.76,7.515,0.60699,-0.18812,-0.018769,1.8984,-4.6496e-16,2.2888e-16
2394.3,-181.09,641.81,7.5132,0.60193,-0.18426,-0.016788,1.8984,-4.6496e-16,2.2888e-16
2394.4,-181.06,641.86,7.5116,0.59696,-0.18068,-0.014842,1.8984,-4.6496e-16,2.2888e-16
2394.5,-181.02,641.91,7.5103,0.5921,-0.17739,-0.012928,1.8984,-4.6496e-16,2.2888e-16
2394.6,-180.98,641.96,7.5091,0.58734,-0.17435,-0.011039,1.8984,-4.6496e-16,2.2888e-16
2394.7,-180.95,642.01,7.508,0.58267,-0.17157,-0.0091718,1.8984,-4.6496e-16,2.2888e-16
2394.8,-180.91,642.06,7.5072,0.5781,-0.16903,-0.0073221,1.8984,-4.6496e-16,2.2888e-16
2394.9,-180.88,642.11,7.5066,0.57362,-0.16673,-0.0054857,1.8984,-4.6496e-16,2.2888e-16
2395,-180.84,642.16,7.5061,0.56923,-0.16466,-0.0036587,1.8984,-4.6496e-16,2.2888e-16
2395.1,-180.81,642.2,7.5058,0.56494,-0.16281,-0.0018372,1.8984,-4.6496e-16,2.2888e-16
2395.2,-180.77,642.25,7.5058,0.56073,-0.16118,-1.7536e-05,1.8984,-4.6496e-16,2.2888e-16
2395.3,-180.74,642.3,7.5058,0.5566,-0.1597,0.0018266,1.8984,-4.6496e-16,2.2888e-16
2395.4,-180.7,642.35,7.5061,0.55256,-0.15829,0.0037176,1.8984,-4.6496e-16,2.2888e-16
2395.5,-180.67,642.39,7.5066,0.54859,-0.15696,0.0056514,1.8984,-4.6496e-16,2.2888e-16
2395.6,-180.64,642.44,7.5073,0.54471,-0.1557,0.0076233,1.8984,-4.6496e-16,2.2888e-16
2395.7,-180.6,642.48,7.5081,0.54089,-0.15453,0.009628,1.8984,-4.6496e-16,2.2888e-16
2395.8,-180.57,642.53,7.5092,0.53715,-0.15343,0.01166,1.8984,-4.6496e-16,2.2888e-16
2395.9,-180.54,642.57,7.5104,0.53348,-0.15242,0.013712,1.8984,-4.6496e-16,2.2888e-16
2396,-180.51,642.62,7.5119,0.52988,-0.15149,0.015778,1.8984,-4.6496e-16,2.2888e-16
2396.1,-180.47,642.66,7.5136,0.52634,-0.15064,0.017851,1.8984,-4.6496e-16,2.2888e-16
2396.2,-180.44,642.71,7.5155,0.52286,-0.14987,0.019923,1.8984,-4.6496e-16,2.2888e-16
2396.3,-180.41,642.75,7.5176,0.51945,-0.14917,0.021988,1.8984,-4.6496e-16,2.2888e-16
2396.4,-180.38,642.8,7.5199,0.51609,-0.14856,0.024037,1.8984,-4.6496e-16,2.2888e-16
2396.5,-180.35,642.84,7.5224,0.5128,-0.14802,0.026062,1.8984,-4.6496e-16,2.2888e-16
2396.6,-180.32,642.88,7.5251,0.50956,-0.14756,0.028058,1.8984,-4.6496e-16,2.2888e-16
2396.7,-180.29,642.93,7.528,0.50638,-0.14717,0.030016,1.8984,-4.6496e-16,2.2888e-16
2396.8,-180.26,642.97,7.5311,0.50326,-0.14685,0.031929,1.8984,-4.6496e-16,2.2888e-16
2396.9,-180.23,643.01,7.5344,0.50018,-0.14659,0.033792,1.8984,-4.6496e-16,2.2888e-16
2397,-180.2,643.06,7.5379,0.49717,-0.1464,0.035598,1.8984,-4.6496e-16,2.2888e-16
2397.1,-180.17,643.1,7.5415,0.4942,-0.14627,0.037342,1.8984,-4.6496e-16,2.2888e-16
2397.2,-180.14,643.14,7.5453,0.49128,-0.1462,0.039019,1.8984,-4.6496e-16,2.2888e-16
2397.3,-180.11,643.18,7.5493,0.48842,-0.14618,0.040624,1.8984,-4.6496e-16,2.2888e-16
2397.4,-180.08,643.23,7.5534,0.4856,-0.14621,0.042156,1.8984,-4.6496e-16,2.2888e-16
2397.5,-180.06,643.27,7.5577,0.48283,-0.14628,0.043609,1.8984,-4.6496e-16,2.2888e-16
2397.6,-180.03,643.31,7.5622,0.48011,-0.1464,0.044983,1.8984,-4.6496e-16,2.2888e-16
2397.7,-180,643.35,7.5667,0.47744,-0.14655,0.046276,1.8984,-4.6496e-16,2.2888e-16
2397.8,-179.97,643.39,7.5714,0.47482,-0.14674,0.047486,1.8984,-4.6496e-16,2.2888e-16
2397.9,-179.94,643.43,7.5762,0.47224,-0.14695,0.048613,1.8984,-4.6496e-16,2.2888e-16
2398,-179.92,643.48,7.5811,0.46971,-0.14719,0.049658,1.8984,-4.6496e-16,2.2888e-16
2398.1,-179.89,643.52,7.5862,0.46722,-0.14745,0.05062,1.8984,-4.6496e-16,2.2888e-16
2398.2,-179.86,643.56,7.5913,0.46478,-0.14773,0.051502,1.8984,-4.6496e-16,2.2888e-16
2398.3,-179.84,643.6,7.5965,0.46239,-0.14803,0.052303,1.8984,-4.6496e-16,2.2888e-16
2398.4,-179.81,643.64,7.6017,0.46004,-0.14833,0.053027,1.8984,-4.6496e-16,2.2888e-16
2398.5,-179.79,643.68,7.6071,0.45773,-0.14864,0.053676,1.8984,-4.6496e-16,2.2888e-16
2398.6,-179.76,643.72,7.6125,0.45547,-0.14896,0.054251,1.8984,-4.6496e-16,2.2888e-16
2398.7,-179.74,643.76,7.6179,0.45325,-0.14928,0.054755,1.8984,-4.6496e-16,2.2888e-16
2398.8,-179.71,643.8,7.6234,0.45107,-0.14959,0.055191,1.8984,-4.6496e-16,2.2888e-16
2398.9,-179.69,643.84,7.6289,0.44894,-0.14991,0.055563,1.8984,-4.6496e-16,2.2888e-16
2399,-179.66,643.88,7.6345,0.44684,-0.15021,0.055872,1.8984,-4.6496e-16,2.2888e-16
2399.1,-179.64,643.92,7.6401,0.44479,-0.15051,0.056123,1.8984,-4.6496e-16,2.2888e-16
2399.2,-179.61,643.96,7.6457,0.44278,-0.1508,0.056317,1.8984,-4.6496e-16,2.2888e-16
2399.3,-179.59,644,7.6514,0.44082,-0.15108,0.056459,1.8984,-4.6496e-16,2.2888e-16
2399.4,-179.57,644.04,7.657,0.43889,-0.15134,0.056551,1.8984,-4.6496e-16,2.2888e-16
2399.5,-179.54,644.08,7.6627,0.437,-0.15159,0.056596,1.8984,-4.6496e-16,2.2888e-16
2399.6,-179.52,644.12,7.6683,0.43516,-0.15183,0.056598,1.8984,-4.6496e-16,2.2888e-16
2399.7,-179.5,644.16,7.674,0.43335,-0.15204,0.056559,1.8984,-4.6496e-16,2.2888e-16
2399.8,-179.47,644.2,7.6797,0.43158,-0.15224,0.056482,1.8984,-4.6496e-16,2.2888e-16
2399.9,-179.45,644.24,7.6853,0.42986,-0.15242,0.05637,1.8984,-4.6496e-16,2.2888e-16
2400,-179.43,644.28,7.6909,0.42817,-0.15258,0.056225,1.8984,-4.6496e-16,2.2888e-16
2400.1,-179.41,644.32,7.6965,0.42651,-0.15272,0.05605,1.8984,-4.6496e-16,2.2888e-16
2400.2,-179.39,644.36,7.7021,0.4249,-0.15284,0.055848,1.8984,-4.6496e-16,2.2888e-16
2400.3,-179.36,644.4,7.7077,0.42332,-0.15294,0.05562,1.8984,-4.6496e-16,2.2888e-16
2400.4,-179.34,644.44,7.7133,0.42178,-0.15302,0.05537,1.8984,-4.6496e-16,2.2888e-16
2400.5,-179.32,644.48,7.7188,0.42027,-0.15308,0.055098,1.8984,-4.6496e-16,2.2888e-16
2400.6,-179.3,644.52,7.7243,0.4188,-0.15311,0.054808,1.8984,-4.6496e-16,2.2888e-16
2400.7,-179.28,644.56,7.7297,0.41737,-0.15313,0.054501,1.8984,-4.6496e-16,2.2888e-16
2400.8,-179.26,644.6,7.7352,0.41597,-0.15312,0.054178,1.8984,-4.6496e-16,2.2888e-16
2400.9,-179.24,644.64,7.7406,0.4146,-0.15309,0.053843,1.8984,-4.6496e-16,2.2888e-16
2401,-179.22,644.68,7.7459,0.41327,-0.15304,0.053495,1.8984,-4.6496e-16,2.2888e-16
2401.1,-179.2,644.72,7.7513,0.41196,-0.15297,0.053137,1.8984,-4.6496e-16,2.2888e-16
2401.2,-179.18,644.76,7.7566,0.4107,-0.15288,0.05277,2.7238,-0.43888,0.21527
2401.3,-179.16,644.8,7.7621,0.41126,-0.15469,0.058342,2.7238,-0.43888,0.21527
2401.4,-179.14,644.84,7.7682,0.41173,-0.15667,0.063612,2.7238,-0.43888,0.21527
2401.5,-179.13,644.88,7.7748,0.41212,-0.1588,0.068555,2.7238,-0.43888,0.21527
2401.6,-179.11,644.92,7.7819,0.41242,-0.16108,0.073155,2.7238,-0.43888,0.21527
2401.7,-179.09,644.96,7.7895,0.41265,-0.16349,0.077405,2.7238,-0.43888,0.21527
2401.8,-179.07,645,7.7974,0.41281,-0.16602,0.0813,2.7238,-0.43888,0.21527
2401.9,-179.05,645.04,7.8057,0.41289,-0.16864,0.084844,2.7238,-0.43888,0.21527
2402,-179.03,645.08,7.8144,0.41291,-0.17136,0.088045,2.7238,-0.43888,0.21527
2402.1,-179.01,645.12,7.8233,0.41287,-0.17414,0.090915,2.7238,-0.43888,0.21527
2402.2,-178.99,645.16,7.8325,0.41276,-0.17698,0.093469,2.7238,-0.43888,0.21527
2402.3,-178.97,645.2,7.842,0.41261,-0.17987,0.095722,2.7238,-0.43888,0.21527
2402.4,-178.96,645.24,7.8517,0.4124,-0.18279,0.097695,2.7238,-0.43888,0.21527
2402.5,-178.94,645.28,7.8615,0.41215,-0.18572,0.099405,2.7238,-0.43888,0.21527
2402.6,-178.92,645.32,7.8715,0.41185,-0.18867,0.10087,2.7238,-0.43888,0.21527
2402.7,-178.9,645.37,7.8817,0.41152,-0.19162,0.10212,2.7238,-0.43888,0.21527
2402.8,-178.88,645.41,7.892,0.41115,-0.19455,0.10315,2.7238,-0.43888,0.21527
2402.9,-178.87,645.45,7.9023,0.41074,-0.19747,0.104,2.7238,-0.43888,0.21527
2403,-178.85,645.49,7.9127,0.41031,-0.20037,0.10468,2.7238,-0.43888,0.21527
2403.1,-178.83,645.53,7.9232,0.40985,-0.20324,0.10521,2.7238,-0.43888,0.21527
2403.2,-178.81,645.58,7.9338,0.40936,-0.20607,0.10559,2.7238,-0.43888,0.21527
2403.3,-178.8,645.62,7.9444,0.40886,-0.20887,0.10585,2.7238,-0.43888,0.21527
2403.4,-178.78,645.66,7.9549,0.40833,-0.21163,0.10599,2.7238,-0.43888,0.21527
2403.5,-178.76,645.7,7.9656,0.40779,-0.21434,0.10604,2.7238,-0.43888,0.21527
2403.6,-178.75,645.75,7.9762,0.40724,-0.217,0.10599,2.7238,-0.43888,0.21527
2403.7,-178.73,645.79,7.9867,0.40667,-0.21962,0.10586,2.7238,-0.43888,0.21527
2403.8,-178.71,645.83,7.9973,0.4061,-0.22218,0.10565,2.7238,-0.43888,0.21527
2403.9,-178.7,645.88,8.0079,0.40551,-0.2247,0.10538,2.7238,-0.43888,0.21527
2404,-178.68,645.92,8.0184,0.40493,-0.22716,0.10506,2.7238,-0.43888,0.21527
2404.1,-178.67,645.96,8.0289,0.40433,-0.22957,0.10468,2.7238,-0.43888,0.21527
2404.2,-178.65,646.01,8.0393,0.40374,-0.23192,0.10425,2.7238,-0.43888,0.21527
2404.3,-178.63,646.05,8.0497,0.40314,-0.23423,0.10379,2.7238,-0.43888,0.21527
2404.4,-178.62,646.1,8.0601,0.40255,-0.23648,0.10329,2.7238,-0.43888,0.21527
2404.5,-178.6,646.14,8.0704,0.40195,-0.23868,0.10276,2.7238,-0.43888,0.21527
2404.6,-178.59,646.19,8.0806,0.40136,-0.24083,0.1022,2.7238,-0.43888,0.21527
2404.7,-178.58,646.23,8.0908,0.40078,-0.24293,0.10161,2.7238,-0.43888,0.21527
2404.8,-178.56,646.27,8.101,0.4002,-0.24498,0.10101,2.7238,-0.43888,0.21527
2404.9,-178.55,646.32,8.111,0.39962,-0.24698,0.10039,2.7238,-0.43888,0.21527
2405,-178.53,646.36,8.121,0.39905,-0.24893,0.099751,2.7238,-0.43888,0.21527
2405.1,-178.52,646.41,8.131,0.39849,-0.25084,0.099101,2.7238,-0.43888,0.21527
2405.2,-178.51,646.46,8.1409,0.39794,-0.25269,0.098439,2.7238,-0.43888,0.21527
2405.3,-178.49,646.5,8.1507,0.39739,-0.25451,0.097768,2.7238,-0.43888,0.21527
2405.4,-178.48,646.55,8.1604,0.39686,-0.25628,0.09709,2.7238,-0.43888,0.21527
2405.5,-178.47,646.59,8.1701,0.39633,-0.25801,0.096405,2.7238,-0.43888,0.21527
2405.6,-178.46,646.64,8.1797,0.39582,-0.25969,0.095716,2.7238,-0.43888,0.21527
2405.7,-178.45,646.68,8.1892,0.39531,-0.26134,0.095023,2.7238,-0.43888,0.21527
2405.8,-178.43,646.73,8.1987,0.39482,-0.26294,0.094328,2.7238,-0.43888,0.21527
2405.9,-178.42,646.78,8.2081,0.39434,-0.26451,0.093632,2.7238,-0.43888,0.21527
2406,-178.41,646.82,8.2174,0.39387,-0.26604,0.092935,2.7238,-0.43888,0.21527
2406.1,-178.4,646.87,8.2267,0.39342,-0.26753,0.092238,2.7238,-0.43888,0.21527
2406.2,-178.39,646.91,8.2359,0.39297,-0.26899,0.091543,2.7238,-0.43888,0.21527
2406.3,-178.38,646.96,8.245,0.39254,-0.27041,0.090849,2.7238,-0.43888,0.21527
2406.4,-178.37,647.01,8.254,0.39212,-0.27181,0.090158,2.7238,-0.43888,0.21527
2406.5,-178.36,647.05,8.263,0.39172,-0.27316,0.089469,2.7238,-0.43888,0.21527
2406.6,-178.35,647.1,8.2719,0.39132,-0.27449,0.088784,2.7238,-0.43888,0.21527
2406.7,-178.34,647.15,8.2808,0.39094,-0.27579,0.088102,2.7238,-0.43888,0.21527
2406.8,-178.33,647.2,8.2896,0.39058,-0.27706,0.087425,2.7238,-0.43888,0.21527
2406.9,-178.33,647.24,8.2983,0.39022,-0.2783,0.086752,2.7238,-0.43888,0.21527
2407,-178.32,647.29,8.3069,0.38988,-0.27951,0.086083,2.7238,-0.43888,0.21527
2407.1,-178.31,647.34,8.3155,0.38955,-0.2807,0.08542,2.7238,-0.43888,0.21527
2407.2,-178.3,647.38,8.324,0.38924,-0.28186,0.084762,2.7238,-0.43888,0.21527
2407.3,-178.29,647.43,8.3324,0.38894,-0.283,0.084109,2.7238,-0.43888,0.21527
2407.4,-178.29,647.48,8.3408,0.38865,-0.28411,0.083463,2.7238,-0.43888,0.21527
2407.5,-178.28,647.53,8.3491,0.38837,-0.2852,0.082821,2.7238,-0.43888,0.21527
2407.6,-178.27,647.57,8.3574,0.38811,-0.28627,0.082186,2.7238,-0.43888,0.21527
2407.7,-178.27,647.62,8.3656,0.38786,-0.28731,0.081557,2.7238,-0.43888,0.21527
2407.8,-178.26,647.67,8.3737,0.38762,-0.28834,0.080934,2.7238,-0.43888,0.21527
2407.9,-178.26,647.72,8.3817,0.38739,-0.28934,0.080317,2.7238,-0.43888,0.21527
2408,-178.25,647.77,8.3897,0.38718,-0.29033,0.079706,2.7238,-0.43888,0.21527
2408.1,-178.25,647.81,8.3977,0.38697,-0.29129,0.079102,2.7238,-0.43888,0.21527
2408.2,-178.24,647.86,8.4056,0.38678,-0.29224,0.078504,2.7238,-0.43888,0.21527
2408.3,-178.24,647.91,8.4134,0.3866,-0.29317,0.077912,2.7238,-0.43888,0.21527
2408.4,-178.23,647.96,8.4212,0.38644,-0.29409,0.077326,2.7238,-0.43888,0.21527
2408.5,-178.23,648.01,8.4289,0.38628,-0.29498,0.076747,2.7238,-0.43888,0.21527
2408.6,-178.23,648.06,8.4365,0.38613,-0.29587,0.076174,2.7238,-0.43888,0.21527
2408.7,-178.22,648.11,8.4441,0.386,-0.29673,0.075608,2.7238,-0.43888,0.21527
2408.8,-178.22,648.15,8.4516,0.38588,-0.29758,0.075047,2.7238,-0.43888,0.21527
2408.9,-178.22,648.2,8.4591,0.38576,-0.29842,0.074493,2.7238,-0.43888,0.21527
2409,-178.21,648.25,8.4665,0.38566,-0.29925,0.073945,2.7238,-0.43888,0.21527
2409.1,-178.21,648.3,8.4739,0.38557,-0.30006,0.073403,2.7238,-0.43888,0.21527
2409.2,-178.21,648.35,8.4812,0.38549,-0.30086,0.072867,7.6309,-1.869e-15,8.9782e-16
2409.3,-178.21,648.4,8.4882,0.39644,-0.29984,0.066706,7.6309,-1.869e-15,8.9782e-16
2409.4,-178.21,648.45,8.4946,0.40732,-0.29884,0.061366,7.6309,-1.869e-15,8.9782e-16
2409.5,-178.21,648.5,8.5005,0.4181,-0.29786,0.05673,7.6309,-1.869e-15,8.9782e-16
2409.6,-178.21,648.55,8.5059,0.42876,-0.29691,0.052708,7.6309,-1.869e-15,8.9782e-16
2409.7,-178.21,648.6,8.511,0.43929,-0.29598,0.049226,7.6309,-1.869e-15,8.9782e-16
2409.8,-178.22,648.66,8.5158,0.44967,-0.29507,0.046226,7.6309,-1.869e-15,8.9782e-16
2409.9,-178.22,648.71,8.5203,0.4599,-0.29419,0.043661,7.6309,-1.869e-15,8.9782e-16
2410,-178.23,648.77,8.5245,0.46995,-0.29334,0.041491,7.6309,-1.869e-15,8.9782e-16
2410.1,-178.24,648.82,8.5286,0.47982,-0.29251,0.039685,7.6309,-1.869e-15,8.9782e-16
2410.2,-178.24,648.88,8.5325,0.4895,-0.29172,0.038216,7.6309,-1.869e-15,8.9782e-16
2410.3,-178.25,648.93,8.5363,0.49899,-0.29096,0.037064,7.6309,-1.869e-15,8.9782e-16
2410.4,-178.26,648.99,8.5399,0.50827,-0.29023,0.036209,7.6309,-1.869e-15,8.9782e-16
2410.5,-178.27,649.05,8.5435,0.51734,-0.28955,0.035637,7.6309,-1.869e-15,8.9782e-16
2410.6,-178.28,649.11,8.5471,0.52621,-0.28891,0.035334,7.6309,-1.869e-15,8.9782e-16
2410.7,-178.29,649.17,8.5506,0.53485,-0.28832,0.035291,7.6309,-1.869e-15,8.9782e-16
2410.8,-178.31,649.23,8.5541,0.54328,-0.28779,0.035496,7.6309,-1.869e-15,8.9782e-16
2410.9,-178.32,649.29,8.5577,0.55148,-0.28732,0.035942,7.6309,-1.869e-15,8.9782e-16
2411,-178.33,649.35,8.5613,0.55945,-0.28691,0.036621,7.6309,-1.869e-15,8.9782e-16
2411.1,-178.35,649.41,8.565,0.5672,-0.28658,0.037524,7.6309,-1.869e-15,8.9782e-16
2411.2,-178.36,649.47,8.5688,0.57472,-0.28633,0.038646,7.6309,-1.869e-15,8.9782e-16
2411.3,-178.38,649.53,8.5728,0.58201,-0.28616,0.039977,7.6309,-1.869e-15,8.9782e-16
2411.4,-178.4,649.6,8.5768,0.58907,-0.28609,0.04151,7.6309,-1.869e-15,8.9782e-16
2411.5,-178.42,649.66,8.5811,0.5959,-0.28613,0.043237,7.6309,-1.869e-15,8.9782e-16
2411.6,-178.43,649.72,8.5855,0.60249,-0.28628,0.045147,7.6309,-1.869e-15,8.9782e-16
2411.7,-178.45,649.79,8.5901,0.60886,-0.28654,0.047232,7.6309,-1.869e-15,8.9782e-16
2411.8,-178.47,649.85,8.5949,0.61499,-0.28694,0.049479,7.6309,-1.869e-15,8.9782e-16
2411.9,-178.49,649.92,8.6,0.6209,-0.28746,0.051875,7.6309,-1.869e-15,8.9782e-16
2412,-178.52,649.98,8.6053,0.62658,-0.28814,0.054409,7.6309,-1.869e-15,8.9782e-16
2412.1,-178.54,650.05,8.6109,0.63203,-0.28896,0.057064,7.6309,-1.869e-15,8.9782e-16
2412.2,-178.56,650.11,8.6167,0.63725,-0.28993,0.059825,7.6309,-1.869e-15,8.9782e-16
2412.3,-178.58,650.18,8.6229,0.64225,-0.29107,0.062675,7.6309,-1.869e-15,8.9782e-16
2412.4,-178.61,650.25,8.6293,0.64704,-0.29237,0.065596,7.6309,-1.869e-15,8.9782e-16
2412.5,-178.63,650.31,8.636,0.6516,-0.29385,0.068572,7.6309,-1.869e-15,8.9782e-16
2412.6,-178.66,650.38,8.643,0.65595,-0.2955,0.071581,7.6309,-1.869e-15,8.9782e-16
2412.7,-178.68,650.45,8.6503,0.66009,-0.29732,0.074607,7.6309,-1.869e-15,8.9782e-16
2412.8,-178.71,650.52,8.6579,0.66402,-0.29932,0.077629,7.6309,-1.869e-15,8.9782e-16
2412.9,-178.74,650.58,8.6658,0.66775,-0.3015,0.08063,7.6309,-1.869e-15,8.9782e-16
2413,-178.77,650.65,8.674,0.67128,-0.30385,0.08359,7.6309,-1.869e-15,8.9782e-16
2413.1,-178.79,650.72,8.6825,0.67461,-0.30637,0.086494,7.6309,-1.869e-15,8.9782e-16
2413.2,-178.82,650.79,8.6913,0.67775,-0.30906,0.089323,7.6309,-1.869e-15,8.9782e-16
2413.3,-178.85,650.86,8.7004,0.68071,-0.31191,0.092064,7.6309,-1.869e-15,8.9782e-16
2413.4,-178.88,650.92,8.7097,0.68349,-0.31492,0.094702,7.6309,-1.869e-15,8.9782e-16
2413.5,-178.92,650.99,8.7193,0.68609,-0.31808,0.097226,7.6309,-1.869e-15,8.9782e-16
2413.6,-178.95,651.06,8.7292,0.68853,-0.32139,0.099623,7.6309,-1.869e-15,8.9782e-16
2413.7,-178.98,651.13,8.7393,0.6908,-0.32482,0.10189,7.6309,-1.869e-15,8.9782e-16
2413.8,-179.01,651.2,8.7495,0.69291,-0.32839,0.104,7.6309,-1.869e-15,8.9782e-16
2413.9,-179.05,651.27,8.76,0.69487,-0.33207,0.10598,7.6309,-1.869e-15,8.9782e-16
2414,-179.08,651.34,8.7707,0.69669,-0.33586,0.10779,7.6309,-1.869e-15,8.9782e-16
2414.1,-179.12,651.41,8.7816,0.69837,-0.33975,0.10945,7.6309,-1.869e-15,8.9782e-16
2414.2,-179.15,651.48,8.7926,0.69992,-0.34373,0.11095,7.6309,-1.869e-15,8.9782e-16
2414.3,-179.19,651.54,8.8038,0.70134,-0.34779,0.11229,7.6309,-1.869e-15,8.9782e-16
2414.4,-179.23,651.61,8.8151,0.70264,-0.35192,0.11348,7.6309,-1.869e-15,8.9782e-16
2414.5,-179.26,651.68,8.8265,0.70383,-0.35611,0.1145,7.6309,-1.869e-15,8.9782e-16
2414.6,-179.3,651.75,8.838,0.70492,-0.36035,0.11537,7.6309,-1.869e-15,8.9782e-16
2414.7,-179.34,651.82,8.8495,0.7059,-0.36464,0.11608,7.6309,-1.869e-15,8.9782e-16
2414.8,-179.38,651.89,8.8612,0.7068,-0.36896,0.11664,7.6309,-1.869e-15,8.9782e-16
2414.9,-179.42,651.96,8.8729,0.7076,-0.37331,0.11706,7.6309,-1.869e-15,8.9782e-16
2415,-179.46,652.03,8.8846,0.70833,-0.37768,0.11733,7.6309,-1.869e-15,8.9782e-16
2415.1,-179.5,652.1,8.8963,0.70899,-0.38206,0.11747,7.6309,-1.869e-15,8.9782e-16
2415.2,-179.55,652.17,8.9081,0.70957,-0.38646,0.11747,7.6309,-1.869e-15,8.9782e-16
2415.3,-179.59,652.23,8.9198,0.7101,-0.39085,0.11734,7.6309,-1.869e-15,8.9782e-16
2415.4,-179.63,652.3,8.9315,0.71057,-0.39525,0.11708,7.6309,-1.869e-15,8.9782e-16
2415.5,-179.68,652.37,8.9432,0.71099,-0.39963,0.11671,7.6309,-1.869e-15,8.9782e-16
2415.6,-179.72,652.44,8.9549,0.71137,-0.404,0.11622,7.6309,-1.869e-15,8.9782e-16
2415.7,-179.77,652.51,8.9665,0.71171,-0.40836,0.11562,7.6309,-1.869e-15,8.9782e-16
2415.8,-179.81,652.58,8.978,0.71202,-0.4127,0.11491,7.6309,-1.869e-15,8.9782e-16
2415.9,-179.86,652.64,8.9895,0.7123,-0.41702,0.1141,7.6309,-1.869e-15,8.9782e-16
2416,-179.91,652.71,9.0008,0.71256,-0.42132,0.11319,7.6309,-1.869e-15,8.9782e-16
2416.1,-179.96,652.78,9.0121,0.7128,-0.42559,0.11218,7.6309,-1.869e-15,8.9782e-16
2416.2,-180,652.85,9.0232,0.71303,-0.42984,0.11108,7.6309,-1.869e-15,8.9782e-16
2416.3,-180.05,652.91,9.0343,0.71325,-0.43405,0.10989,7.6309,-1.869e-15,8.9782e-16
2416.4,-180.1,652.98,9.0452,0.71347,-0.43824,0.10861,7.6309,-1.869e-15,8.9782e-16
2416.5,-180.15,653.05,9.056,0.71369,-0.4424,0.10725,7.6309,-1.869e-15,8.9782e-16
2416.6,-180.2,653.11,9.0667,0.71391,-0.44653,0.10581,7.6309,-1.869e-15,8.9782e-16
2416.7,-180.26,653.18,9.0772,0.71415,-0.45063,0.10429,7.6309,-1.869e-15,8.9782e-16
2416.8,-180.31,653.25,9.0875,0.71439,-0.45471,0.10269,7.6309,-1.869e-15,8.9782e-16
2416.9,-180.36,653.31,9.0977,0.71466,-0.45875,0.10101,7.6309,-1.869e-15,8.9782e-16
2417,-180.41,653.38,9.1077,0.71495,-0.46277,0.099255,7.6309,-1.869e-15,8.9782e-16
2417.1,-180.47,653.45,9.1176,0.71526,-0.46676,0.097426,7.6309,-1.869e-15,8.9782e-16
2417.2,-180.52,653.51,9.1272,0.7156,-0.47072,0.095521,7.6309,-1.869e-15,8.9782e-16
2417.3,-180.58,653.58,9.1367,0.71598,-0.47466,0.093542,7.6309,-1.869e-15,8.9782e-16
2417.4,-180.63,653.64,9.1459,0.71639,-0.47858,0.091486,7.6309,-1.869e-15,8.9782e-16
2417.5,-180.69,653.71,9.155,0.71684,-0.48248,0.089353,7.6309,-1.869e-15,8.9782e-16
2417.6,-180.74,653.78,9.1638,0.71734,-0.48636,0.087142,7.6309,-1.869e-15,8.9782e-16
2417.7,-180.8,653.84,9.1724,0.71788,-0.49022,0.084851,7.6309,-1.869e-15,8.9782e-16
2417.8,-180.86,653.91,9.1807,0.71847,-0.49407,0.082477,7.6309,-1.869e-15,8.9782e-16
2417.9,-180.92,653.97,9.1889,0.71912,-0.49791,0.080018,7.6309,-1.869e-15,8.9782e-16
2418,-180.98,654.04,9.1967,0.71983,-0.50174,0.077469,7.6309,-1.869e-15,8.9782e-16
2418.1,-181.04,654.1,9.2044,0.72059,-0.50556,0.074826,7.6309,-1.869e-15,8.9782e-16
2418.2,-181.09,654.17,9.2117,0.72143,-0.50937,0.072084,7.6309,-1.869e-15,8.9782e-16
2418.3,-181.15,654.23,9.2188,0.72234,-0.51319,0.069236,7.6309,-1.869e-15,8.9782e-16
2418.4,-181.21,654.3,9.2256,0.72332,-0.51701,0.066277,7.6309,-1.869e-15,8.9782e-16
2418.5,-181.28,654.36,9.232,0.72438,-0.52083,0.063197,7.6309,-1.869e-15,8.9782e-16
2418.6,-181.34,654.43,9.2382,0.72552,-0.52466,0.059986,7.6309,-1.869e-15,8.9782e-16
2418.7,-181.4,654.49,9.244,0.72676,-0.52851,0.056634,7.6309,-1.869e-15,8.9782e-16
2418.8,-181.46,654.56,9.2495,0.7281,-0.53237,0.053128,7.6309,-1.869e-15,8.9782e-16
2418.9,-181.52,654.62,9.2546,0.72954,-0.53625,0.049452,7.6309,-1.869e-15,8.9782e-16
2419,-181.59,654.69,9.2594,0.73109,-0.54015,0.045588,7.6309,-1.869e-15,8.9782e-16
2419.1,-181.65,654.75,9.2638,0.73276,-0.54408,0.041516,7.6309,-1.869e-15,8.9782e-16
2419.2,-181.71,654.82,9.2677,0.73456,-0.54805,0.037211,7.6309,-1.869e-15,8.9782e-16
2419.3,-181.78,654.88,9.2712,0.7365,-0.55206,0.032644,7.6309,-1.869e-15,8.9782e-16
2419.4,-181.84,654.95,9.2742,0.73859,-0.55611,0.02778,7.6309,-1.869e-15,8.9782e-16
2419.5,-181.91,655.02,9.2767,0.74086,-0.56021,0.022578,7.6309,-1.869e-15,8.9782e-16
2419.6,-181.97,655.08,9.2787,0.7433,-0.56437,0.016985,7.6309,-1.869e-15,8.9782e-16
2419.7,-182.04,655.15,9.2801,0.74595,-0.56859,0.010941,7.6309,-1.869e-15,8.9782e-16
2419.8,-182.1,655.22,9.2809,0.74882,-0.57289,0.0043688,7.6309,-1.869e-15,8.9782e-16
2419.9,-182.17,655.28,9.281,0.75194,-0.57714,-0.0027748,7.6309,-1.869e-15,8.9782e-16
2420,-182.24,655.35,9.2803,0.75534,-0.57984,-0.0099609,7.6309,-1.869e-15,8.9782e-16
2420.1,-182.3,655.42,9.279,0.75898,-0.58061,-0.016874,7.6309,-1.869e-15,8.9782e-16
2420.2,-182.37,655.49,9.277,0.76285,-0.57947,-0.023343,7.6309,-1.869e-15,8.9782e-16
2420.3,-182.44,655.56,9.2743,0.76692,-0.57654,-0.029227,7.6309,-1.869e-15,8.9782e-16
2420.4,-182.5,655.63,9.2711,0.77112,-0.57195,-0.034424,7.6309,-1.869e-15,8.9782e-16
2420.5,-182.57,655.7,9.2675,0.77542,-0.56589,-0.038874,7.6309,-1.869e-15,8.9782e-16
2420.6,-182.64,655.76,9.2634,0.77977,-0.55858,-0.042547,7.6309,-1.869e-15,8.9782e-16
2420.7,-182.71,655.83,9.259,0.78411,-0.55024,-0.045449,7.6309,-1.869e-15,8.9782e-16
2420.8,-182.78,655.9,9.2543,0.7884,-0.54107,-0.047606,7.6309,-1.869e-15,8.9782e-16
2420.9,-182.84,655.96,9.2495,0.79259,-0.5313,-0.049063,7.6309,-1.869e-15,8.9782e-16
2421,-182.91,656.03,9.2445,0.79667,-0.52111,-0.049876,7.6309,-1.869e-15,8.9782e-16
2421.1,-182.98,656.09,9.2395,0.80058,-0.5107,-0.050106,7.6309,-1.869e-15,8.9782e-16
2421.2,-183.05,656.16,9.2345,0.80433,-0.50021,-0.049814,7.6309,-1.869e-15,8.9782e-16
2421.3,-183.12,656.22,9.2296,0.80788,-0.48978,-0.049061,7.6309,-1.869e-15,8.9782e-16
2421.4,-183.19,656.29,9.2247,0.81123,-0.47954,-0.047904,7.6309,-1.869e-15,8.9782e-16
2421.5,-183.26,656.35,9.22,0.81437,-0.46958,-0.046394,7.6309,-1.869e-15,8.9782e-16
2421.6,-183.33,656.41,9.2155,0.8173,-0.45999,-0.044577,7.6309,-1.869e-15,8.9782e-16
2421.7,-183.4,656.47,9.2111,0.82002,-0.45084,-0.042491,7.6309,-1.869e-15,8.9782e-16
2421.8,-183.47,656.53,9.207,0.82252,-0.44218,-0.040172,7.6309,-1.869e-15,8.9782e-16
2421.9,-183.54,656.6,9.2031,0.82481,-0.43408,-0.037647,7.6309,-1.869e-15,8.9782e-16
2422,-183.61,656.66,9.1995,0.82691,-0.42657,-0.034938,7.6309,-1.869e-15,8.9782e-16
2422.1,-183.69,656.72,9.1961,0.8288,-0.41968,-0.032066,7.6309,-1.869e-15,8.9782e-16
2422.2,-183.76,656.78,9.193,0.83051,-0.41345,-0.029043,7.6309,-1.869e-15,8.9782e-16
2422.3,-183.83,656.83,9.1903,0.83202,-0.40791,-0.025881,7.6309,-1.869e-15,8.9782e-16
2422.4,-183.9,656.89,9.1879,0.83336,-0.40309,-0.022587,7.6309,-1.869e-15,8.9782e-16
2422.5,-183.97,656.95,9.1858,0.83453,-0.39901,-0.019167,7.6309,-1.869e-15,8.9782e-16
2422.6,-184.04,657.01,9.184,0.83553,-0.3957,-0.015624,7.6309,-1.869e-15,8.9782e-16
2422.7,-184.12,657.07,9.1827,0.83636,-0.39318,-0.011958,7.6309,-1.869e-15,8.9782e-16
2422.8,-184.19,657.13,9.1817,0.83704,-0.39149,-0.008172,7.6309,-1.869e-15,8.9782e-16
2422.9,-184.26,657.18,9.181,0.83756,-0.39066,-0.0042645,4.0358,0.014307,-0.0070174
2423,-184.33,657.24,9.1808,0.82997,-0.39062,-0.00054948,4.0358,0.014307,-0.0070174
2423.1,-184.4,657.3,9.1809,0.8225,-0.39114,0.0031328,4.0358,0.014307,-0.0070174
2423.2,-184.47,657.36,9.1814,0.81515,-0.3918,0.0069128,4.0358,0.014307,-0.0070174
2423.3,-184.54,657.42,9.1823,0.80791,-0.39259,0.010771,4.0358,0.014307,-0.0070174
2423.4,-184.61,657.47,9.1836,0.80078,-0.39351,0.01468,4.0358,0.014307,-0.0070174
2423.5,-184.68,657.53,9.1852,0.79374,-0.39457,0.018611,4.0358,0.014307,-0.0070174
2423.6,-184.74,657.59,9.1873,0.78679,-0.39575,0.022532,4.0358,0.014307,-0.0070174
2423.7,-184.81,657.64,9.1898,0.77993,-0.39705,0.026409,4.0358,0.014307,-0.0070174
2423.8,-184.88,657.7,9.1926,0.77316,-0.39847,0.030205,4.0358,0.014307,-0.0070174
2423.9,-184.94,657.76,9.1958,0.76647,-0.40001,0.033884,4.0358,0.014307,-0.0070174
2424,-185.01,657.81,9.1994,0.75987,-0.40165,0.037413,4.0358,0.014307,-0.0070174
2424.1,-185.07,657.87,9.2033,0.75335,-0.40339,0.040757,4.0358,0.014307,-0.0070174
2424.2,-185.14,657.93,9.2075,0.74692,-0.40522,0.043885,4.0358,0.014307,-0.0070174
2424.3,-185.2,657.98,9.212,0.74058,-0.40712,0.046769,4.0358,0.014307,-0.0070174
2424.4,-185.27,658.04,9.2168,0.73434,-0.40909,0.049387,4.0358,0.014307,-0.0070174
2424.5,-185.33,658.09,9.2219,0.72819,-0.41111,0.051717,4.0358,0.014307,-0.0070174
2424.6,-185.39,658.15,9.2272,0.72215,-0.41316,0.053745,4.0358,0.014307,-0.0070174
2424.7,-185.45,658.2,9.2326,0.71622,-0.41525,0.055459,4.0358,0.014307,-0.0070174
2424.8,-185.52,658.26,9.2383,0.71041,-0.41735,0.056852,4.0358,0.014307,-0.0070174
2424.9,-185.58,658.31,9.244,0.70472,-0.41946,0.057922,4.0358,0.014307,-0.0070174
2425,-185.64,658.36,9.2498,0.69915,-0.42156,0.058669,4.0358,0.014307,-0.0070174
2425.1,-185.7,658.42,9.2557,0.69373,-0.42364,0.059096,4.0358,0.014307,-0.0070174
2425.2,-185.76,658.47,9.2616,0.68845,-0.4257,0.059209,4.0358,0.014307,-0.0070174
2425.3,-185.82,658.52,9.2676,0.68332,-0.42772,0.059017,4.0358,0.014307,-0.0070174
2425.4,-185.88,658.58,9.2734,0.67834,-0.42971,0.058528,4.0358,0.014307,-0.0070174
2425.5,-185.94,658.63,9.2792,0.67352,-0.43164,0.057755,4.0358,0.014307,-0.0070174
2425.6,-186.01,658.68,9.285,0.66887,-0.43353,0.056706,4.0358,0.014307,-0.0070174
2425.7,-186.07,658.73,9.2906,0.66439,-0.43536,0.055395,4.0358,0.014307,-0.0070174
2425.8,-186.13,658.79,9.296,0.66009,-0.43713,0.053831,4.0358,0.014307,-0.0070174
2425.9,-186.18,658.84,9.3013,0.65597,-0.43884,0.052026,4.0358,0.014307,-0.0070174
2426,-186.24,658.89,9.3064,0.65203,-0.44049,0.049989,4.0358,0.014307,-0.0070174
2426.1,-186.3,658.94,9.3113,0.64828,-0.44207,0.047729,4.0358,0.014307,-0.0070174
2426.2,-186.36,658.99,9.316,0.64472,-0.44359,0.045252,4.0358,0.014307,-0.0070174
2426.3,-186.42,659.04,9.3204,0.64135,-0.44505,0.042564,4.0358,0.014307,-0.0070174
2426.4,-186.48,659.09,9.3245,0.63819,-0.44645,0.03967,4.0358,0.014307,-0.0070174
2426.5,-186.54,659.14,9.3283,0.63522,-0.44778,0.03657,4.0358,0.014307,-0.0070174
2426.6,-186.6,659.19,9.3318,0.63246,-0.44906,0.033264,4.0358,0.014307,-0.0070174
2426.7,-186.66,659.24,9.3349,0.6299,-0.45028,0.02975,4.0358,0.014307,-0.0070174
2426.8,-186.72,659.3,9.3377,0.62756,-0.45144,0.026022,4.0358,0.014307,-0.0070174
2426.9,-186.78,659.35,9.3401,0.62542,-0.45256,0.02207,4.0358,0.014307,-0.0070174
2427,-186.83,659.4,9.3421,0.62351,-0.45362,0.017882,4.0358,0.014307,-0.0070174
2427.1,-186.89,659.45,9.3437,0.62182,-0.45464,0.013441,4.0358,0.014307,-0.0070174
2427.2,-186.95,659.5,9.3448,0.62035,-0.45562,0.0087244,4.0358,0.014307,-0.0070174
2427.3,-187.01,659.55,9.3454,0.61912,-0.45656,0.0037036,4.0358,0.014307,-0.0070174
2427.4,-187.07,659.6,9.3456,0.61814,-0.45742,-0.0016377,4.0358,0.014307,-0.0070174
2427.5,-187.12,659.65,9.3451,0.61739,-0.45735,-0.0069951,4.0358,0.014307,-0.0070174
2427.6,-187.18,659.7,9.3442,0.61688,-0.45608,-0.012171,4.0358,0.014307,-0.0070174
2427.7,-187.24,659.75,9.3427,0.61658,-0.45363,-0.017072,4.0358,0.014307,-0.0070174
2427.8,-187.3,659.8,9.3408,0.61648,-0.45008,-0.021622,4.0358,0.014307,-0.0070174
2427.9,-187.36,659.85,9.3384,0.61654,-0.44551,-0.025763,4.0358,0.014307,-0.0070174
2428,-187.41,659.9,9.3356,0.61675,-0.44001,-0.029455,4.0358,0.014307,-0.0070174
2428.1,-187.47,659.95,9.3325,0.61707,-0.43369,-0.032677,4.0358,0.014307,-0.0070174
2428.2,-187.53,660,9.3291,0.61748,-0.42666,-0.035424,4.0358,0.014307,-0.0070174
2428.3,-187.59,660.04,9.3254,0.61795,-0.41905,-0.037703,4.0358,0.014307,-0.0070174
2428.4,-187.64,660.09,9.3216,0.61846,-0.41097,-0.039534,4.0358,0.014307,-0.0070174
2428.5,-187.7,660.14,9.3175,0.61898,-0.40251,-0.040941,4.0358,0.014307,-0.0070174
2428.6,-187.76,660.19,9.3134,0.61951,-0.3938,-0.041956,4.0358,0.014307,-0.0070174
2428.7,-187.81,660.23,9.3092,0.62001,-0.3849,-0.042613,4.0358,0.014307,-0.0070174
2428.8,-187.87,660.28,9.3049,0.62049,-0.37591,-0.042947,7.6048,-1.8626e-15,9.2289e-16
2428.9,-187.93,660.32,9.3006,0.62884,-0.36697,-0.042727,7.6048,-1.8626e-15,9.2289e-16
2429,-187.99,660.36,9.2964,0.63692,-0.35812,-0.042132,7.6048,-1.8626e-15,9.2289e-16
2429.1,-188.05,660.41,9.2922,0.64471,-0.34944,-0.04121,7.6048,-1.8626e-15,9.2289e-16
2429.2,-188.11,660.45,9.2881,0.6522,-0.34097,-0.040005,7.6048,-1.8626e-15,9.2289e-16
2429.3,-188.17,660.49,9.2842,0.65941,-0.33278,-0.038553,7.6048,-1.8626e-15,9.2289e-16
2429.4,-188.23,660.54,9.2804,0.66634,-0.3249,-0.036885,7.6048,-1.8626e-15,9.2289e-16
2429.5,-188.29,660.58,9.2768,0.67299,-0.31738,-0.035026,7.6048,-1.8626e-15,9.2289e-16
2429.6,-188.35,660.62,9.2734,0.67936,-0.31023,-0.032997,7.6048,-1.8626e-15,9.2289e-16
2429.7,-188.41,660.66,9.2702,0.68546,-0.30349,-0.030813,7.6048,-1.8626e-15,9.2289e-16
2429.8,-188.48,660.7,9.2673,0.69131,-0.29717,-0.028486,7.6048,-1.8626e-15,9.2289e-16
2429.9,-188.54,660.74,9.2645,0.69689,-0.2913,-0.026022,7.6048,-1.8626e-15,9.2289e-16
2430,-188.61,660.78,9.2621,0.70224,-0.28589,-0.023427,7.6048,-1.8626e-15,9.2289e-16
2430.1,-188.67,660.82,9.2599,0.70734,-0.28096,-0.0207,7.6048,-1.8626e-15,9.2289e-16
2430.2,-188.74,660.86,9.2579,0.7122,-0.27653,-0.017839,7.6048,-1.8626e-15,9.2289e-16
2430.3,-188.8,660.9,9.2563,0.71684,-0.27261,-0.014838,7.6048,-1.8626e-15,9.2289e-16
2430.4,-188.87,660.93,9.255,0.72126,-0.26923,-0.011688,7.6048,-1.8626e-15,9.2289e-16
2430.5,-188.93,660.97,9.254,0.72546,-0.26641,-0.0083789,7.6048,-1.8626e-15,9.2289e-16
2430.6,-189,661.01,9.2533,0.72945,-0.26417,-0.0048949,7.6048,-1.8626e-15,9.2289e-16
2430.7,-189.07,661.05,9.253,0.73324,-0.26254,-0.0012187,7.6048,-1.8626e-15,9.2289e-16
2430.8,-189.14,661.09,9.2531,0.73682,-0.26145,0.0027088,7.6048,-1.8626e-15,9.2289e-16
2430.9,-189.21,661.13,9.2535,0.74019,-0.26058,0.0070206,7.6048,-1.8626e-15,9.2289e-16
2431,-189.27,661.17,9.2545,0.74335,-0.25993,0.011729,7.6048,-1.8626e-15,9.2289e-16
2431.1,-189.34,661.2,9.2559,0.74631,-0.25954,0.016832,7.6048,-1.8626e-15,9.2289e-16
2431.2,-189.41,661.24,9.2579,0.74906,-0.25942,0.022316,7.6048,-1.8626e-15,9.2289e-16
2431.3,-189.48,661.28,9.2604,0.75159,-0.25961,0.028163,7.6048,-1.8626e-15,9.2289e-16
2431.4,-189.55,661.32,9.2635,0.75391,-0.26014,0.034341,7.6048,-1.8626e-15,9.2289e-16
2431.5,-189.62,661.36,9.2673,0.75601,-0.26101,0.040811,7.6048,-1.8626e-15,9.2289e-16
2431.6,-189.69,661.39,9.2717,0.7579,-0.26227,0.047522,7.6048,-1.8626e-15,9.2289e-16
2431.7,-189.76,661.43,9.2768,0.75958,-0.26392,0.054415,7.6048,-1.8626e-15,9.2289e-16
2431.8,-189.84,661.47,9.2826,0.76104,-0.26599,0.061424,7.6048,-1.8626e-15,9.2289e-16
2431.9,-189.91,661.5,9.289,0.76228,-0.26847,0.068476,7.6048,-1.8626e-15,9.2289e-16
2432,-189.98,661.54,9.2962,0.76331,-0.27137,0.075496,7.6048,-1.8626e-15,9.2289e-16
2432.1,-190.05,661.58,9.3041,0.76414,-0.2747,0.08241,7.6048,-1.8626e-15,9.2289e-16
2432.2,-190.12,661.61,9.3127,0.76476,-0.27843,0.089144,7.6048,-1.8626e-15,9.2289e-16
2432.3,-190.2,661.65,9.322,0.76518,-0.28256,0.09563,7.6048,-1.8626e-15,9.2289e-16
2432.4,-190.27,661.69,9.3318,0.76541,-0.28706,0.10181,7.6048,-1.8626e-15,9.2289e-16
2432.5,-190.34,661.72,9.3423,0.76545,-0.29192,0.10762,7.6048,-1.8626e-15,9.2289e-16
2432.6,-190.42,661.76,9.3534,0.76531,-0.2971,0.11304,7.6048,-1.8626e-15,9.2289e-16
2432.7,-190.49,661.79,9.3649,0.765,-0.30256,0.11801,7.6048,-1.8626e-15,9.2289e-16
2432.8,-190.57,661.83,9.3769,0.76452,-0.30829,0.12254,7.6048,-1.8626e-15,9.2289e-16
2432.9,-190.64,661.86,9.3894,0.7639,-0.31423,0.12659,7.6048,-1.8626e-15,9.2289e-16
2433,-190.72,661.89,9.4022,0.76313,-0.32037,0.13017,7.6048,-1.8626e-15,9.2289e-16
2433.1,-190.79,661.93,9.4154,0.76223,-0.32665,0.13328,7.6048,-1.8626e-15,9.2289e-16
2433.2,-190.87,661.96,9.4289,0.76121,-0.33305,0.13593,7.6048,-1.8626e-15,9.2289e-16
2433.3,-190.95,661.99,9.4426,0.76009,-0.33954,0.13814,7.6048,-1.8626e-15,9.2289e-16
2433.4,-191.02,662.03,9.4565,0.75886,-0.34609,0.13992,7.6048,-1.8626e-15,9.2289e-16
2433.5,-191.1,662.06,9.4706,0.75755,-0.35267,0.1413,7.6048,-1.8626e-15,9.2289e-16
2433.6,-191.18,662.09,9.4847,0.75617,-0.35925,0.1423,7.6048,-1.8626e-15,9.2289e-16
2433.7,-191.26,662.12,9.499,0.75473,-0.36582,0.14295,7.6048,-1.8626e-15,9.2289e-16
2433.8,-191.33,662.15,9.5133,0.75323,-0.37236,0.14327,7.6048,-1.8626e-15,9.2289e-16
2433.9,-191.41,662.18,9.5276,0.7517,-0.37884,0.14328,7.6048,-1.8626e-15,9.2289e-16
2434,-191.49,662.21,9.542,0.75013,-0.38526,0.14301,7.6048,-1.8626e-15,9.2289e-16
2434.1,-191.57,662.24,9.5562,0.74855,-0.39161,0.14248,7.6048,-1.8626e-15,9.2289e-16
2434.2,-191.65,662.27,9.5705,0.74696,-0.39786,0.14171,7.6048,-1.8626e-15,9.2289e-16
2434.3,-191.73,662.3,9.5846,0.74538,-0.40403,0.14072,7.6048,-1.8626e-15,9.2289e-16
2434.4,-191.81,662.33,9.5986,0.7438,-0.4101,0.13952,7.6048,-1.8626e-15,9.2289e-16
2434.5,-191.89,662.35,9.6125,0.74224,-0.41606,0.13815,7.6048,-1.8626e-15,9.2289e-16
2434.6,-191.97,662.38,9.6262,0.74071,-0.42192,0.1366,7.6048,-1.8626e-15,9.2289e-16
2434.7,-192.05,662.41,9.6398,0.73921,-0.42767,0.13489,7.6048,-1.8626e-15,9.2289e-16
2434.8,-192.13,662.43,9.6532,0.73775,-0.43331,0.13305,7.6048,-1.8626e-15,9.2289e-16
2434.9,-192.22,662.46,9.6664,0.73634,-0.43884,0.13107,7.6048,-1.8626e-15,9.2289e-16
2435,-192.3,662.48,9.6794,0.73498,-0.44427,0.12896,7.6048,-1.8626e-15,9.2289e-16
2435.1,-192.38,662.51,9.6922,0.73369,-0.44959,0.12675,7.6048,-1.8626e-15,9.2289e-16
2435.2,-192.46,662.53,9.7047,0.73246,-0.45481,0.12443,7.6048,-1.8626e-15,9.2289e-16
2435.3,-192.55,662.55,9.7171,0.73129,-0.45994,0.12201,7.6048,-1.8626e-15,9.2289e-16
2435.4,-192.63,662.58,9.7291,0.73021,-0.46497,0.11949,7.6048,-1.8626e-15,9.2289e-16
2435.5,-192.71,662.6,9.741,0.7292,-0.46991,0.11689,7.6048,-1.8626e-15,9.2289e-16
2435.6,-192.8,662.62,9.7525,0.72828,-0.47476,0.1142,7.6048,-1.8626e-15,9.2289e-16
2435.7,-192.88,662.64,9.7638,0.72745,-0.47953,0.11143,7.6048,-1.8626e-15,9.2289e-16
2435.8,-192.97,662.66,9.7748,0.7267,-0.48423,0.10858,7.6048,-1.8626e-15,9.2289e-16
2435.9,-193.05,662.68,9.7855,0.72605,-0.48885,0.10565,7.6048,-1.8626e-15,9.2289e-16
2436,-193.14,662.7,9.7959,0.7255,-0.49341,0.10264,7.6048,-1.8626e-15,9.2289e-16
2436.1,-193.22,662.72,9.806,0.72505,-0.4979,0.099556,7.6048,-1.8626e-15,9.2289e-16
2436.2,-193.31,662.74,9.8158,0.72471,-0.50234,0.096387,7.6048,-1.8626e-15,9.2289e-16
2436.3,-193.4,662.76,9.8253,0.72447,-0.50673,0.093134,7.6048,-1.8626e-15,9.2289e-16
2436.4,-193.48,662.78,9.8345,0.72435,-0.51108,0.089794,7.6048,-1.8626e-15,9.2289e-16
2436.5,-193.57,662.8,9.8433,0.72434,-0.51539,0.086363,7.6048,-1.8626e-15,9.2289e-16
2436.6,-193.66,662.81,9.8517,0.72445,-0.51966,0.082835,7.6048,-1.8626e-15,9.2289e-16
2436.7,-193.74,662.83,9.8598,0.72468,-0.52391,0.079203,7.6048,-1.8626e-15,9.2289e-16
2436.8,-193.83,662.85,9.8676,0.72504,-0.52814,0.075459,7.6048,-1.8626e-15,9.2289e-16
2436.9,-193.92,662.86,9.8749,0.72553,-0.53235,0.071593,7.6048,-1.8626e-15,9.2289e-16
2437,-194.01,662.88,9.8819,0.72616,-0.53656,0.067594,7.6048,-1.8626e-15,9.2289e-16
2437.1,-194.1,662.9,9.8884,0.72693,-0.54076,0.063449,7.6048,-1.8626e-15,9.2289e-16
2437.2,-194.19,662.91,9.8946,0.72784,-0.54497,0.05914,7.6048,-1.8626e-15,9.2289e-16
2437.3,-194.28,662.93,9.9003,0.72891,-0.54919,0.054649,7.6048,-1.8626e-15,9.2289e-16
2437.4,-194.37,662.94,9.9055,0.73014,-0.55343,0.049955,7.6048,-1.8626e-15,9.2289e-16
2437.5,-194.46,662.96,9.9102,0.73155,-0.55769,0.04503,7.6048,-1.8626e-15,9.2289e-16
2437.6,-194.55,662.97,9.9145,0.73313,-0.56199,0.039843,7.6048,-1.8626e-15,9.2289e-16
2437.7,-194.64,662.99,9.9182,0.73491,-0.56634,0.034356,7.6048,-1.8626e-15,9.2289e-16
2437.8,-194.73,663,9.9213,0.7369,-0.57074,0.028525,7.6048,-1.8626e-15,9.2289e-16
2437.9,-194.82,663.02,9.9239,0.73911,-0.5752,0.022294,7.6048,-1.8626e-15,9.2289e-16
2438,-194.92,663.03,9.9258,0.74157,-0.57973,0.015594,7.6048,-1.8626e-15,9.2289e-16
2438.1,-195.01,663.05,9.927,0.74429,-0.58436,0.0083435,7.6048,-1.8626e-15,9.2289e-16
2438.2,-195.1,663.06,9.9274,0.74731,-0.58908,0.00043483,7.6048,-1.8626e-15,9.2289e-16
2438.3,-195.2,663.08,9.9271,0.75066,-0.59287,-0.007842,7.6048,-1.8626e-15,9.2289e-16
2438.4,-195.29,663.1,9.9259,0.75433,-0.59441,-0.015868,7.6048,-1.8626e-15,9.2289e-16
2438.5,-195.39,663.11,9.9239,0.7583,-0.59372,-0.023417,7.6048,-1.8626e-15,9.2289e-16
2438.6,-195.48,663.13,9.9212,0.76251,-0.59091,-0.030306,7.6048,-1.8626e-15,9.2289e-16
2438.7,-195.58,663.14,9.9179,0.76692,-0.58614,-0.0364,7.6048,-1.8626e-15,9.2289e-16
2438.8,-195.67,663.16,9.914,0.77146,-0.57963,-0.041616,7.6048,-1.8626e-15,9.2289e-16
2438.9,-195.77,663.17,9.9096,0.77608,-0.57163,-0.045918,7.6048,-1.8626e-15,9.2289e-16
2439,-195.86,663.19,9.9048,0.78071,-0.56241,-0.049313,7.6048,-1.8626e-15,9.2289e-16
2439.1,-195.96,663.2,9.8997,0.7853,-0.55222,-0.051836,7.6048,-1.8626e-15,9.2289e-16
2439.2,-196.05,663.21,9.8945,0.7898,-0.54133,-0.053545,7.6048,-1.8626e-15,9.2289e-16
2439.3,-196.15,663.22,9.8891,0.79417,-0.52997,-0.054512,7.6048,-1.8626e-15,9.2289e-16
2439.4,-196.24,663.24,9.8836,0.79836,-0.51834,-0.054815,7.6048,-1.8626e-15,9.2289e-16
2439.5,-196.34,663.25,9.8781,0.80237,-0.50662,-0.054532,7.6048,-1.8626e-15,9.2289e-16
2439.6,-196.43,663.26,9.8727,0.80617,-0.49498,-0.053737,7.6048,-1.8626e-15,9.2289e-16
2439.7,-196.53,663.27,9.8674,0.80974,-0.48355,-0.052499,7.6048,-1.8626e-15,9.2289e-16
2439.8,-196.62,663.28,9.8622,0.81308,-0.47242,-0.050881,7.6048,-1.8626e-15,9.2289e-16
2439.9,-196.71,663.28,9.8572,0.81619,-0.46171,-0.048937,7.6048,-1.8626e-15,9.2289e-16
2440,-196.81,663.29,9.8524,0.81906,-0.45148,-0.046714,7.6048,-1.8626e-15,9.2289e-16
2440.1,-196.9,663.3,9.8479,0.8217,-0.44179,-0.04425,7.6048,-1.8626e-15,9.2289e-16
2440.2,-196.99,663.3,9.8436,0.82412,-0.4327,-0.041577,7.6048,-1.8626e-15,9.2289e-16
2440.3,-197.08,663.31,9.8396,0.82632,-0.42423,-0.038722,7.6048,-1.8626e-15,9.2289e-16
2440.4,-197.18,663.31,9.8359,0.82831,-0.41644,-0.035704,7.6048,-1.8626e-15,9.2289e-16
2440.5,-197.27,663.32,9.8324,0.83009,-0.40934,-0.032539,7.6048,-1.8626e-15,9.2289e-16
2440.6,-197.36,663.32,9.8294,0.83168,-0.40296,-0.029238,7.6048,-1.8626e-15,9.2289e-16
2440.7,-197.45,663.33,9.8266,0.83308,-0.39732,-0.025807,7.6048,-1.8626e-15,9.2289e-16
2440.8,-197.55,663.33,9.8242,0.83429,-0.39246,-0.022252,7.6048,-1.8626e-15,9.2289e-16
2440.9,-197.64,663.34,9.8222,0.83534,-0.38839,-0.018574,7.6048,-1.8626e-15,9.2289e-16
2441,-197.73,663.34,9.8205,0.83621,-0.38513,-0.014771,7.6048,-1.8626e-15,9.2289e-16
2441.1,-197.82,663.34,9.8192,0.83692,-0.38272,-0.010843,7.6048,-1.8626e-15,9.2289e-16
2441.2,-197.91,663.35,9.8183,0.83747,-0.38118,-0.0067852,7.4001,0.98576,-0.48351
2441.3,-198.01,663.35,9.8172,0.83763,-0.3749,-0.016358,7.4001,0.98576,-0.48351
2441.4,-198.1,663.35,9.815,0.8381,-0.36642,-0.025899,7.4001,0.98576,-0.48351
2441.5,-198.19,663.35,9.812,0.83884,-0.3558,-0.03529,7.4001,0.98576,-0.48351
2441.6,-198.28,663.35,9.808,0.83981,-0.34312,-0.044445,7.4001,0.98576,-0.48351
2441.7,-198.37,663.35,9.8031,0.84097,-0.32853,-0.053313,7.4001,0.98576,-0.48351
2441.8,-198.46,663.35,9.7973,0.84229,-0.31218,-0.061878,7.4001,0.98576,-0.48351
2441.9,-198.55,663.35,9.7907,0.8437,-0.29426,-0.070159,7.4001,0.98576,-0.48351
2442,-198.64,663.35,9.7833,0.84518,-0.27494,-0.078205,7.4001,0.98576,-0.48351
2442.1,-198.73,663.34,9.7751,0.84668,-0.25442,-0.086086,7.4001,0.98576,-0.48351
2442.2,-198.82,663.34,9.7661,0.84815,-0.23286,-0.09389,7.4001,0.98576,-0.48351
2442.3,-198.9,663.33,9.7563,0.84957,-0.21044,-0.10172,7.4001,0.98576,-0.48351
2442.4,-198.99,663.32,9.7458,0.8509,-0.18731,-0.10966,7.4001,0.98576,-0.48351
2442.5,-199.08,663.31,9.7344,0.85211,-0.16361,-0.11784,7.4001,0.98576,-0.48351
2442.6,-199.16,663.3,9.7222,0.85317,-0.13949,-0.12632,7.4001,0.98576,-0.48351
2442.7,-199.25,663.29,9.7091,0.85405,-0.11506,-0.13521,7.4001,0.98576,-0.48351
2442.8,-199.33,663.27,9.6951,0.85473,-0.09046,-0.14455,7.4001,0.98576,-0.48351
2442.9,-199.42,663.26,9.6802,0.85518,-0.065807,-0.1544,7.4001,0.98576,-0.48351
2443,-199.5,663.24,9.6642,0.85538,-0.041223,-0.16477,7.4001,0.98576,-0.48351
2443.1,-199.59,663.23,9.6472,0.85528,-0.016836,-0.17566,7.4001,0.98576,-0.48351
2443.2,-199.67,663.21,9.6291,0.85488,0.0072691,-0.18698,7.4001,0.98576,-0.48351
2443.3,-199.75,663.19,9.6098,0.85413,0.031627,-0.19794,7.4001,0.98576,-0.48351
2443.4,-199.84,663.17,9.5895,0.85299,0.056344,-0.2081,7.4001,0.98576,-0.48351
2443.5,-199.92,663.15,9.5682,0.85143,0.081291,-0.21735,7.4001,0.98576,-0.48351
2443.6,-200,663.13,9.5461,0.84942,0.10633,-0.22558,7.4001,0.98576,-0.48351
2443.7,-200.09,663.11,9.5232,0.84696,0.13134,-0.23273,7.4001,0.98576,-0.48351
2443.8,-200.17,663.09,9.4996,0.84402,0.15617,-0.2388,7.4001,0.98576,-0.48351
2443.9,-200.25,663.07,9.4754,0.84062,0.18072,-0.2438,7.4001,0.98576,-0.48351
2444,-200.33,663.04,9.4509,0.83677,0.20487,-0.24775,7.4001,0.98576,-0.48351
2444.1,-200.42,663.02,9.4259,0.83248,0.22854,-0.2507,7.4001,0.98576,-0.48351
2444.2,-200.5,663,9.4007,0.82778,0.25166,-0.25273,7.4001,0.98576,-0.48351
2444.3,-200.58,662.97,9.3754,0.82271,0.27415,-0.25389,7.4001,0.98576,-0.48351
2444.4,-200.67,662.95,9.35,0.8173,0.29598,-0.25425,7.4001,0.98576,-0.48351
2444.5,-200.75,662.93,9.3246,0.81159,0.31712,-0.25388,7.4001,0.98576,-0.48351
2444.6,-200.84,662.9,9.2992,0.80562,0.33754,-0.25285,7.4001,0.98576,-0.48351
2444.7,-200.92,662.88,9.274,0.79944,0.35724,-0.25121,7.4001,0.98576,-0.48351
2444.8,-201,662.86,9.249,0.79308,0.37621,-0.24903,7.4001,0.98576,-0.48351
2444.9,-201.09,662.83,9.2242,0.78659,0.39446,-0.24637,7.4001,0.98576,-0.48351
2445,-201.17,662.81,9.1998,0.78001,0.41201,-0.24327,7.4001,0.98576,-0.48351
2445.1,-201.26,662.79,9.1756,0.77338,0.42887,-0.23977,7.4001,0.98576,-0.48351
2445.2,-201.35,662.77,9.1518,0.76673,0.44508,-0.23593,7.4001,0.98576,-0.48351
2445.3,-201.43,662.75,9.1284,0.76011,0.46066,-0.23177,7.4001,0.98576,-0.48351
2445.4,-201.52,662.72,9.1055,0.75353,0.47564,-0.22733,7.4001,0.98576,-0.48351
2445.5,-201.6,662.7,9.083,0.74704,0.49005,-0.22264,7.4001,0.98576,-0.48351
2445.6,-201.69,662.68,9.0609,0.74067,0.50394,-0.21772,7.4001,0.98576,-0.48351
2445.7,-201.78,662.66,9.0394,0.73443,0.51733,-0.2126,7.4001,0.98576,-0.48351
2445.8,-201.87,662.64,9.0184,0.72835,0.53027,-0.20728,7.4001,0.98576,-0.48351
2445.9,-201.95,662.62,8.998,0.72246,0.54279,-0.2018,7.4001,0.98576,-0.48351
2446,-202.04,662.6,8.9781,0.71678,0.55494,-0.19615,7.4001,0.98576,-0.48351
2446.1,-202.13,662.58,8.9588,0.71131,0.56674,-0.19034,7.4001,0.98576,-0.48351
2446.2,-202.22,662.56,8.94,0.7061,0.57825,-0.18439,7.4001,0.98576,-0.48351
2446.3,-202.31,662.55,8.9219,0.70113,0.5895,-0.17828,7.4001,0.98576,-0.48351
2446.4,-202.4,662.53,8.9044,0.69644,0.60053,-0.17203,7.4001,0.98576,-0.48351
2446.5,-202.49,662.51,8.8875,0.69204,0.61137,-0.16562,7.4001,0.98576,-0.48351
2446.6,-202.58,662.49,8.8712,0.68794,0.62208,-0.15905,7.4001,0.98576,-0.48351
2446.7,-202.67,662.48,8.8557,0.68416,0.63269,-0.1523,7.4001,0.98576,-0.48351
2446.8,-202.77,662.46,8.8408,0.6807,0.64325,-0.14536,7.4001,0.98576,-0.48351
2446.9,-202.86,662.45,8.8266,0.67759,0.65379,-0.13821,7.4001,0.98576,-0.48351
2447,-202.95,662.43,8.8132,0.67484,0.66437,-0.13081,7.4001,0.98576,-0.48351
2447.1,-203.05,662.41,8.8005,0.67247,0.67503,-0.12315,2.565,-6.2823e-16,3.0482e-16
2447.2,-203.14,662.4,8.7892,0.66017,0.68158,-0.10196,2.565,-6.2823e-16,3.0482e-16
2447.3,-203.23,662.38,8.7801,0.64938,0.68809,-0.081075,2.565,-6.2823e-16,3.0482e-16
2447.4,-203.33,662.37,8.773,0.64008,0.69475,-0.060064,2.565,-6.2823e-16,3.0482e-16
2447.5,-203.42,662.35,8.7681,0.63228,0.70174,-0.038486,2.565,-6.2823e-16,3.0482e-16
2447.6,-203.51,662.33,8.7653,0.62602,0.70925,-0.01583,2.565,-6.2823e-16,3.0482e-16
2447.7,-203.6,662.31,8.7649,0.62138,0.71703,0.0083514,2.565,-6.2823e-16,3.0482e-16
2447.8,-203.7,662.3,8.767,0.61839,0.71917,0.031817,2.565,-6.2823e-16,3.0482e-16
2447.9,-203.79,662.28,8.7712,0.61689,0.71417,0.052704,2.565,-6.2823e-16,3.0482e-16
2448,-203.88,662.26,8.7774,0.61662,0.70284,0.070181,2.565,-6.2823e-16,3.0482e-16
2448.1,-203.97,662.24,8.7851,0.61725,0.68633,0.083941,2.565,-6.2823e-16,3.0482e-16
2448.2,-204.06,662.22,8.7941,0.61847,0.66591,0.094101,2.565,-6.2823e-16,3.0482e-16
2448.3,-204.15,662.2,8.8038,0.61998,0.64278,0.10104,2.565,-6.2823e-16,3.0482e-16
2448.4,-204.24,662.19,8.8142,0.62157,0.61799,0.10527,2.565,-6.2823e-16,3.0482e-16
2448.5,-204.32,662.17,8.8248,0.62305,0.59238,0.1073,2.565,-6.2823e-16,3.0482e-16
2448.6,-204.41,662.16,8.8356,0.62431,0.56663,0.10764,2.565,-6.2823e-16,3.0482e-16
2448.7,-204.49,662.15,8.8463,0.62528,0.5412,0.10669,2.565,-6.2823e-16,3.0482e-16
2448.8,-204.57,662.14,8.8569,0.62591,0.51643,0.10479,2.565,-6.2823e-16,3.0482e-16
2448.9,-204.65,662.13,8.8673,0.62619,0.49254,0.10223,2.565,-6.2823e-16,3.0482e-16
2449,-204.73,662.12,8.8773,0.62613,0.46966,0.099215,2.565,-6.2823e-16,3.0482e-16
2449.1,-204.81,662.11,8.8871,0.62574,0.44788,0.0959,2.565,-6.2823e-16,3.0482e-16
2449.2,-204.88,662.11,8.8965,0.62505,0.42721,0.092408,2.565,-6.2823e-16,3.0482e-16
2449.3,-204.96,662.1,8.9056,0.62407,0.40765,0.08883,2.565,-6.2823e-16,3.0482e-16
2449.4,-205.03,662.1,8.9143,0.62283,0.38918,0.085231,2.565,-6.2823e-16,3.0482e-16
2449.5,-205.11,662.1,8.9226,0.62137,0.37176,0.081657,2.565,-6.2823e-16,3.0482e-16
2449.6,-205.18,662.09,8.9306,0.6197,0.35534,0.078142,2.565,-6.2823e-16,3.0482e-16
2449.7,-205.25,662.09,8.9382,0.61786,0.33988,0.074709,2.565,-6.2823e-16,3.0482e-16
2449.8,-205.32,662.09,8.9455,0.61586,0.32532,0.071373,2.565,-6.2823e-16,3.0482e-16
2449.9,-205.39,662.09,8.9525,0.61374,0.31161,0.068143,2.565,-6.2823e-16,3.0482e-16
2450,-205.46,662.09,8.9592,0.6115,0.2987,0.065024,2.565,-6.2823e-16,3.0482e-16
2450.1,-205.52,662.09,8.9655,0.60917,0.28654,0.062018,2.565,-6.2823e-16,3.0482e-16
2450.2,-205.59,662.09,8.9716,0.60676,0.27508,0.059124,2.565,-6.2823e-16,3.0482e-16
2450.3,-205.66,662.1,8.9774,0.60429,0.26428,0.056341,2.565,-6.2823e-16,3.0482e-16
2450.4,-205.72,662.1,8.9829,0.60177,0.2541,0.053666,2.565,-6.2823e-16,3.0482e-16
2450.5,-205.79,662.1,8.9881,0.59921,0.24449,0.051094,2.565,-6.2823e-16,3.0482e-16
2450.6,-205.85,662.11,8.9931,0.59662,0.23542,0.048621,2.565,-6.2823e-16,3.0482e-16
2450.7,-205.92,662.11,8.9978,0.59401,0.22686,0.046243,2.565,-6.2823e-16,3.0482e-16
2450.8,-205.98,662.11,9.0023,0.59139,0.21878,0.043953,2.565,-6.2823e-16,3.0482e-16
2450.9,-206.04,662.12,9.0066,0.58877,0.21115,0.041748,2.565,-6.2823e-16,3.0482e-16
2451,-206.1,662.12,9.0107,0.58615,0.20393,0.039622,2.565,-6.2823e-16,3.0482e-16
2451.1,-206.17,662.13,9.0145,0.58354,0.19711,0.03757,2.565,-6.2823e-16,3.0482e-16
2451.2,-206.23,662.13,9.0182,0.58094,0.19067,0.035588,2.565,-6.2823e-16,3.0482e-16
2451.3,-206.29,662.14,9.0217,0.57835,0.18458,0.03367,2.565,-6.2823e-16,3.0482e-16
2451.4,-206.35,662.14,9.0249,0.57579,0.17882,0.031812,2.565,-6.2823e-16,3.0482e-16
2451.5,-206.41,662.15,9.028,0.57324,0.17337,0.030009,2.565,-6.2823e-16,3.0482e-16
2451.6,-206.47,662.16,9.0309,0.57073,0.16822,0.028256,2.565,-6.2823e-16,3.0482e-16
2451.7,-206.53,662.16,9.0337,0.56824,0.16336,0.026551,2.565,-6.2823e-16,3.0482e-16
2451.8,-206.58,662.17,9.0362,0.56578,0.15876,0.024888,2.565,-6.2823e-16,3.0482e-16
2451.9,-206.64,662.18,9.0387,0.56335,0.15442,0.023263,2.565,-6.2823e-16,3.0482e-16
2452,-206.7,662.18,9.0409,0.56096,0.15033,0.021672,2.565,-6.2823e-16,3.0482e-16
2452.1,-206.76,662.19,9.043,0.5586,0.14646,0.020112,2.565,-6.2823e-16,3.0482e-16
2452.2,-206.81,662.2,9.0449,0.55628,0.14283,0.018579,2.565,-6.2823e-16,3.0482e-16
2452.3,-206.87,662.21,9.0467,0.55399,0.1394,0.017069,2.565,-6.2823e-16,3.0482e-16
2452.4,-206.93,662.21,9.0483,0.55173,0.13618,0.015578,2.565,-6.2823e-16,3.0482e-16
2452.5,-206.98,662.22,9.0498,0.54951,0.13316,0.014103,2.565,-6.2823e-16,3.0482e-16
2452.6,-207.04,662.23,9.0512,0.54733,0.13033,0.01264,2.565,-6.2823e-16,3.0482e-16
2452.7,-207.1,662.24,9.0524,0.54519,0.12768,0.011186,2.565,-6.2823e-16,3.0482e-16
2452.8,-207.15,662.24,9.0534,0.54308,0.12521,0.0097372,2.565,-6.2823e-16,3.0482e-16
2452.9,-207.21,662.25,9.0543,0.541,0.12292,0.0082898,2.565,-6.2823e-16,3.0482e-16
2453,-207.26,662.26,9.0551,0.53897,0.1208,0.0068402,2.565,-6.2823e-16,3.0482e-16
2453.1,-207.32,662.27,9.0557,0.53697,0.11884,0.0053848,2.565,-6.2823e-16,3.0482e-16
2453.2,-207.37,662.28,9.0561,0.535,0.11704,0.0039197,2.565,-6.2823e-16,3.0482e-16
2453.3,-207.42,662.29,9.0565,0.53306,0.11541,0.0024413,2.565,-6.2823e-16,3.0482e-16
2453.4,-207.48,662.29,9.0566,0.53116,0.11393,0.0009454,2.565,-6.2823e-16,3.0482e-16
2453.5,-207.53,662.3,9.0566,0.5293,0.11261,-0.00057398,2.565,-6.2823e-16,3.0482e-16
2453.6,-207.58,662.31,9.0565,0.52746,0.11137,-0.0021398,2.565,-6.2823e-16,3.0482e-16
2453.7,-207.64,662.32,9.0562,0.52566,0.11022,-0.0037567,2.565,-6.2823e-16,3.0482e-16
2453.8,-207.69,662.33,9.0558,0.52389,0.10914,-0.0054228,2.565,-6.2823e-16,3.0482e-16
2453.9,-207.74,662.34,9.0551,0.52214,0.10814,-0.007136,2.565,-6.2823e-16,3.0482e-16
2454,-207.8,662.35,9.0543,0.52042,0.10723,-0.0088939,2.565,-6.2823e-16,3.0482e-16
2454.1,-207.85,662.36,9.0533,0.51874,0.1064,-0.010693,2.565,-6.2823e-16,3.0482e-16
2454.2,-207.9,662.36,9.0522,0.51707,0.10566,-0.012531,2.565,-6.2823e-16,3.0482e-16
2454.3,-207.95,662.37,9.0508,0.51543,0.10501,-0.014403,2.565,-6.2823e-16,3.0482e-16
2454.4,-208,662.38,9.0493,0.51382,0.10444,-0.016306,2.565,-6.2823e-16,3.0482e-16
2454.5,-208.05,662.39,9.0476,0.51223,0.10397,-0.018234,2.565,-6.2823e-16,3.0482e-16
2454.6,-208.11,662.4,9.0457,0.51066,0.10358,-0.020182,2.565,-6.2823e-16,3.0482e-16
2454.7,-208.16,662.41,9.0435,0.50912,0.10328,-0.022147,2.565,-6.2823e-16,3.0482e-16
2454.8,-208.21,662.42,9.0412,0.5076,0.10307,-0.024121,2.565,-6.2823e-16,3.0482e-16
2454.9,-208.26,662.43,9.0387,0.50609,0.10295,-0.0261,2.565,-6.2823e-16,3.0482e-16
2455,-208.31,662.44,9.036,0.50461,0.10292,-0.028078,2.565,-6.2823e-16,3.0482e-16
2455.1,-208.36,662.45,9.0331,0.50315,0.10297,-0.030049,2.565,-6.2823e-16,3.0482e-16
2455.2,-208.41,662.46,9.03,0.5017,0.10312,-0.032007,2.565,-6.2823e-16,3.0482e-16
2455.3,-208.46,662.47,9.0267,0.50028,0.10334,-0.033946,2.565,-6.2823e-16,3.0482e-16
2455.4,-208.51,662.48,9.0232,0.49887,0.10365,-0.035861,2.565,-6.2823e-16,3.0482e-16
2455.5,-208.56,662.49,9.0195,0.49748,0.10403,-0.037747,2.565,-6.2823e-16,3.0482e-16
2455.6,-208.61,662.5,9.0157,0.49611,0.10449,-0.039597,2.565,-6.2823e-16,3.0482e-16
2455.7,-208.66,662.51,9.0116,0.49475,0.10503,-0.041408,2.565,-6.2823e-16,3.0482e-16
2455.8,-208.71,662.52,9.0074,0.4934,0.10563,-0.043174,2.565,-6.2823e-16,3.0482e-16
2455.9,-208.76,662.53,9.003,0.49208,0.1063,-0.044891,2.565,-6.2823e-16,3.0482e-16
2456,-208.81,662.54,8.9984,0.49076,0.10704,-0.046556,2.565,-6.2823e-16,3.0482e-16
2456.1,-208.86,662.55,8.9937,0.48947,0.10784,-0.048165,2.565,-6.2823e-16,3.0482e-16
2456.2,-208.91,662.56,8.9888,0.48818,0.10869,-0.049714,2.565,-6.2823e-16,3.0482e-16
2456.3,-208.95,662.57,8.9837,0.48691,0.10959,-0.051202,2.565,-6.2823e-16,3.0482e-16
2456.4,-209,662.58,8.9785,0.48566,0.11054,-0.052627,2.565,-6.2823e-16,3.0482e-16
2456.5,-209.05,662.59,8.9732,0.48441,0.11154,-0.053986,2.565,-6.2823e-16,3.0482e-16
2456.6,-209.1,662.6,8.9677,0.48318,0.11257,-0.055278,2.565,-6.2823e-16,3.0482e-16
2456.7,-209.15,662.62,8.9621,0.48197,0.11364,-0.056503,2.565,-6.2823e-16,3.0482e-16
2456.8,-209.2,662.63,8.9564,0.48076,0.11475,-0.05766,2.565,-6.2823e-16,3.0482e-16
2456.9,-209.24,662.64,8.9506,0.47957,0.11588,-0.058749,2.565,-6.2823e-16,3.0482e-16
2457,-209.29,662.65,8.9447,0.47839,0.11703,-0.05977,2.565,-6.2823e-16,3.0482e-16
2457.1,-209.34,662.66,8.9387,0.47723,0.11821,-0.060725,2.565,-6.2823e-16,3.0482e-16
2457.2,-209.39,662.67,8.9325,0.47607,0.1194,-0.061613,2.565,-6.2823e-16,3.0482e-16
2457.3,-209.44,662.69,8.9263,0.47493,0.1206,-0.062436,2.565,-6.2823e-16,3.0482e-16
2457.4,-209.48,662.7,8.9201,0.4738,0.12182,-0.063195,2.565,-6.2823e-16,3.0482e-16
2457.5,-209.53,662.71,8.9137,0.47269,0.12304,-0.063892,2.565,-6.2823e-16,3.0482e-16
2457.6,-209.58,662.72,8.9073,0.47159,0.12426,-0.064529,2.565,-6.2823e-16,3.0482e-16
2457.7,-209.62,662.74,8.9008,0.4705,0.12549,-0.065107,2.565,-6.2823e-16,3.0482e-16
2457.8,-209.67,662.75,8.8943,0.46942,0.12671,-0.065628,2.565,-6.2823e-16,3.0482e-16
2457.9,-209.72,662.76,8.8877,0.46836,0.12793,-0.066094,2.565,-6.2823e-16,3.0482e-16
2458,-209.77,662.77,8.8811,0.46731,0.12914,-0.066509,2.565,-6.2823e-16,3.0482e-16
2458.1,-209.81,662.79,8.8744,0.46627,0.13034,-0.066872,2.565,-6.2823e-16,3.0482e-16
2458.2,-209.86,662.8,8.8677,0.46524,0.13153,-0.067188,2.565,-6.2823e-16,3.0482e-16
2458.3,-209.9,662.81,8.8609,0.46423,0.13271,-0.067457,2.565,-6.2823e-16,3.0482e-16
2458.4,-209.95,662.83,8.8542,0.46324,0.13387,-0.067683,2.565,-6.2823e-16,3.0482e-16
2458.5,-210,662.84,8.8474,0.46226,0.13501,-0.067867,2.565,-6.2823e-16,3.0482e-16
2458.6,-210.04,662.86,8.8406,0.46129,0.13614,-0.068012,2.565,-6.2823e-16,3.0482e-16
2458.7,-210.09,662.87,8.8338,0.46033,0.13725,-0.06812,2.565,-6.2823e-16,3.0482e-16
2458.8,-210.14,662.88,8.827,0.45939,0.13833,-0.068192,2.565,-6.2823e-16,3.0482e-16
2458.9,-210.18,662.9,8.8202,0.45847,0.1394,-0.068231,2.565,-6.2823e-16,3.0482e-16
2459,-210.23,662.91,8.8133,0.45756,0.14044,-0.068239,2.565,-6.2823e-16,3.0482e-16
2459.1,-210.27,662.93,8.8065,0.45666,0.14146,-0.068218,2.565,-6.2823e-16,3.0482e-16
2459.2,-210.32,662.94,8.7997,0.45578,0.14246,-0.068169,2.565,-6.2823e-16,3.0482e-16
2459.3,-210.36,662.96,8.7929,0.45491,0.14343,-0.068094,2.565,-6.2823e-16,3.0482e-16
2459.4,-210.41,662.97,8.7861,0.45406,0.14437,-0.067996,2.565,-6.2823e-16,3.0482e-16
2459.5,-210.45,662.99,8.7793,0.45322,0.14529,-0.067875,2.565,-6.2823e-16,3.0482e-16
2459.6,-210.5,663.01,8.7725,0.4524,0.14619,-0.067734,2.565,-6.2823e-16,3.0482e-16
2459.7,-210.54,663.02,8.7657,0.4516,0.14706,-0.067573,2.565,-6.2823e-16,3.0482e-16
2459.8,-210.59,663.04,8.759,0.4508,0.1479,-0.067395,2.565,-6.2823e-16,3.0482e-16
2459.9,-210.63,663.05,8.7523,0.45003,0.14872,-0.067201,2.565,-6.2823e-16,3.0482e-16
2460,-210.68,663.07,8.7456,0.44927,0.14951,-0.066991,2.565,-6.2823e-16,3.0482e-16
2460.1,-210.72,663.09,8.7389,0.44852,0.15027,-0.066768,2.565,-6.2823e-16,3.0482e-16
2460.2,-210.76,663.1,8.7322,0.44779,0.15101,-0.066533,2.565,-6.2823e-16,3.0482e-16
2460.3,-210.81,663.12,8.7256,0.44707,0.15172,-0.066286,2.565,-6.2823e-16,3.0482e-16
2460.4,-210.85,663.14,8.7189,0.44637,0.1524,-0.066028,2.565,-6.2823e-16,3.0482e-16
2460.5,-210.9,663.16,8.7124,0.44568,0.15307,-0.065762,0.17151,0.017358,-0.008514
2460.6,-210.94,663.17,8.7058,0.43968,0.15375,-0.065661,0.17151,0.017358,-0.008514
2460.7,-210.98,663.19,8.6992,0.4338,0.15438,-0.065424,0.17151,0.017358,-0.008514
2460.8,-211.02,663.21,8.6927,0.42806,0.15493,-0.065062,0.17151,0.017358,-0.008514
2460.9,-211.07,663.22,8.6862,0.42244,0.15542,-0.064587,0.17151,0.017358,-0.008514
2461,-211.11,663.24,8.6798,0.41694,0.15583,-0.064009,0.17151,0.017358,-0.008514
2461.1,-211.15,663.26,8.6734,0.41157,0.15617,-0.063339,0.17151,0.017358,-0.008514
2461.2,-211.19,663.27,8.6671,0.40632,0.15644,-0.062584,0.17151,0.017358,-0.008514
2461.3,-211.23,663.29,8.6609,0.40118,0.15663,-0.061756,0.17151,0.017358,-0.008514
2461.4,-211.27,663.31,8.6548,0.39617,0.15676,-0.060861,0.17151,0.017358,-0.008514
2461.5,-211.31,663.32,8.6487,0.39126,0.15681,-0.059909,0.17151,0.017358,-0.008514
2461.6,-211.35,663.34,8.6428,0.38647,0.15679,-0.058905,0.17151,0.017358,-0.008514
2461.7,-211.39,663.36,8.637,0.38178,0.1567,-0.057858,0.17151,0.017358,-0.008514
2461.8,-211.42,663.37,8.6312,0.37721,0.15655,-0.056773,0.17151,0.017358,-0.008514
2461.9,-211.46,663.39,8.6256,0.37274,0.15633,-0.055656,0.17151,0.017358,-0.008514
2462,-211.5,663.4,8.6201,0.36837,0.15605,-0.054512,0.17151,0.017358,-0.008514
2462.1,-211.53,663.42,8.6147,0.3641,0.15571,-0.053346,0.17151,0.017358,-0.008514
2462.2,-211.57,663.44,8.6094,0.35993,0.15531,-0.052163,0.17151,0.017358,-0.008514
2462.3,-211.61,663.45,8.6043,0.35585,0.15485,-0.050967,0.17151,0.017358,-0.008514
2462.4,-211.64,663.47,8.5992,0.35187,0.15433,-0.049761,0.17151,0.017358,-0.008514
2462.5,-211.68,663.48,8.5943,0.34798,0.15377,-0.048549,0.17151,0.017358,-0.008514
2462.6,-211.71,663.5,8.5895,0.34419,0.15315,-0.047334,0.17151,0.017358,-0.008514
2462.7,-211.75,663.51,8.5849,0.34047,0.15249,-0.046118,0.17151,0.017358,-0.008514
2462.8,-211.78,663.53,8.5803,0.33685,0.15178,-0.044904,0.17151,0.017358,-0.008514
2462.9,-211.81,663.54,8.5759,0.33331,0.15102,-0.043694,0.17151,0.017358,-0.008514
2463,-211.85,663.56,8.5716,0.32984,0.15023,-0.04249,0.17151,0.017358,-0.008514
2463.1,-211.88,663.57,8.5674,0.32646,0.14939,-0.041295,0.17151,0.017358,-0.008514
2463.2,-211.91,663.59,8.5633,0.32316,0.14852,-0.040108,0.17151,0.017358,-0.008514
2463.3,-211.94,663.6,8.5594,0.31993,0.14761,-0.038932,0.17151,0.017358,-0.008514
2463.4,-211.98,663.62,8.5555,0.31677,0.14667,-0.037769,0.17151,0.017358,-0.008514
2463.5,-212.01,663.63,8.5518,0.31369,0.1457,-0.036619,0.17151,0.017358,-0.008514
2463.6,-212.04,663.65,8.5482,0.31067,0.14469,-0.035483,0.17151,0.017358,-0.008514
2463.7,-212.07,663.66,8.5447,0.30772,0.14366,-0.034362,0.17151,0.017358,-0.008514
2463.8,-212.1,663.67,8.5413,0.30484,0.14261,-0.033257,0.17151,0.017358,-0.008514
2463.9,-212.13,663.69,8.538,0.30202,0.14152,-0.032168,0.17151,0.017358,-0.008514
2464,-212.16,663.7,8.5349,0.29927,0.14042,-0.031097,0.17151,0.017358,-0.008514
2464.1,-212.19,663.72,8.5318,0.29657,0.13929,-0.030042,0.17151,0.017358,-0.008514
2464.2,-212.22,663.73,8.5289,0.29394,0.13815,-0.029006,0.17151,0.017358,-0.008514
2464.3,-212.25,663.75,8.526,0.29136,0.13698,-0.027988,0.17151,0.017358,-0.008514
2464.4,-212.28,663.76,8.5233,0.28884,0.1358,-0.026989,0.17151,0.017358,-0.008514
2464.5,-212.3,663.78,8.5206,0.28637,0.1346,-0.026008,0.17151,0.017358,-0.008514
2464.6,-212.33,663.79,8.5181,0.28395,0.13339,-0.025046,0.17151,0.017358,-0.008514
2464.7,-212.36,663.8,8.5156,0.28159,0.13217,-0.024103,0.17151,0.017358,-0.008514
2464.8,-212.39,663.82,8.5133,0.27928,0.13093,-0.023179,0.17151,0.017358,-0.008514
2464.9,-212.42,663.83,8.511,0.27701,0.12968,-0.022275,0.17151,0.017358,-0.008514
2465,-212.44,663.85,8.5088,0.27479,0.12842,-0.021389,0.17151,0.017358,-0.008514
2465.1,-212.47,663.86,8.5067,0.27262,0.12715,-0.020523,0.17151,0.017358,-0.008514
2465.2,-212.5,663.87,8.5047,0.27049,0.12588,-0.019675,0.17151,0.017358,-0.008514
2465.3,-212.52,663.89,8.5028,0.26841,0.12459,-0.018847,0.17151,0.017358,-0.008514
2465.4,-212.55,663.9,8.5009,0.26637,0.12331,-0.018037,0.17151,0.017358,-0.008514
2465.5,-212.57,663.92,8.4992,0.26437,0.12201,-0.017247,0.17151,0.017358,-0.008514
2465.6,-212.6,663.93,8.4975,0.2624,0.12071,-0.016475,10.453,-2.5604e-15,1.2399e-15
2465.7,-212.63,663.94,8.4959,0.28348,0.11937,-0.015616,10.453,-2.5604e-15,1.2399e-15
2465.8,-212.65,663.96,8.4943,0.30423,0.11808,-0.015032,10.453,-2.5604e-15,1.2399e-15
2465.9,-212.68,663.98,8.4929,0.32464,0.11685,-0.014706,10.453,-2.5604e-15,1.2399e-15
2466,-212.71,664,8.4914,0.3447,0.11568,-0.014622,10.453,-2.5604e-15,1.2399e-15
2466.1,-212.74,664.02,8.4899,0.36439,0.11458,-0.01477,10.453,-2.5604e-15,1.2399e-15
2466.2,-212.77,664.04,8.4884,0.3837,0.11354,-0.015142,10.453,-2.5604e-15,1.2399e-15
2466.3,-212.8,664.07,8.4869,0.40263,0.11258,-0.015732,10.453,-2.5604e-15,1.2399e-15
2466.4,-212.84,664.09,8.4853,0.42115,0.1117,-0.016537,10.453,-2.5604e-15,1.2399e-15
2466.5,-212.87,664.12,8.4836,0.43928,0.11091,-0.017554,10.453,-2.5604e-15,1.2399e-15
2466.6,-212.91,664.15,8.4818,0.45699,0.11022,-0.018784,10.453,-2.5604e-15,1.2399e-15
2466.7,-212.94,664.18,8.4798,0.47429,0.10964,-0.020227,10.453,-2.5604e-15,1.2399e-15
2466.8,-212.98,664.22,8.4777,0.49117,0.10919,-0.021885,10.453,-2.5604e-15,1.2399e-15
2466.9,-213.02,664.25,8.4754,0.50764,0.10887,-0.023761,10.453,-2.5604e-15,1.2399e-15
2467,-213.06,664.29,8.4729,0.52368,0.1087,-0.025859,10.453,-2.5604e-15,1.2399e-15
2467.1,-213.1,664.32,8.4702,0.5393,0.1087,-0.028182,10.453,-2.5604e-15,1.2399e-15
2467.2,-213.14,664.36,8.4673,0.5545,0.10888,-0.030735,10.453,-2.5604e-15,1.2399e-15
2467.3,-213.18,664.4,8.4641,0.56927,0.10926,-0.03352,10.453,-2.5604e-15,1.2399e-15
2467.4,-213.22,664.44,8.4606,0.58363,0.10986,-0.036542,10.453,-2.5604e-15,1.2399e-15
2467.5,-213.26,664.49,8.4568,0.59757,0.11069,-0.039802,10.453,-2.5604e-15,1.2399e-15
2467.6,-213.31,664.53,8.4526,0.61109,0.11178,-0.043301,10.453,-2.5604e-15,1.2399e-15
2467.7,-213.35,664.57,8.4481,0.6242,0.11314,-0.04704,10.453,-2.5604e-15,1.2399e-15
2467.8,-213.4,664.62,8.4432,0.6369,0.1148,-0.051016,10.453,-2.5604e-15,1.2399e-15
2467.9,-213.44,664.67,8.4379,0.64919,0.11678,-0.055225,10.453,-2.5604e-15,1.2399e-15
2468,-213.49,664.71,8.4322,0.66108,0.11909,-0.059658,10.453,-2.5604e-15,1.2399e-15
2468.1,-213.53,664.76,8.426,0.67257,0.12176,-0.064306,10.453,-2.5604e-15,1.2399e-15
2468.2,-213.58,664.81,8.4193,0.68365,0.1248,-0.069156,10.453,-2.5604e-15,1.2399e-15
2468.3,-213.63,664.87,8.4121,0.69434,0.12824,-0.074191,10.453,-2.5604e-15,1.2399e-15
2468.4,-213.67,664.92,8.4044,0.70463,0.13208,-0.07939,10.453,-2.5604e-15,1.2399e-15
2468.5,-213.72,664.97,8.3962,0.71453,0.13635,-0.084731,10.453,-2.5604e-15,1.2399e-15
2468.6,-213.77,665.03,8.3875,0.72404,0.14105,-0.090188,10.453,-2.5604e-15,1.2399e-15
2468.7,-213.82,665.08,8.3782,0.73316,0.14619,-0.095731,10.453,-2.5604e-15,1.2399e-15
2468.8,-213.87,665.14,8.3683,0.74189,0.15178,-0.10133,10.453,-2.5604e-15,1.2399e-15
2468.9,-213.92,665.2,8.3579,0.75023,0.15781,-0.10695,10.453,-2.5604e-15,1.2399e-15
2469,-213.97,665.26,8.347,0.75818,0.16429,-0.11256,10.453,-2.5604e-15,1.2399e-15
2469.1,-214.02,665.32,8.3354,0.76575,0.17121,-0.11812,10.453,-2.5604e-15,1.2399e-15
2469.2,-214.07,665.38,8.3233,0.77294,0.17856,-0.1236,10.453,-2.5604e-15,1.2399e-15
2469.3,-214.12,665.44,8.3107,0.77974,0.18633,-0.12896,10.453,-2.5604e-15,1.2399e-15
2469.4,-214.17,665.5,8.2975,0.78617,0.19451,-0.13417,10.453,-2.5604e-15,1.2399e-15
2469.5,-214.23,665.56,8.2839,0.79221,0.20306,-0.13921,10.453,-2.5604e-15,1.2399e-15
2469.6,-214.28,665.63,8.2697,0.79788,0.21198,-0.14404,10.453,-2.5604e-15,1.2399e-15
2469.7,-214.33,665.69,8.2551,0.80317,0.22122,-0.14864,10.453,-2.5604e-15,1.2399e-15
2469.8,-214.38,665.76,8.24,0.8081,0.23078,-0.15299,10.453,-2.5604e-15,1.2399e-15
2469.9,-214.43,665.82,8.2245,0.81267,0.24061,-0.15707,10.453,-2.5604e-15,1.2399e-15
2470,-214.48,665.89,8.2086,0.81688,0.2507,-0.16087,10.453,-2.5604e-15,1.2399e-15
2470.1,-214.54,665.96,8.1923,0.82073,0.261,-0.16437,10.453,-2.5604e-15,1.2399e-15
2470.2,-214.59,666.03,8.1757,0.82425,0.27149,-0.16756,10.453,-2.5604e-15,1.2399e-15
2470.3,-214.64,666.1,8.1588,0.82743,0.28214,-0.17044,10.453,-2.5604e-15,1.2399e-15
2470.4,-214.69,666.17,8.1416,0.8303,0.29291,-0.173,10.453,-2.5604e-15,1.2399e-15
2470.5,-214.74,666.24,8.1242,0.83284,0.30378,-0.17525,10.453,-2.5604e-15,1.2399e-15
2470.6,-214.79,666.31,8.1066,0.83509,0.31472,-0.17719,10.453,-2.5604e-15,1.2399e-15
2470.7,-214.85,666.39,8.0888,0.83706,0.32571,-0.17881,10.453,-2.5604e-15,1.2399e-15
2470.8,-214.9,666.46,8.0709,0.83874,0.33671,-0.18013,10.453,-2.5604e-15,1.2399e-15
2470.9,-214.95,666.54,8.0528,0.84017,0.34771,-0.18115,10.453,-2.5604e-15,1.2399e-15
2471,-215,666.61,8.0346,0.84136,0.35869,-0.18188,10.453,-2.5604e-15,1.2399e-15
2471.1,-215.05,666.69,8.0164,0.84231,0.36962,-0.18231,10.453,-2.5604e-15,1.2399e-15
2471.2,-215.1,666.77,7.9982,0.84305,0.38049,-0.18247,10.453,-2.5604e-15,1.2399e-15
2471.3,-215.15,666.85,7.9799,0.84359,0.39128,-0.18237,10.453,-2.5604e-15,1.2399e-15
2471.4,-215.2,666.92,7.9617,0.84395,0.40198,-0.182,10.453,-2.5604e-15,1.2399e-15
2471.5,-215.25,667,7.9435,0.84415,0.41258,-0.18138,10.453,-2.5604e-15,1.2399e-15
2471.6,-215.29,667.09,7.9254,0.84419,0.42307,-0.18052,10.453,-2.5604e-15,1.2399e-15
2471.7,-215.34,667.17,7.9074,0.8441,0.43343,-0.17943,10.453,-2.5604e-15,1.2399e-15
2471.8,-215.39,667.25,7.8896,0.8439,0.44368,-0.17811,10.453,-2.5604e-15,1.2399e-15
2471.9,-215.44,667.33,7.8718,0.84359,0.45379,-0.17658,10.453,-2.5604e-15,1.2399e-15
2472,-215.48,667.42,7.8543,0.84319,0.46378,-0.17484,10.453,-2.5604e-15,1.2399e-15
2472.1,-215.53,667.5,7.8369,0.84273,0.47363,-0.17289,10.453,-2.5604e-15,1.2399e-15
2472.2,-215.58,667.59,7.8197,0.84221,0.48334,-0.17076,10.453,-2.5604e-15,1.2399e-15
2472.3,-215.62,667.67,7.8027,0.84165,0.49293,-0.16843,10.453,-2.5604e-15,1.2399e-15
2472.4,-215.67,667.76,7.786,0.84107,0.50238,-0.16593,10.453,-2.5604e-15,1.2399e-15
2472.5,-215.71,667.85,7.7695,0.84047,0.51172,-0.16325,10.453,-2.5604e-15,1.2399e-15
2472.6,-215.75,667.94,7.7534,0.83988,0.52093,-0.16039,10.453,-2.5604e-15,1.2399e-15
2472.7,-215.8,668.02,7.7375,0.8393,0.53002,-0.15736,10.453,-2.5604e-15,1.2399e-15
2472.8,-215.84,668.11,7.7219,0.83875,0.53901,-0.15417,10.453,-2.5604e-15,1.2399e-15
2472.9,-215.88,668.21,7.7066,0.83824,0.5479,-0.1508,10.453,-2.5604e-15,1.2399e-15
2473,-215.92,668.3,7.6917,0.83779,0.5567,-0.14727,10.453,-2.5604e-15,1.2399e-15
2473.1,-215.96,668.39,7.6772,0.8374,0.56542,-0.14356,10.453,-2.5604e-15,1.2399e-15
2473.2,-216,668.48,7.663,0.8371,0.57407,-0.13969,10.453,-2.5604e-15,1.2399e-15
2473.3,-216.04,668.57,7.6493,0.83689,0.58265,-0.13564,10.453,-2.5604e-15,1.2399e-15
2473.4,-216.08,668.67,7.6359,0.83678,0.59119,-0.1314,10.453,-2.5604e-15,1.2399e-15
2473.5,-216.12,668.76,7.623,0.83679,0.5997,-0.12697,10.453,-2.5604e-15,1.2399e-15
2473.6,-216.16,668.86,7.6105,0.83694,0.60818,-0.12234,10.453,-2.5604e-15,1.2399e-15
2473.7,-216.2,668.96,7.5985,0.83722,0.61665,-0.11749,10.453,-2.5604e-15,1.2399e-15
2473.8,-216.24,669.05,7.587,0.83767,0.62514,-0.1124,10.453,-2.5604e-15,1.2399e-15
2473.9,-216.28,669.15,7.5761,0.83829,0.63364,-0.10707,10.453,-2.5604e-15,1.2399e-15
2474,-216.32,669.25,7.5656,0.83911,0.64219,-0.10146,10.453,-2.5604e-15,1.2399e-15
2474.1,-216.35,669.35,7.5558,0.84013,0.65081,-0.095541,10.453,-2.5604e-15,1.2399e-15
2474.2,-216.39,669.45,7.5465,0.84138,0.65951,-0.089281,10.453,-2.5604e-15,1.2399e-15
2474.3,-216.43,669.55,7.5379,0.84288,0.66831,-0.082636,10.453,-2.5604e-15,1.2399e-15
2474.4,-216.47,669.65,7.53,0.84465,0.67725,-0.075552,10.453,-2.5604e-15,1.2399e-15
2474.5,-216.5,669.75,7.5228,0.84673,0.68635,-0.067964,10.453,-2.5604e-15,1.2399e-15
2474.6,-216.54,669.85,7.5165,0.84915,0.69564,-0.05979,10.453,-2.5604e-15,1.2399e-15
2474.7,-216.58,669.96,7.5109,0.85194,0.70516,-0.050928,10.453,-2.5604e-15,1.2399e-15
2474.8,-216.62,670.06,7.5063,0.85516,0.71495,-0.04125,10.453,-2.5604e-15,1.2399e-15
2474.9,-216.65,670.17,7.5027,0.85886,0.72506,-0.030588,10.453,-2.5604e-15,1.2399e-15
2475,-216.69,670.27,7.5002,0.86312,0.73555,-0.018723,10.453,-2.5604e-15,1.2399e-15
2475.1,-216.73,670.38,7.499,0.86802,0.74649,-0.005364,10.453,-2.5604e-15,1.2399e-15
2475.2,-216.77,670.49,7.4992,0.87368,0.75689,0.0094609,10.453,-2.5604e-15,1.2399e-15
2475.3,-216.81,670.6,7.5009,0.88013,0.76272,0.024116,10.453,-2.5604e-15,1.2399e-15
2475.4,-216.85,670.71,7.504,0.88732,0.76357,0.037777,10.453,-2.5604e-15,1.2399e-15
2475.5,-216.9,670.82,7.5084,0.89514,0.75969,0.049886,10.453,-2.5604e-15,1.2399e-15
2475.6,-216.94,670.93,7.5139,0.90341,0.75158,0.06008,10.453,-2.5604e-15,1.2399e-15
2475.7,-216.98,671.04,7.5203,0.91196,0.73988,0.068193,10.453,-2.5604e-15,1.2399e-15
2475.8,-217.02,671.15,7.5275,0.92059,0.72535,0.074229,10.453,-2.5604e-15,1.2399e-15
2475.9,-217.06,671.26,7.5351,0.92916,0.70873,0.078314,10.453,-2.5604e-15,1.2399e-15
2476,-217.09,671.37,7.5431,0.93751,0.69071,0.080648,10.453,-2.5604e-15,1.2399e-15
2476.1,-217.13,671.48,7.5512,0.94554,0.6719,0.081464,10.453,-2.5604e-15,1.2399e-15
2476.2,-217.17,671.59,7.5593,0.95315,0.65281,0.080999,10.453,-2.5604e-15,1.2399e-15
2476.3,-217.2,671.7,7.5674,0.96031,0.63388,0.079474,10.453,-2.5604e-15,1.2399e-15
2476.4,-217.23,671.81,7.5752,0.96697,0.61543,0.077086,10.453,-2.5604e-15,1.2399e-15
2476.5,-217.26,671.92,7.5827,0.97313,0.59773,0.074001,10.453,-2.5604e-15,1.2399e-15
2476.6,-217.3,672.03,7.59,0.97877,0.58097,0.070354,10.453,-2.5604e-15,1.2399e-15
2476.7,-217.33,672.14,7.5968,0.98391,0.5653,0.066256,10.453,-2.5604e-15,1.2399e-15
2476.8,-217.36,672.25,7.6032,0.98856,0.55084,0.06179,10.453,-2.5604e-15,1.2399e-15
2476.9,-217.38,672.36,7.6092,0.99274,0.53768,0.057019,10.453,-2.5604e-15,1.2399e-15
2477,-217.41,672.46,7.6146,0.99648,0.52588,0.051988,10.453,-2.5604e-15,1.2399e-15
2477.1,-217.44,672.57,7.6195,0.99979,0.5155,0.046729,10.453,-2.5604e-15,1.2399e-15
2477.2,-217.47,672.68,7.6239,1.0027,0.50658,0.04126,10.453,-2.5604e-15,1.2399e-15
2477.3,-217.49,672.79,7.6278,1.0052,0.49918,0.03559,10.453,-2.5604e-15,1.2399e-15
2477.4,-217.52,672.9,7.6311,1.0074,0.49334,0.029722,10.453,-2.5604e-15,1.2399e-15
2477.5,-217.54,673.01,7.6337,1.0092,0.48912,0.023652,10.453,-2.5604e-15,1.2399e-15
2477.6,-217.57,673.12,7.6358,1.0106,0.48659,0.017374,10.453,-2.5604e-15,1.2399e-15
2477.7,-217.59,673.23,7.6372,1.0118,0.48581,0.010879,10.453,-2.5604e-15,1.2399e-15
2477.8,-217.62,673.34,7.6379,1.0126,0.48688,0.0041628,10.453,-2.5604e-15,1.2399e-15
2477.9,-217.65,673.45,7.638,1.0131,0.48978,-0.0028219,10.453,-2.5604e-15,1.2399e-15
2478,-217.67,673.56,7.6374,1.0132,0.49339,-0.010489,10.453,-2.5604e-15,1.2399e-15
2478.1,-217.7,673.67,7.6359,1.0131,0.49747,-0.018922,10.453,-2.5604e-15,1.2399e-15
2478.2,-217.73,673.78,7.6336,1.0125,0.50208,-0.028068,10.453,-2.5604e-15,1.2399e-15
2478.3,-217.75,673.89,7.6303,1.0115,0.50726,-0.037838,10.453,-2.5604e-15,1.2399e-15
2478.4,-217.78,674,7.626,1.0101,0.51305,-0.048099,10.453,-2.5604e-15,1.2399e-15
2478.5,-217.81,674.11,7.6206,1.0083,0.51947,-0.058684,10.453,-2.5604e-15,1.2399e-15
2478.6,-217.83,674.22,7.6142,1.006,0.52655,-0.069392,10.453,-2.5604e-15,1.2399e-15
2478.7,-217.86,674.33,7.6068,1.0033,0.53429,-0.080001,10.453,-2.5604e-15,1.2399e-15
2478.8,-217.89,674.44,7.5982,1.0002,0.54269,-0.090279,10.453,-2.5604e-15,1.2399e-15
2478.9,-217.92,674.55,7.5887,0.99662,0.55171,-0.1,10.453,-2.5604e-15,1.2399e-15
2479,-217.94,674.66,7.5783,0.99268,0.56131,-0.10896,10.453,-2.5604e-15,1.2399e-15
2479.1,-217.97,674.77,7.567,0.9884,0.57144,-0.11698,10.453,-2.5604e-15,1.2399e-15
2479.2,-218,674.88,7.5549,0.9838,0.58205,-0.12391,10.453,-2.5604e-15,1.2399e-15
2479.3,-218.02,674.99,7.5422,0.97894,0.59305,-0.12967,10.453,-2.5604e-15,1.2399e-15
2479.4,-218.05,675.1,7.529,0.97388,0.60439,-0.13419,10.453,-2.5604e-15,1.2399e-15
2479.5,-218.08,675.22,7.5154,0.96866,0.616,-0.13744,10.453,-2.5604e-15,1.2399e-15
2479.6,-218.1,675.33,7.5016,0.96336,0.62781,-0.13944,10.453,-2.5604e-15,1.2399e-15
2479.7,-218.13,675.44,7.4876,0.95803,0.63977,-0.14021,10.453,-2.5604e-15,1.2399e-15
2479.8,-218.15,675.55,7.4736,0.95273,0.65183,-0.1398,10.453,-2.5604e-15,1.2399e-15
2479.9,-218.18,675.66,7.4596,0.94752,0.66397,-0.13826,10.453,-2.5604e-15,1.2399e-15
2480,-218.2,675.78,7.4459,0.94246,0.67616,-0.13563,10.453,-2.5604e-15,1.2399e-15
2480.1,-218.23,675.89,7.4326,0.93761,0.68839,-0.13198,5.462,0.10166,-0.049867
2480.2,-218.25,676,7.4195,0.92195,0.70098,-0.12829,5.462,0.10166,-0.049867
2480.3,-218.28,676.12,7.407,0.90696,0.71343,-0.12279,5.462,0.10166,-0.049867
2480.4,-218.3,676.23,7.395,0.89274,0.72574,-0.11559,5.462,0.10166,-0.049867
2480.5,-218.33,676.34,7.3839,0.87937,0.73795,-0.10679,5.462,0.10166,-0.049867
2480.6,-218.35,676.45,7.3737,0.86694,0.75012,-0.09644,5.462,0.10166,-0.049867
2480.7,-218.38,676.57,7.3647,0.85553,0.76234,-0.084536,5.462,0.10166,-0.049867
2480.8,-218.41,676.68,7.3569,0.84524,0.7747,-0.071017,5.462,0.10166,-0.049867
2480.9,-218.44,676.79,7.3505,0.83618,0.78734,-0.055741,5.462,0.10166,-0.049867
2481,-218.46,676.9,7.3458,0.82845,0.80041,-0.038463,5.462,0.10166,-0.049867
2481.1,-218.49,677.01,7.3429,0.82222,0.81411,-0.018793,5.462,0.10166,-0.049867
2481.2,-218.53,677.12,7.3421,0.81766,0.82858,0.0038261,5.462,0.10166,-0.049867
2481.3,-218.56,677.23,7.3437,0.81496,0.83796,0.027465,5.462,0.10166,-0.049867
2481.4,-218.59,677.35,7.3476,0.81405,0.83882,0.049522,5.462,0.10166,-0.049867
2481.5,-218.63,677.46,7.3535,0.81469,0.83164,0.068677,5.462,0.10166,-0.049867
2481.6,-218.66,677.57,7.3612,0.81654,0.81752,0.084182,5.462,0.10166,-0.049867
2481.7,-218.69,677.68,7.3702,0.81918,0.79788,0.095836,5.462,0.10166,-0.049867
2481.8,-218.73,677.79,7.3802,0.82227,0.77423,0.10385,5.462,0.10166,-0.049867
2481.9,-218.76,677.9,7.3909,0.82547,0.74796,0.10868,5.462,0.10166,-0.049867
2482,-218.79,678,7.4019,0.82854,0.72026,0.11087,5.462,0.10166,-0.049867
2482.1,-218.81,678.11,7.413,0.83131,0.69208,0.11097,5.462,0.10166,-0.049867
2482.2,-218.84,678.21,7.424,0.83367,0.66411,0.10947,5.462,0.10166,-0.049867
2482.3,-218.86,678.31,7.4348,0.83555,0.63688,0.10678,5.462,0.10166,-0.049867
2482.4,-218.89,678.42,7.4453,0.83695,0.61071,0.10323,5.462,0.10166,-0.049867
2482.5,-218.91,678.52,7.4555,0.83785,0.58583,0.099068,5.462,0.10166,-0.049867
2482.6,-218.93,678.62,7.4651,0.83828,0.56237,0.094502,5.462,0.10166,-0.049867
2482.7,-218.95,678.71,7.4743,0.83827,0.5404,0.089672,5.462,0.10166,-0.049867
2482.8,-218.97,678.81,7.4831,0.83785,0.51994,0.084685,5.462,0.10166,-0.049867
2482.9,-218.99,678.91,7.4913,0.83706,0.50096,0.079615,5.462,0.10166,-0.049867
2483,-219,679,7.499,0.83594,0.48345,0.074515,5.462,0.10166,-0.049867
2483.1,-219.02,679.1,7.5062,0.83452,0.46735,0.069421,5.462,0.10166,-0.049867
2483.2,-219.03,679.19,7.5129,0.83284,0.45263,0.064354,5.462,0.10166,-0.049867
2483.3,-219.05,679.29,7.5191,0.83094,0.43922,0.059327,5.462,0.10166,-0.049867
2483.4,-219.06,679.38,7.5247,0.82883,0.42709,0.054344,5.462,0.10166,-0.049867
2483.5,-219.08,679.47,7.5299,0.82654,0.41617,0.049406,5.462,0.10166,-0.049867
2483.6,-219.09,679.56,7.5346,0.8241,0.40644,0.044508,5.462,0.10166,-0.049867
2483.7,-219.1,679.65,7.5388,0.82153,0.39784,0.039643,5.462,0.10166,-0.049867
2483.8,-219.11,679.74,7.5426,0.81884,0.39036,0.034804,5.462,0.10166,-0.049867
2483.9,-219.13,679.83,7.5458,0.81605,0.38395,0.02998,5.462,0.10166,-0.049867
2484,-219.14,679.92,7.5486,0.81317,0.3786,0.025162,5.462,0.10166,-0.049867
2484.1,-219.15,680.01,7.5508,0.81022,0.37429,0.020338,5.462,0.10166,-0.049867
2484.2,-219.16,680.1,7.5526,0.80719,0.37102,0.0155,5.462,0.10166,-0.049867
2484.3,-219.17,680.19,7.5539,0.8041,0.36877,0.010637,5.462,0.10166,-0.049867
2484.4,-219.18,680.27,7.5547,0.80095,0.36756,0.0057435,5.462,0.10166,-0.049867
2484.5,-219.2,680.36,7.5551,0.79775,0.36738,0.00081339,5.462,0.10166,-0.049867
2484.6,-219.21,680.45,7.5549,0.79448,0.36795,-0.0042593,5.462,0.10166,-0.049867
2484.7,-219.22,680.53,7.5542,0.79116,0.36874,-0.0096523,5.462,0.10166,-0.049867
2484.8,-219.23,680.62,7.553,0.78776,0.36974,-0.015341,5.462,0.10166,-0.049867
2484.9,-219.24,680.71,7.5511,0.78429,0.37098,-0.021287,5.462,0.10166,-0.049867
2485,-219.25,680.79,7.5487,0.78073,0.37246,-0.02744,5.462,0.10166,-0.049867
2485.1,-219.27,680.88,7.5456,0.77708,0.3742,-0.03374,5.462,0.10166,-0.049867
2485.2,-219.28,680.96,7.5419,0.77334,0.37619,-0.040121,5.462,0.10166,-0.049867
2485.3,-219.29,681.05,7.5376,0.76951,0.37844,-0.046508,5.462,0.10166,-0.049867
2485.4,-219.3,681.13,7.5326,0.76558,0.38095,-0.052824,5.462,0.10166,-0.049867
2485.5,-219.31,681.22,7.5271,0.76157,0.3837,-0.058992,5.462,0.10166,-0.049867
2485.6,-219.33,681.3,7.5209,0.75747,0.3867,-0.064935,5.462,0.10166,-0.049867
2485.7,-219.34,681.39,7.5141,0.7533,0.38993,-0.070584,5.462,0.10166,-0.049867
2485.8,-219.35,681.47,7.5068,0.74905,0.39336,-0.075876,5.462,0.10166,-0.049867
2485.9,-219.36,681.55,7.4989,0.74475,0.39698,-0.080759,5.462,0.10166,-0.049867
2486,-219.37,681.64,7.4906,0.74041,0.40076,-0.085189,5.462,0.10166,-0.049867
2486.1,-219.38,681.72,7.4819,0.73603,0.40469,-0.089136,5.462,0.10166,-0.049867
2486.2,-219.39,681.8,7.4728,0.73163,0.40873,-0.09258,5.462,0.10166,-0.049867
2486.3,-219.4,681.89,7.4634,0.72723,0.41287,-0.095511,5.462,0.10166,-0.049867
2486.4,-219.42,681.97,7.4537,0.72283,0.41706,-0.09793,8.1956,-2.0073e-15,1.0187e-15
2486.5,-219.43,682.05,7.4439,0.72455,0.4209,-0.098627,8.1956,-2.0073e-15,1.0187e-15
2486.6,-219.43,682.14,7.434,0.72617,0.42481,-0.099208,8.1956,-2.0073e-15,1.0187e-15
2486.7,-219.44,682.22,7.4241,0.72767,0.42877,-0.099669,8.1956,-2.0073e-15,1.0187e-15
2486.8,-219.45,682.3,7.4141,0.72909,0.43279,-0.10001,8.1956,-2.0073e-15,1.0187e-15
2486.9,-219.46,682.39,7.4041,0.73041,0.43687,-0.10022,8.1956,-2.0073e-15,1.0187e-15
2487,-219.47,682.47,7.394,0.73165,0.44099,-0.10031,8.1956,-2.0073e-15,1.0187e-15
2487.1,-219.47,682.56,7.384,0.73282,0.44515,-0.10027,8.1956,-2.0073e-15,1.0187e-15
2487.2,-219.48,682.65,7.374,0.73392,0.44935,-0.10011,8.1956,-2.0073e-15,1.0187e-15
2487.3,-219.49,682.73,7.364,0.73495,0.45358,-0.099817,8.1956,-2.0073e-15,1.0187e-15
2487.4,-219.49,682.82,7.354,0.73593,0.45785,-0.099398,8.1956,-2.0073e-15,1.0187e-15
2487.5,-219.5,682.9,7.3441,0.73686,0.46214,-0.098852,8.1956,-2.0073e-15,1.0187e-15
2487.6,-219.5,682.99,7.3343,0.73774,0.46646,-0.098179,8.1956,-2.0073e-15,1.0187e-15
2487.7,-219.5,683.08,7.3245,0.73859,0.47079,-0.09738,8.1956,-2.0073e-15,1.0187e-15
2487.8,-219.51,683.17,7.3148,0.73941,0.47515,-0.096456,8.1956,-2.0073e-15,1.0187e-15
2487.9,-219.51,683.25,7.3052,0.74021,0.47952,-0.095407,8.1956,-2.0073e-15,1.0187e-15
2488,-219.51,683.34,7.2957,0.74099,0.4839,-0.094232,8.1956,-2.0073e-15,1.0187e-15
2488.1,-219.51,683.43,7.2863,0.74176,0.4883,-0.092932,8.1956,-2.0073e-15,1.0187e-15
2488.2,-219.51,683.52,7.2771,0.74253,0.49272,-0.091507,8.1956,-2.0073e-15,1.0187e-15
2488.3,-219.51,683.61,7.268,0.74329,0.49714,-0.089957,8.1956,-2.0073e-15,1.0187e-15
2488.4,-219.51,683.7,7.2591,0.74407,0.50158,-0.088279,8.1956,-2.0073e-15,1.0187e-15
2488.5,-219.51,683.79,7.2504,0.74486,0.50602,-0.086474,8.1956,-2.0073e-15,1.0187e-15
2488.6,-219.51,683.88,7.2418,0.74567,0.51048,-0.084538,8.1956,-2.0073e-15,1.0187e-15
2488.7,-219.51,683.97,7.2335,0.74651,0.51495,-0.082469,8.1956,-2.0073e-15,1.0187e-15
2488.8,-219.51,684.06,7.2254,0.74739,0.51944,-0.080265,8.1956,-2.0073e-15,1.0187e-15
2488.9,-219.51,684.15,7.2174,0.7483,0.52394,-0.077921,8.1956,-2.0073e-15,1.0187e-15
2489,-219.51,684.24,7.2098,0.74926,0.52846,-0.075432,8.1956,-2.0073e-15,1.0187e-15
2489.1,-219.5,684.34,7.2024,0.75028,0.533,-0.072792,8.1956,-2.0073e-15,1.0187e-15
2489.2,-219.5,684.43,7.1952,0.75136,0.53756,-0.069994,8.1956,-2.0073e-15,1.0187e-15
2489.3,-219.5,684.52,7.1884,0.7525,0.54215,-0.067028,8.1956,-2.0073e-15,1.0187e-15
2489.4,-219.49,684.61,7.1818,0.75373,0.54676,-0.063886,8.1956,-2.0073e-15,1.0187e-15
2489.5,-219.49,684.71,7.1756,0.75504,0.55141,-0.060553,8.1956,-2.0073e-15,1.0187e-15
2489.6,-219.48,684.8,7.1697,0.75645,0.5561,-0.057016,8.1956,-2.0073e-15,1.0187e-15
2489.7,-219.48,684.89,7.1642,0.75796,0.56082,-0.053258,8.1956,-2.0073e-15,1.0187e-15
2489.8,-219.47,684.99,7.1591,0.75959,0.56559,-0.049257,8.1956,-2.0073e-15,1.0187e-15
2489.9,-219.47,685.08,7.1544,0.76134,0.57042,-0.044988,8.1956,-2.0073e-15,1.0187e-15
2490,-219.46,685.18,7.1501,0.76324,0.5753,-0.040424,8.1956,-2.0073e-15,1.0187e-15
2490.1,-219.46,685.27,7.1463,0.7653,0.58025,-0.035526,8.1956,-2.0073e-15,1.0187e-15
2490.2,-219.45,685.37,7.143,0.76753,0.58527,-0.030254,8.1956,-2.0073e-15,1.0187e-15
2490.3,-219.44,685.47,7.1403,0.76995,0.59038,-0.024554,8.1956,-2.0073e-15,1.0187e-15
2490.4,-219.44,685.56,7.1381,0.77259,0.59558,-0.018361,8.1956,-2.0073e-15,1.0187e-15
2490.5,-219.43,685.66,7.1366,0.77547,0.60089,-0.011595,8.1956,-2.0073e-15,1.0187e-15
2490.6,-219.43,685.76,7.1358,0.77862,0.60632,-0.0041553,8.1956,-2.0073e-15,1.0187e-15
2490.7,-219.42,685.86,7.1358,0.78208,0.61161,0.0039823,8.1956,-2.0073e-15,1.0187e-15
2490.8,-219.42,685.96,7.1366,0.78588,0.61494,0.012143,8.1956,-2.0073e-15,1.0187e-15
2490.9,-219.41,686.06,7.1382,0.78999,0.61595,0.019975,8.1956,-2.0073e-15,1.0187e-15
2491,-219.41,686.16,7.1406,0.79437,0.6147,0.02726,8.1956,-2.0073e-15,1.0187e-15
2491.1,-219.4,686.26,7.1436,0.79899,0.61131,0.033827,8.1956,-2.0073e-15,1.0187e-15
2491.2,-219.39,686.36,7.1473,0.80377,0.60598,0.039553,8.1956,-2.0073e-15,1.0187e-15
2491.3,-219.39,686.46,7.1515,0.80866,0.59895,0.044369,8.1956,-2.0073e-15,1.0187e-15
2491.4,-219.38,686.56,7.1562,0.81359,0.59049,0.048254,8.1956,-2.0073e-15,1.0187e-15
2491.5,-219.37,686.66,7.1611,0.8185,0.58087,0.051223,8.1956,-2.0073e-15,1.0187e-15
2491.6,-219.37,686.76,7.1664,0.82334,0.57038,0.053321,8.1956,-2.0073e-15,1.0187e-15
2491.7,-219.36,686.86,7.1718,0.82805,0.55926,0.054614,8.1956,-2.0073e-15,1.0187e-15
2491.8,-219.35,686.96,7.1773,0.8326,0.54775,0.055176,8.1956,-2.0073e-15,1.0187e-15
2491.9,-219.34,687.06,7.1828,0.83695,0.53607,0.055087,8.1956,-2.0073e-15,1.0187e-15
2492,-219.33,687.16,7.1883,0.84109,0.5244,0.054425,8.1956,-2.0073e-15,1.0187e-15
2492.1,-219.32,687.25,7.1937,0.84498,0.51289,0.053264,8.1956,-2.0073e-15,1.0187e-15
2492.2,-219.31,687.35,7.1989,0.84863,0.50168,0.051672,8.1956,-2.0073e-15,1.0187e-15
2492.3,-219.29,687.45,7.204,0.85203,0.49088,0.049707,8.1956,-2.0073e-15,1.0187e-15
2492.4,-219.28,687.55,7.2088,0.85518,0.48057,0.047423,8.1956,-2.0073e-15,1.0187e-15
2492.5,-219.27,687.64,7.2135,0.85807,0.47084,0.044862,8.1956,-2.0073e-15,1.0187e-15
2492.6,-219.25,687.74,7.2178,0.86072,0.46174,0.042061,8.1956,-2.0073e-15,1.0187e-15
2492.7,-219.24,687.84,7.2219,0.86312,0.45333,0.03905,8.1956,-2.0073e-15,1.0187e-15
2492.8,-219.23,687.93,7.2256,0.86529,0.44566,0.035851,8.1956,-2.0073e-15,1.0187e-15
2492.9,-219.21,688.03,7.229,0.86724,0.43875,0.032484,8.1956,-2.0073e-15,1.0187e-15
2493,-219.19,688.13,7.2321,0.86896,0.43266,0.02896,8.1956,-2.0073e-15,1.0187e-15
2493.1,-219.18,688.22,7.2348,0.87048,0.4274,0.02529,8.1956,-2.0073e-15,1.0187e-15
2493.2,-219.16,688.32,7.2372,0.87179,0.42301,0.02148,8.1956,-2.0073e-15,1.0187e-15
2493.3,-219.15,688.41,7.2391,0.8729,0.41952,0.017534,8.1956,-2.0073e-15,1.0187e-15
2493.4,-219.13,688.51,7.2407,0.87382,0.41697,0.013454,8.1956,-2.0073e-15,1.0187e-15
2493.5,-219.11,688.6,7.2418,0.87456,0.41539,0.0092412,8.1956,-2.0073e-15,1.0187e-15
2493.6,-219.1,688.7,7.2425,0.87511,0.41481,0.0048961,8.1956,-2.0073e-15,1.0187e-15
2493.7,-219.08,688.79,7.2428,0.87549,0.4153,0.00042046,8.1956,-2.0073e-15,1.0187e-15
2493.8,-219.07,688.89,7.2426,0.87568,0.41651,-0.0043124,8.1956,-2.0073e-15,1.0187e-15
2493.9,-219.05,688.99,7.2419,0.87569,0.41795,-0.0094846,8.1956,-2.0073e-15,1.0187e-15
2494,-219.03,689.08,7.2407,0.8755,0.41966,-0.015089,8.1956,-2.0073e-15,1.0187e-15
2494.1,-219.02,689.18,7.2389,0.8751,0.42164,-0.021104,8.1956,-2.0073e-15,1.0187e-15
2494.2,-219,689.27,7.2364,0.87449,0.42392,-0.027495,8.1956,-2.0073e-15,1.0187e-15
2494.3,-218.99,689.37,7.2333,0.87365,0.42654,-0.034211,8.1956,-2.0073e-15,1.0187e-15
2494.4,-218.97,689.47,7.2296,0.87258,0.42949,-0.041189,8.1956,-2.0073e-15,1.0187e-15
2494.5,-218.95,689.56,7.2251,0.87128,0.4328,-0.048348,8.1956,-2.0073e-15,1.0187e-15
2494.6,-218.94,689.66,7.2199,0.86974,0.43648,-0.0556,8.1956,-2.0073e-15,1.0187e-15
2494.7,-218.92,689.75,7.214,0.86796,0.44053,-0.062845,8.1956,-2.0073e-15,1.0187e-15
2494.8,-218.9,689.85,7.2073,0.86596,0.44495,-0.069982,8.1956,-2.0073e-15,1.0187e-15
2494.9,-218.89,689.94,7.2,0.86373,0.44974,-0.076905,8.1956,-2.0073e-15,1.0187e-15
2495,-218.87,690.04,7.192,0.86128,0.45487,-0.083517,8.1956,-2.0073e-15,1.0187e-15
2495.1,-218.85,690.14,7.1833,0.85864,0.46033,-0.089725,8.1956,-2.0073e-15,1.0187e-15
2495.2,-218.84,690.23,7.174,0.85581,0.4661,-0.095449,8.1956,-2.0073e-15,1.0187e-15
2495.3,-218.82,690.33,7.1642,0.85281,0.47213,-0.10062,8.1956,-2.0073e-15,1.0187e-15
2495.4,-218.8,690.42,7.1539,0.84967,0.47841,-0.1052,8.1956,-2.0073e-15,1.0187e-15
2495.5,-218.78,690.52,7.1432,0.84641,0.4849,-0.10913,8.1956,-2.0073e-15,1.0187e-15
2495.6,-218.76,690.62,7.1321,0.84305,0.49156,-0.11241,8.1956,-2.0073e-15,1.0187e-15
2495.7,-218.74,690.71,7.1208,0.83961,0.49836,-0.11503,8.1956,-2.0073e-15,1.0187e-15
2495.8,-218.72,690.81,7.1091,0.83613,0.50527,-0.11698,8.1956,-2.0073e-15,1.0187e-15
2495.9,-218.71,690.9,7.0974,0.83262,0.51226,-0.11828,8.1956,-2.0073e-15,1.0187e-15
2496,-218.68,691,7.0855,0.82911,0.51929,-0.11896,8.1956,-2.0073e-15,1.0187e-15
2496.1,-218.66,691.09,7.0736,0.82564,0.52635,-0.11904,8.1956,-2.0073e-15,1.0187e-15
2496.2,-218.64,691.19,7.0617,0.82221,0.53341,-0.11854,8.1956,-2.0073e-15,1.0187e-15
2496.3,-218.62,691.29,7.0499,0.81886,0.54047,-0.1175,8.1956,-2.0073e-15,1.0187e-15
2496.4,-218.6,691.38,7.0382,0.8156,0.5475,-0.11594,8.1956,-2.0073e-15,1.0187e-15
2496.5,-218.58,691.48,7.0267,0.81246,0.5545,-0.1139,8.1956,-2.0073e-15,1.0187e-15
2496.6,-218.56,691.57,7.0155,0.80946,0.56146,-0.11141,8.1956,-2.0073e-15,1.0187e-15
2496.7,-218.53,691.67,7.0045,0.80662,0.56838,-0.10848,8.1956,-2.0073e-15,1.0187e-15
2496.8,-218.51,691.77,6.9938,0.80395,0.57525,-0.10513,8.1956,-2.0073e-15,1.0187e-15
2496.9,-218.49,691.86,6.9835,0.80148,0.58209,-0.10139,8.1956,-2.0073e-15,1.0187e-15
2497,-218.46,691.96,6.9735,0.79922,0.5889,-0.097255,8.1956,-2.0073e-15,1.0187e-15
2497.1,-218.44,692.05,6.964,0.7972,0.59568,-0.092741,8.1956,-2.0073e-15,1.0187e-15
2497.2,-218.41,692.15,6.955,0.79541,0.60245,-0.087845,8.1956,-2.0073e-15,1.0187e-15
2497.3,-218.39,692.25,6.9465,0.7939,0.60922,-0.082559,8.1956,-2.0073e-15,1.0187e-15
2497.4,-218.36,692.34,6.9385,0.79267,0.616,-0.076872,8.1956,-2.0073e-15,1.0187e-15
2497.5,-218.34,692.44,6.9311,0.79174,0.62281,-0.070759,8.1956,-2.0073e-15,1.0187e-15
2497.6,-218.31,692.54,6.9244,0.79113,0.62967,-0.064192,8.1956,-2.0073e-15,1.0187e-15
2497.7,-218.29,692.64,6.9183,0.79087,0.6366,-0.057125,8.1956,-2.0073e-15,1.0187e-15
2497.8,-218.26,692.74,6.913,0.79099,0.64363,-0.049501,8.1956,-2.0073e-15,1.0187e-15
2497.9,-218.23,692.83,6.9084,0.79151,0.65077,-0.041247,8.1956,-2.0073e-15,1.0187e-15
2498,-218.21,692.93,6.9047,0.79247,0.65807,-0.032262,8.1956,-2.0073e-15,1.0187e-15
2498.1,-218.18,693.03,6.902,0.79392,0.66556,-0.022418,5.2732,0.71481,-0.35061
2498.2,-218.16,693.13,6.8998,0.78913,0.67628,-0.021432,5.2732,0.71481,-0.35061
2498.3,-218.13,693.24,6.8977,0.78457,0.68734,-0.019236,5.2732,0.71481,-0.35061
2498.4,-218.11,693.34,6.896,0.7803,0.69876,-0.015719,5.2732,0.71481,-0.35061
2498.5,-218.08,693.44,6.8946,0.77642,0.71059,-0.010754,5.2732,0.71481,-0.35061
2498.6,-218.06,693.54,6.8939,0.77301,0.72289,-0.0041798,5.2732,0.71481,-0.35061
2498.7,-218.04,693.65,6.8939,0.77017,0.73541,0.0040843,5.2732,0.71481,-0.35061
2498.8,-218.02,693.75,6.8947,0.76799,0.74581,0.0132,5.2732,0.71481,-0.35061
2498.9,-218,693.86,6.8965,0.7665,0.75336,0.022601,5.2732,0.71481,-0.35061
2499,-217.98,693.96,6.8992,0.76569,0.75789,0.03184,5.2732,0.71481,-0.35061
2499.1,-217.96,694.07,6.9029,0.76552,0.75939,0.040515,5.2732,0.71481,-0.35061
2499.2,-217.95,694.18,6.9073,0.7659,0.758,0.048301,5.2732,0.71481,-0.35061
2499.3,-217.93,694.28,6.9125,0.76675,0.754,0.054968,5.2732,0.71481,-0.35061
2499.4,-217.91,694.39,6.9183,0.76796,0.74775,0.06039,5.2732,0.71481,-0.35061
2499.5,-217.89,694.49,6.9245,0.7694,0.73968,0.064528,5.2732,0.71481,-0.35061
2499.6,-217.88,694.6,6.9311,0.77098,0.73021,0.067418,5.2732,0.71481,-0.35061
2499.7,-217.86,694.7,6.938,0.77261,0.71977,0.069144,5.2732,0.71481,-0.35061
2499.8,-217.84,694.81,6.9449,0.77419,0.70874,0.069824,5.2732,0.71481,-0.35061
2499.9,-217.82,694.91,6.9519,0.77566,0.69747,0.069589,5.2732,0.71481,-0.35061
2500,-217.81,695.01,6.9588,0.77699,0.68624,0.068576,5.2732,0.71481,-0.35061
2500.1,-217.79,695.11,6.9656,0.77811,0.6753,0.066914,5.2732,0.71481,-0.35061
2500.2,-217.77,695.21,6.9722,0.77903,0.66483,0.064725,5.2732,0.71481,-0.35061
2500.3,-217.75,695.32,6.9785,0.77971,0.65501,0.062117,5.2732,0.71481,-0.35061
2500.4,-217.73,695.42,6.9846,0.78016,0.64593,0.059187,5.2732,0.71481,-0.35061
2500.5,-217.72,695.51,6.9904,0.78037,0.6377,0.056019,5.2732,0.71481,-0.35061
2500.6,-217.7,695.61,6.9958,0.78035,0.63037,0.052688,5.2732,0.71481,-0.35061
2500.7,-217.68,695.71,7.0009,0.78011,0.62398,0.049258,5.2732,0.71481,-0.35061
2500.8,-217.66,695.81,7.0056,0.77966,0.61855,0.045787,5.2732,0.71481,-0.35061
2500.9,-217.64,695.91,7.01,0.77901,0.6141,0.042326,5.2732,0.71481,-0.35061
2501,-217.63,696.01,7.0141,0.77818,0.61062,0.038921,5.2732,0.71481,-0.35061
2501.1,-217.61,696.1,7.0178,0.77719,0.60809,0.035616,5.2732,0.71481,-0.35061
2501.2,-217.59,696.2,7.0212,0.77605,0.60649,0.032449,5.2732,0.71481,-0.35061
2501.3,-217.58,696.3,7.0243,0.77477,0.60578,0.029459,5.2732,0.71481,-0.35061
2501.4,-217.56,696.39,7.0271,0.77338,0.60591,0.02668,5.2732,0.71481,-0.35061
2501.5,-217.55,696.49,7.0297,0.77189,0.60685,0.024148,5.2732,0.71481,-0.35061
2501.6,-217.53,696.59,7.032,0.77033,0.60852,0.021894,5.2732,0.71481,-0.35061
2501.7,-217.52,696.68,7.0341,0.7687,0.61086,0.019947,5.2732,0.71481,-0.35061
2501.8,-217.5,696.78,7.036,0.76704,0.61379,0.018333,5.2732,0.71481,-0.35061
2501.9,-217.49,696.88,7.0377,0.76535,0.61722,0.017074,5.2732,0.71481,-0.35061
2502,-217.47,696.98,7.0394,0.76367,0.62107,0.016186,5.2732,0.71481,-0.35061
2502.1,-217.46,697.07,7.041,0.76201,0.62522,0.015681,5.2732,0.71481,-0.35061
2502.2,-217.45,697.17,7.0426,0.76039,0.62958,0.01556,5.2732,0.71481,-0.35061
2502.3,-217.44,697.27,7.0441,0.75883,0.63404,0.015817,5.2732,0.71481,-0.35061
2502.4,-217.43,697.37,7.0457,0.75735,0.63848,0.016437,5.2732,0.71481,-0.35061
2502.5,-217.42,697.47,7.0474,0.75597,0.64281,0.017396,5.2732,0.71481,-0.35061
2502.6,-217.41,697.57,7.0492,0.7547,0.6469,0.018659,5.2732,0.71481,-0.35061
2502.7,-217.4,697.67,7.0512,0.75355,0.65068,0.020183,5.2732,0.71481,-0.35061
2502.8,-217.39,697.76,7.0533,0.75255,0.65404,0.021919,5.2732,0.71481,-0.35061
2502.9,-217.38,697.86,7.0555,0.75169,0.65693,0.023811,5.2732,0.71481,-0.35061
2503,-217.37,697.96,7.058,0.75097,0.65928,0.0258,5.2732,0.71481,-0.35061
2503.1,-217.37,698.06,7.0607,0.75039,0.66105,0.027828,5.2732,0.71481,-0.35061
2503.2,-217.36,698.16,7.0636,0.74996,0.66223,0.029837,5.2732,0.71481,-0.35061
2503.3,-217.35,698.26,7.0667,0.74966,0.6628,0.031774,5.2732,0.71481,-0.35061
2503.4,-217.35,698.36,7.0699,0.74948,0.6628,0.033591,5.2732,0.71481,-0.35061
2503.5,-217.34,698.46,7.0734,0.7494,0.66224,0.035248,5.2732,0.71481,-0.35061
2503.6,-217.33,698.56,7.077,0.74942,0.66117,0.036713,5.2732,0.71481,-0.35061
2503.7,-217.33,698.66,7.0807,0.74951,0.65964,0.037962,5.2732,0.71481,-0.35061
2503.8,-217.32,698.76,7.0846,0.74966,0.65772,0.03898,5.2732,0.71481,-0.35061
2503.9,-217.32,698.86,7.0885,0.74985,0.65547,0.039759,5.2732,0.71481,-0.35061
2504,-217.32,698.96,7.0925,0.75007,0.65296,0.0403,5.2732,0.71481,-0.35061
2504.1,-217.31,699.06,7.0966,0.75029,0.65026,0.040608,5.2732,0.71481,-0.35061
2504.2,-217.31,699.16,7.1006,0.75051,0.64745,0.040695,5.2732,0.71481,-0.35061
2504.3,-217.3,699.26,7.1047,0.75071,0.64459,0.040576,5.2732,0.71481,-0.35061
2504.4,-217.3,699.36,7.1087,0.75088,0.64173,0.040269,5.2732,0.71481,-0.35061
2504.5,-217.29,699.46,7.1127,0.75101,0.63893,0.039794,5.2732,0.71481,-0.35061
2504.6,-217.29,699.55,7.1167,0.7511,0.63625,0.039174,5.2732,0.71481,-0.35061
2504.7,-217.29,699.65,7.1206,0.75114,0.63373,0.038431,5.2732,0.71481,-0.35061
2504.8,-217.29,699.75,7.1244,0.75112,0.6314,0.037589,5.2732,0.71481,-0.35061
2504.9,-217.28,699.85,7.1281,0.75105,0.62929,0.03667,5.2732,0.71481,-0.35061
2505,-217.28,699.95,7.1317,0.75092,0.62743,0.035697,5.2732,0.71481,-0.35061
2505.1,-217.28,700.04,7.1352,0.75073,0.62583,0.034691,5.2732,0.71481,-0.35061
2505.2,-217.27,700.14,7.1386,0.75049,0.62451,0.033673,5.2732,0.71481,-0.35061
2505.3,-217.27,700.24,7.142,0.7502,0.62347,0.032663,5.2732,0.71481,-0.35061
2505.4,-217.27,700.34,7.1452,0.74986,0.62271,0.031678,5.2732,0.71481,-0.35061
2505.5,-217.27,700.43,7.1483,0.74947,0.62222,0.030735,5.2732,0.71481,-0.35061
2505.6,-217.27,700.53,7.1513,0.74905,0.622,0.02985,5.2732,0.71481,-0.35061
2505.7,-217.27,700.63,7.1543,0.74859,0.62204,0.029036,5.2732,0.71481,-0.35061
2505.8,-217.27,700.73,7.1571,0.7481,0.6223,0.028305,5.2732,0.71481,-0.35061
2505.9,-217.27,700.82,7.1599,0.74759,0.62278,0.027665,2.2265,-5.4533e-16,2.7931e-16
2506,-217.27,700.92,7.1632,0.74057,0.61899,0.036685,2.2265,-5.4533e-16,2.7931e-16
2506.1,-217.27,701.02,7.1672,0.73423,0.61249,0.044926,2.2265,-5.4533e-16,2.7931e-16
2506.2,-217.27,701.11,7.1721,0.72848,0.60356,0.052188,2.2265,-5.4533e-16,2.7931e-16
2506.3,-217.27,701.21,7.1776,0.72323,0.59252,0.058354,2.2265,-5.4533e-16,2.7931e-16
2506.4,-217.27,701.3,7.1837,0.71837,0.57974,0.063386,2.2265,-5.4533e-16,2.7931e-16
2506.5,-217.27,701.39,7.1903,0.71382,0.56557,0.06731,2.2265,-5.4533e-16,2.7931e-16
2506.6,-217.27,701.48,7.1972,0.70949,0.55038,0.070196,2.2265,-5.4533e-16,2.7931e-16
2506.7,-217.27,701.57,7.2043,0.70532,0.53449,0.072143,2.2265,-5.4533e-16,2.7931e-16
2506.8,-217.27,701.66,7.2116,0.70125,0.51819,0.073262,2.2265,-5.4533e-16,2.7931e-16
2506.9,-217.27,701.74,7.2189,0.69724,0.5017,0.073672,2.2265,-5.4533e-16,2.7931e-16
2507,-217.27,701.83,7.2263,0.69324,0.48523,0.073483,2.2265,-5.4533e-16,2.7931e-16
2507.1,-217.27,701.91,7.2336,0.68923,0.46895,0.072802,2.2265,-5.4533e-16,2.7931e-16
2507.2,-217.27,702,7.2408,0.68521,0.45297,0.07172,2.2265,-5.4533e-16,2.7931e-16
2507.3,-217.26,702.08,7.2479,0.68116,0.43738,0.070319,2.2265,-5.4533e-16,2.7931e-16
2507.4,-217.26,702.16,7.2549,0.67707,0.42226,0.068669,2.2265,-5.4533e-16,2.7931e-16
2507.5,-217.26,702.24,7.2617,0.67294,0.40766,0.066828,2.2265,-5.4533e-16,2.7931e-16
2507.6,-217.25,702.32,7.2682,0.66879,0.3936,0.064846,2.2265,-5.4533e-16,2.7931e-16
2507.7,-217.25,702.39,7.2746,0.6646,0.3801,0.062762,2.2265,-5.4533e-16,2.7931e-16
2507.8,-217.24,702.47,7.2808,0.66039,0.36716,0.060609,2.2265,-5.4533e-16,2.7931e-16
2507.9,-217.24,702.54,7.2867,0.65617,0.3548,0.058415,2.2265,-5.4533e-16,2.7931e-16
2508,-217.23,702.62,7.2925,0.65193,0.34299,0.056199,2.2265,-5.4533e-16,2.7931e-16
2508.1,-217.23,702.69,7.298,0.64769,0.33174,0.05398,2.2265,-5.4533e-16,2.7931e-16
2508.2,-217.22,702.76,7.3033,0.64345,0.32101,0.051769,2.2265,-5.4533e-16,2.7931e-16
2508.3,-217.21,702.83,7.3083,0.63923,0.31081,0.049577,2.2265,-5.4533e-16,2.7931e-16
2508.4,-217.21,702.9,7.3132,0.63502,0.3011,0.047411,2.2265,-5.4533e-16,2.7931e-16
2508.5,-217.2,702.97,7.3178,0.63083,0.29187,0.045278,2.2265,-5.4533e-16,2.7931e-16
2508.6,-217.19,703.04,7.3222,0.62667,0.28311,0.04318,2.2265,-5.4533e-16,2.7931e-16
2508.7,-217.19,703.11,7.3265,0.62254,0.27478,0.04112,2.2265,-5.4533e-16,2.7931e-16
2508.8,-217.18,703.18,7.3305,0.61844,0.26688,0.039101,2.2265,-5.4533e-16,2.7931e-16
2508.9,-217.17,703.24,7.3343,0.61439,0.25938,0.037122,2.2265,-5.4533e-16,2.7931e-16
2509,-217.16,703.31,7.3379,0.61038,0.25227,0.035184,2.2265,-5.4533e-16,2.7931e-16
2509.1,-217.15,703.37,7.3413,0.60642,0.24553,0.033286,2.2265,-5.4533e-16,2.7931e-16
2509.2,-217.15,703.44,7.3446,0.6025,0.23914,0.031427,2.2265,-5.4533e-16,2.7931e-16
2509.3,-217.14,703.5,7.3476,0.59864,0.23309,0.029605,2.2265,-5.4533e-16,2.7931e-16
2509.4,-217.13,703.57,7.3505,0.59483,0.22736,0.02782,2.2265,-5.4533e-16,2.7931e-16
2509.5,-217.12,703.63,7.3532,0.59107,0.22194,0.026069,2.2265,-5.4533e-16,2.7931e-16
2509.6,-217.11,703.69,7.3557,0.58737,0.21681,0.02435,2.2265,-5.4533e-16,2.7931e-16
2509.7,-217.1,703.75,7.358,0.58372,0.21197,0.022662,2.2265,-5.4533e-16,2.7931e-16
2509.8,-217.09,703.81,7.3602,0.58014,0.2074,0.021001,2.2265,-5.4533e-16,2.7931e-16
2509.9,-217.08,703.88,7.3622,0.57661,0.20309,0.019367,2.2265,-5.4533e-16,2.7931e-16
2510,-217.07,703.94,7.3641,0.57313,0.19903,0.017756,2.2265,-5.4533e-16,2.7931e-16
2510.1,-217.06,704,7.3658,0.56972,0.19521,0.016167,2.2265,-5.4533e-16,2.7931e-16
2510.2,-217.05,704.05,7.3673,0.56636,0.19163,0.014596,2.2265,-5.4533e-16,2.7931e-16
2510.3,-217.05,704.11,7.3687,0.56306,0.18827,0.013042,2.2265,-5.4533e-16,2.7931e-16
2510.4,-217.04,704.17,7.3699,0.55982,0.18513,0.011503,2.2265,-5.4533e-16,2.7931e-16
2510.5,-217.03,704.23,7.371,0.55664,0.1822,0.0099759,2.2265,-5.4533e-16,2.7931e-16
2510.6,-217.02,704.29,7.3719,0.55351,0.17947,0.0084586,2.2265,-5.4533e-16,2.7931e-16
2510.7,-217.01,704.34,7.3727,0.55043,0.17694,0.006949,2.2265,-5.4533e-16,2.7931e-16
2510.8,-217,704.4,7.3733,0.54742,0.17461,0.0054447,2.2265,-5.4533e-16,2.7931e-16
2510.9,-216.99,704.46,7.3738,0.54445,0.17246,0.0039435,2.2265,-5.4533e-16,2.7931e-16
2511,-216.98,704.51,7.3741,0.54154,0.17051,0.0024432,2.2265,-5.4533e-16,2.7931e-16
2511.1,-216.97,704.57,7.3743,0.53868,0.16873,0.00094158,2.2265,-5.4533e-16,2.7931e-16
2511.2,-216.96,704.62,7.3743,0.53587,0.16712,-0.00056644,2.2265,-5.4533e-16,2.7931e-16
2511.3,-216.95,704.68,7.3742,0.53311,0.1656,-0.0021121,2.2265,-5.4533e-16,2.7931e-16
2511.4,-216.94,704.73,7.3739,0.5304,0.16413,-0.0037016,2.2265,-5.4533e-16,2.7931e-16
2511.5,-216.93,704.79,7.3734,0.52773,0.16273,-0.0053323,2.2265,-5.4533e-16,2.7931e-16
2511.6,-216.92,704.84,7.3728,0.52511,0.16139,-0.0070013,2.2265,-5.4533e-16,2.7931e-16
2511.7,-216.91,704.9,7.372,0.52253,0.16011,-0.008705,2.2265,-5.4533e-16,2.7931e-16
2511.8,-216.9,704.95,7.3711,0.51999,0.1589,-0.01044,2.2265,-5.4533e-16,2.7931e-16
2511.9,-216.89,705,7.3699,0.51749,0.15776,-0.012201,2.2265,-5.4533e-16,2.7931e-16
2512,-216.88,705.06,7.3686,0.51504,0.15669,-0.013984,2.2265,-5.4533e-16,2.7931e-16
2512.1,-216.87,705.11,7.3671,0.51262,0.15568,-0.015785,2.2265,-5.4533e-16,2.7931e-16
2512.2,-216.86,705.16,7.3655,0.51023,0.15475,-0.017597,2.2265,-5.4533e-16,2.7931e-16
2512.3,-216.85,705.21,7.3636,0.50789,0.15388,-0.019416,2.2265,-5.4533e-16,2.7931e-16
2512.4,-216.84,705.27,7.3616,0.50557,0.15309,-0.021236,2.2265,-5.4533e-16,2.7931e-16
2512.5,-216.83,705.32,7.3594,0.5033,0.15236,-0.023052,2.2265,-5.4533e-16,2.7931e-16
2512.6,-216.81,705.37,7.357,0.50105,0.1517,-0.024857,2.2265,-5.4533e-16,2.7931e-16
2512.7,-216.8,705.42,7.3544,0.49884,0.15111,-0.026646,2.2265,-5.4533e-16,2.7931e-16
2512.8,-216.79,705.47,7.3517,0.49666,0.15058,-0.028414,2.2265,-5.4533e-16,2.7931e-16
2512.9,-216.78,705.52,7.3487,0.49452,0.15012,-0.030155,2.2265,-5.4533e-16,2.7931e-16
2513,-216.77,705.57,7.3456,0.4924,0.14972,-0.031864,2.2265,-5.4533e-16,2.7931e-16
2513.1,-216.76,705.62,7.3424,0.49031,0.14939,-0.033536,2.2265,-5.4533e-16,2.7931e-16
2513.2,-216.75,705.67,7.3389,0.48826,0.14911,-0.035166,2.2265,-5.4533e-16,2.7931e-16
2513.3,-216.74,705.72,7.3353,0.48623,0.14889,-0.03675,2.2265,-5.4533e-16,2.7931e-16
2513.4,-216.73,705.77,7.3316,0.48424,0.14872,-0.038284,2.2265,-5.4533e-16,2.7931e-16
2513.5,-216.72,705.82,7.3277,0.48227,0.14861,-0.039766,2.2265,-5.4533e-16,2.7931e-16
2513.6,-216.7,705.87,7.3236,0.48034,0.14854,-0.04119,2.2265,-5.4533e-16,2.7931e-16
2513.7,-216.69,705.92,7.3194,0.47843,0.14852,-0.042556,2.2265,-5.4533e-16,2.7931e-16
2513.8,-216.68,705.97,7.3151,0.47655,0.14854,-0.043861,2.2265,-5.4533e-16,2.7931e-16
2513.9,-216.67,706.02,7.3107,0.4747,0.14861,-0.045104,2.2265,-5.4533e-16,2.7931e-16
2514,-216.66,706.06,7.3061,0.47287,0.14871,-0.046282,2.2265,-5.4533e-16,2.7931e-16
2514.1,-216.65,706.11,7.3014,0.47108,0.14884,-0.047395,2.2265,-5.4533e-16,2.7931e-16
2514.2,-216.63,706.16,7.2966,0.46931,0.149,-0.048443,2.2265,-5.4533e-16,2.7931e-16
2514.3,-216.62,706.21,7.2917,0.46757,0.1492,-0.049426,2.2265,-5.4533e-16,2.7931e-16
2514.4,-216.61,706.26,7.2867,0.46586,0.14941,-0.050343,2.2265,-5.4533e-16,2.7931e-16
2514.5,-216.6,706.3,7.2817,0.46418,0.14965,-0.051196,2.2265,-5.4533e-16,2.7931e-16
2514.6,-216.58,706.35,7.2765,0.46252,0.14991,-0.051986,2.2265,-5.4533e-16,2.7931e-16
2514.7,-216.57,706.4,7.2713,0.46089,0.15018,-0.052713,2.2265,-5.4533e-16,2.7931e-16
2514.8,-216.56,706.44,7.266,0.45929,0.15046,-0.053379,2.2265,-5.4533e-16,2.7931e-16
2514.9,-216.55,706.49,7.2606,0.45772,0.15076,-0.053985,2.2265,-5.4533e-16,2.7931e-16
2515,-216.53,706.54,7.2552,0.45617,0.15107,-0.054534,2.2265,-5.4533e-16,2.7931e-16
2515.1,-216.52,706.58,7.2497,0.45465,0.15138,-0.055027,2.2265,-5.4533e-16,2.7931e-16
2515.2,-216.51,706.63,7.2442,0.45316,0.15169,-0.055466,2.2265,-5.4533e-16,2.7931e-16
2515.3,-216.49,706.67,7.2386,0.4517,0.15201,-0.055854,2.2265,-5.4533e-16,2.7931e-16
2515.4,-216.48,706.72,7.233,0.45026,0.15232,-0.056192,2.2265,-5.4533e-16,2.7931e-16
2515.5,-216.46,706.76,7.2274,0.44885,0.15264,-0.056483,2.2265,-5.4533e-16,2.7931e-16
2515.6,-216.45,706.81,7.2217,0.44747,0.15295,-0.056729,2.2265,-5.4533e-16,2.7931e-16
2515.7,-216.44,706.85,7.216,0.44611,0.15325,-0.056932,2.2265,-5.4533e-16,2.7931e-16
2515.8,-216.42,706.9,7.2103,0.44478,0.15355,-0.057095,2.2265,-5.4533e-16,2.7931e-16
2515.9,-216.41,706.94,7.2046,0.44348,0.15384,-0.057219,2.2265,-5.4533e-16,2.7931e-16
2516,-216.39,706.99,7.1989,0.4422,0.15412,-0.057307,2.2265,-5.4533e-16,2.7931e-16
2516.1,-216.38,707.03,7.1931,0.44095,0.15439,-0.057361,2.2265,-5.4533e-16,2.7931e-16
2516.2,-216.36,707.08,7.1874,0.43972,0.15465,-0.057384,2.2265,-5.4533e-16,2.7931e-16
2516.3,-216.35,707.12,7.1817,0.43852,0.1549,-0.057376,2.2265,-5.4533e-16,2.7931e-16
2516.4,-216.33,707.17,7.1759,0.43735,0.15513,-0.057341,2.2265,-5.4533e-16,2.7931e-16
2516.5,-216.32,707.21,7.1702,0.4362,0.15535,-0.05728,2.2265,-5.4533e-16,2.7931e-16
2516.6,-216.3,707.25,7.1645,0.43508,0.15556,-0.057196,2.2265,-5.4533e-16,2.7931e-16
2516.7,-216.29,707.3,7.1587,0.43398,0.15575,-0.057089,2.2265,-5.4533e-16,2.7931e-16
2516.8,-216.27,707.34,7.153,0.4329,0.15593,-0.056961,2.2265,-5.4533e-16,2.7931e-16
2516.9,-216.25,707.38,7.1474,0.43185,0.15609,-0.056815,2.2265,-5.4533e-16,2.7931e-16
2517,-216.24,707.43,7.1417,0.43083,0.15624,-0.056651,2.2265,-5.4533e-16,2.7931e-16
2517.1,-216.22,707.47,7.136,0.42983,0.15637,-0.056472,2.2265,-5.4533e-16,2.7931e-16
2517.2,-216.2,707.51,7.1304,0.42885,0.15649,-0.056278,2.2265,-5.4533e-16,2.7931e-16
2517.3,-216.19,707.55,7.1248,0.42789,0.15659,-0.056072,4.5395,-0.079877,0.03918
2517.4,-216.17,707.6,7.1192,0.43212,0.15635,-0.054828,4.5395,-0.079877,0.03918
2517.5,-216.15,707.64,7.1138,0.43628,0.15609,-0.053729,4.5395,-0.079877,0.03918
2517.6,-216.14,707.68,7.1085,0.44035,0.15584,-0.052764,4.5395,-0.079877,0.03918
2517.7,-216.12,707.72,7.1032,0.44435,0.15557,-0.051923,4.5395,-0.079877,0.03918
2517.8,-216.1,707.77,7.0981,0.44827,0.15531,-0.051197,4.5395,-0.079877,0.03918
2517.9,-216.08,707.81,7.093,0.45211,0.15506,-0.050578,4.5395,-0.079877,0.03918
2518,-216.06,707.85,7.088,0.45588,0.15481,-0.05006,4.5395,-0.079877,0.03918
2518.1,-216.04,707.9,7.083,0.45956,0.15457,-0.049636,4.5395,-0.079877,0.03918
2518.2,-216.02,707.94,7.078,0.46317,0.15434,-0.049301,4.5395,-0.079877,0.03918
2518.3,-215.99,707.99,7.0731,0.4667,0.15413,-0.049049,4.5395,-0.079877,0.03918
2518.4,-215.97,708.03,7.0682,0.47015,0.15394,-0.048876,4.5395,-0.079877,0.03918
2518.5,-215.95,708.07,7.0633,0.47353,0.15376,-0.048777,4.5395,-0.079877,0.03918
2518.6,-215.93,708.12,7.0585,0.47682,0.15361,-0.048749,4.5395,-0.079877,0.03918
2518.7,-215.9,708.16,7.0536,0.48004,0.15347,-0.048786,4.5395,-0.079877,0.03918
2518.8,-215.88,708.21,7.0487,0.48318,0.15337,-0.048887,4.5395,-0.079877,0.03918
2518.9,-215.85,708.25,7.0438,0.48625,0.15329,-0.049046,4.5395,-0.079877,0.03918
2519,-215.83,708.3,7.0389,0.48925,0.15324,-0.049262,4.5395,-0.079877,0.03918
2519.1,-215.8,708.34,7.034,0.49216,0.15321,-0.049531,4.5395,-0.079877,0.03918
2519.2,-215.78,708.39,7.029,0.49501,0.15322,-0.04985,4.5395,-0.079877,0.03918
2519.3,-215.75,708.43,7.024,0.49778,0.15327,-0.050217,4.5395,-0.079877,0.03918
2519.4,-215.73,708.48,7.0189,0.50048,0.15335,-0.050628,4.5395,-0.079877,0.03918
2519.5,-215.7,708.52,7.0139,0.50311,0.15346,-0.051081,4.5395,-0.079877,0.03918
2519.6,-215.67,708.57,7.0087,0.50566,0.15361,-0.051574,4.5395,-0.079877,0.03918
2519.7,-215.64,708.61,7.0035,0.50815,0.1538,-0.052103,4.5395,-0.079877,0.03918
2519.8,-215.61,708.66,6.9983,0.51057,0.15403,-0.052667,4.5395,-0.079877,0.03918
2519.9,-215.59,708.7,6.993,0.51292,0.15429,-0.053262,4.5395,-0.079877,0.03918
2520,-215.56,708.75,6.9877,0.51521,0.1546,-0.053887,4.5395,-0.079877,0.03918
2520.1,-215.53,708.79,6.9822,0.51742,0.15495,-0.054539,4.5395,-0.079877,0.03918
2520.2,-215.5,708.84,6.9767,0.51958,0.15534,-0.055216,4.5395,-0.079877,0.03918
2520.3,-215.47,708.88,6.9712,0.52166,0.15577,-0.055915,4.5395,-0.079877,0.03918
2520.4,-215.44,708.93,6.9656,0.52369,0.15625,-0.056634,4.5395,-0.079877,0.03918
2520.5,-215.41,708.97,6.9599,0.52565,0.15677,-0.057371,4.5395,-0.079877,0.03918
2520.6,-215.37,709.02,6.9541,0.52755,0.15733,-0.058123,4.5395,-0.079877,0.03918
2520.7,-215.34,709.06,6.9482,0.52939,0.15794,-0.058888,4.5395,-0.079877,0.03918
2520.8,-215.31,709.11,6.9423,0.53117,0.15858,-0.059665,4.5395,-0.079877,0.03918
2520.9,-215.28,709.15,6.9363,0.5329,0.15928,-0.06045,4.5395,-0.079877,0.03918
2521,-215.25,709.2,6.9302,0.53456,0.16001,-0.061243,4.5395,-0.079877,0.03918
2521.1,-215.21,709.24,6.9241,0.53617,0.16078,-0.06204,4.5395,-0.079877,0.03918
2521.2,-215.18,709.29,6.9178,0.53772,0.1616,-0.062839,4.5395,-0.079877,0.03918
2521.3,-215.14,709.33,6.9115,0.53922,0.16246,-0.06364,4.5395,-0.079877,0.03918
2521.4,-215.11,709.38,6.9051,0.54067,0.16336,-0.064439,4.5395,-0.079877,0.03918
2521.5,-215.08,709.42,6.8986,0.54206,0.1643,-0.065234,4.5395,-0.079877,0.03918
2521.6,-215.04,709.47,6.892,0.5434,0.16528,-0.066025,4.5395,-0.079877,0.03918
2521.7,-215.01,709.51,6.8854,0.54469,0.16629,-0.06681,4.5395,-0.079877,0.03918
2521.8,-214.97,709.55,6.8787,0.54593,0.16735,-0.067586,4.5395,-0.079877,0.03918
2521.9,-214.93,709.6,6.8719,0.54712,0.16844,-0.068352,4.5395,-0.079877,0.03918
2522,-214.9,709.64,6.865,0.54826,0.16956,-0.069106,4.5395,-0.079877,0.03918
2522.1,-214.86,709.69,6.8581,0.54936,0.17071,-0.069848,4.5395,-0.079877,0.03918
2522.2,-214.82,709.73,6.851,0.55041,0.1719,-0.070575,4.5395,-0.079877,0.03918
2522.3,-214.79,709.78,6.8439,0.55142,0.17312,-0.071287,4.5395,-0.079877,0.03918
2522.4,-214.75,709.82,6.8368,0.55238,0.17437,-0.071982,4.5395,-0.079877,0.03918
2522.5,-214.71,709.86,6.8295,0.5533,0.17564,-0.072659,4.5395,-0.079877,0.03918
2522.6,-214.67,709.91,6.8222,0.55418,0.17695,-0.073317,4.5395,-0.079877,0.03918
2522.7,-214.63,709.95,6.8149,0.55502,0.17827,-0.073955,4.5395,-0.079877,0.03918
2522.8,-214.6,709.99,6.8075,0.55582,0.17962,-0.074573,4.5395,-0.079877,0.03918
2522.9,-214.56,710.04,6.8,0.55658,0.18099,-0.075169,4.5395,-0.079877,0.03918
2523,-214.52,710.08,6.7924,0.55731,0.18238,-0.075744,4.5395,-0.079877,0.03918
2523.1,-214.48,710.12,6.7848,0.55799,0.18379,-0.076295,4.5395,-0.079877,0.03918
2523.2,-214.44,710.17,6.7772,0.55865,0.18522,-0.076823,4.5395,-0.079877,0.03918
2523.3,-214.4,710.21,6.7695,0.55926,0.18666,-0.077328,4.5395,-0.079877,0.03918
2523.4,-214.35,710.25,6.7617,0.55985,0.18812,-0.077809,4.5395,-0.079877,0.03918
2523.5,-214.31,710.29,6.7539,0.5604,0.18958,-0.078265,4.5395,-0.079877,0.03918
2523.6,-214.27,710.34,6.746,0.56092,0.19106,-0.078697,4.5395,-0.079877,0.03918
2523.7,-214.23,710.38,6.7382,0.56141,0.19254,-0.079104,4.5395,-0.079877,0.03918
2523.8,-214.19,710.42,6.7302,0.56187,0.19404,-0.079486,4.5395,-0.079877,0.03918
2523.9,-214.15,710.46,6.7223,0.5623,0.19554,-0.079844,4.5395,-0.079877,0.03918
2524,-214.1,710.5,6.7143,0.56271,0.19704,-0.080177,4.5395,-0.079877,0.03918
2524.1,-214.06,710.55,6.7062,0.56309,0.19854,-0.080486,4.5395,-0.079877,0.03918
2524.2,-214.02,710.59,6.6982,0.56344,0.20005,-0.08077,4.5395,-0.079877,0.03918
2524.3,-213.97,710.63,6.6901,0.56377,0.20156,-0.081029,4.5395,-0.079877,0.03918
2524.4,-213.93,710.67,6.682,0.56408,0.20306,-0.081265,4.5395,-0.079877,0.03918
2524.5,-213.88,710.71,6.6738,0.56436,0.20457,-0.081477,4.5395,-0.079877,0.03918
2524.6,-213.84,710.75,6.6657,0.56463,0.20607,-0.081666,1.7918,-4.3886e-16,2.2187e-16
2524.7,-213.8,710.79,6.6574,0.55875,0.20788,-0.082815,1.7918,-4.3886e-16,2.2187e-16
2524.8,-213.75,710.83,6.6491,0.55299,0.20967,-0.083702,1.7918,-4.3886e-16,2.2187e-16
2524.9,-213.71,710.87,6.6407,0.54737,0.21141,-0.084342,1.7918,-4.3886e-16,2.2187e-16
2525,-213.66,710.91,6.6323,0.54186,0.21309,-0.084751,1.7918,-4.3886e-16,2.2187e-16
2525.1,-213.62,710.94,6.6238,0.53648,0.21471,-0.084945,1.7918,-4.3886e-16,2.2187e-16
2525.2,-213.58,710.98,6.6153,0.53122,0.21626,-0.08494,1.7918,-4.3886e-16,2.2187e-16
2525.3,-213.53,711.02,6.6068,0.52609,0.21773,-0.084754,1.7918,-4.3886e-16,2.2187e-16
2525.4,-213.49,711.06,6.5983,0.52108,0.21912,-0.084401,1.7918,-4.3886e-16,2.2187e-16
2525.5,-213.45,711.09,6.5899,0.51619,0.22042,-0.083898,1.7918,-4.3886e-16,2.2187e-16
2525.6,-213.41,711.13,6.5815,0.51143,0.22164,-0.083259,1.7918,-4.3886e-16,2.2187e-16
2525.7,-213.36,711.17,6.5733,0.50678,0.22276,-0.082499,1.7918,-4.3886e-16,2.2187e-16
2525.8,-213.32,711.2,6.5651,0.50226,0.22379,-0.08163,1.7918,-4.3886e-16,2.2187e-16
2525.9,-213.28,711.24,6.5569,0.49786,0.22472,-0.080665,1.7918,-4.3886e-16,2.2187e-16
2526,-213.24,711.27,6.5489,0.49357,0.22556,-0.079616,1.7918,-4.3886e-16,2.2187e-16
2526.1,-213.2,711.31,6.541,0.4894,0.22631,-0.078493,1.7918,-4.3886e-16,2.2187e-16
2526.2,-213.15,711.34,6.5332,0.48535,0.22697,-0.077306,1.7918,-4.3886e-16,2.2187e-16
2526.3,-213.11,711.38,6.5256,0.48141,0.22753,-0.076064,1.7918,-4.3886e-16,2.2187e-16
2526.4,-213.07,711.41,6.518,0.47759,0.22801,-0.074776,1.7918,-4.3886e-16,2.2187e-16
2526.5,-213.03,711.44,6.5106,0.47387,0.2284,-0.073448,1.7918,-4.3886e-16,2.2187e-16
2526.6,-212.99,711.47,6.5033,0.47027,0.2287,-0.072088,1.7918,-4.3886e-16,2.2187e-16
2526.7,-212.95,711.51,6.4962,0.46677,0.22892,-0.070703,1.7918,-4.3886e-16,2.2187e-16
2526.8,-212.91,711.54,6.4892,0.46338,0.22906,-0.069297,1.7918,-4.3886e-16,2.2187e-16
2526.9,-212.87,711.57,6.4823,0.4601,0.22912,-0.067876,1.7918,-4.3886e-16,2.2187e-16
2527,-212.83,711.6,6.4756,0.45691,0.22911,-0.066445,1.7918,-4.3886e-16,2.2187e-16
2527.1,-212.79,711.63,6.469,0.45383,0.22902,-0.065008,1.7918,-4.3886e-16,2.2187e-16
2527.2,-212.75,711.66,6.4626,0.45084,0.22886,-0.063568,1.7918,-4.3886e-16,2.2187e-16
2527.3,-212.71,711.69,6.4563,0.44795,0.22863,-0.062129,1.7918,-4.3886e-16,2.2187e-16
2527.4,-212.67,711.72,6.4502,0.44515,0.22834,-0.060695,1.7918,-4.3886e-16,2.2187e-16
2527.5,-212.63,711.75,6.4442,0.44244,0.22799,-0.059266,1.7918,-4.3886e-16,2.2187e-16
2527.6,-212.59,711.78,6.4383,0.43982,0.22758,-0.057847,1.7918,-4.3886e-16,2.2187e-16
2527.7,-212.55,711.81,6.4326,0.43729,0.2271,-0.05644,1.7918,-4.3886e-16,2.2187e-16
2527.8,-212.51,711.84,6.427,0.43484,0.22658,-0.055045,1.7918,-4.3886e-16,2.2187e-16
2527.9,-212.47,711.87,6.4216,0.43247,0.22599,-0.053666,1.7918,-4.3886e-16,2.2187e-16
2528,-212.43,711.9,6.4163,0.43019,0.22536,-0.052303,1.7918,-4.3886e-16,2.2187e-16
2528.1,-212.39,711.93,6.4111,0.42798,0.22468,-0.050958,1.7918,-4.3886e-16,2.2187e-16
2528.2,-212.35,711.95,6.4061,0.42585,0.22395,-0.049632,1.7918,-4.3886e-16,2.2187e-16
2528.3,-212.31,711.98,6.4012,0.42379,0.22318,-0.048326,1.7918,-4.3886e-16,2.2187e-16
2528.4,-212.27,712.01,6.3964,0.42181,0.22237,-0.047042,1.7918,-4.3886e-16,2.2187e-16
2528.5,-212.23,712.03,6.3918,0.41989,0.22151,-0.045779,1.7918,-4.3886e-16,2.2187e-16
2528.6,-212.19,712.06,6.3873,0.41805,0.22062,-0.044538,1.7918,-4.3886e-16,2.2187e-16
2528.7,-212.15,712.09,6.3829,0.41626,0.21969,-0.04332,1.7918,-4.3886e-16,2.2187e-16
2528.8,-212.11,712.11,6.3786,0.41455,0.21872,-0.042127,1.7918,-4.3886e-16,2.2187e-16
2528.9,-212.07,712.14,6.3745,0.41289,0.21772,-0.040957,1.7918,-4.3886e-16,2.2187e-16
2529,-212.03,712.16,6.3704,0.41129,0.21669,-0.039811,1.7918,-4.3886e-16,2.2187e-16
2529.1,-211.99,712.19,6.3665,0.40975,0.21563,-0.038691,1.7918,-4.3886e-16,2.2187e-16
2529.2,-211.96,712.21,6.3627,0.40827,0.21453,-0.037595,1.7918,-4.3886e-16,2.2187e-16
2529.3,-211.92,712.24,6.359,0.40684,0.21342,-0.036524,1.7918,-4.3886e-16,2.2187e-16
2529.4,-211.88,712.26,6.3554,0.40546,0.21227,-0.035479,1.7918,-4.3886e-16,2.2187e-16
2529.5,-211.84,712.29,6.3519,0.40414,0.2111,-0.034459,1.7918,-4.3886e-16,2.2187e-16
2529.6,-211.8,712.31,6.3485,0.40286,0.2099,-0.033465,1.7918,-4.3886e-16,2.2187e-16
2529.7,-211.76,712.33,6.3452,0.40163,0.20869,-0.032496,1.7918,-4.3886e-16,2.2187e-16
2529.8,-211.72,712.36,6.342,0.40045,0.20745,-0.031553,1.7918,-4.3886e-16,2.2187e-16
2529.9,-211.68,712.38,6.3389,0.39931,0.20619,-0.030635,1.7918,-4.3886e-16,2.2187e-16
2530,-211.64,712.4,6.3359,0.39822,0.20491,-0.029743,1.7918,-4.3886e-16,2.2187e-16
2530.1,-211.61,712.42,6.3329,0.39716,0.20362,-0.028876,1.7918,-4.3886e-16,2.2187e-16
2530.2,-211.57,712.45,6.3301,0.39614,0.20231,-0.028035,1.7918,-4.3886e-16,2.2187e-16
2530.3,-211.53,712.47,6.3273,0.39517,0.20098,-0.027219,1.7918,-4.3886e-16,2.2187e-16
2530.4,-211.49,712.49,6.3246,0.39423,0.19964,-0.026428,1.7918,-4.3886e-16,2.2187e-16
2530.5,-211.45,712.51,6.322,0.39332,0.19828,-0.025662,1.7918,-4.3886e-16,2.2187e-16
2530.6,-211.41,712.53,6.3195,0.39245,0.19691,-0.024922,1.7918,-4.3886e-16,2.2187e-16
2530.7,-211.37,712.55,6.3171,0.39162,0.19553,-0.024206,1.7918,-4.3886e-16,2.2187e-16
2530.8,-211.34,712.58,6.3147,0.39081,0.19413,-0.023515,1.7918,-4.3886e-16,2.2187e-16
2530.9,-211.3,712.6,6.3124,0.39003,0.19273,-0.022848,1.7918,-4.3886e-16,2.2187e-16
2531,-211.26,712.62,6.3101,0.38929,0.19131,-0.022206,1.7918,-4.3886e-16,2.2187e-16
2531.1,-211.22,712.64,6.3079,0.38857,0.18989,-0.021588,1.7918,-4.3886e-16,2.2187e-16
2531.2,-211.18,712.66,6.3058,0.38788,0.18846,-0.020994,1.7918,-4.3886e-16,2.2187e-16
2531.3,-211.14,712.68,6.3037,0.38721,0.18702,-0.020424,1.7918,-4.3886e-16,2.2187e-16
2531.4,-211.11,712.69,6.3017,0.38657,0.18557,-0.019877,1.7918,-4.3886e-16,2.2187e-16
2531.5,-211.07,712.71,6.2997,0.38596,0.18412,-0.019355,1.7918,-4.3886e-16,2.2187e-16
2531.6,-211.03,712.73,6.2978,0.38537,0.18267,-0.018855,1.7918,-4.3886e-16,2.2187e-16
2531.7,-210.99,712.75,6.296,0.38479,0.18121,-0.018379,1.7918,-4.3886e-16,2.2187e-16
2531.8,-210.95,712.77,6.2942,0.38424,0.17974,-0.017925,1.7918,-4.3886e-16,2.2187e-16
2531.9,-210.91,712.79,6.2924,0.38371,0.17827,-0.017494,1.7918,-4.3886e-16,2.2187e-16
2532,-210.88,712.81,6.2907,0.3832,0.1768,-0.017086,1.7918,-4.3886e-16,2.2187e-16
2532.1,-210.84,712.82,6.289,0.38271,0.17533,-0.0167,1.7918,-4.3886e-16,2.2187e-16
2532.2,-210.8,712.84,6.2873,0.38224,0.17386,-0.016336,1.7918,-4.3886e-16,2.2187e-16
2532.3,-210.76,712.86,6.2857,0.38178,0.17239,-0.015994,1.7918,-4.3886e-16,2.2187e-16
2532.4,-210.72,712.88,6.2841,0.38134,0.17091,-0.015674,1.7918,-4.3886e-16,2.2187e-16
2532.5,-210.69,712.89,6.2826,0.38091,0.16944,-0.015374,1.7918,-4.3886e-16,2.2187e-16
2532.6,-210.65,712.91,6.281,0.3805,0.16797,-0.015097,1.7918,-4.3886e-16,2.2187e-16
2532.7,-210.61,712.93,6.2795,0.3801,0.1665,-0.01484,1.7918,-4.3886e-16,2.2187e-16
2532.8,-210.57,712.94,6.2781,0.37972,0.16503,-0.014603,1.7918,-4.3886e-16,2.2187e-16
2532.9,-210.53,712.96,6.2766,0.37934,0.16357,-0.014387,1.7918,-4.3886e-16,2.2187e-16
2533,-210.5,712.98,6.2752,0.37898,0.16211,-0.014192,1.7918,-4.3886e-16,2.2187e-16
2533.1,-210.46,712.99,6.2738,0.37864,0.16066,-0.014016,1.7918,-4.3886e-16,2.2187e-16
2533.2,-210.42,713.01,6.2724,0.3783,0.15921,-0.01386,1.7918,-4.3886e-16,2.2187e-16
2533.3,-210.38,713.02,6.271,0.37797,0.15776,-0.013723,1.7918,-4.3886e-16,2.2187e-16
2533.4,-210.34,713.04,6.2696,0.37766,0.15633,-0.013605,1.7918,-4.3886e-16,2.2187e-16
2533.5,-210.31,713.05,6.2683,0.37735,0.15489,-0.013506,1.7918,-4.3886e-16,2.2187e-16
2533.6,-210.27,713.07,6.2669,0.37705,0.15347,-0.013425,1.7918,-4.3886e-16,2.2187e-16
2533.7,-210.23,713.08,6.2656,0.37676,0.15205,-0.013363,1.7918,-4.3886e-16,2.2187e-16
2533.8,-210.19,713.1,6.2643,0.37648,0.15065,-0.013318,1.7918,-4.3886e-16,2.2187e-16
2533.9,-210.15,713.11,6.2629,0.3762,0.14925,-0.013291,1.7918,-4.3886e-16,2.2187e-16
2534,-210.12,713.12,6.2616,0.37594,0.14786,-0.013282,1.7918,-4.3886e-16,2.2187e-16
2534.1,-210.08,713.14,6.2603,0.37568,0.14648,-0.013289,1.7918,-4.3886e-16,2.2187e-16
2534.2,-210.04,713.15,6.2589,0.37542,0.14511,-0.013312,1.7918,-4.3886e-16,2.2187e-16
2534.3,-210,713.17,6.2576,0.37518,0.14375,-0.013352,1.7918,-4.3886e-16,2.2187e-16
2534.4,-209.96,713.18,6.2563,0.37493,0.14241,-0.013408,1.7918,-4.3886e-16,2.2187e-16
2534.5,-209.93,713.19,6.2549,0.3747,0.14107,-0.013479,1.7918,-4.3886e-16,2.2187e-16
2534.6,-209.89,713.21,6.2536,0.37447,0.13975,-0.013565,1.7918,-4.3886e-16,2.2187e-16
2534.7,-209.85,713.22,6.2522,0.37424,0.13844,-0.013666,1.7918,-4.3886e-16,2.2187e-16
2534.8,-209.81,713.23,6.2508,0.37402,0.13715,-0.013781,1.7918,-4.3886e-16,2.2187e-16
2534.9,-209.78,713.24,6.2495,0.3738,0.13586,-0.01391,1.7918,-4.3886e-16,2.2187e-16
2535,-209.74,713.26,6.2481,0.37359,0.13459,-0.014053,1.7918,-4.3886e-16,2.2187e-16
2535.1,-209.7,713.27,6.2467,0.37338,0.13334,-0.014209,1.7918,-4.3886e-16,2.2187e-16
2535.2,-209.66,713.28,6.2452,0.37318,0.1321,-0.014377,1.7918,-4.3886e-16,2.2187e-16
2535.3,-209.62,713.29,6.2438,0.37298,0.13088,-0.014558,1.7918,-4.3886e-16,2.2187e-16
2535.4,-209.59,713.3,6.2423,0.37278,0.12967,-0.01475,1.7918,-4.3886e-16,2.2187e-16
2535.5,-209.55,713.31,6.2408,0.37258,0.12848,-0.014954,1.7918,-4.3886e-16,2.2187e-16
2535.6,-209.51,713.33,6.2393,0.37239,0.1273,-0.015168,1.7918,-4.3886e-16,2.2187e-16
2535.7,-209.47,713.34,6.2378,0.3722,0.12615,-0.015393,1.7918,-4.3886e-16,2.2187e-16
2535.8,-209.44,713.35,6.2362,0.37202,0.125,-0.015629,1.7918,-4.3886e-16,2.2187e-16
2535.9,-209.4,713.36,6.2347,0.37183,0.12388,-0.015873,1.7918,-4.3886e-16,2.2187e-16
2536,-209.36,713.37,6.2331,0.37165,0.12277,-0.016127,1.7918,-4.3886e-16,2.2187e-16
2536.1,-209.32,713.38,6.2314,0.37148,0.12168,-0.016389,1.7918,-4.3886e-16,2.2187e-16
2536.2,-209.28,713.39,6.2298,0.3713,0.12061,-0.01666,1.7918,-4.3886e-16,2.2187e-16
2536.3,-209.25,713.4,6.2281,0.37113,0.11956,-0.016938,1.7918,-4.3886e-16,2.2187e-16
2536.4,-209.21,713.41,6.2264,0.37095,0.11852,-0.017224,1.7918,-4.3886e-16,2.2187e-16
2536.5,-209.17,713.42,6.2247,0.37078,0.11751,-0.017516,1.7918,-4.3886e-16,2.2187e-16
2536.6,-209.13,713.43,6.2229,0.37062,0.11651,-0.017815,1.7918,-4.3886e-16,2.2187e-16
2536.7,-209.1,713.44,6.2211,0.37045,0.11553,-0.018119,1.7918,-4.3886e-16,2.2187e-16
2536.8,-209.06,713.45,6.2193,0.37029,0.11457,-0.018429,1.7918,-4.3886e-16,2.2187e-16
2536.9,-209.02,713.45,6.2174,0.37012,0.11363,-0.018743,1.7918,-4.3886e-16,2.2187e-16
2537,-208.98,713.46,6.2155,0.36996,0.11271,-0.019062,1.7918,-4.3886e-16,2.2187e-16
2537.1,-208.94,713.47,6.2136,0.3698,0.11181,-0.019385,1.7918,-4.3886e-16,2.2187e-16
2537.2,-208.91,713.48,6.2116,0.36964,0.11093,-0.019712,1.7918,-4.3886e-16,2.2187e-16
2537.3,-208.87,713.49,6.2097,0.36949,0.11006,-0.020042,1.7918,-4.3886e-16,2.2187e-16
2537.4,-208.83,713.5,6.2076,0.36933,0.10922,-0.020374,1.7918,-4.3886e-16,2.2187e-16
2537.5,-208.79,713.51,6.2056,0.36918,0.10839,-0.020709,4.784,-0.37231,0.18262
2537.6,-208.76,713.51,6.2038,0.37573,0.10598,-0.015945,4.784,-0.37231,0.18262
2537.7,-208.72,713.52,6.2024,0.38219,0.10347,-0.011276,4.784,-0.37231,0.18262
2537.8,-208.68,713.53,6.2015,0.38858,0.10086,-0.0066573,4.784,-0.37231,0.18262
2537.9,-208.64,713.53,6.2011,0.39487,0.098138,-0.002045,4.784,-0.37231,0.18262
2538,-208.6,713.54,6.2011,0.40108,0.095271,0.0025914,4.784,-0.37231,0.18262
2538.1,-208.56,713.55,6.2016,0.4072,0.092101,0.0072116,4.784,-0.37231,0.18262
2538.2,-208.52,713.55,6.2025,0.41322,0.088611,0.011802,4.784,-0.37231,0.18262
2538.3,-208.47,713.56,6.2039,0.41915,0.084811,0.016355,4.784,-0.37231,0.18262
2538.4,-208.43,713.56,6.2058,0.42499,0.080713,0.020869,4.784,-0.37231,0.18262
2538.5,-208.39,713.57,6.2081,0.43072,0.076329,0.025342,4.784,-0.37231,0.18262
2538.6,-208.34,713.57,6.2109,0.43635,0.071673,0.029773,4.784,-0.37231,0.18262
2538.7,-208.3,713.58,6.2141,0.44188,0.066762,0.034164,4.784,-0.37231,0.18262
2538.8,-208.25,713.58,6.2177,0.4473,0.06161,0.038519,4.784,-0.37231,0.18262
2538.9,-208.21,713.58,6.2218,0.4526,0.056237,0.042842,4.784,-0.37231,0.18262
2539,-208.16,713.58,6.2263,0.45779,0.05066,0.047139,4.784,-0.37231,0.18262
2539.1,-208.12,713.59,6.2312,0.46286,0.044896,0.051417,4.784,-0.37231,0.18262
2539.2,-208.07,713.59,6.2365,0.46781,0.038964,0.055681,4.784,-0.37231,0.18262
2539.3,-208.02,713.59,6.2423,0.47264,0.032883,0.05994,4.784,-0.37231,0.18262
2539.4,-207.98,713.59,6.2485,0.47733,0.026671,0.0642,4.784,-0.37231,0.18262
2539.5,-207.93,713.59,6.2552,0.4819,0.020345,0.068467,4.784,-0.37231,0.18262
2539.6,-207.88,713.59,6.2622,0.48634,0.013925,0.072749,4.784,-0.37231,0.18262
2539.7,-207.83,713.59,6.2697,0.49064,0.0074261,0.077048,4.784,-0.37231,0.18262
2539.8,-207.78,713.59,6.2776,0.4948,0.00086716,0.081371,4.784,-0.37231,0.18262
2539.9,-207.73,713.59,6.286,0.49882,-0.0057788,0.085672,4.784,-0.37231,0.18262
2540,-207.68,713.59,6.2948,0.5027,-0.01257,0.089865,4.784,-0.37231,0.18262
2540.1,-207.63,713.59,6.304,0.50643,-0.019498,0.093934,4.784,-0.37231,0.18262
2540.2,-207.58,713.59,6.3136,0.51002,-0.02655,0.097866,4.784,-0.37231,0.18262
2540.3,-207.53,713.59,6.3235,0.51346,-0.033715,0.10165,4.784,-0.37231,0.18262
2540.4,-207.48,713.59,6.3339,0.51674,-0.040979,0.10527,4.784,-0.37231,0.18262
2540.5,-207.43,713.59,6.3446,0.51987,-0.04833,0.10873,4.784,-0.37231,0.18262
2540.6,-207.37,713.58,6.3556,0.52284,-0.055753,0.11201,4.784,-0.37231,0.18262
2540.7,-207.32,713.58,6.367,0.52565,-0.063234,0.11511,4.784,-0.37231,0.18262
2540.8,-207.27,713.58,6.3786,0.52832,-0.070761,0.11804,4.784,-0.37231,0.18262
2540.9,-207.21,713.58,6.3906,0.53082,-0.078318,0.12078,4.784,-0.37231,0.18262
2541,-207.16,713.58,6.4028,0.53317,-0.085894,0.12334,4.784,-0.37231,0.18262
2541.1,-207.11,713.57,6.4152,0.53536,-0.093474,0.12571,4.784,-0.37231,0.18262
2541.2,-207.05,713.57,6.4279,0.53741,-0.10105,0.12791,4.784,-0.37231,0.18262
2541.3,-207,713.57,6.4408,0.5393,-0.1086,0.12993,4.784,-0.37231,0.18262
2541.4,-206.94,713.57,6.4539,0.54104,-0.11612,0.13177,4.784,-0.37231,0.18262
2541.5,-206.89,713.57,6.4672,0.54264,-0.12361,0.13345,4.784,-0.37231,0.18262
2541.6,-206.83,713.56,6.4806,0.5441,-0.13104,0.13496,4.784,-0.37231,0.18262
2541.7,-206.77,713.56,6.4941,0.54542,-0.13841,0.13631,4.784,-0.37231,0.18262
2541.8,-206.72,713.56,6.5078,0.54661,-0.14571,0.1375,4.784,-0.37231,0.18262
2541.9,-206.66,713.56,6.5216,0.54767,-0.15293,0.13855,4.784,-0.37231,0.18262
2542,-206.6,713.55,6.5355,0.5486,-0.16007,0.13945,4.784,-0.37231,0.18262
2542.1,-206.55,713.55,6.5495,0.54941,-0.16712,0.14022,4.784,-0.37231,0.18262
2542.2,-206.49,713.55,6.5636,0.55011,-0.17408,0.14085,4.784,-0.37231,0.18262
2542.3,-206.43,713.55,6.5777,0.55069,-0.18094,0.14135,4.784,-0.37231,0.18262
2542.4,-206.37,713.55,6.5918,0.55117,-0.18769,0.14174,4.784,-0.37231,0.18262
2542.5,-206.31,713.55,6.606,0.55155,-0.19433,0.14201,4.784,-0.37231,0.18262
2542.6,-206.26,713.55,6.6202,0.55184,-0.20086,0.14217,4.784,-0.37231,0.18262
2542.7,-206.2,713.55,6.6345,0.55204,-0.20728,0.14223,4.784,-0.37231,0.18262
2542.8,-206.14,713.55,6.6487,0.55215,-0.21358,0.14218,4.784,-0.37231,0.18262
2542.9,-206.08,713.55,6.6629,0.55218,-0.21976,0.14205,4.784,-0.37231,0.18262
2543,-206.02,713.55,6.6771,0.55214,-0.22582,0.14182,4.784,-0.37231,0.18262
2543.1,-205.96,713.55,6.6913,0.55202,-0.23177,0.14151,4.784,-0.37231,0.18262
2543.2,-205.9,713.55,6.7054,0.55185,-0.23759,0.14112,4.784,-0.37231,0.18262
2543.3,-205.84,713.55,6.7195,0.55161,-0.24329,0.14065,4.784,-0.37231,0.18262
2543.4,-205.78,713.55,6.7335,0.55133,-0.24888,0.14011,4.784,-0.37231,0.18262
2543.5,-205.72,713.55,6.7475,0.55099,-0.25434,0.13951,4.784,-0.37231,0.18262
2543.6,-205.66,713.55,6.7614,0.5506,-0.25969,0.13884,4.784,-0.37231,0.18262
2543.7,-205.6,713.56,6.7753,0.55018,-0.26492,0.13811,4.784,-0.37231,0.18262
2543.8,-205.54,713.56,6.789,0.54972,-0.27003,0.13733,4.784,-0.37231,0.18262
2543.9,-205.47,713.56,6.8027,0.54923,-0.27503,0.13649,4.784,-0.37231,0.18262
2544,-205.41,713.57,6.8163,0.54871,-0.27991,0.13561,4.784,-0.37231,0.18262
2544.1,-205.35,713.57,6.8299,0.54816,-0.28469,0.13468,4.784,-0.37231,0.18262
2544.2,-205.29,713.57,6.8433,0.5476,-0.28935,0.1337,4.784,-0.37231,0.18262
2544.3,-205.23,713.58,6.8566,0.54701,-0.29391,0.13269,6.852,-1.6783e-15,7.7511e-16
2544.4,-205.17,713.58,6.8696,0.55108,-0.29677,0.12692,6.852,-1.6783e-15,7.7511e-16
2544.5,-205.1,713.59,6.882,0.55514,-0.29943,0.1219,6.852,-1.6783e-15,7.7511e-16
2544.6,-205.04,713.6,6.894,0.55918,-0.30194,0.11752,6.852,-1.6783e-15,7.7511e-16
2544.7,-204.98,713.61,6.9055,0.56319,-0.30433,0.11368,6.852,-1.6783e-15,7.7511e-16
2544.8,-204.91,713.61,6.9167,0.56715,-0.3066,0.1103,6.852,-1.6783e-15,7.7511e-16
2544.9,-204.85,713.62,6.9276,0.57106,-0.3088,0.10733,6.852,-1.6783e-15,7.7511e-16
2545,-204.79,713.63,6.9382,0.57493,-0.31092,0.10471,6.852,-1.6783e-15,7.7511e-16
2545.1,-204.72,713.64,6.9486,0.57872,-0.31299,0.10241,6.852,-1.6783e-15,7.7511e-16
2545.2,-204.66,713.66,6.9587,0.58246,-0.31501,0.10037,6.852,-1.6783e-15,7.7511e-16
2545.3,-204.59,713.67,6.9686,0.58612,-0.317,0.098583,6.852,-1.6783e-15,7.7511e-16
2545.4,-204.52,713.68,6.9784,0.58972,-0.31896,0.09701,6.852,-1.6783e-15,7.7511e-16
2545.5,-204.46,713.69,6.988,0.59323,-0.32091,0.09563,6.852,-1.6783e-15,7.7511e-16
2545.6,-204.39,713.71,6.9975,0.59667,-0.32284,0.094424,6.852,-1.6783e-15,7.7511e-16
2545.7,-204.33,713.72,7.0069,0.60003,-0.32477,0.093373,6.852,-1.6783e-15,7.7511e-16
2545.8,-204.26,713.74,7.0162,0.6033,-0.32669,0.092461,6.852,-1.6783e-15,7.7511e-16
2545.9,-204.19,713.76,7.0254,0.60649,-0.32862,0.091674,6.852,-1.6783e-15,7.7511e-16
2546,-204.13,713.77,7.0346,0.6096,-0.33055,0.091,6.852,-1.6783e-15,7.7511e-16
2546.1,-204.06,713.79,7.0436,0.61262,-0.3325,0.090425,6.852,-1.6783e-15,7.7511e-16
2546.2,-203.99,713.81,7.0526,0.61556,-0.33446,0.08994,6.852,-1.6783e-15,7.7511e-16
2546.3,-203.92,713.83,7.0616,0.61841,-0.33643,0.089535,6.852,-1.6783e-15,7.7511e-16
2546.4,-203.86,713.85,7.0706,0.62118,-0.33842,0.089199,6.852,-1.6783e-15,7.7511e-16
2546.5,-203.79,713.87,7.0795,0.62386,-0.34043,0.088926,6.852,-1.6783e-15,7.7511e-16
2546.6,-203.72,713.89,7.0883,0.62646,-0.34247,0.088706,6.852,-1.6783e-15,7.7511e-16
2546.7,-203.65,713.91,7.0972,0.62897,-0.34452,0.088533,6.852,-1.6783e-15,7.7511e-16
2546.8,-203.58,713.93,7.1061,0.6314,-0.3466,0.0884,6.852,-1.6783e-15,7.7511e-16
2546.9,-203.52,713.96,7.1149,0.63375,-0.3487,0.088299,6.852,-1.6783e-15,7.7511e-16
2547,-203.45,713.98,7.1237,0.63602,-0.35083,0.088226,6.852,-1.6783e-15,7.7511e-16
2547.1,-203.38,714,7.1325,0.63821,-0.35298,0.088173,6.852,-1.6783e-15,7.7511e-16
2547.2,-203.31,714.03,7.1413,0.64032,-0.35515,0.088137,6.852,-1.6783e-15,7.7511e-16
2547.3,-203.24,714.06,7.1502,0.64235,-0.35736,0.088111,6.852,-1.6783e-15,7.7511e-16
2547.4,-203.17,714.08,7.159,0.64431,-0.35958,0.088091,6.852,-1.6783e-15,7.7511e-16
2547.5,-203.1,714.11,7.1678,0.64619,-0.36183,0.088072,6.852,-1.6783e-15,7.7511e-16
2547.6,-203.03,714.14,7.1766,0.64801,-0.36411,0.088051,6.852,-1.6783e-15,7.7511e-16
2547.7,-202.96,714.16,7.1854,0.64975,-0.36641,0.088023,6.852,-1.6783e-15,7.7511e-16
2547.8,-202.9,714.19,7.1942,0.65143,-0.36873,0.087984,6.852,-1.6783e-15,7.7511e-16
2547.9,-202.83,714.22,7.203,0.65305,-0.37107,0.087932,6.852,-1.6783e-15,7.7511e-16
2548,-202.76,714.25,7.2118,0.6546,-0.37344,0.087863,6.852,-1.6783e-15,7.7511e-16
2548.1,-202.69,714.28,7.2206,0.65608,-0.37582,0.087774,6.852,-1.6783e-15,7.7511e-16
2548.2,-202.62,714.31,7.2293,0.65751,-0.37823,0.087662,6.852,-1.6783e-15,7.7511e-16
2548.3,-202.55,714.34,7.2381,0.65889,-0.38065,0.087525,6.852,-1.6783e-15,7.7511e-16
2548.4,-202.48,714.38,7.2468,0.66021,-0.38309,0.087361,6.852,-1.6783e-15,7.7511e-16
2548.5,-202.41,714.41,7.2556,0.66148,-0.38554,0.087167,6.852,-1.6783e-15,7.7511e-16
2548.6,-202.34,714.44,7.2643,0.6627,-0.38801,0.086941,6.852,-1.6783e-15,7.7511e-16
2548.7,-202.27,714.48,7.2729,0.66387,-0.3905,0.086682,6.852,-1.6783e-15,7.7511e-16
2548.8,-202.2,714.51,7.2816,0.665,-0.39299,0.086388,6.852,-1.6783e-15,7.7511e-16
2548.9,-202.14,714.54,7.2902,0.66608,-0.3955,0.086057,6.852,-1.6783e-15,7.7511e-16
2549,-202.07,714.58,7.2988,0.66713,-0.39802,0.085689,6.852,-1.6783e-15,7.7511e-16
2549.1,-202,714.62,7.3074,0.66814,-0.40055,0.085281,6.852,-1.6783e-15,7.7511e-16
2549.2,-201.93,714.65,7.3159,0.66912,-0.40308,0.084833,6.852,-1.6783e-15,7.7511e-16
2549.3,-201.86,714.69,7.3243,0.67006,-0.40563,0.084344,6.852,-1.6783e-15,7.7511e-16
2549.4,-201.79,714.73,7.3327,0.67098,-0.40818,0.083814,6.852,-1.6783e-15,7.7511e-16
2549.5,-201.72,714.77,7.3411,0.67186,-0.41073,0.08324,6.852,-1.6783e-15,7.7511e-16
2549.6,-201.65,714.8,7.3494,0.67273,-0.41329,0.082622,6.852,-1.6783e-15,7.7511e-16
2549.7,-201.58,714.84,7.3576,0.67357,-0.41585,0.08196,6.852,-1.6783e-15,7.7511e-16
2549.8,-201.52,714.88,7.3658,0.67439,-0.41842,0.081254,6.852,-1.6783e-15,7.7511e-16
2549.9,-201.45,714.92,7.3739,0.67519,-0.42099,0.080501,6.852,-1.6783e-15,7.7511e-16
2550,-201.38,714.96,7.3819,0.67598,-0.42355,0.079703,6.852,-1.6783e-15,7.7511e-16
2550.1,-201.31,715,7.3898,0.67676,-0.42612,0.078857,6.852,-1.6783e-15,7.7511e-16
2550.2,-201.24,715.05,7.3976,0.67753,-0.42869,0.077965,6.852,-1.6783e-15,7.7511e-16
2550.3,-201.17,715.09,7.4054,0.67829,-0.43126,0.077024,6.852,-1.6783e-15,7.7511e-16
2550.4,-201.11,715.13,7.413,0.67905,-0.43383,0.076034,6.852,-1.6783e-15,7.7511e-16
2550.5,-201.04,715.17,7.4206,0.6798,-0.4364,0.074995,6.852,-1.6783e-15,7.7511e-16
2550.6,-200.97,715.22,7.428,0.68055,-0.43897,0.073906,6.852,-1.6783e-15,7.7511e-16
2550.7,-200.9,715.26,7.4354,0.68131,-0.44153,0.072767,6.852,-1.6783e-15,7.7511e-16
2550.8,-200.83,715.31,7.4426,0.68207,-0.4441,0.071575,6.852,-1.6783e-15,7.7511e-16
2550.9,-200.77,715.35,7.4497,0.68283,-0.44666,0.07033,6.852,-1.6783e-15,7.7511e-16
2551,-200.7,715.4,7.4567,0.68361,-0.44922,0.069031,6.852,-1.6783e-15,7.7511e-16
2551.1,-200.63,715.44,7.4635,0.6844,-0.45178,0.067677,6.852,-1.6783e-15,7.7511e-16
2551.2,-200.56,715.49,7.4702,0.6852,-0.45434,0.066266,6.852,-1.6783e-15,7.7511e-16
2551.3,-200.49,715.54,7.4767,0.68602,-0.45689,0.064796,6.852,-1.6783e-15,7.7511e-16
2551.4,-200.43,715.58,7.4831,0.68686,-0.45945,0.063266,6.852,-1.6783e-15,7.7511e-16
2551.5,-200.36,715.63,7.4894,0.68772,-0.462,0.061674,6.852,-1.6783e-15,7.7511e-16
2551.6,-200.29,715.68,7.4955,0.6886,-0.46456,0.060017,6.852,-1.6783e-15,7.7511e-16
2551.7,-200.22,715.73,7.5014,0.68951,-0.46711,0.058292,6.852,-1.6783e-15,7.7511e-16
2551.8,-200.16,715.78,7.5071,0.69045,-0.46966,0.056497,6.852,-1.6783e-15,7.7511e-16
2551.9,-200.09,715.83,7.5127,0.69142,-0.47222,0.054628,6.852,-1.6783e-15,7.7511e-16
2552,-200.02,715.87,7.5181,0.69243,-0.47477,0.052681,6.852,-1.6783e-15,7.7511e-16
2552.1,-199.95,715.92,7.5232,0.69347,-0.47733,0.050652,6.852,-1.6783e-15,7.7511e-16
2552.2,-199.89,715.97,7.5282,0.69456,-0.47989,0.048536,6.852,-1.6783e-15,7.7511e-16
2552.3,-199.82,716.03,7.5329,0.6957,-0.48246,0.046328,6.852,-1.6783e-15,7.7511e-16
2552.4,-199.75,716.08,7.5374,0.69688,-0.48503,0.04402,6.852,-1.6783e-15,7.7511e-16
2552.5,-199.68,716.13,7.5417,0.69811,-0.4876,0.041606,6.852,-1.6783e-15,7.7511e-16
2552.6,-199.61,716.18,7.5458,0.6994,-0.49018,0.039077,6.852,-1.6783e-15,7.7511e-16
2552.7,-199.55,716.23,7.5495,0.70075,-0.49276,0.036424,6.852,-1.6783e-15,7.7511e-16
2552.8,-199.48,716.28,7.553,0.70217,-0.49536,0.033636,6.852,-1.6783e-15,7.7511e-16
2552.9,-199.41,716.34,7.5563,0.70366,-0.49796,0.0307,6.852,-1.6783e-15,7.7511e-16
2553,-199.34,716.39,7.5592,0.70523,-0.50057,0.027602,6.852,-1.6783e-15,7.7511e-16
2553.1,-199.27,716.44,7.5618,0.70688,-0.5032,0.024325,6.852,-1.6783e-15,7.7511e-16
2553.2,-199.2,716.5,7.564,0.70863,-0.50583,0.020849,6.852,-1.6783e-15,7.7511e-16
2553.3,-199.14,716.55,7.5659,0.71047,-0.50848,0.017151,6.852,-1.6783e-15,7.7511e-16
2553.4,-199.07,716.6,7.5675,0.71242,-0.51114,0.013203,6.852,-1.6783e-15,7.7511e-16
2553.5,-199,716.66,7.5686,0.71449,-0.51382,0.008972,6.852,-1.6783e-15,7.7511e-16
2553.6,-198.93,716.71,7.5692,0.71669,-0.51652,0.0044188,6.852,-1.6783e-15,7.7511e-16
2553.7,-198.86,716.76,7.5694,0.71904,-0.51923,-0.00050228,6.852,-1.6783e-15,7.7511e-16
2553.8,-198.79,716.82,7.5691,0.72154,-0.52122,-0.0055533,6.852,-1.6783e-15,7.7511e-16
2553.9,-198.72,716.87,7.5683,0.7242,-0.52196,-0.01047,6.852,-1.6783e-15,7.7511e-16
2554,-198.65,716.93,7.5671,0.72699,-0.52146,-0.015155,6.852,-1.6783e-15,7.7511e-16
2554.1,-198.58,716.98,7.5653,0.7299,-0.51976,-0.019522,6.852,-1.6783e-15,7.7511e-16
2554.2,-198.51,717.04,7.5632,0.73292,-0.51694,-0.023504,6.852,-1.6783e-15,7.7511e-16
2554.3,-198.44,717.09,7.5606,0.736,-0.51308,-0.027047,6.852,-1.6783e-15,7.7511e-16
2554.4,-198.36,717.15,7.5578,0.73913,-0.50831,-0.030121,6.852,-1.6783e-15,7.7511e-16
2554.5,-198.29,717.21,7.5546,0.74227,-0.50273,-0.032707,6.852,-1.6783e-15,7.7511e-16
2554.6,-198.22,717.26,7.5512,0.74541,-0.49647,-0.034803,6.852,-1.6783e-15,7.7511e-16
2554.7,-198.16,717.32,7.5477,0.7485,-0.48966,-0.036421,6.852,-1.6783e-15,7.7511e-16
2554.8,-198.09,717.38,7.544,0.75154,-0.48242,-0.037578,6.852,-1.6783e-15,7.7511e-16
2554.9,-198.02,717.43,7.5402,0.7545,-0.47488,-0.038301,6.852,-1.6783e-15,7.7511e-16
2555,-197.95,717.49,7.5363,0.75736,-0.46715,-0.038619,6.852,-1.6783e-15,7.7511e-16
2555.1,-197.88,717.55,7.5325,0.76011,-0.45931,-0.038566,6.852,-1.6783e-15,7.7511e-16
2555.2,-197.81,717.61,7.5286,0.76274,-0.45148,-0.038173,6.852,-1.6783e-15,7.7511e-16
2555.3,-197.75,717.66,7.5248,0.76523,-0.44372,-0.037473,6.852,-1.6783e-15,7.7511e-16
2555.4,-197.68,717.72,7.5211,0.76759,-0.43612,-0.036496,6.852,-1.6783e-15,7.7511e-16
2555.5,-197.61,717.78,7.5176,0.76981,-0.42873,-0.03527,6.852,-1.6783e-15,7.7511e-16
2555.6,-197.55,717.84,7.5141,0.77188,-0.42162,-0.033822,6.852,-1.6783e-15,7.7511e-16
2555.7,-197.48,717.9,7.5108,0.77381,-0.41482,-0.032174,6.852,-1.6783e-15,7.7511e-16
2555.8,-197.42,717.96,7.5077,0.77559,-0.40838,-0.030346,6.852,-1.6783e-15,7.7511e-16
2555.9,-197.35,718.02,7.5047,0.77723,-0.40235,-0.028356,6.852,-1.6783e-15,7.7511e-16
2556,-197.29,718.07,7.502,0.77872,-0.39674,-0.026218,6.852,-1.6783e-15,7.7511e-16
2556.1,-197.23,718.13,7.4995,0.78008,-0.39159,-0.023945,6.852,-1.6783e-15,7.7511e-16
2556.2,-197.16,718.19,7.4972,0.78131,-0.38693,-0.021548,6.852,-1.6783e-15,7.7511e-16
2556.3,-197.1,718.25,7.4952,0.7824,-0.38278,-0.019033,6.852,-1.6783e-15,7.7511e-16
2556.4,-197.04,718.31,7.4934,0.78337,-0.37917,-0.016409,6.852,-1.6783e-15,7.7511e-16
2556.5,-196.97,718.37,7.4919,0.7842,-0.37611,-0.013681,6.852,-1.6783e-15,7.7511e-16
2556.6,-196.91,718.43,7.4907,0.78492,-0.37362,-0.010852,6.852,-1.6783e-15,7.7511e-16
2556.7,-196.85,718.49,7.4897,0.78552,-0.37174,-0.007926,6.852,-1.6783e-15,7.7511e-16
2556.8,-196.78,718.55,7.4891,0.78599,-0.37048,-0.0049064,6.852,-1.6783e-15,7.7511e-16
2556.9,-196.72,718.61,7.4888,0.78636,-0.36986,-0.0017961,6.852,-1.6783e-15,7.7511e-16
2557,-196.66,718.67,7.4887,0.78661,-0.36986,0.0014205,6.852,-1.6783e-15,7.7511e-16
2557.1,-196.6,718.73,7.4891,0.78674,-0.37007,0.0048891,6.852,-1.6783e-15,7.7511e-16
2557.2,-196.53,718.8,7.4897,0.78675,-0.37043,0.0086417,6.852,-1.6783e-15,7.7511e-16
2557.3,-196.47,718.86,7.4908,0.78664,-0.37095,0.012674,6.852,-1.6783e-15,7.7511e-16
2557.4,-196.41,718.92,7.4923,0.78639,-0.37164,0.016977,6.852,-1.6783e-15,7.7511e-16
2557.5,-196.35,718.98,7.4942,0.78601,-0.37252,0.021533,6.852,-1.6783e-15,7.7511e-16
2557.6,-196.28,719.04,7.4966,0.78549,-0.37359,0.02632,6.852,-1.6783e-15,7.7511e-16
2557.7,-196.22,719.1,7.4995,0.78482,-0.37488,0.031309,0.145,-0.00033581,0.00016472
2557.8,-196.16,719.16,7.5028,0.76915,-0.37634,0.036213,0.145,-0.00033581,0.00016472
2557.9,-196.1,719.22,7.5067,0.75381,-0.37789,0.040717,0.145,-0.00033581,0.00016472
2558,-196.04,719.27,7.511,0.73882,-0.37951,0.04476,0.145,-0.00033581,0.00016472
2558.1,-195.98,719.33,7.5156,0.72417,-0.38118,0.048295,0.145,-0.00033581,0.00016472
2558.2,-195.92,719.38,7.5206,0.70985,-0.38286,0.051284,0.145,-0.00033581,0.00016472
2558.3,-195.86,719.44,7.5259,0.69588,-0.38452,0.053705,0.145,-0.00033581,0.00016472
2558.4,-195.8,719.49,7.5313,0.68225,-0.38614,0.055546,0.145,-0.00033581,0.00016472
2558.5,-195.74,719.54,7.537,0.66896,-0.38771,0.056806,0.145,-0.00033581,0.00016472
2558.6,-195.68,719.59,7.5427,0.65603,-0.38919,0.057494,0.145,-0.00033581,0.00016472
2558.7,-195.63,719.64,7.5484,0.64346,-0.39057,0.057628,0.145,-0.00033581,0.00016472
2558.8,-195.57,719.69,7.5542,0.63124,-0.39185,0.057231,0.145,-0.00033581,0.00016472
2558.9,-195.51,719.74,7.5599,0.61939,-0.39299,0.056328,0.145,-0.00033581,0.00016472
2559,-195.46,719.79,7.5654,0.6079,-0.39401,0.054949,0.145,-0.00033581,0.00016472
2559.1,-195.4,719.84,7.5708,0.59678,-0.39489,0.053125,0.145,-0.00033581,0.00016472
2559.2,-195.35,719.88,7.576,0.58603,-0.39563,0.050885,0.145,-0.00033581,0.00016472
2559.3,-195.3,719.93,7.581,0.57565,-0.39624,0.048258,0.145,-0.00033581,0.00016472
2559.4,-195.24,719.97,7.5857,0.56564,-0.3967,0.04527,0.145,-0.00033581,0.00016472
2559.5,-195.19,720.02,7.59,0.55599,-0.39703,0.041946,0.145,-0.00033581,0.00016472
2559.6,-195.14,720.06,7.5941,0.54672,-0.39724,0.038306,0.145,-0.00033581,0.00016472
2559.7,-195.08,720.1,7.5977,0.53782,-0.39732,0.034366,0.145,-0.00033581,0.00016472
2559.8,-195.03,720.14,7.6009,0.52928,-0.39729,0.030141,0.145,-0.00033581,0.00016472
2559.9,-194.98,720.18,7.6037,0.52111,-0.39716,0.025637,0.145,-0.00033581,0.00016472
2560,-194.93,720.22,7.606,0.51331,-0.39693,0.020858,0.145,-0.00033581,0.00016472
2560.1,-194.88,720.26,7.6079,0.50586,-0.39661,0.015804,0.145,-0.00033581,0.00016472
2560.2,-194.83,720.3,7.6092,0.49878,-0.39622,0.010465,0.145,-0.00033581,0.00016472
2560.3,-194.78,720.34,7.61,0.49206,-0.39576,0.0048293,0.145,-0.00033581,0.00016472
2560.4,-194.73,720.38,7.6102,0.48571,-0.39524,-0.0011191,0.145,-0.00033581,0.00016472
2560.5,-194.68,720.42,7.6097,0.47971,-0.39391,-0.0071068,0.145,-0.00033581,0.00016472
2560.6,-194.63,720.45,7.6087,0.47406,-0.39144,-0.012896,0.145,-0.00033581,0.00016472
2560.7,-194.58,720.49,7.6072,0.46873,-0.38787,-0.018382,0.145,-0.00033581,0.00016472
2560.8,-194.53,720.52,7.6051,0.4637,-0.38326,-0.023482,0.145,-0.00033581,0.00016472
2560.9,-194.48,720.56,7.6025,0.45894,-0.37773,-0.028136,0.145,-0.00033581,0.00016472
2561,-194.43,720.59,7.5995,0.45443,-0.37136,-0.032305,0.145,-0.00033581,0.00016472
2561.1,-194.39,720.63,7.596,0.45013,-0.36428,-0.035972,0.145,-0.00033581,0.00016472
2561.2,-194.34,720.66,7.5923,0.44601,-0.3566,-0.039135,0.145,-0.00033581,0.00016472
2561.3,-194.3,720.7,7.5882,0.44206,-0.34842,-0.04181,0.145,-0.00033581,0.00016472
2561.4,-194.25,720.73,7.5839,0.43823,-0.33987,-0.044021,0.145,-0.00033581,0.00016472
2561.5,-194.21,720.76,7.5794,0.43452,-0.33103,-0.045799,0.145,-0.00033581,0.00016472
2561.6,-194.16,720.8,7.5748,0.43091,-0.322,-0.047182,0.145,-0.00033581,0.00016472
2561.7,-194.12,720.83,7.57,0.42736,-0.31286,-0.048207,0.145,-0.00033581,0.00016472
2561.8,-194.08,720.86,7.5652,0.42388,-0.30367,-0.048915,0.145,-0.00033581,0.00016472
2561.9,-194.04,720.89,7.5602,0.42046,-0.29451,-0.049344,0.145,-0.00033581,0.00016472
2562,-194,720.92,7.5553,0.41707,-0.28541,-0.049529,0.145,-0.00033581,0.00016472
2562.1,-193.96,720.96,7.5503,0.41372,-0.27641,-0.049505,0.145,-0.00033581,0.00016472
2562.2,-193.92,720.99,7.5454,0.41039,-0.26757,-0.049301,0.145,-0.00033581,0.00016472
2562.3,-193.88,721.02,7.5405,0.4071,-0.25889,-0.048947,0.145,-0.00033581,0.00016472
2562.4,-193.85,721.05,7.5356,0.40382,-0.2504,-0.048466,0.145,-0.00033581,0.00016472
2562.5,-193.81,721.08,7.5308,0.40056,-0.24212,-0.047881,0.145,-0.00033581,0.00016472
2562.6,-193.78,721.11,7.526,0.39733,-0.23406,-0.047211,0.145,-0.00033581,0.00016472
2562.7,-193.74,721.14,7.5214,0.39411,-0.22623,-0.046472,0.145,-0.00033581,0.00016472
2562.8,-193.71,721.17,7.5168,0.3909,-0.21862,-0.045679,0.145,-0.00033581,0.00016472
2562.9,-193.67,721.2,7.5122,0.38772,-0.21125,-0.044844,0.145,-0.00033581,0.00016472
2563,-193.64,721.23,7.5078,0.38456,-0.20411,-0.043979,0.145,-0.00033581,0.00016472
2563.1,-193.61,721.26,7.5034,0.38141,-0.19721,-0.043092,0.145,-0.00033581,0.00016472
2563.2,-193.58,721.29,7.4992,0.37829,-0.19053,-0.042191,0.145,-0.00033581,0.00016472
2563.3,-193.55,721.31,7.495,0.37518,-0.18408,-0.041282,0.145,-0.00033581,0.00016472
2563.4,-193.52,721.34,7.4909,0.3721,-0.17786,-0.040371,0.145,-0.00033581,0.00016472
2563.5,-193.49,721.37,7.4869,0.36904,-0.17184,-0.039463,0.145,-0.00033581,0.00016472
2563.6,-193.46,721.4,7.483,0.36601,-0.16604,-0.038562,0.145,-0.00033581,0.00016472
2563.7,-193.43,721.43,7.4792,0.363,-0.16044,-0.03767,0.145,-0.00033581,0.00016472
2563.8,-193.4,721.45,7.4755,0.36002,-0.15503,-0.03679,0.145,-0.00033581,0.00016472
2563.9,-193.37,721.48,7.4719,0.35706,-0.14982,-0.035924,0.145,-0.00033581,0.00016472
2564,-193.35,721.51,7.4683,0.35413,-0.14479,-0.035074,0.145,-0.00033581,0.00016472
2564.1,-193.32,721.54,7.4648,0.35123,-0.13994,-0.034241,0.145,-0.00033581,0.00016472
2564.2,-193.29,721.56,7.4615,0.34836,-0.13527,-0.033426,0.145,-0.00033581,0.00016472
2564.3,-193.27,721.59,7.4581,0.34552,-0.13075,-0.03263,0.145,-0.00033581,0.00016472
2564.4,-193.24,721.62,7.4549,0.34271,-0.1264,-0.031853,0.145,-0.00033581,0.00016472
2564.5,-193.22,721.64,7.4518,0.33993,-0.1222,-0.031096,0.145,-0.00033581,0.00016472
2564.6,-193.19,721.67,7.4487,0.33717,-0.11815,-0.030359,0.145,-0.00033581,0.00016472
2564.7,-193.17,721.7,7.4457,0.33445,-0.11424,-0.029641,0.145,-0.00033581,0.00016472
2564.8,-193.15,721.72,7.4428,0.33177,-0.11047,-0.028944,0.145,-0.00033581,0.00016472
2564.9,-193.12,721.75,7.4399,0.32911,-0.10683,-0.028266,0.145,-0.00033581,0.00016472
2565,-193.1,721.77,7.4371,0.32648,-0.10331,-0.027607,0.145,-0.00033581,0.00016472
2565.1,-193.08,721.8,7.4344,0.32389,-0.099915,-0.026968,0.145,-0.00033581,0.00016472
2565.2,-193.06,721.83,7.4317,0.32132,-0.096637,-0.026347,0.145,-0.00033581,0.00016472
2565.3,-193.03,721.85,7.4291,0.31879,-0.093472,-0.025745,0.145,-0.00033581,0.00016472
2565.4,-193.01,721.88,7.4266,0.31629,-0.090414,-0.025161,0.145,-0.00033581,0.00016472
2565.5,-192.99,721.9,7.4241,0.31382,-0.08746,-0.024594,0.145,-0.00033581,0.00016472
2565.6,-192.97,721.93,7.4217,0.31138,-0.084606,-0.024045,0.145,-0.00033581,0.00016472
2565.7,-192.95,721.95,7.4193,0.30898,-0.081848,-0.023512,0.145,-0.00033581,0.00016472
2565.8,-192.93,721.98,7.417,0.3066,-0.079182,-0.022995,11.505,-2.818e-15,1.3103e-15
2565.9,-192.91,722,7.4147,0.32963,-0.076581,-0.022481,11.505,-2.818e-15,1.3103e-15
2566,-192.89,722.03,7.4125,0.35225,-0.074024,-0.021948,11.505,-2.818e-15,1.3103e-15
2566.1,-192.87,722.06,7.4103,0.37444,-0.071515,-0.021402,11.505,-2.818e-15,1.3103e-15
2566.2,-192.84,722.09,7.4082,0.39618,-0.069053,-0.020848,11.505,-2.818e-15,1.3103e-15
2566.3,-192.82,722.12,7.4061,0.41747,-0.066641,-0.02029,11.505,-2.818e-15,1.3103e-15
2566.4,-192.8,722.16,7.4041,0.4383,-0.06428,-0.019731,11.505,-2.818e-15,1.3103e-15
2566.5,-192.77,722.2,7.4022,0.45867,-0.061971,-0.019175,11.505,-2.818e-15,1.3103e-15
2566.6,-192.74,722.24,7.4003,0.47856,-0.059714,-0.018623,11.505,-2.818e-15,1.3103e-15
2566.7,-192.72,722.28,7.3985,0.49798,-0.05751,-0.018079,11.505,-2.818e-15,1.3103e-15
2566.8,-192.69,722.32,7.3967,0.51692,-0.055358,-0.017545,11.505,-2.818e-15,1.3103e-15
2566.9,-192.66,722.37,7.3949,0.53538,-0.05326,-0.017022,11.505,-2.818e-15,1.3103e-15
2567,-192.63,722.41,7.3933,0.55337,-0.051214,-0.016512,11.505,-2.818e-15,1.3103e-15
2567.1,-192.6,722.46,7.3916,0.57089,-0.049219,-0.016018,11.505,-2.818e-15,1.3103e-15
2567.2,-192.57,722.51,7.3901,0.58793,-0.047277,-0.01554,11.505,-2.818e-15,1.3103e-15
2567.3,-192.54,722.56,7.3885,0.60451,-0.045384,-0.01508,11.505,-2.818e-15,1.3103e-15
2567.4,-192.51,722.61,7.387,0.62063,-0.043541,-0.01464,11.505,-2.818e-15,1.3103e-15
2567.5,-192.48,722.67,7.3856,0.63629,-0.041746,-0.014221,11.505,-2.818e-15,1.3103e-15
2567.6,-192.45,722.72,7.3842,0.65149,-0.039997,-0.013825,11.505,-2.818e-15,1.3103e-15
2567.7,-192.41,722.78,7.3828,0.66626,-0.038293,-0.013454,11.505,-2.818e-15,1.3103e-15
2567.8,-192.38,722.84,7.3815,0.68059,-0.036632,-0.013109,11.505,-2.818e-15,1.3103e-15
2567.9,-192.34,722.9,7.3802,0.69448,-0.035012,-0.012793,11.505,-2.818e-15,1.3103e-15
2568,-192.31,722.96,7.379,0.70796,-0.033429,-0.012508,11.505,-2.818e-15,1.3103e-15
2568.1,-192.27,723.02,7.3777,0.72102,-0.031882,-0.012256,11.505,-2.818e-15,1.3103e-15
2568.2,-192.24,723.08,7.3765,0.73368,-0.030368,-0.012041,11.505,-2.818e-15,1.3103e-15
2568.3,-192.2,723.15,7.3753,0.74595,-0.028882,-0.011866,11.505,-2.818e-15,1.3103e-15
2568.4,-192.16,723.21,7.3741,0.75782,-0.027422,-0.011735,11.505,-2.818e-15,1.3103e-15
2568.5,-192.13,723.28,7.373,0.76933,-0.025982,-0.011652,11.505,-2.818e-15,1.3103e-15
2568.6,-192.09,723.35,7.3718,0.78046,-0.024559,-0.011623,11.505,-2.818e-15,1.3103e-15
2568.7,-192.05,723.42,7.3706,0.79123,-0.023146,-0.011654,11.505,-2.818e-15,1.3103e-15
2568.8,-192.01,723.49,7.3695,0.80165,-0.021739,-0.011753,11.505,-2.818e-15,1.3103e-15
2568.9,-191.97,723.56,7.3683,0.81174,-0.020329,-0.011926,11.505,-2.818e-15,1.3103e-15
2569,-191.93,723.63,7.3671,0.82149,-0.018909,-0.012185,11.505,-2.818e-15,1.3103e-15
2569.1,-191.89,723.7,7.3658,0.83092,-0.017472,-0.01254,11.505,-2.818e-15,1.3103e-15
2569.2,-191.85,723.77,7.3646,0.84003,-0.016005,-0.013004,11.505,-2.818e-15,1.3103e-15
2569.3,-191.81,723.85,7.3632,0.84884,-0.0145,-0.013593,11.505,-2.818e-15,1.3103e-15
2569.4,-191.77,723.92,7.3618,0.85736,-0.012942,-0.014323,11.505,-2.818e-15,1.3103e-15
2569.5,-191.73,724,7.3604,0.86558,-0.011318,-0.015215,11.505,-2.818e-15,1.3103e-15
2569.6,-191.68,724.07,7.3588,0.87353,-0.00961,-0.016292,11.505,-2.818e-15,1.3103e-15
2569.7,-191.64,724.15,7.3571,0.88121,-0.0078002,-0.017581,11.505,-2.818e-15,1.3103e-15
2569.8,-191.6,724.23,7.3553,0.88862,-0.0058669,-0.019111,11.505,-2.818e-15,1.3103e-15
2569.9,-191.55,724.3,7.3533,0.89578,-0.003786,-0.020917,11.505,-2.818e-15,1.3103e-15
2570,-191.51,724.38,7.3511,0.90269,-0.0015303,-0.023037,11.505,-2.818e-15,1.3103e-15
2570.1,-191.47,724.46,7.3486,0.90936,0.00093203,-0.025515,11.505,-2.818e-15,1.3103e-15
2570.2,-191.42,724.54,7.346,0.9158,0.003646,-0.028385,11.505,-2.818e-15,1.3103e-15
2570.3,-191.38,724.62,7.343,0.922,0.0066558,-0.031688,11.505,-2.818e-15,1.3103e-15
2570.4,-191.33,724.7,7.3396,0.92799,0.010008,-0.035469,11.505,-2.818e-15,1.3103e-15
2570.5,-191.29,724.79,7.3358,0.93375,0.013754,-0.039773,11.505,-2.818e-15,1.3103e-15
2570.6,-191.24,724.87,7.3316,0.93929,0.017948,-0.044644,11.505,-2.818e-15,1.3103e-15
2570.7,-191.2,724.95,7.3269,0.94462,0.022652,-0.050119,11.505,-2.818e-15,1.3103e-15
2570.8,-191.15,725.03,7.3216,0.94974,0.027928,-0.056231,11.505,-2.818e-15,1.3103e-15
2570.9,-191.11,725.12,7.3156,0.95464,0.033841,-0.062999,11.505,-2.818e-15,1.3103e-15
2571,-191.06,725.2,7.309,0.95932,0.040459,-0.070431,11.505,-2.818e-15,1.3103e-15
2571.1,-191.01,725.29,7.3015,0.96378,0.047845,-0.078515,11.505,-2.818e-15,1.3103e-15
2571.2,-190.97,725.37,7.2932,0.968,0.056061,-0.08722,11.505,-2.818e-15,1.3103e-15
2571.3,-190.92,725.46,7.2841,0.97198,0.065162,-0.09649,11.505,-2.818e-15,1.3103e-15
2571.4,-190.87,725.54,7.2739,0.9757,0.075193,-0.10625,11.505,-2.818e-15,1.3103e-15
2571.5,-190.83,725.63,7.2628,0.97915,0.086189,-0.11639,11.505,-2.818e-15,1.3103e-15
2571.6,-190.78,725.71,7.2506,0.98231,0.098165,-0.1268,11.505,-2.818e-15,1.3103e-15
2571.7,-190.73,725.8,7.2374,0.98515,0.11112,-0.13733,11.505,-2.818e-15,1.3103e-15
2571.8,-190.68,725.89,7.2232,0.98766,0.12504,-0.14784,11.505,-2.818e-15,1.3103e-15
2571.9,-190.63,725.97,7.2079,0.98981,0.13989,-0.15817,11.505,-2.818e-15,1.3103e-15
2572,-190.59,726.06,7.1915,0.99158,0.1556,-0.16819,11.505,-2.818e-15,1.3103e-15
2572.1,-190.54,726.15,7.1742,0.99295,0.17211,-0.17774,11.505,-2.818e-15,1.3103e-15
2572.2,-190.49,726.24,7.156,0.9939,0.18933,-0.18672,11.505,-2.818e-15,1.3103e-15
2572.3,-190.44,726.33,7.1369,0.99443,0.20716,-0.19502,11.505,-2.818e-15,1.3103e-15
2572.4,-190.39,726.41,7.117,0.99451,0.22549,-0.20256,11.505,-2.818e-15,1.3103e-15
2572.5,-190.34,726.5,7.0964,0.99416,0.24421,-0.20929,11.505,-2.818e-15,1.3103e-15
2572.6,-190.29,726.59,7.0752,0.99336,0.26321,-0.21517,11.505,-2.818e-15,1.3103e-15
2572.7,-190.24,726.68,7.0534,0.99213,0.28239,-0.2202,11.505,-2.818e-15,1.3103e-15
2572.8,-190.18,726.77,7.0312,0.99048,0.30164,-0.22436,11.505,-2.818e-15,1.3103e-15
2572.9,-190.13,726.86,7.0086,0.98844,0.32087,-0.22769,11.505,-2.818e-15,1.3103e-15
2573,-190.08,726.95,6.9857,0.98601,0.33999,-0.2302,11.505,-2.818e-15,1.3103e-15
2573.1,-190.03,727.04,6.9626,0.98324,0.35894,-0.23194,11.505,-2.818e-15,1.3103e-15
2573.2,-189.97,727.13,6.9393,0.98015,0.37765,-0.23293,11.505,-2.818e-15,1.3103e-15
2573.3,-189.92,727.22,6.916,0.97677,0.39606,-0.23322,11.505,-2.818e-15,1.3103e-15
2573.4,-189.86,727.31,6.8927,0.97315,0.41412,-0.23286,11.505,-2.818e-15,1.3103e-15
2573.5,-189.8,727.4,6.8695,0.96931,0.43182,-0.23188,11.505,-2.818e-15,1.3103e-15
2573.6,-189.75,727.49,6.8463,0.96529,0.44911,-0.23034,11.505,-2.818e-15,1.3103e-15
2573.7,-189.69,727.58,6.8234,0.96113,0.46598,-0.22827,11.505,-2.818e-15,1.3103e-15
2573.8,-189.63,727.67,6.8007,0.95687,0.48243,-0.22571,11.505,-2.818e-15,1.3103e-15
2573.9,-189.57,727.76,6.7783,0.95255,0.49845,-0.2227,11.505,-2.818e-15,1.3103e-15
2574,-189.51,727.85,6.7562,0.9482,0.51404,-0.21927,11.505,-2.818e-15,1.3103e-15
2574.1,-189.45,727.93,6.7344,0.94385,0.52921,-0.21544,11.505,-2.818e-15,1.3103e-15
2574.2,-189.39,728.02,6.7131,0.93954,0.54397,-0.21126,11.505,-2.818e-15,1.3103e-15
2574.3,-189.32,728.11,6.6922,0.9353,0.55834,-0.20673,11.505,-2.818e-15,1.3103e-15
2574.4,-189.26,728.2,6.6718,0.93116,0.57233,-0.20189,11.505,-2.818e-15,1.3103e-15
2574.5,-189.19,728.29,6.6518,0.92715,0.58598,-0.19673,11.505,-2.818e-15,1.3103e-15
2574.6,-189.13,728.38,6.6324,0.9233,0.59931,-0.19129,11.505,-2.818e-15,1.3103e-15
2574.7,-189.06,728.46,6.6136,0.91964,0.61234,-0.18556,11.505,-2.818e-15,1.3103e-15
2574.8,-188.99,728.55,6.5953,0.91618,0.6251,-0.17956,11.505,-2.818e-15,1.3103e-15
2574.9,-188.93,728.64,6.5777,0.91296,0.63763,-0.17328,11.505,-2.818e-15,1.3103e-15
2575,-188.86,728.73,6.5607,0.91,0.64995,-0.16671,11.505,-2.818e-15,1.3103e-15
2575.1,-188.79,728.81,6.5443,0.90732,0.66211,-0.15986,11.505,-2.818e-15,1.3103e-15
2575.2,-188.71,728.9,6.5287,0.90494,0.67414,-0.15269,11.505,-2.818e-15,1.3103e-15
2575.3,-188.64,728.99,6.5138,0.9029,0.68608,-0.14521,11.505,-2.818e-15,1.3103e-15
2575.4,-188.57,729.08,6.4997,0.90121,0.69796,-0.13736,11.505,-2.818e-15,1.3103e-15
2575.5,-188.5,729.16,6.4864,0.89991,0.70984,-0.12913,11.505,-2.818e-15,1.3103e-15
2575.6,-188.42,729.25,6.4739,0.89902,0.72176,-0.12046,11.505,-2.818e-15,1.3103e-15
2575.7,-188.35,729.34,6.4623,0.89857,0.73376,-0.11129,11.505,-2.818e-15,1.3103e-15
2575.8,-188.27,729.43,6.4516,0.89861,0.74591,-0.10154,11.505,-2.818e-15,1.3103e-15
2575.9,-188.2,729.52,6.442,0.89918,0.75826,-0.091121,11.505,-2.818e-15,1.3103e-15
2576,-188.12,729.61,6.4334,0.90032,0.77088,-0.079906,11.505,-2.818e-15,1.3103e-15
2576.1,-188.04,729.7,6.4261,0.9021,0.78385,-0.067732,11.505,-2.818e-15,1.3103e-15
2576.2,-187.96,729.79,6.4199,0.9046,0.79726,-0.054388,11.505,-2.818e-15,1.3103e-15
2576.3,-187.88,729.88,6.4152,0.90791,0.8112,-0.039593,11.505,-2.818e-15,1.3103e-15
2576.4,-187.8,729.97,6.4121,0.91216,0.82581,-0.022962,11.505,-2.818e-15,1.3103e-15
2576.5,-187.72,730.07,6.4107,0.91751,0.84125,-0.0039574,11.505,-2.818e-15,1.3103e-15
2576.6,-187.64,730.16,6.4114,0.92415,0.85489,0.017006,11.505,-2.818e-15,1.3103e-15
2576.7,-187.56,730.26,6.4141,0.93213,0.86098,0.03722,11.505,-2.818e-15,1.3103e-15
2576.8,-187.48,730.36,6.4187,0.94129,0.85944,0.055399,11.505,-2.818e-15,1.3103e-15
2576.9,-187.4,730.45,6.4251,0.95139,0.85094,0.070695,11.505,-2.818e-15,1.3103e-15
2577,-187.32,730.55,6.4328,0.9621,0.83657,0.082698,11.505,-2.818e-15,1.3103e-15
2577.1,-187.23,730.65,6.4415,0.97308,0.81764,0.091382,11.505,-2.818e-15,1.3103e-15
2577.2,-187.15,730.74,6.4509,0.98403,0.79545,0.096993,11.505,-2.818e-15,1.3103e-15
2577.3,-187.07,730.84,6.4608,0.99469,0.77121,0.099926,11.505,-2.818e-15,1.3103e-15
2577.4,-186.98,730.93,6.4709,1.0049,0.74594,0.10063,11.505,-2.818e-15,1.3103e-15
2577.5,-186.9,731.02,6.4809,1.0145,0.72047,0.09953,11.505,-2.818e-15,1.3103e-15
2577.6,-186.81,731.11,6.4907,1.0234,0.69543,0.097021,11.505,-2.818e-15,1.3103e-15
2577.7,-186.72,731.2,6.5002,1.0316,0.6713,0.093424,11.505,-2.818e-15,1.3103e-15
2577.8,-186.64,731.29,6.5094,1.039,0.64841,0.088997,11.505,-2.818e-15,1.3103e-15
2577.9,-186.55,731.37,6.518,1.0457,0.627,0.083942,11.505,-2.818e-15,1.3103e-15
2578,-186.46,731.46,6.5261,1.0518,0.60725,0.078409,11.505,-2.818e-15,1.3103e-15
2578.1,-186.38,731.54,6.5337,1.0571,0.58926,0.072507,11.505,-2.818e-15,1.3103e-15
2578.2,-186.29,731.63,6.5406,1.0619,0.57311,0.066311,11.505,-2.818e-15,1.3103e-15
2578.3,-186.2,731.71,6.5469,1.0661,0.55885,0.059868,11.505,-2.818e-15,1.3103e-15
2578.4,-186.11,731.79,6.5526,1.0697,0.54653,0.053206,11.505,-2.818e-15,1.3103e-15
2578.5,-186.02,731.87,6.5576,1.0728,0.53619,0.046336,11.505,-2.818e-15,1.3103e-15
2578.6,-185.93,731.95,6.5619,1.0754,0.52788,0.039254,11.505,-2.818e-15,1.3103e-15
2578.7,-185.85,732.03,6.5654,1.0776,0.52164,0.03195,11.505,-2.818e-15,1.3103e-15
2578.8,-185.76,732.11,6.5682,1.0793,0.51756,0.024405,11.505,-2.818e-15,1.3103e-15
2578.9,-185.67,732.19,6.5703,1.0806,0.51572,0.0166,11.505,-2.818e-15,1.3103e-15
2579,-185.58,732.27,6.5715,1.0815,0.51623,0.0085118,11.505,-2.818e-15,1.3103e-15
2579.1,-185.49,732.35,6.572,1.082,0.51922,0.00012617,11.505,-2.818e-15,1.3103e-15
2579.2,-185.4,732.43,6.5716,1.082,0.52383,-0.0089203,11.505,-2.818e-15,1.3103e-15
2579.3,-185.31,732.51,6.5702,1.0817,0.52905,-0.018988,11.505,-2.818e-15,1.3103e-15
2579.4,-185.22,732.59,6.5677,1.0808,0.53496,-0.030009,11.505,-2.818e-15,1.3103e-15
2579.5,-185.13,732.68,6.5641,1.0795,0.54162,-0.041856,11.505,-2.818e-15,1.3103e-15
2579.6,-185.05,732.76,6.5593,1.0776,0.54908,-0.054336,11.505,-2.818e-15,1.3103e-15
2579.7,-184.96,732.84,6.5533,1.0751,0.55739,-0.067197,11.505,-2.818e-15,1.3103e-15
2579.8,-184.87,732.92,6.5459,1.0721,0.56656,-0.080138,11.505,-2.818e-15,1.3103e-15
2579.9,-184.78,733.01,6.5372,1.0685,0.5766,-0.092828,11.505,-2.818e-15,1.3103e-15
2580,-184.69,733.09,6.5273,1.0643,0.58748,-0.10493,11.505,-2.818e-15,1.3103e-15
2580.1,-184.6,733.17,6.5163,1.0596,0.59916,-0.11614,11.505,-2.818e-15,1.3103e-15
2580.2,-184.51,733.25,6.5042,1.0544,0.61155,-0.12616,11.505,-2.818e-15,1.3103e-15
2580.3,-184.42,733.34,6.4911,1.0488,0.62459,-0.13479,11.505,-2.818e-15,1.3103e-15
2580.4,-184.33,733.42,6.4772,1.0429,0.63817,-0.14186,11.505,-2.818e-15,1.3103e-15
2580.5,-184.24,733.5,6.4628,1.0366,0.6522,-0.14728,11.505,-2.818e-15,1.3103e-15
2580.6,-184.15,733.59,6.4478,1.0302,0.66658,-0.15102,11.505,-2.818e-15,1.3103e-15
2580.7,-184.06,733.67,6.4326,1.0236,0.68123,-0.15309,12.131,0.94411,-0.46309
2580.8,-183.97,733.75,6.4167,1.018,0.70033,-0.16596,12.131,0.94411,-0.46309
2580.9,-183.88,733.83,6.3995,1.0117,0.72018,-0.17578,12.131,0.94411,-0.46309
2581,-183.79,733.92,6.3816,1.0048,0.74062,-0.18253,12.131,0.94411,-0.46309
2581.1,-183.69,734,6.3631,0.99746,0.76149,-0.18632,12.131,0.94411,-0.46309
2581.2,-183.6,734.08,6.3444,0.98992,0.7827,-0.18731,12.131,0.94411,-0.46309
2581.3,-183.5,734.17,6.3258,0.98232,0.80416,-0.18572,12.131,0.94411,-0.46309
2581.4,-183.41,734.25,6.3074,0.97482,0.82585,-0.18177,12.131,0.94411,-0.46309
2581.5,-183.31,734.34,6.2895,0.9676,0.84777,-0.17563,12.131,0.94411,-0.46309
2581.6,-183.22,734.42,6.2723,0.9608,0.86997,-0.16745,12.131,0.94411,-0.46309
2581.7,-183.12,734.51,6.256,0.95457,0.89254,-0.15733,12.131,0.94411,-0.46309
2581.8,-183.02,734.6,6.2409,0.94909,0.91561,-0.14527,12.131,0.94411,-0.46309
2581.9,-182.92,734.69,6.2271,0.9445,0.93934,-0.13121,12.131,0.94411,-0.46309
2582,-182.82,734.78,6.2147,0.94101,0.96396,-0.11498,12.131,0.94411,-0.46309
2582.1,-182.72,734.87,6.2041,0.93881,0.98973,-0.096284,12.131,0.94411,-0.46309
2582.2,-182.62,734.96,6.1956,0.93817,1.017,-0.074637,12.131,0.94411,-0.46309
2582.3,-182.52,735.05,6.1893,0.93942,1.0463,-0.049283,12.131,0.94411,-0.46309
2582.4,-182.41,735.15,6.1859,0.94301,1.0782,-0.019041,12.131,0.94411,-0.46309
2582.5,-182.31,735.25,6.1857,0.94955,1.1114,0.017151,12.131,0.94411,-0.46309
2582.6,-182.2,735.35,6.1893,0.95948,1.1313,0.053438,12.131,0.94411,-0.46309
2582.7,-182.1,735.46,6.1963,0.97252,1.1348,0.085053,12.131,0.94411,-0.46309
2582.8,-181.99,735.56,6.2061,0.98791,1.1238,0.10957,12.131,0.94411,-0.46309
2582.9,-181.88,735.66,6.2179,1.0046,1.1018,0.12629,12.131,0.94411,-0.46309
2583,-181.77,735.77,6.2311,1.0218,1.0723,0.13582,12.131,0.94411,-0.46309
2583.1,-181.67,735.87,6.2449,1.0385,1.0388,0.13939,12.131,0.94411,-0.46309
2583.2,-181.56,735.97,6.2588,1.0544,1.004,0.13837,12.131,0.94411,-0.46309
2583.3,-181.45,736.06,6.2725,1.069,0.96985,0.13402,12.131,0.94411,-0.46309
2583.4,-181.34,736.16,6.2855,1.0822,0.93773,0.12732,12.131,0.94411,-0.46309
2583.5,-181.23,736.25,6.2979,1.0939,0.90852,0.11904,12.131,0.94411,-0.46309
2583.6,-181.13,736.34,6.3093,1.1042,0.88276,0.10974,12.131,0.94411,-0.46309
2583.7,-181.02,736.43,6.3198,1.1132,0.86079,0.099812,12.131,0.94411,-0.46309
2583.8,-180.91,736.52,6.3293,1.1208,0.84278,0.089537,12.131,0.94411,-0.46309
2583.9,-180.8,736.61,6.3377,1.1273,0.82881,0.079128,12.131,0.94411,-0.46309
2584,-180.69,736.7,6.3451,1.1326,0.8189,0.068745,12.131,0.94411,-0.46309
2584.1,-180.59,736.79,6.3515,1.137,0.81305,0.058529,12.131,0.94411,-0.46309
2584.2,-180.48,736.88,6.3568,1.1405,0.81124,0.048617,12.131,0.94411,-0.46309
2584.3,-180.37,736.97,6.3612,1.1431,0.81342,0.039159,12.131,0.94411,-0.46309
2584.4,-180.26,737.06,6.3647,1.145,0.81951,0.030326,12.131,0.94411,-0.46309
2584.5,-180.16,737.15,6.3673,1.1462,0.82939,0.022328,12.131,0.94411,-0.46309
2584.6,-180.05,737.24,6.3692,1.1469,0.84287,0.015408,12.131,0.94411,-0.46309
2584.7,-179.94,737.34,6.3704,1.1471,0.85968,0.0098454,12.131,0.94411,-0.46309
2584.8,-179.83,737.43,6.3712,1.1469,0.87941,0.0059447,12.131,0.94411,-0.46309
2584.9,-179.73,737.53,6.3717,1.1466,0.90151,0.0040058,12.131,0.94411,-0.46309
2585,-179.62,737.63,6.3721,1.1462,0.92525,0.0042866,12.131,0.94411,-0.46309
2585.1,-179.52,737.74,6.3726,1.1459,0.94971,0.0069499,12.131,0.94411,-0.46309
2585.2,-179.41,737.84,6.3735,1.146,0.97384,0.012006,12.131,0.94411,-0.46309
2585.3,-179.31,737.95,6.3751,1.1467,0.99648,0.019266,12.131,0.94411,-0.46309
2585.4,-179.2,738.06,6.3774,1.148,1.0165,0.028324,12.131,0.94411,-0.46309
2585.5,-179.1,738.18,6.3808,1.1503,1.0329,0.038581,12.131,0.94411,-0.46309
2585.6,-178.99,738.29,6.3852,1.1534,1.045,0.049315,12.131,0.94411,-0.46309
2585.7,-178.89,738.41,6.3906,1.1575,1.0524,0.059781,12.131,0.94411,-0.46309
2585.8,-178.78,738.53,6.3971,1.1624,1.055,0.069312,12.131,0.94411,-0.46309
2585.9,-178.68,738.64,6.4045,1.1679,1.0532,0.077397,12.131,0.94411,-0.46309
2586,-178.58,738.76,6.4125,1.1738,1.0477,0.083719,12.131,0.94411,-0.46309
2586.1,-178.48,738.88,6.4211,1.18,1.0392,0.08815,12.131,0.94411,-0.46309
2586.2,-178.37,739,6.4301,1.1863,1.0287,0.09072,12.131,0.94411,-0.46309
2586.3,-178.27,739.12,6.4392,1.1923,1.0168,0.091572,12.131,0.94411,-0.46309
2586.4,-178.17,739.24,6.4484,1.198,1.0045,0.090918,12.131,0.94411,-0.46309
2586.5,-178.07,739.36,6.4574,1.2033,0.99244,0.089002,12.131,0.94411,-0.46309
2586.6,-177.97,739.48,6.4661,1.2081,0.98113,0.086075,12.131,0.94411,-0.46309
2586.7,-177.87,739.59,6.4746,1.2124,0.97107,0.082379,12.131,0.94411,-0.46309
2586.8,-177.76,739.71,6.4826,1.2161,0.96258,0.078141,12.131,0.94411,-0.46309
2586.9,-177.67,739.83,6.4902,1.2192,0.95592,0.073567,12.131,0.94411,-0.46309
2587,-177.57,739.95,6.4973,1.2218,0.95125,0.068849,12.131,0.94411,-0.46309
2587.1,-177.47,740.07,6.5039,1.2238,0.94866,0.06416,12.131,0.94411,-0.46309
2587.2,-177.37,740.19,6.5101,1.2254,0.94817,0.059664,12.131,0.94411,-0.46309
2587.3,-177.27,740.31,6.5159,1.2265,0.94974,0.055512,12.131,0.94411,-0.46309
2587.4,-177.17,740.43,6.5212,1.2273,0.95324,0.051846,12.131,0.94411,-0.46309
2587.5,-177.08,740.55,6.5263,1.2278,0.95852,0.048794,12.131,0.94411,-0.46309
2587.6,-176.98,740.68,6.531,1.2281,0.96534,0.046467,12.131,0.94411,-0.46309
2587.7,-176.89,740.8,6.5356,1.2283,0.97341,0.044957,12.131,0.94411,-0.46309
2587.8,-176.79,740.93,6.5401,1.2283,0.9824,0.044322,12.131,0.94411,-0.46309
2587.9,-176.7,741.05,6.5445,1.2284,0.99193,0.044585,0.13657,-3.345e-17,1.6433e-17
2588,-176.61,741.18,6.5497,1.2027,0.99433,0.058795,0.13657,-3.345e-17,1.6433e-17
2588.1,-176.52,741.31,6.5562,1.1791,0.98976,0.073007,0.13657,-3.345e-17,1.6433e-17
2588.2,-176.43,741.43,6.5642,1.1576,0.9783,0.086121,0.13657,-3.345e-17,1.6433e-17
2588.3,-176.35,741.56,6.5734,1.1378,0.96058,0.097331,0.13657,-3.345e-17,1.6433e-17
2588.4,-176.27,741.68,6.5836,1.1194,0.93762,0.10619,0.13657,-3.345e-17,1.6433e-17
2588.5,-176.19,741.81,6.5946,1.1022,0.91066,0.11256,0.13657,-3.345e-17,1.6433e-17
2588.6,-176.12,741.92,6.606,1.0857,0.8809,0.11659,0.13657,-3.345e-17,1.6433e-17
2588.7,-176.04,742.04,6.6178,1.0697,0.84947,0.11853,0.13657,-3.345e-17,1.6433e-17
2588.8,-175.97,742.15,6.6297,1.0541,0.8173,0.11874,0.13657,-3.345e-17,1.6433e-17
2588.9,-175.9,742.27,6.6415,1.0386,0.78514,0.11755,0.13657,-3.345e-17,1.6433e-17
2589,-175.83,742.37,6.6532,1.0233,0.75354,0.11531,0.13657,-3.345e-17,1.6433e-17
2589.1,-175.76,742.48,6.6645,1.008,0.72289,0.11228,0.13657,-3.345e-17,1.6433e-17
2589.2,-175.7,742.58,6.6756,0.99277,0.69347,0.10869,0.13657,-3.345e-17,1.6433e-17
2589.3,-175.63,742.68,6.6863,0.97756,0.66542,0.10474,0.13657,-3.345e-17,1.6433e-17
2589.4,-175.57,742.78,6.6965,0.9624,0.63884,0.10057,0.13657,-3.345e-17,1.6433e-17
2589.5,-175.51,742.88,6.7064,0.9473,0.61375,0.096292,0.13657,-3.345e-17,1.6433e-17
2589.6,-175.45,742.97,6.7158,0.93229,0.59012,0.091985,0.13657,-3.345e-17,1.6433e-17
2589.7,-175.39,743.06,6.7248,0.91738,0.56794,0.087714,0.13657,-3.345e-17,1.6433e-17
2589.8,-175.33,743.15,6.7333,0.90261,0.54713,0.083522,0.13657,-3.345e-17,1.6433e-17
2589.9,-175.27,743.24,6.7415,0.888,0.52763,0.079441,0.13657,-3.345e-17,1.6433e-17
2590,-175.22,743.33,6.7492,0.87356,0.50936,0.075493,0.13657,-3.345e-17,1.6433e-17
2590.1,-175.16,743.41,6.7566,0.85932,0.49225,0.071691,0.13657,-3.345e-17,1.6433e-17
2590.2,-175.11,743.49,6.7636,0.84529,0.47623,0.068043,0.13657,-3.345e-17,1.6433e-17
2590.3,-175.06,743.57,6.7702,0.83148,0.46121,0.064554,0.13657,-3.345e-17,1.6433e-17
2590.4,-175.01,743.65,6.7765,0.8179,0.44714,0.061224,0.13657,-3.345e-17,1.6433e-17
2590.5,-174.95,743.73,6.7825,0.80457,0.43393,0.058053,0.13657,-3.345e-17,1.6433e-17
2590.6,-174.91,743.81,6.7881,0.79148,0.42152,0.055038,0.13657,-3.345e-17,1.6433e-17
2590.7,-174.86,743.88,6.7935,0.77865,0.40987,0.052175,0.13657,-3.345e-17,1.6433e-17
2590.8,-174.81,743.95,6.7986,0.76608,0.3989,0.04946,0.13657,-3.345e-17,1.6433e-17
2590.9,-174.76,744.03,6.8034,0.75376,0.38857,0.046888,0.13657,-3.345e-17,1.6433e-17
2591,-174.72,744.1,6.8079,0.74171,0.37883,0.044455,0.13657,-3.345e-17,1.6433e-17
2591.1,-174.67,744.17,6.8123,0.72991,0.36964,0.042154,0.13657,-3.345e-17,1.6433e-17
2591.2,-174.63,744.23,6.8164,0.71837,0.36094,0.039981,0.13657,-3.345e-17,1.6433e-17
2591.3,-174.59,744.3,6.8203,0.70709,0.35271,0.03793,0.13657,-3.345e-17,1.6433e-17
2591.4,-174.54,744.37,6.824,0.69606,0.3449,0.035997,0.13657,-3.345e-17,1.6433e-17
2591.5,-174.5,744.43,6.8275,0.68528,0.33749,0.034176,0.13657,-3.345e-17,1.6433e-17
2591.6,-174.46,744.5,6.8308,0.67475,0.33044,0.032464,0.13657,-3.345e-17,1.6433e-17
2591.7,-174.42,744.56,6.834,0.66446,0.32372,0.030854,0.13657,-3.345e-17,1.6433e-17
2591.8,-174.38,744.62,6.837,0.65442,0.31731,0.029344,0.13657,-3.345e-17,1.6433e-17
2591.9,-174.34,744.68,6.8398,0.6446,0.31118,0.027927,0.13657,-3.345e-17,1.6433e-17
2592,-174.31,744.74,6.8426,0.63501,0.30532,0.026601,0.13657,-3.345e-17,1.6433e-17
2592.1,-174.27,744.8,6.8452,0.62565,0.29969,0.025361,0.13657,-3.345e-17,1.6433e-17
2592.2,-174.23,744.86,6.8476,0.61651,0.29428,0.024203,0.13657,-3.345e-17,1.6433e-17
2592.3,-174.2,744.92,6.85,0.60759,0.28907,0.023124,0.13657,-3.345e-17,1.6433e-17
2592.4,-174.16,744.97,6.8523,0.59887,0.28404,0.022119,0.13657,-3.345e-17,1.6433e-17
2592.5,-174.12,745.03,6.8544,0.59036,0.27918,0.021185,0.13657,-3.345e-17,1.6433e-17
2592.6,-174.09,745.08,6.8565,0.58205,0.27448,0.020319,0.13657,-3.345e-17,1.6433e-17
2592.7,-174.06,745.14,6.8585,0.57393,0.26992,0.019517,0.13657,-3.345e-17,1.6433e-17
2592.8,-174.02,745.19,6.8604,0.56601,0.26549,0.018776,0.13657,-3.345e-17,1.6433e-17
2592.9,-173.99,745.24,6.8622,0.55827,0.26118,0.018092,0.13657,-3.345e-17,1.6433e-17
2593,-173.96,745.3,6.864,0.55071,0.25698,0.017463,0.13657,-3.345e-17,1.6433e-17
2593.1,-173.93,745.35,6.8657,0.54333,0.25287,0.016885,0.13657,-3.345e-17,1.6433e-17
2593.2,-173.9,745.4,6.8674,0.53612,0.24886,0.016355,0.13657,-3.345e-17,1.6433e-17
2593.3,-173.87,745.45,6.869,0.52907,0.24493,0.01587,0.13657,-3.345e-17,1.6433e-17
2593.4,-173.83,745.5,6.8706,0.52219,0.24107,0.015429,0.13657,-3.345e-17,1.6433e-17
2593.5,-173.8,745.55,6.8721,0.51547,0.23729,0.015026,0.13657,-3.345e-17,1.6433e-17
2593.6,-173.78,745.59,6.8736,0.5089,0.23356,0.014661,0.13657,-3.345e-17,1.6433e-17
2593.7,-173.75,745.64,6.875,0.50248,0.2299,0.01433,0.13657,-3.345e-17,1.6433e-17
2593.8,-173.72,745.69,6.8765,0.4962,0.22629,0.014031,0.13657,-3.345e-17,1.6433e-17
2593.9,-173.69,745.73,6.8778,0.49007,0.22273,0.013762,0.13657,-3.345e-17,1.6433e-17
2594,-173.66,745.78,6.8792,0.48407,0.21922,0.01352,0.13657,-3.345e-17,1.6433e-17
2594.1,-173.63,745.82,6.8805,0.47821,0.21574,0.013302,0.13657,-3.345e-17,1.6433e-17
2594.2,-173.61,745.87,6.8819,0.47247,0.21231,0.013107,0.13657,-3.345e-17,1.6433e-17
2594.3,-173.58,745.91,6.8832,0.46687,0.20892,0.012933,0.13657,-3.345e-17,1.6433e-17
2594.4,-173.55,745.96,6.8845,0.46138,0.20556,0.012778,0.13657,-3.345e-17,1.6433e-17
2594.5,-173.53,746,6.8857,0.45602,0.20224,0.01264,0.13657,-3.345e-17,1.6433e-17
2594.6,-173.5,746.04,6.887,0.45077,0.19895,0.012517,0.13657,-3.345e-17,1.6433e-17
2594.7,-173.48,746.08,6.8882,0.44563,0.19569,0.012408,0.13657,-3.345e-17,1.6433e-17
2594.8,-173.45,746.12,6.8895,0.4406,0.19246,0.01231,0.13657,-3.345e-17,1.6433e-17
2594.9,-173.42,746.17,6.8907,0.43568,0.18926,0.012223,0.13657,-3.345e-17,1.6433e-17
2595,-173.4,746.21,6.8919,0.43086,0.18609,0.012146,0.13657,-3.345e-17,1.6433e-17
2595.1,-173.38,746.24,6.8931,0.42615,0.18295,0.012076,0.13657,-3.345e-17,1.6433e-17
2595.2,-173.35,746.28,6.8943,0.42153,0.17983,0.012013,0.13657,-3.345e-17,1.6433e-17
2595.3,-173.33,746.32,6.8955,0.417,0.17675,0.011956,0.13657,-3.345e-17,1.6433e-17
2595.4,-173.3,746.36,6.8967,0.41257,0.17369,0.011904,0.13657,-3.345e-17,1.6433e-17
2595.5,-173.28,746.4,6.8979,0.40822,0.17066,0.011856,0.13657,-3.345e-17,1.6433e-17
2595.6,-173.26,746.44,6.8991,0.40397,0.16766,0.011811,0.13657,-3.345e-17,1.6433e-17
2595.7,-173.23,746.47,6.9003,0.39979,0.16469,0.011768,0.13657,-3.345e-17,1.6433e-17
2595.8,-173.21,746.51,6.9014,0.3957,0.16175,0.011727,0.13657,-3.345e-17,1.6433e-17
2595.9,-173.19,746.54,6.9026,0.39169,0.15883,0.011688,0.13657,-3.345e-17,1.6433e-17
2596,-173.16,746.58,6.9038,0.38776,0.15595,0.011649,0.13657,-3.345e-17,1.6433e-17
2596.1,-173.14,746.62,6.9049,0.3839,0.1531,0.01161,0.13657,-3.345e-17,1.6433e-17
2596.2,-173.12,746.65,6.9061,0.38012,0.15027,0.011571,0.13657,-3.345e-17,1.6433e-17
2596.3,-173.1,746.68,6.9073,0.37641,0.14748,0.011531,0.13657,-3.345e-17,1.6433e-17
2596.4,-173.08,746.72,6.9084,0.37276,0.14472,0.011491,0.13657,-3.345e-17,1.6433e-17
2596.5,-173.05,746.75,6.9096,0.36919,0.14199,0.011449,0.13657,-3.345e-17,1.6433e-17
2596.6,-173.03,746.78,6.9107,0.36568,0.13929,0.011407,0.13657,-3.345e-17,1.6433e-17
2596.7,-173.01,746.82,6.9118,0.36224,0.13663,0.011362,0.13657,-3.345e-17,1.6433e-17
2596.8,-172.99,746.85,6.913,0.35885,0.134,0.011317,0.13657,-3.345e-17,1.6433e-17
2596.9,-172.97,746.88,6.9141,0.35553,0.1314,0.011269,0.13657,-3.345e-17,1.6433e-17
2597,-172.95,746.91,6.9152,0.35227,0.12884,0.01122,0.13657,-3.345e-17,1.6433e-17
2597.1,-172.93,746.94,6.9163,0.34907,0.12631,0.011169,0.13657,-3.345e-17,1.6433e-17
2597.2,-172.91,746.97,6.9175,0.34592,0.12381,0.011116,0.13657,-3.345e-17,1.6433e-17
2597.3,-172.89,747,6.9186,0.34283,0.12135,0.011061,0.13657,-3.345e-17,1.6433e-17
2597.4,-172.87,747.03,6.9197,0.33979,0.11892,0.011004,0.13657,-3.345e-17,1.6433e-17
2597.5,-172.85,747.06,6.9208,0.3368,0.11653,0.010946,0.13657,-3.345e-17,1.6433e-17
2597.6,-172.83,747.09,6.9219,0.33386,0.11417,0.010886,0.13657,-3.345e-17,1.6433e-17
2597.7,-172.81,747.12,6.9229,0.33097,0.11184,0.010824,0.13657,-3.345e-17,1.6433e-17
2597.8,-172.79,747.15,6.924,0.32814,0.10956,0.01076,0.13657,-3.345e-17,1.6433e-17
2597.9,-172.77,747.18,6.9251,0.32535,0.1073,0.010695,0.13657,-3.345e-17,1.6433e-17
2598,-172.75,747.21,6.9262,0.3226,0.10508,0.010629,0.13657,-3.345e-17,1.6433e-17
2598.1,-172.73,747.23,6.9272,0.3199,0.1029,0.01056,0.13657,-3.345e-17,1.6433e-17
2598.2,-172.71,747.26,6.9283,0.31724,0.10075,0.010491,0.13657,-3.345e-17,1.6433e-17
2598.3,-172.69,747.29,6.9293,0.31463,0.098635,0.01042,0.13657,-3.345e-17,1.6433e-17
2598.4,-172.67,747.31,6.9304,0.31206,0.096555,0.010349,0.13657,-3.345e-17,1.6433e-17
2598.5,-172.65,747.34,6.9314,0.30953,0.09451,0.010276,0.13657,-3.345e-17,1.6433e-17
2598.6,-172.63,747.37,6.9324,0.30704,0.092499,0.010202,0.13657,-3.345e-17,1.6433e-17
2598.7,-172.61,747.39,6.9334,0.30459,0.090522,0.010127,0.13657,-3.345e-17,1.6433e-17
2598.8,-172.59,747.42,6.9344,0.30218,0.088579,0.010051,0.13657,-3.345e-17,1.6433e-17
2598.9,-172.58,747.44,6.9354,0.2998,0.086669,0.009975,0.13657,-3.345e-17,1.6433e-17
2599,-172.56,747.47,6.9364,0.29747,0.084793,0.009898,0.13657,-3.345e-17,1.6433e-17
2599.1,-172.54,747.49,6.9374,0.29517,0.08295,0.0098204,0.13657,-3.345e-17,1.6433e-17
2599.2,-172.52,747.52,6.9384,0.2929,0.081141,0.0097424,0.13657,-3.345e-17,1.6433e-17
2599.3,-172.5,747.54,6.9394,0.29067,0.079363,0.009664,0.13657,-3.345e-17,1.6433e-17
2599.4,-172.48,747.57,6.9403,0.28847,0.077618,0.0095853,0.13657,-3.345e-17,1.6433e-17
2599.5,-172.47,747.59,6.9413,0.2863,0.075905,0.0095063,0.13657,-3.345e-17,1.6433e-17
2599.6,-172.45,747.61,6.9422,0.28417,0.074224,0.0094271,0.13657,-3.345e-17,1.6433e-17
2599.7,-172.43,747.64,6.9432,0.28207,0.072574,0.0093477,0.13657,-3.345e-17,1.6433e-17
2599.8,-172.41,747.66,6.9441,0.28,0.070954,0.0092683,0.13657,-3.345e-17,1.6433e-17
2599.9,-172.39,747.68,6.945,0.27796,0.069366,0.0091889,0.13657,-3.345e-17,1.6433e-17
2600,-172.38,747.7,6.9459,0.27594,0.067807,0.0091096,0.13657,-3.345e-17,1.6433e-17
2600.1,-172.36,747.73,6.9468,0.27396,0.066279,0.0090303,0.13657,-3.345e-17,1.6433e-17
2600.2,-172.34,747.75,6.9477,0.27201,0.06478,0.0089512,0.13657,-3.345e-17,1.6433e-17
2600.3,-172.32,747.77,6.9486,0.27009,0.06331,0.0088722,0.13657,-3.345e-17,1.6433e-17
2600.4,-172.31,747.79,6.9495,0.26819,0.061868,0.0087935,0.13657,-3.345e-17,1.6433e-17
2600.5,-172.29,747.81,6.9504,0.26632,0.060455,0.008715,0.13657,-3.345e-17,1.6433e-17
2600.6,-172.27,747.83,6.9513,0.26447,0.05907,0.0086368,0.13657,-3.345e-17,1.6433e-17
2600.7,-172.26,747.86,6.9521,0.26265,0.057712,0.0085589,0.13657,-3.345e-17,1.6433e-17
2600.8,-172.24,747.88,6.953,0.26086,0.056381,0.0084814,0.13657,-3.345e-17,1.6433e-17
2600.9,-172.22,747.9,6.9538,0.25909,0.055077,0.0084043,0.13657,-3.345e-17,1.6433e-17
2601,-172.21,747.92,6.9547,0.25735,0.053799,0.0083275,0.13657,-3.345e-17,1.6433e-17
2601.1,-172.19,747.94,6.9555,0.25563,0.052547,0.0082512,0.13657,-3.345e-17,1.6433e-17
2601.2,-172.17,747.96,6.9563,0.25393,0.05132,0.0081753,0.13657,-3.345e-17,1.6433e-17
2601.3,-172.16,747.98,6.9571,0.25226,0.050119,0.0080999,0.13657,-3.345e-17,1.6433e-17
2601.4,-172.14,748,6.9579,0.25061,0.048942,0.0080249,0.13657,-3.345e-17,1.6433e-17
2601.5,-172.12,748.02,6.9587,0.24898,0.047789,0.0079504,0.13657,-3.345e-17,1.6433e-17
2601.6,-172.11,748.03,6.9595,0.24738,0.04666,0.0078763,0.13657,-3.345e-17,1.6433e-17
2601.7,-172.09,748.05,6.9603,0.24579,0.045555,0.0078028,0.13657,-3.345e-17,1.6433e-17
2601.8,-172.07,748.07,6.9611,0.24423,0.044472,0.0077298,0.13657,-3.345e-17,1.6433e-17
2601.9,-172.06,748.09,6.9618,0.24269,0.043413,0.0076573,0.13657,-3.345e-17,1.6433e-17
2602,-172.04,748.11,6.9626,0.24116,0.042375,0.0075852,0.13657,-3.345e-17,1.6433e-17
2602.1,-172.02,748.13,6.9634,0.23966,0.041359,0.0075137,0.13657,-3.345e-17,1.6433e-17
2602.2,-172.01,748.15,6.9641,0.23818,0.040365,0.0074427,0.13657,-3.345e-17,1.6433e-17
2602.3,-171.99,748.16,6.9649,0.23671,0.039392,0.0073722,0.13657,-3.345e-17,1.6433e-17
2602.4,-171.98,748.18,6.9656,0.23527,0.03844,0.0073022,0.13657,-3.345e-17,1.6433e-17
2602.5,-171.96,748.2,6.9663,0.23384,0.037508,0.0072327,0.13657,-3.345e-17,1.6433e-17
2602.6,-171.95,748.22,6.967,0.23243,0.036596,0.0071637,1.1409,-0.18226,0.089397
2602.7,-171.93,748.24,6.9679,0.2333,0.034903,0.0095932,1.1409,-0.18226,0.089397
2602.8,-171.91,748.25,6.969,0.23415,0.033145,0.011963,1.1409,-0.18226,0.089397
2602.9,-171.9,748.27,6.9703,0.235,0.031329,0.014271,1.1409,-0.18226,0.089397
2603,-171.88,748.29,6.9718,0.23585,0.029458,0.016514,1.1409,-0.18226,0.089397
2603.1,-171.86,748.3,6.9736,0.23668,0.02754,0.018692,1.1409,-0.18226,0.089397
2603.2,-171.85,748.32,6.9755,0.23751,0.025579,0.020802,1.1409,-0.18226,0.089397
2603.3,-171.83,748.34,6.9777,0.23833,0.023581,0.022844,1.1409,-0.18226,0.089397
2603.4,-171.81,748.36,6.9801,0.23914,0.021551,0.02482,1.1409,-0.18226,0.089397
2603.5,-171.8,748.37,6.9827,0.23994,0.019496,0.026728,1.1409,-0.18226,0.089397
2603.6,-171.78,748.39,6.9854,0.24072,0.01742,0.028571,1.1409,-0.18226,0.089397
2603.7,-171.76,748.41,6.9884,0.2415,0.015328,0.030349,1.1409,-0.18226,0.089397
2603.8,-171.75,748.42,6.9915,0.24226,0.013225,0.032064,1.1409,-0.18226,0.089397
2603.9,-171.73,748.44,6.9948,0.24301,0.011116,0.033718,1.1409,-0.18226,0.089397
2604,-171.71,748.46,6.9983,0.24374,0.0090048,0.035314,1.1409,-0.18226,0.089397
2604.1,-171.69,748.47,7.0019,0.24446,0.0068961,0.036852,1.1409,-0.18226,0.089397
2604.2,-171.67,748.49,7.0056,0.24516,0.0047936,0.038336,1.1409,-0.18226,0.089397
2604.3,-171.66,748.51,7.0095,0.24585,0.0027008,0.039768,1.1409,-0.18226,0.089397
2604.4,-171.64,748.52,7.0136,0.24653,0.00062099,0.04115,1.1409,-0.18226,0.089397
2604.5,-171.62,748.54,7.0178,0.24719,-0.0014471,0.042479,1.1409,-0.18226,0.089397
2604.6,-171.6,748.56,7.0221,0.24783,-0.0035138,0.043744,1.1409,-0.18226,0.089397
2604.7,-171.58,748.57,7.0265,0.24845,-0.0055777,0.044944,1.1409,-0.18226,0.089397
2604.8,-171.56,748.59,7.0311,0.24906,-0.0076367,0.046081,1.1409,-0.18226,0.089397
2604.9,-171.55,748.61,7.0357,0.24966,-0.0096888,0.047157,1.1409,-0.18226,0.089397
2605,-171.53,748.62,7.0405,0.25023,-0.011732,0.048173,1.1409,-0.18226,0.089397
2605.1,-171.51,748.64,7.0454,0.25079,-0.013764,0.04913,1.1409,-0.18226,0.089397
2605.2,-171.49,748.65,7.0503,0.25133,-0.015785,0.050031,1.1409,-0.18226,0.089397
2605.3,-171.47,748.67,7.0554,0.25186,-0.017791,0.050878,1.1409,-0.18226,0.089397
2605.4,-171.45,748.69,7.0605,0.25237,-0.019781,0.051672,1.1409,-0.18226,0.089397
2605.5,-171.43,748.7,7.0657,0.25286,-0.021754,0.052415,1.1409,-0.18226,0.089397
2605.6,-171.41,748.72,7.071,0.25333,-0.023709,0.05311,1.1409,-0.18226,0.089397
2605.7,-171.39,748.74,7.0763,0.25379,-0.025645,0.053759,1.1409,-0.18226,0.089397
2605.8,-171.37,748.75,7.0817,0.25423,-0.02756,0.054363,1.1409,-0.18226,0.089397
2605.9,-171.35,748.77,7.0872,0.25466,-0.029454,0.054925,1.1409,-0.18226,0.089397
2606,-171.33,748.78,7.0927,0.25507,-0.031325,0.055447,1.1409,-0.18226,0.089397
2606.1,-171.31,748.8,7.0983,0.25546,-0.033172,0.055929,1.1409,-0.18226,0.089397
2606.2,-171.29,748.82,7.1039,0.25584,-0.034996,0.056376,1.1409,-0.18226,0.089397
2606.3,-171.27,748.83,7.1095,0.2562,-0.036795,0.056787,1.1409,-0.18226,0.089397
2606.4,-171.25,748.85,7.1152,0.25655,-0.03857,0.057165,1.1409,-0.18226,0.089397
2606.5,-171.23,748.87,7.121,0.25688,-0.040318,0.057512,1.1409,-0.18226,0.089397
2606.6,-171.21,748.88,7.1267,0.2572,-0.04204,0.057829,1.1409,-0.18226,0.089397
2606.7,-171.19,748.9,7.1325,0.25751,-0.043736,0.058118,1.1409,-0.18226,0.089397
2606.8,-171.17,748.92,7.1384,0.2578,-0.045406,0.05838,1.1409,-0.18226,0.089397
2606.9,-171.15,748.93,7.1442,0.25808,-0.047048,0.058617,1.1409,-0.18226,0.089397
2607,-171.13,748.95,7.1501,0.25834,-0.048664,0.058831,1.1409,-0.18226,0.089397
2607.1,-171.11,748.96,7.156,0.25859,-0.050252,0.059021,1.1409,-0.18226,0.089397
2607.2,-171.09,748.98,7.1619,0.25883,-0.051813,0.059191,1.1409,-0.18226,0.089397
2607.3,-171.07,749,7.1678,0.25906,-0.053347,0.05934,1.1409,-0.18226,0.089397
2607.4,-171.05,749.01,7.1738,0.25927,-0.054854,0.059471,1.1409,-0.18226,0.089397
2607.5,-171.03,749.03,7.1797,0.25948,-0.056333,0.059584,1.1409,-0.18226,0.089397
2607.6,-171.01,749.05,7.1857,0.25967,-0.057786,0.05968,1.1409,-0.18226,0.089397
2607.7,-170.99,749.07,7.1916,0.25985,-0.059211,0.05976,1.1409,-0.18226,0.089397
2607.8,-170.97,749.08,7.1976,0.26002,-0.06061,0.059826,1.1409,-0.18226,0.089397
2607.9,-170.94,749.1,7.2036,0.26018,-0.061983,0.059877,1.1409,-0.18226,0.089397
2608,-170.92,749.12,7.2096,0.26033,-0.063328,0.059915,1.1409,-0.18226,0.089397
2608.1,-170.9,749.13,7.2156,0.26048,-0.064648,0.059941,1.1409,-0.18226,0.089397
2608.2,-170.88,749.15,7.2216,0.26061,-0.065942,0.059956,1.1409,-0.18226,0.089397
2608.3,-170.86,749.17,7.2276,0.26073,-0.06721,0.05996,1.1409,-0.18226,0.089397
2608.4,-170.84,749.18,7.2336,0.26085,-0.068453,0.059953,1.1409,-0.18226,0.089397
2608.5,-170.82,749.2,7.2396,0.26096,-0.069671,0.059937,1.1409,-0.18226,0.089397
2608.6,-170.8,749.22,7.2456,0.26106,-0.070863,0.059912,1.1409,-0.18226,0.089397
2608.7,-170.78,749.24,7.2516,0.26115,-0.072032,0.059879,2.2366,-5.478e-16,2.6937e-16
2608.8,-170.76,749.25,7.2574,0.26369,-0.0724,0.057431,2.2366,-5.478e-16,2.6937e-16
2608.9,-170.74,749.27,7.2631,0.26621,-0.072708,0.055197,2.2366,-5.478e-16,2.6937e-16
2609,-170.72,749.29,7.2685,0.2687,-0.072965,0.053154,2.2366,-5.478e-16,2.6937e-16
2609.1,-170.7,749.31,7.2737,0.27116,-0.073175,0.051283,2.2366,-5.478e-16,2.6937e-16
2609.2,-170.67,749.33,7.2787,0.27359,-0.073344,0.049564,2.2366,-5.478e-16,2.6937e-16
2609.3,-170.65,749.35,7.2836,0.276,-0.073476,0.047984,2.2366,-5.478e-16,2.6937e-16
2609.4,-170.63,749.37,7.2883,0.27837,-0.073575,0.04653,2.2366,-5.478e-16,2.6937e-16
2609.5,-170.61,749.39,7.2929,0.28072,-0.073644,0.04519,2.2366,-5.478e-16,2.6937e-16
2609.6,-170.59,749.41,7.2974,0.28303,-0.073688,0.043954,2.2366,-5.478e-16,2.6937e-16
2609.7,-170.57,749.43,7.3017,0.28532,-0.073709,0.042814,2.2366,-5.478e-16,2.6937e-16
2609.8,-170.55,749.45,7.3059,0.28758,-0.073709,0.041761,2.2366,-5.478e-16,2.6937e-16
2609.9,-170.53,749.47,7.3101,0.2898,-0.07369,0.040789,2.2366,-5.478e-16,2.6937e-16
2610,-170.5,749.49,7.3141,0.292,-0.073656,0.039892,2.2366,-5.478e-16,2.6937e-16
2610.1,-170.48,749.51,7.318,0.29416,-0.073607,0.039064,2.2366,-5.478e-16,2.6937e-16
2610.2,-170.46,749.53,7.3219,0.2963,-0.073546,0.038299,2.2366,-5.478e-16,2.6937e-16
2610.3,-170.44,749.55,7.3257,0.29841,-0.073474,0.037594,2.2366,-5.478e-16,2.6937e-16
2610.4,-170.42,749.58,7.3294,0.30048,-0.073393,0.036945,2.2366,-5.478e-16,2.6937e-16
2610.5,-170.4,749.6,7.3331,0.30252,-0.073304,0.036347,2.2366,-5.478e-16,2.6937e-16
2610.6,-170.38,749.62,7.3367,0.30454,-0.073208,0.035797,2.2366,-5.478e-16,2.6937e-16
2610.7,-170.36,749.64,7.3403,0.30652,-0.073107,0.035293,2.2366,-5.478e-16,2.6937e-16
2610.8,-170.33,749.67,7.3438,0.30848,-0.073001,0.034832,2.2366,-5.478e-16,2.6937e-16
2610.9,-170.31,749.69,7.3472,0.3104,-0.072892,0.034411,2.2366,-5.478e-16,2.6937e-16
2611,-170.29,749.71,7.3506,0.3123,-0.072781,0.034027,2.2366,-5.478e-16,2.6937e-16
2611.1,-170.27,749.74,7.354,0.31416,-0.072668,0.033679,2.2366,-5.478e-16,2.6937e-16
2611.2,-170.25,749.76,7.3574,0.316,-0.072554,0.033364,2.2366,-5.478e-16,2.6937e-16
2611.3,-170.23,749.79,7.3607,0.3178,-0.072441,0.033081,2.2366,-5.478e-16,2.6937e-16
2611.4,-170.21,749.81,7.364,0.31958,-0.072329,0.032827,2.2366,-5.478e-16,2.6937e-16
2611.5,-170.18,749.84,7.3673,0.32133,-0.072218,0.032603,2.2366,-5.478e-16,2.6937e-16
2611.6,-170.16,749.86,7.3705,0.32304,-0.072109,0.032405,2.2366,-5.478e-16,2.6937e-16
2611.7,-170.14,749.89,7.3738,0.32473,-0.072003,0.032232,2.2366,-5.478e-16,2.6937e-16
2611.8,-170.12,749.91,7.377,0.3264,-0.0719,0.032083,2.2366,-5.478e-16,2.6937e-16
2611.9,-170.1,749.94,7.3802,0.32803,-0.071802,0.031958,2.2366,-5.478e-16,2.6937e-16
2612,-170.08,749.96,7.3834,0.32963,-0.071707,0.031854,2.2366,-5.478e-16,2.6937e-16
2612.1,-170.06,749.99,7.3865,0.33121,-0.071618,0.031771,2.2366,-5.478e-16,2.6937e-16
2612.2,-170.03,750.02,7.3897,0.33276,-0.071534,0.031708,2.2366,-5.478e-16,2.6937e-16
2612.3,-170.01,750.04,7.3929,0.33429,-0.071455,0.031664,2.2366,-5.478e-16,2.6937e-16
2612.4,-169.99,750.07,7.3961,0.33578,-0.071383,0.031637,2.2366,-5.478e-16,2.6937e-16
2612.5,-169.97,750.1,7.3992,0.33725,-0.071317,0.031627,2.2366,-5.478e-16,2.6937e-16
2612.6,-169.95,750.13,7.4024,0.3387,-0.071258,0.031634,2.2366,-5.478e-16,2.6937e-16
2612.7,-169.93,750.15,7.4055,0.34012,-0.071206,0.031656,2.2366,-5.478e-16,2.6937e-16
2612.8,-169.91,750.18,7.4087,0.34151,-0.071162,0.031693,2.2366,-5.478e-16,2.6937e-16
2612.9,-169.89,750.21,7.4119,0.34287,-0.071125,0.031744,2.2366,-5.478e-16,2.6937e-16
2613,-169.86,750.24,7.4151,0.34421,-0.071096,0.031808,2.2366,-5.478e-16,2.6937e-16
2613.1,-169.84,750.26,7.4182,0.34553,-0.071076,0.031884,2.2366,-5.478e-16,2.6937e-16
2613.2,-169.82,750.29,7.4214,0.34682,-0.071063,0.031973,2.2366,-5.478e-16,2.6937e-16
2613.3,-169.8,750.32,7.4246,0.34809,-0.07106,0.032073,2.2366,-5.478e-16,2.6937e-16
2613.4,-169.78,750.35,7.4279,0.34933,-0.071065,0.032185,2.2366,-5.478e-16,2.6937e-16
2613.5,-169.76,750.38,7.4311,0.35055,-0.071079,0.032306,2.2366,-5.478e-16,2.6937e-16
2613.6,-169.74,750.41,7.4343,0.35175,-0.071102,0.032438,2.2366,-5.478e-16,2.6937e-16
2613.7,-169.72,750.44,7.4376,0.35292,-0.071135,0.032578,2.2366,-5.478e-16,2.6937e-16
2613.8,-169.7,750.47,7.4408,0.35407,-0.071176,0.032728,2.2366,-5.478e-16,2.6937e-16
2613.9,-169.68,750.5,7.4441,0.3552,-0.071227,0.032886,2.2366,-5.478e-16,2.6937e-16
2614,-169.66,750.53,7.4474,0.35631,-0.071288,0.033052,2.2366,-5.478e-16,2.6937e-16
2614.1,-169.64,750.56,7.4507,0.35739,-0.071358,0.033225,2.2366,-5.478e-16,2.6937e-16
2614.2,-169.61,750.59,7.4541,0.35845,-0.071438,0.033406,2.2366,-5.478e-16,2.6937e-16
2614.3,-169.59,750.62,7.4574,0.35949,-0.071528,0.033593,2.2366,-5.478e-16,2.6937e-16
2614.4,-169.57,750.65,7.4608,0.36051,-0.071627,0.033786,2.2366,-5.478e-16,2.6937e-16
2614.5,-169.55,750.68,7.4642,0.36151,-0.071736,0.033985,2.2366,-5.478e-16,2.6937e-16
2614.6,-169.53,750.71,7.4676,0.36249,-0.071855,0.03419,2.2366,-5.478e-16,2.6937e-16
2614.7,-169.51,750.74,7.471,0.36345,-0.071984,0.0344,2.2366,-5.478e-16,2.6937e-16
2614.8,-169.49,750.77,7.4744,0.36438,-0.072122,0.034614,2.2366,-5.478e-16,2.6937e-16
2614.9,-169.47,750.8,7.4779,0.3653,-0.07227,0.034833,2.2366,-5.478e-16,2.6937e-16
2615,-169.45,750.83,7.4814,0.3662,-0.072428,0.035056,2.2366,-5.478e-16,2.6937e-16
2615.1,-169.43,750.87,7.4849,0.36708,-0.072595,0.035282,2.2366,-5.478e-16,2.6937e-16
2615.2,-169.41,750.9,7.4885,0.36794,-0.072772,0.035512,2.2366,-5.478e-16,2.6937e-16
2615.3,-169.39,750.93,7.492,0.36879,-0.072958,0.035746,2.2366,-5.478e-16,2.6937e-16
2615.4,-169.37,750.96,7.4956,0.36961,-0.073154,0.035981,2.2366,-5.478e-16,2.6937e-16
2615.5,-169.35,750.99,7.4992,0.37042,-0.073359,0.03622,2.2366,-5.478e-16,2.6937e-16
2615.6,-169.33,751.02,7.5029,0.37121,-0.073573,0.03646,2.2366,-5.478e-16,2.6937e-16
2615.7,-169.31,751.06,7.5065,0.37198,-0.073797,0.036703,2.2366,-5.478e-16,2.6937e-16
2615.8,-169.29,751.09,7.5102,0.37273,-0.074029,0.036947,2.2366,-5.478e-16,2.6937e-16
2615.9,-169.27,751.12,7.5139,0.37347,-0.07427,0.037192,2.2366,-5.478e-16,2.6937e-16
2616,-169.25,751.16,7.5176,0.37419,-0.07452,0.037439,2.2366,-5.478e-16,2.6937e-16
2616.1,-169.24,751.19,7.5214,0.37489,-0.074778,0.037686,2.2366,-5.478e-16,2.6937e-16
2616.2,-169.22,751.22,7.5252,0.37558,-0.075045,0.037934,2.2366,-5.478e-16,2.6937e-16
2616.3,-169.2,751.25,7.529,0.37625,-0.07532,0.038182,2.2366,-5.478e-16,2.6937e-16
2616.4,-169.18,751.29,7.5328,0.37691,-0.075604,0.038431,2.2366,-5.478e-16,2.6937e-16
2616.5,-169.16,751.32,7.5367,0.37755,-0.075895,0.038679,2.2366,-5.478e-16,2.6937e-16
2616.6,-169.14,751.35,7.5406,0.37818,-0.076194,0.038927,2.2366,-5.478e-16,2.6937e-16
2616.7,-169.12,751.39,7.5445,0.37879,-0.0765,0.039175,2.2366,-5.478e-16,2.6937e-16
2616.8,-169.1,751.42,7.5484,0.37939,-0.076814,0.039422,2.2366,-5.478e-16,2.6937e-16
2616.9,-169.08,751.46,7.5523,0.37997,-0.077135,0.039667,2.2366,-5.478e-16,2.6937e-16
2617,-169.07,751.49,7.5563,0.38054,-0.077464,0.039912,2.2366,-5.478e-16,2.6937e-16
2617.1,-169.05,751.52,7.5603,0.38109,-0.077799,0.040156,2.2366,-5.478e-16,2.6937e-16
2617.2,-169.03,751.56,7.5644,0.38163,-0.07814,0.040398,2.2366,-5.478e-16,2.6937e-16
2617.3,-169.01,751.59,7.5684,0.38216,-0.078488,0.040638,2.2366,-5.478e-16,2.6937e-16
2617.4,-168.99,751.63,7.5725,0.38267,-0.078842,0.040877,2.2366,-5.478e-16,2.6937e-16
2617.5,-168.97,751.66,7.5766,0.38318,-0.079202,0.041113,2.2366,-5.478e-16,2.6937e-16
2617.6,-168.96,751.7,7.5807,0.38366,-0.079568,0.041348,2.2366,-5.478e-16,2.6937e-16
2617.7,-168.94,751.73,7.5848,0.38414,-0.07994,0.04158,2.2366,-5.478e-16,2.6937e-16
2617.8,-168.92,751.77,7.589,0.3846,-0.080316,0.04181,2.2366,-5.478e-16,2.6937e-16
2617.9,-168.9,751.8,7.5932,0.38506,-0.080698,0.042037,2.2366,-5.478e-16,2.6937e-16
2618,-168.88,751.84,7.5974,0.3855,-0.081085,0.042261,2.2366,-5.478e-16,2.6937e-16
2618.1,-168.87,751.87,7.6017,0.38592,-0.081476,0.042483,2.2366,-5.478e-16,2.6937e-16
2618.2,-168.85,751.91,7.6059,0.38634,-0.081872,0.042702,2.2366,-5.478e-16,2.6937e-16
2618.3,-168.83,751.94,7.6102,0.38675,-0.082272,0.042918,2.2366,-5.478e-16,2.6937e-16
2618.4,-168.81,751.98,7.6145,0.38714,-0.082676,0.043131,2.2366,-5.478e-16,2.6937e-16
2618.5,-168.8,752.01,7.6188,0.38752,-0.083083,0.043341,2.2366,-5.478e-16,2.6937e-16
2618.6,-168.78,752.05,7.6232,0.3879,-0.083494,0.043547,2.2366,-5.478e-16,2.6937e-16
2618.7,-168.76,752.09,7.6275,0.38826,-0.083909,0.04375,2.2366,-5.478e-16,2.6937e-16
2618.8,-168.75,752.12,7.6319,0.38861,-0.084326,0.04395,2.2366,-5.478e-16,2.6937e-16
2618.9,-168.73,752.16,7.6363,0.38895,-0.084747,0.044146,2.2366,-5.478e-16,2.6937e-16
2619,-168.71,752.19,7.6408,0.38929,-0.085169,0.044339,2.2366,-5.478e-16,2.6937e-16
2619.1,-168.7,752.23,7.6452,0.38961,-0.085595,0.044528,2.2366,-5.478e-16,2.6937e-16
2619.2,-168.68,752.27,7.6497,0.38992,-0.086022,0.044713,2.2366,-5.478e-16,2.6937e-16
2619.3,-168.66,752.3,7.6541,0.39023,-0.086452,0.044895,2.2366,-5.478e-16,2.6937e-16
2619.4,-168.65,752.34,7.6586,0.39052,-0.086883,0.045072,2.2366,-5.478e-16,2.6937e-16
2619.5,-168.63,752.38,7.6632,0.39081,-0.087315,0.045246,2.2366,-5.478e-16,2.6937e-16
2619.6,-168.62,752.41,7.6677,0.39109,-0.087749,0.045417,3.8891,-0.33491,0.16427
2619.7,-168.6,752.45,7.6725,0.39502,-0.089665,0.05016,3.8891,-0.33491,0.16427
2619.8,-168.58,752.49,7.6777,0.39884,-0.091759,0.054756,3.8891,-0.33491,0.16427
2619.9,-168.57,752.53,7.6834,0.40253,-0.094028,0.059186,3.8891,-0.33491,0.16427
2620,-168.55,752.56,7.6895,0.40611,-0.096464,0.063437,3.8891,-0.33491,0.16427
2620.1,-168.54,752.6,7.6961,0.40957,-0.099059,0.067497,3.8891,-0.33491,0.16427
2620.2,-168.52,752.64,7.703,0.41291,-0.10181,0.071357,3.8891,-0.33491,0.16427
2620.3,-168.5,752.68,7.7104,0.41613,-0.10469,0.075013,3.8891,-0.33491,0.16427
2620.4,-168.49,752.72,7.718,0.41924,-0.10771,0.078461,3.8891,-0.33491,0.16427
2620.5,-168.47,752.76,7.726,0.42223,-0.11086,0.081702,3.8891,-0.33491,0.16427
2620.6,-168.45,752.8,7.7344,0.42511,-0.11411,0.084736,3.8891,-0.33491,0.16427
2620.7,-168.44,752.84,7.743,0.42788,-0.11746,0.087567,3.8891,-0.33491,0.16427
2620.8,-168.42,752.88,7.7519,0.43055,-0.1209,0.090199,3.8891,-0.33491,0.16427
2620.9,-168.4,752.93,7.761,0.4331,-0.12442,0.09264,3.8891,-0.33491,0.16427
2621,-168.39,752.97,7.7704,0.43555,-0.128,0.094895,3.8891,-0.33491,0.16427
2621.1,-168.37,753.01,7.78,0.43789,-0.13165,0.096973,3.8891,-0.33491,0.16427
2621.2,-168.36,753.05,7.7898,0.44013,-0.13534,0.098881,3.8891,-0.33491,0.16427
2621.3,-168.34,753.1,7.7998,0.44227,-0.13908,0.10063,3.8891,-0.33491,0.16427
2621.4,-168.32,753.14,7.8099,0.44432,-0.14284,0.10222,3.8891,-0.33491,0.16427
2621.5,-168.31,753.18,7.8202,0.44626,-0.14663,0.10367,3.8891,-0.33491,0.16427
2621.6,-168.29,753.23,7.8306,0.44812,-0.15043,0.10498,3.8891,-0.33491,0.16427
2621.7,-168.27,753.27,7.8412,0.44988,-0.15425,0.10617,3.8891,-0.33491,0.16427
2621.8,-168.26,753.32,7.8519,0.45156,-0.15806,0.10723,3.8891,-0.33491,0.16427
2621.9,-168.24,753.36,7.8626,0.45315,-0.16188,0.10819,3.8891,-0.33491,0.16427
2622,-168.23,753.41,7.8735,0.45466,-0.16568,0.10903,3.8891,-0.33491,0.16427
2622.1,-168.21,753.46,7.8844,0.45609,-0.16947,0.10978,3.8891,-0.33491,0.16427
2622.2,-168.2,753.5,7.8954,0.45744,-0.17324,0.11043,3.8891,-0.33491,0.16427
2622.3,-168.18,753.55,7.9065,0.45871,-0.17699,0.11099,3.8891,-0.33491,0.16427
2622.4,-168.17,753.6,7.9176,0.45991,-0.18072,0.11147,3.8891,-0.33491,0.16427
2622.5,-168.15,753.64,7.9288,0.46105,-0.18441,0.11188,3.8891,-0.33491,0.16427
2622.6,-168.14,753.69,7.94,0.46211,-0.18808,0.11221,3.8891,-0.33491,0.16427
2622.7,-168.12,753.74,7.9513,0.46311,-0.19171,0.11248,3.8891,-0.33491,0.16427
2622.8,-168.11,753.79,7.9625,0.46405,-0.1953,0.11268,3.8891,-0.33491,0.16427
2622.9,-168.09,753.83,7.9738,0.46493,-0.19885,0.11283,3.8891,-0.33491,0.16427
2623,-168.08,753.88,7.9851,0.46575,-0.20236,0.11291,3.8891,-0.33491,0.16427
2623.1,-168.06,753.93,7.9964,0.46652,-0.20584,0.11295,3.8891,-0.33491,0.16427
2623.2,-168.05,753.98,8.0077,0.46723,-0.20926,0.11293,3.8891,-0.33491,0.16427
2623.3,-168.04,754.03,8.019,0.4679,-0.21265,0.11287,3.8891,-0.33491,0.16427
2623.4,-168.02,754.08,8.0302,0.46852,-0.21598,0.11277,3.8891,-0.33491,0.16427
2623.5,-168.01,754.13,8.0415,0.46909,-0.21927,0.11263,3.8891,-0.33491,0.16427
2623.6,-168,754.18,8.0528,0.46962,-0.22252,0.11244,3.8891,-0.33491,0.16427
2623.7,-167.99,754.23,8.064,0.47011,-0.22571,0.11222,3.8891,-0.33491,0.16427
2623.8,-167.97,754.28,8.0752,0.47056,-0.22886,0.11197,3.8891,-0.33491,0.16427
2623.9,-167.96,754.33,8.0864,0.47098,-0.23196,0.11168,3.8891,-0.33491,0.16427
2624,-167.95,754.38,8.0975,0.47136,-0.23501,0.11137,3.8891,-0.33491,0.16427
2624.1,-167.94,754.44,8.1087,0.4717,-0.23802,0.11102,3.8891,-0.33491,0.16427
2624.2,-167.93,754.49,8.1197,0.47202,-0.24097,0.11065,3.8891,-0.33491,0.16427
2624.3,-167.92,754.54,8.1308,0.47231,-0.24388,0.11025,3.8891,-0.33491,0.16427
2624.4,-167.91,754.59,8.1418,0.47257,-0.24674,0.10983,3.8891,-0.33491,0.16427
2624.5,-167.9,754.64,8.1528,0.47281,-0.24956,0.10938,3.8891,-0.33491,0.16427
2624.6,-167.89,754.7,8.1637,0.47302,-0.25232,0.10892,3.8891,-0.33491,0.16427
2624.7,-167.88,754.75,8.1745,0.47321,-0.25504,0.10843,3.8891,-0.33491,0.16427
2624.8,-167.87,754.8,8.1854,0.47339,-0.25771,0.10793,3.8891,-0.33491,0.16427
2624.9,-167.86,754.86,8.1961,0.47354,-0.26034,0.10741,3.8891,-0.33491,0.16427
2625,-167.85,754.91,8.2068,0.47367,-0.26292,0.10687,3.8891,-0.33491,0.16427
2625.1,-167.84,754.96,8.2175,0.47379,-0.26546,0.10632,3.8891,-0.33491,0.16427
2625.2,-167.84,755.02,8.2281,0.4739,-0.26795,0.10575,8.1187,-1.9885e-15,9.8291e-16
2625.3,-167.83,755.07,8.2384,0.48346,-0.26901,0.10096,8.1187,-1.9885e-15,9.8291e-16
2625.4,-167.82,755.13,8.2483,0.49289,-0.27003,0.096929,8.1187,-1.9885e-15,9.8291e-16
2625.5,-167.82,755.18,8.2578,0.50215,-0.27103,0.093561,8.1187,-1.9885e-15,9.8291e-16
2625.6,-167.81,755.24,8.267,0.51126,-0.27203,0.090766,8.1187,-1.9885e-15,9.8291e-16
2625.7,-167.81,755.3,8.276,0.52018,-0.27304,0.088473,8.1187,-1.9885e-15,9.8291e-16
2625.8,-167.8,755.36,8.2848,0.52892,-0.27408,0.086625,8.1187,-1.9885e-15,9.8291e-16
2625.9,-167.8,755.42,8.2933,0.53747,-0.27515,0.085175,8.1187,-1.9885e-15,9.8291e-16
2626,-167.8,755.48,8.3018,0.54582,-0.27626,0.084081,8.1187,-1.9885e-15,9.8291e-16
2626.1,-167.8,755.54,8.3102,0.55397,-0.27743,0.083307,8.1187,-1.9885e-15,9.8291e-16
2626.2,-167.8,755.6,8.3185,0.56191,-0.27865,0.082825,8.1187,-1.9885e-15,9.8291e-16
2626.3,-167.8,755.67,8.3267,0.56964,-0.27995,0.082606,8.1187,-1.9885e-15,9.8291e-16
2626.4,-167.8,755.73,8.335,0.57715,-0.28132,0.082626,8.1187,-1.9885e-15,9.8291e-16
2626.5,-167.8,755.79,8.3433,0.58445,-0.28277,0.082864,8.1187,-1.9885e-15,9.8291e-16
2626.6,-167.81,755.86,8.3516,0.59154,-0.2843,0.083299,8.1187,-1.9885e-15,9.8291e-16
2626.7,-167.81,755.92,8.3599,0.59841,-0.28594,0.083912,8.1187,-1.9885e-15,9.8291e-16
2626.8,-167.81,755.99,8.3684,0.60506,-0.28767,0.084686,8.1187,-1.9885e-15,9.8291e-16
2626.9,-167.82,756.06,8.3769,0.6115,-0.2895,0.085604,8.1187,-1.9885e-15,9.8291e-16
2627,-167.82,756.13,8.3855,0.61772,-0.29144,0.086649,8.1187,-1.9885e-15,9.8291e-16
2627.1,-167.83,756.19,8.3942,0.62372,-0.29349,0.087806,8.1187,-1.9885e-15,9.8291e-16
2627.2,-167.84,756.26,8.4031,0.62951,-0.29566,0.089059,8.1187,-1.9885e-15,9.8291e-16
2627.3,-167.85,756.33,8.412,0.63509,-0.29794,0.090395,8.1187,-1.9885e-15,9.8291e-16
2627.4,-167.86,756.4,8.4211,0.64045,-0.30034,0.091798,8.1187,-1.9885e-15,9.8291e-16
2627.5,-167.86,756.47,8.4304,0.64561,-0.30286,0.093255,8.1187,-1.9885e-15,9.8291e-16
2627.6,-167.87,756.54,8.4398,0.65056,-0.3055,0.094753,8.1187,-1.9885e-15,9.8291e-16
2627.7,-167.89,756.62,8.4493,0.65531,-0.30827,0.096278,8.1187,-1.9885e-15,9.8291e-16
2627.8,-167.9,756.69,8.459,0.65985,-0.31115,0.097817,8.1187,-1.9885e-15,9.8291e-16
2627.9,-167.91,756.76,8.4689,0.6642,-0.31415,0.099359,8.1187,-1.9885e-15,9.8291e-16
2628,-167.92,756.83,8.4789,0.66836,-0.31727,0.10089,8.1187,-1.9885e-15,9.8291e-16
2628.1,-167.94,756.9,8.4891,0.67233,-0.32051,0.1024,8.1187,-1.9885e-15,9.8291e-16
2628.2,-167.95,756.98,8.4994,0.67611,-0.32385,0.10389,8.1187,-1.9885e-15,9.8291e-16
2628.3,-167.97,757.05,8.5099,0.67971,-0.32731,0.10533,8.1187,-1.9885e-15,9.8291e-16
2628.4,-167.98,757.13,8.5205,0.68313,-0.33087,0.10672,8.1187,-1.9885e-15,9.8291e-16
2628.5,-168,757.2,8.5312,0.68638,-0.33453,0.10806,8.1187,-1.9885e-15,9.8291e-16
2628.6,-168.02,757.27,8.5421,0.68947,-0.33829,0.10933,8.1187,-1.9885e-15,9.8291e-16
2628.7,-168.03,757.35,8.5531,0.69239,-0.34214,0.11053,8.1187,-1.9885e-15,9.8291e-16
2628.8,-168.05,757.42,8.5642,0.69515,-0.34608,0.11165,8.1187,-1.9885e-15,9.8291e-16
2628.9,-168.07,757.5,8.5754,0.69776,-0.35009,0.11269,8.1187,-1.9885e-15,9.8291e-16
2629,-168.09,757.58,8.5867,0.70022,-0.35418,0.11364,8.1187,-1.9885e-15,9.8291e-16
2629.1,-168.11,757.65,8.5981,0.70255,-0.35834,0.1145,8.1187,-1.9885e-15,9.8291e-16
2629.2,-168.13,757.73,8.6096,0.70473,-0.36256,0.11527,8.1187,-1.9885e-15,9.8291e-16
2629.3,-168.16,757.8,8.6212,0.70679,-0.36684,0.11594,8.1187,-1.9885e-15,9.8291e-16
2629.4,-168.18,757.88,8.6328,0.70872,-0.37118,0.1165,8.1187,-1.9885e-15,9.8291e-16
2629.5,-168.2,757.96,8.6445,0.71053,-0.37556,0.11697,8.1187,-1.9885e-15,9.8291e-16
2629.6,-168.23,758.03,8.6562,0.71223,-0.37997,0.11733,8.1187,-1.9885e-15,9.8291e-16
2629.7,-168.25,758.11,8.6679,0.71382,-0.38443,0.11759,8.1187,-1.9885e-15,9.8291e-16
2629.8,-168.28,758.19,8.6797,0.71531,-0.38891,0.11775,8.1187,-1.9885e-15,9.8291e-16
2629.9,-168.31,758.26,8.6915,0.71671,-0.39342,0.1178,8.1187,-1.9885e-15,9.8291e-16
2630,-168.33,758.34,8.7033,0.71801,-0.39795,0.11775,8.1187,-1.9885e-15,9.8291e-16
2630.1,-168.36,758.42,8.715,0.71923,-0.4025,0.1176,8.1187,-1.9885e-15,9.8291e-16
2630.2,-168.39,758.5,8.7268,0.72038,-0.40706,0.11734,8.1187,-1.9885e-15,9.8291e-16
2630.3,-168.42,758.57,8.7385,0.72145,-0.41162,0.11699,8.1187,-1.9885e-15,9.8291e-16
2630.4,-168.45,758.65,8.7502,0.72246,-0.4162,0.11653,8.1187,-1.9885e-15,9.8291e-16
2630.5,-168.48,758.73,8.7618,0.7234,-0.42077,0.11598,8.1187,-1.9885e-15,9.8291e-16
2630.6,-168.51,758.81,8.7734,0.7243,-0.42534,0.11533,8.1187,-1.9885e-15,9.8291e-16
2630.7,-168.54,758.89,8.7849,0.72514,-0.42991,0.11458,8.1187,-1.9885e-15,9.8291e-16
2630.8,-168.58,758.96,8.7963,0.72594,-0.43447,0.11374,8.1187,-1.9885e-15,9.8291e-16
2630.9,-168.61,759.04,8.8076,0.7267,-0.43902,0.11281,8.1187,-1.9885e-15,9.8291e-16
2631,-168.64,759.12,8.8188,0.72742,-0.44357,0.11178,8.1187,-1.9885e-15,9.8291e-16
2631.1,-168.68,759.2,8.83,0.72812,-0.4481,0.11067,8.1187,-1.9885e-15,9.8291e-16
2631.2,-168.71,759.27,8.841,0.7288,-0.45262,0.10946,8.1187,-1.9885e-15,9.8291e-16
2631.3,-168.75,759.35,8.8518,0.72946,-0.45713,0.10816,8.1187,-1.9885e-15,9.8291e-16
2631.4,-168.79,759.43,8.8626,0.7301,-0.46162,0.10678,8.1187,-1.9885e-15,9.8291e-16
2631.5,-168.82,759.51,8.8732,0.73074,-0.4661,0.10531,8.1187,-1.9885e-15,9.8291e-16
2631.6,-168.86,759.59,8.8837,0.73138,-0.47057,0.10375,8.1187,-1.9885e-15,9.8291e-16
2631.7,-168.9,759.66,8.8939,0.73202,-0.47502,0.1021,8.1187,-1.9885e-15,9.8291e-16
2631.8,-168.94,759.74,8.9041,0.73267,-0.47946,0.10036,8.1187,-1.9885e-15,9.8291e-16
2631.9,-168.98,759.82,8.914,0.73333,-0.48389,0.098539,8.1187,-1.9885e-15,9.8291e-16
2632,-169.02,759.9,8.9238,0.734,-0.48831,0.096624,8.1187,-1.9885e-15,9.8291e-16
2632.1,-169.06,759.98,8.9333,0.7347,-0.49272,0.094618,8.1187,-1.9885e-15,9.8291e-16
2632.2,-169.1,760.05,8.9427,0.73542,-0.49712,0.09252,8.1187,-1.9885e-15,9.8291e-16
2632.3,-169.15,760.13,8.9518,0.73618,-0.50151,0.090325,8.1187,-1.9885e-15,9.8291e-16
2632.4,-169.19,760.21,8.9608,0.73697,-0.5059,0.088033,8.1187,-1.9885e-15,9.8291e-16
2632.5,-169.23,760.29,8.9694,0.7378,-0.51029,0.08564,8.1187,-1.9885e-15,9.8291e-16
2632.6,-169.28,760.37,8.9779,0.73868,-0.51468,0.08314,8.1187,-1.9885e-15,9.8291e-16
2632.7,-169.32,760.45,8.9861,0.73961,-0.51907,0.080531,8.1187,-1.9885e-15,9.8291e-16
2632.8,-169.37,760.52,8.994,0.7406,-0.52347,0.077805,8.1187,-1.9885e-15,9.8291e-16
2632.9,-169.41,760.6,9.0016,0.74164,-0.52787,0.074957,8.1187,-1.9885e-15,9.8291e-16
2633,-169.46,760.68,9.009,0.74276,-0.53229,0.071978,8.1187,-1.9885e-15,9.8291e-16
2633.1,-169.51,760.76,9.016,0.74396,-0.53673,0.06886,8.1187,-1.9885e-15,9.8291e-16
2633.2,-169.55,760.84,9.0227,0.74523,-0.54118,0.065592,8.1187,-1.9885e-15,9.8291e-16
2633.3,-169.6,760.92,9.0291,0.74659,-0.54566,0.062161,8.1187,-1.9885e-15,9.8291e-16
2633.4,-169.65,761,9.0352,0.74805,-0.55017,0.058553,8.1187,-1.9885e-15,9.8291e-16
2633.5,-169.7,761.08,9.0408,0.74961,-0.55471,0.054752,8.1187,-1.9885e-15,9.8291e-16
2633.6,-169.75,761.16,9.0461,0.75129,-0.55929,0.050738,8.1187,-1.9885e-15,9.8291e-16
2633.7,-169.8,761.24,9.051,0.7531,-0.56392,0.046487,8.1187,-1.9885e-15,9.8291e-16
2633.8,-169.85,761.32,9.0554,0.75503,-0.56859,0.041971,8.1187,-1.9885e-15,9.8291e-16
2633.9,-169.9,761.4,9.0594,0.75712,-0.57333,0.037159,8.1187,-1.9885e-15,9.8291e-16
2634,-169.95,761.48,9.0628,0.75938,-0.57813,0.03201,8.1187,-1.9885e-15,9.8291e-16
2634.1,-170,761.56,9.0657,0.76181,-0.583,0.026477,8.1187,-1.9885e-15,9.8291e-16
2634.2,-170.05,761.64,9.0681,0.76445,-0.58796,0.020501,8.1187,-1.9885e-15,9.8291e-16
2634.3,-170.1,761.72,9.0698,0.76731,-0.59301,0.01401,8.1187,-1.9885e-15,9.8291e-16
2634.4,-170.15,761.81,9.0709,0.77043,-0.59817,0.006916,8.1187,-1.9885e-15,9.8291e-16
2634.5,-170.2,761.89,9.0712,0.77383,-0.60344,-0.00089044,8.1187,-1.9885e-15,9.8291e-16
2634.6,-170.25,761.97,9.0707,0.77755,-0.60743,-0.0089727,8.1187,-1.9885e-15,9.8291e-16
2634.7,-170.31,762.06,9.0694,0.78157,-0.60916,-0.01681,8.1187,-1.9885e-15,9.8291e-16
2634.8,-170.36,762.14,9.0673,0.78588,-0.60866,-0.024181,8.1187,-1.9885e-15,9.8291e-16
2634.9,-170.41,762.22,9.0646,0.79042,-0.60604,-0.030902,8.1187,-1.9885e-15,9.8291e-16
2635,-170.46,762.31,9.0612,0.79514,-0.60145,-0.036839,8.1187,-1.9885e-15,9.8291e-16
2635.1,-170.52,762.39,9.0572,0.79999,-0.59512,-0.041908,8.1187,-1.9885e-15,9.8291e-16
2635.2,-170.57,762.48,9.0528,0.8049,-0.58729,-0.046072,0.6742,0.014734,-0.0072269
2635.3,-170.62,762.56,9.048,0.79332,-0.57813,-0.049797,0.6742,0.014734,-0.0072269
2635.4,-170.67,762.64,9.0429,0.78225,-0.56782,-0.053099,0.6742,0.014734,-0.0072269
2635.5,-170.73,762.73,9.0374,0.77164,-0.55651,-0.055932,0.6742,0.014734,-0.0072269
2635.6,-170.78,762.81,9.0317,0.76145,-0.54438,-0.058275,0.6742,0.014734,-0.0072269
2635.7,-170.82,762.88,9.0258,0.75161,-0.5316,-0.060129,0.6742,0.014734,-0.0072269
2635.8,-170.87,762.96,9.0197,0.7421,-0.51832,-0.061512,0.6742,0.014734,-0.0072269
2635.9,-170.92,763.04,9.0135,0.73286,-0.50471,-0.062451,0.6742,0.014734,-0.0072269
2636,-170.97,763.11,9.0072,0.72387,-0.49088,-0.062985,0.6742,0.014734,-0.0072269
2636.1,-171.01,763.19,9.0009,0.7151,-0.47698,-0.063156,0.6742,0.014734,-0.0072269
2636.2,-171.06,763.26,8.9946,0.70651,-0.4631,-0.063007,0.6742,0.014734,-0.0072269
2636.3,-171.1,763.33,8.9883,0.6981,-0.44934,-0.062581,0.6742,0.014734,-0.0072269
2636.4,-171.15,763.4,8.9821,0.68985,-0.43576,-0.06192,0.6742,0.014734,-0.0072269
2636.5,-171.19,763.47,8.976,0.68174,-0.42242,-0.061061,0.6742,0.014734,-0.0072269
2636.6,-171.23,763.53,8.9699,0.67377,-0.40937,-0.06004,0.6742,0.014734,-0.0072269
2636.7,-171.27,763.6,8.964,0.66592,-0.39665,-0.058887,0.6742,0.014734,-0.0072269
2636.8,-171.32,763.66,8.9581,0.65819,-0.38427,-0.057631,0.6742,0.014734,-0.0072269
2636.9,-171.36,763.73,8.9524,0.65059,-0.37227,-0.056294,0.6742,0.014734,-0.0072269
2637,-171.4,763.79,8.9469,0.6431,-0.36064,-0.054898,0.6742,0.014734,-0.0072269
2637.1,-171.44,763.85,8.9415,0.63572,-0.3494,-0.053461,0.6742,0.014734,-0.0072269
2637.2,-171.48,763.91,8.9362,0.62846,-0.33855,-0.051997,0.6742,0.014734,-0.0072269
2637.3,-171.52,763.97,8.9311,0.62131,-0.32807,-0.050519,0.6742,0.014734,-0.0072269
2637.4,-171.56,764.03,8.9261,0.61426,-0.31798,-0.049038,0.6742,0.014734,-0.0072269
2637.5,-171.6,764.08,8.9212,0.60733,-0.30826,-0.047563,0.6742,0.014734,-0.0072269
2637.6,-171.63,764.14,8.9166,0.60052,-0.29889,-0.0461,0.6742,0.014734,-0.0072269
2637.7,-171.67,764.2,8.912,0.59381,-0.28988,-0.044656,0.6742,0.014734,-0.0072269
2637.8,-171.71,764.25,8.9076,0.58721,-0.28121,-0.043236,0.6742,0.014734,-0.0072269
2637.9,-171.75,764.3,8.9034,0.58073,-0.27286,-0.041842,0.6742,0.014734,-0.0072269
2638,-171.78,764.35,8.8993,0.57435,-0.26484,-0.040478,0.6742,0.014734,-0.0072269
2638.1,-171.82,764.41,8.8953,0.56808,-0.25711,-0.039146,0.6742,0.014734,-0.0072269
2638.2,-171.85,764.46,8.8914,0.56193,-0.24968,-0.037848,0.6742,0.014734,-0.0072269
2638.3,-171.89,764.51,8.8877,0.55588,-0.24253,-0.036585,0.6742,0.014734,-0.0072269
2638.4,-171.93,764.55,8.8841,0.54994,-0.23564,-0.035358,0.6742,0.014734,-0.0072269
2638.5,-171.96,764.6,8.8806,0.5441,-0.22901,-0.034166,0.6742,0.014734,-0.0072269
2638.6,-171.99,764.65,8.8773,0.53838,-0.22263,-0.033011,0.6742,0.014734,-0.0072269
2638.7,-172.03,764.7,8.874,0.53276,-0.21648,-0.031892,0.6742,0.014734,-0.0072269
2638.8,-172.06,764.74,8.8709,0.52724,-0.21056,-0.030809,0.6742,0.014734,-0.0072269
2638.9,-172.1,764.79,8.8679,0.52183,-0.20485,-0.029761,0.6742,0.014734,-0.0072269
2639,-172.13,764.83,8.8649,0.51651,-0.19934,-0.028748,0.6742,0.014734,-0.0072269
2639.1,-172.16,764.88,8.8621,0.5113,-0.19403,-0.027769,0.6742,0.014734,-0.0072269
2639.2,-172.2,764.92,8.8594,0.50619,-0.18891,-0.026824,0.6742,0.014734,-0.0072269
2639.3,-172.23,764.96,8.8568,0.50117,-0.18396,-0.025912,0.6742,0.014734,-0.0072269
2639.4,-172.26,765.01,8.8542,0.49625,-0.17919,-0.025031,0.6742,0.014734,-0.0072269
2639.5,-172.29,765.05,8.8517,0.49142,-0.17457,-0.024182,0.6742,0.014734,-0.0072269
2639.6,-172.32,765.09,8.8494,0.48669,-0.17011,-0.023363,0.6742,0.014734,-0.0072269
2639.7,-172.36,765.13,8.8471,0.48205,-0.1658,-0.022574,0.6742,0.014734,-0.0072269
2639.8,-172.39,765.17,8.8449,0.4775,-0.16163,-0.021813,0.6742,0.014734,-0.0072269
2639.9,-172.42,765.21,8.8427,0.47303,-0.1576,-0.02108,0.6742,0.014734,-0.0072269
2640,-172.45,765.25,8.8406,0.46866,-0.1537,-0.020375,0.6742,0.014734,-0.0072269
2640.1,-172.48,765.28,8.8386,0.46436,-0.14992,-0.019695,0.6742,0.014734,-0.0072269
2640.2,-172.51,765.32,8.8367,0.46015,-0.14626,-0.019041,0.6742,0.014734,-0.0072269
2640.3,-172.54,765.36,8.8348,0.45603,-0.14271,-0.018411,0.6742,0.014734,-0.0072269
2640.4,-172.57,765.4,8.833,0.45198,-0.13927,-0.017805,0.6742,0.014734,-0.0072269
2640.5,-172.6,765.43,8.8313,0.44801,-0.13593,-0.017222,0.6742,0.014734,-0.0072269
2640.6,-172.63,765.47,8.8296,0.44412,-0.13269,-0.016662,0.6742,0.014734,-0.0072269
2640.7,-172.66,765.51,8.8279,0.4403,-0.12955,-0.016123,0.6742,0.014734,-0.0072269
2640.8,-172.69,765.54,8.8263,0.43656,-0.1265,-0.015605,0.6742,0.014734,-0.0072269
2640.9,-172.72,765.58,8.8248,0.43289,-0.12354,-0.015108,0.6742,0.014734,-0.0072269
2641,-172.74,765.61,8.8233,0.42929,-0.12066,-0.01463,0.6742,0.014734,-0.0072269
2641.1,-172.77,765.64,8.8219,0.42576,-0.11786,-0.014171,0.6742,0.014734,-0.0072269
2641.2,-172.8,765.68,8.8205,0.4223,-0.11514,-0.013731,0.6742,0.014734,-0.0072269
2641.3,-172.83,765.71,8.8191,0.4189,-0.11249,-0.013308,0.6742,0.014734,-0.0072269
2641.4,-172.86,765.74,8.8178,0.41557,-0.10991,-0.012903,0.6742,0.014734,-0.0072269
2641.5,-172.88,765.78,8.8166,0.4123,-0.10741,-0.012515,0.6742,0.014734,-0.0072269
2641.6,-172.91,765.81,8.8153,0.4091,-0.10496,-0.012143,0.6742,0.014734,-0.0072269
2641.7,-172.94,765.84,8.8141,0.40595,-0.10259,-0.011786,0.6742,0.014734,-0.0072269
2641.8,-172.97,765.87,8.813,0.40287,-0.10027,-0.011445,0.6742,0.014734,-0.0072269
2641.9,-172.99,765.9,8.8118,0.39985,-0.098008,-0.011119,0.6742,0.014734,-0.0072269
2642,-173.02,765.93,8.8107,0.39688,-0.095805,-0.010807,0.6742,0.014734,-0.0072269
2642.1,-173.05,765.96,8.8097,0.39397,-0.093656,-0.010509,0.6742,0.014734,-0.0072269
2642.2,-173.07,766,8.8086,0.39111,-0.09156,-0.010224,0.6742,0.014734,-0.0072269
2642.3,-173.1,766.02,8.8076,0.38831,-0.089514,-0.009953,0.6742,0.014734,-0.0072269
2642.4,-173.13,766.05,8.8066,0.38556,-0.087516,-0.0096944,0.6742,0.014734,-0.0072269
2642.5,-173.15,766.08,8.8057,0.38286,-0.085565,-0.0094481,9.8332,-2.4084e-15,1.1801e-15
2642.6,-173.18,766.11,8.8048,0.40063,-0.083726,-0.0089647,9.8332,-2.4084e-15,1.1801e-15
2642.7,-173.21,766.14,8.8039,0.41804,-0.081945,-0.0084054,9.8332,-2.4084e-15,1.1801e-15
2642.8,-173.24,766.18,8.8031,0.43507,-0.08023,-0.0077726,9.8332,-2.4084e-15,1.1801e-15
2642.9,-173.27,766.21,8.8023,0.45173,-0.078586,-0.007067,9.8332,-2.4084e-15,1.1801e-15
2643,-173.3,766.24,8.8017,0.468,-0.07702,-0.0062885,9.8332,-2.4084e-15,1.1801e-15
2643.1,-173.34,766.27,8.8011,0.48388,-0.075537,-0.0054354,9.8332,-2.4084e-15,1.1801e-15
2643.2,-173.37,766.31,8.8006,0.49939,-0.074144,-0.0045049,9.8332,-2.4084e-15,1.1801e-15
2643.3,-173.41,766.35,8.8002,0.51451,-0.072849,-0.0034928,9.8332,-2.4084e-15,1.1801e-15
2643.4,-173.45,766.38,8.7999,0.52925,-0.071659,-0.0023932,9.8332,-2.4084e-15,1.1801e-15
2643.5,-173.49,766.42,8.7997,0.54361,-0.070582,-0.0011987,9.8332,-2.4084e-15,1.1801e-15
2643.6,-173.53,766.46,8.7997,0.55759,-0.069629,0.00010003,9.8332,-2.4084e-15,1.1801e-15
2643.7,-173.57,766.5,8.7997,0.5712,-0.068783,0.0015223,9.8332,-2.4084e-15,1.1801e-15
2643.8,-173.61,766.53,8.8,0.58444,-0.068036,0.0030846,9.8332,-2.4084e-15,1.1801e-15
2643.9,-173.66,766.57,8.8004,0.59731,-0.067401,0.0047972,9.8332,-2.4084e-15,1.1801e-15
2644,-173.7,766.62,8.8009,0.60981,-0.06689,0.0066711,9.8332,-2.4084e-15,1.1801e-15
2644.1,-173.75,766.66,8.8017,0.62196,-0.066516,0.0087187,9.8332,-2.4084e-15,1.1801e-15
2644.2,-173.79,766.7,8.8027,0.63376,-0.066295,0.010953,9.8332,-2.4084e-15,1.1801e-15
2644.3,-173.84,766.74,8.8039,0.6452,-0.066243,0.013387,9.8332,-2.4084e-15,1.1801e-15
2644.4,-173.89,766.78,8.8054,0.6563,-0.066376,0.016035,9.8332,-2.4084e-15,1.1801e-15
2644.5,-173.94,766.83,8.8071,0.66707,-0.066716,0.018911,9.8332,-2.4084e-15,1.1801e-15
2644.6,-173.99,766.87,8.8092,0.6775,-0.06728,0.02203,9.8332,-2.4084e-15,1.1801e-15
2644.7,-174.04,766.92,8.8115,0.6876,-0.068091,0.025404,9.8332,-2.4084e-15,1.1801e-15
2644.8,-174.1,766.96,8.8142,0.69738,-0.069172,0.029047,9.8332,-2.4084e-15,1.1801e-15
2644.9,-174.15,767.01,8.8173,0.70684,-0.070546,0.03297,9.8332,-2.4084e-15,1.1801e-15
2645,-174.21,767.06,8.8209,0.71598,-0.072239,0.037181,9.8332,-2.4084e-15,1.1801e-15
2645.1,-174.26,767.1,8.8248,0.72482,-0.074276,0.041686,9.8332,-2.4084e-15,1.1801e-15
2645.2,-174.32,767.15,8.8292,0.73335,-0.076683,0.046488,9.8332,-2.4084e-15,1.1801e-15
2645.3,-174.37,767.2,8.8341,0.74157,-0.079486,0.051585,9.8332,-2.4084e-15,1.1801e-15
2645.4,-174.43,767.25,8.8395,0.74949,-0.08271,0.056969,9.8332,-2.4084e-15,1.1801e-15
2645.5,-174.49,767.29,8.8455,0.75711,-0.086381,0.062628,9.8332,-2.4084e-15,1.1801e-15
2645.6,-174.55,767.34,8.8521,0.76444,-0.09052,0.068543,9.8332,-2.4084e-15,1.1801e-15
2645.7,-174.61,767.39,8.8592,0.77146,-0.095149,0.07469,9.8332,-2.4084e-15,1.1801e-15
2645.8,-174.67,767.44,8.867,0.77819,-0.10028,0.081038,9.8332,-2.4084e-15,1.1801e-15
2645.9,-174.73,767.49,8.8754,0.78461,-0.10594,0.08755,9.8332,-2.4084e-15,1.1801e-15
2646,-174.79,767.54,8.8845,0.79074,-0.11213,0.094184,9.8332,-2.4084e-15,1.1801e-15
2646.1,-174.85,767.59,8.8943,0.79656,-0.11885,0.10089,9.8332,-2.4084e-15,1.1801e-15
2646.2,-174.92,767.64,8.9047,0.80207,-0.1261,0.10763,9.8332,-2.4084e-15,1.1801e-15
2646.3,-174.98,767.69,8.9158,0.80727,-0.13389,0.11433,9.8332,-2.4084e-15,1.1801e-15
2646.4,-175.04,767.74,8.9276,0.81216,-0.14218,0.12096,9.8332,-2.4084e-15,1.1801e-15
2646.5,-175.11,767.8,8.94,0.81674,-0.15098,0.12745,9.8332,-2.4084e-15,1.1801e-15
2646.6,-175.18,767.85,8.953,0.82099,-0.16025,0.13377,9.8332,-2.4084e-15,1.1801e-15
2646.7,-175.24,767.9,8.9667,0.82493,-0.16996,0.13985,9.8332,-2.4084e-15,1.1801e-15
2646.8,-175.31,767.95,8.981,0.82854,-0.18009,0.14567,9.8332,-2.4084e-15,1.1801e-15
2646.9,-175.38,768,8.9959,0.83182,-0.19059,0.15118,9.8332,-2.4084e-15,1.1801e-15
2647,-175.44,768.05,9.0112,0.83479,-0.20143,0.15635,9.8332,-2.4084e-15,1.1801e-15
2647.1,-175.51,768.11,9.0271,0.83743,-0.21257,0.16115,9.8332,-2.4084e-15,1.1801e-15
2647.2,-175.58,768.16,9.0435,0.83976,-0.22396,0.16558,9.8332,-2.4084e-15,1.1801e-15
2647.3,-175.65,768.21,9.0602,0.84177,-0.23556,0.16961,9.8332,-2.4084e-15,1.1801e-15
2647.4,-175.72,768.26,9.0774,0.84348,-0.24733,0.17324,9.8332,-2.4084e-15,1.1801e-15
2647.5,-175.79,768.31,9.0948,0.84489,-0.25922,0.17645,9.8332,-2.4084e-15,1.1801e-15
2647.6,-175.86,768.37,9.1126,0.84601,-0.2712,0.17927,9.8332,-2.4084e-15,1.1801e-15
2647.7,-175.94,768.42,9.1307,0.84685,-0.28323,0.18168,9.8332,-2.4084e-15,1.1801e-15
2647.8,-176.01,768.47,9.149,0.84743,-0.29528,0.18369,9.8332,-2.4084e-15,1.1801e-15
2647.9,-176.08,768.52,9.1674,0.84775,-0.3073,0.18532,9.8332,-2.4084e-15,1.1801e-15
2648,-176.16,768.57,9.186,0.84784,-0.31927,0.18658,9.8332,-2.4084e-15,1.1801e-15
2648.1,-176.23,768.62,9.2047,0.8477,-0.33117,0.18747,9.8332,-2.4084e-15,1.1801e-15
2648.2,-176.31,768.67,9.2235,0.84735,-0.34296,0.18802,9.8332,-2.4084e-15,1.1801e-15
2648.3,-176.39,768.72,9.2423,0.84682,-0.35463,0.18824,9.8332,-2.4084e-15,1.1801e-15
2648.4,-176.46,768.77,9.2611,0.8461,-0.36616,0.18815,9.8332,-2.4084e-15,1.1801e-15
2648.5,-176.54,768.82,9.2799,0.84524,-0.37754,0.18775,9.8332,-2.4084e-15,1.1801e-15
2648.6,-176.62,768.87,9.2987,0.84423,-0.38874,0.18706,9.8332,-2.4084e-15,1.1801e-15
2648.7,-176.7,768.92,9.3173,0.84309,-0.39976,0.18611,9.8332,-2.4084e-15,1.1801e-15
2648.8,-176.78,768.97,9.3359,0.84185,-0.4106,0.18489,9.8332,-2.4084e-15,1.1801e-15
2648.9,-176.86,769.02,9.3543,0.84053,-0.42125,0.18344,9.8332,-2.4084e-15,1.1801e-15
2649,-176.94,769.07,9.3726,0.83912,-0.43169,0.18175,9.8332,-2.4084e-15,1.1801e-15
2649.1,-177.02,769.11,9.3906,0.83767,-0.44194,0.17985,9.8332,-2.4084e-15,1.1801e-15
2649.2,-177.11,769.16,9.4085,0.83617,-0.452,0.17774,9.8332,-2.4084e-15,1.1801e-15
2649.3,-177.19,769.21,9.4262,0.83464,-0.46185,0.17543,9.8332,-2.4084e-15,1.1801e-15
2649.4,-177.27,769.25,9.4436,0.83311,-0.47152,0.17294,9.8332,-2.4084e-15,1.1801e-15
2649.5,-177.36,769.3,9.4608,0.83158,-0.48099,0.17027,9.8332,-2.4084e-15,1.1801e-15
2649.6,-177.44,769.34,9.4777,0.83007,-0.49029,0.16743,9.8332,-2.4084e-15,1.1801e-15
2649.7,-177.53,769.39,9.4943,0.82858,-0.4994,0.16443,9.8332,-2.4084e-15,1.1801e-15
2649.8,-177.61,769.43,9.5105,0.82714,-0.50835,0.16127,9.8332,-2.4084e-15,1.1801e-15
2649.9,-177.7,769.47,9.5265,0.82576,-0.51714,0.15796,9.8332,-2.4084e-15,1.1801e-15
2650,-177.79,769.52,9.5421,0.82444,-0.52578,0.15449,9.8332,-2.4084e-15,1.1801e-15
2650.1,-177.88,769.56,9.5574,0.82321,-0.53428,0.15089,9.8332,-2.4084e-15,1.1801e-15
2650.2,-177.97,769.6,9.5723,0.82206,-0.54265,0.14714,9.8332,-2.4084e-15,1.1801e-15
2650.3,-178.06,769.64,9.5868,0.82101,-0.55091,0.14324,9.8332,-2.4084e-15,1.1801e-15
2650.4,-178.15,769.68,9.6009,0.82008,-0.55905,0.13919,9.8332,-2.4084e-15,1.1801e-15
2650.5,-178.24,769.72,9.6146,0.81927,-0.5671,0.135,9.8332,-2.4084e-15,1.1801e-15
2650.6,-178.33,769.76,9.6279,0.81859,-0.57507,0.13065,9.8332,-2.4084e-15,1.1801e-15
2650.7,-178.42,769.8,9.6408,0.81805,-0.58298,0.12614,9.8332,-2.4084e-15,1.1801e-15
2650.8,-178.51,769.84,9.6532,0.81767,-0.59083,0.12146,9.8332,-2.4084e-15,1.1801e-15
2650.9,-178.61,769.88,9.6651,0.81745,-0.59864,0.1166,9.8332,-2.4084e-15,1.1801e-15
2651,-178.7,769.92,9.6765,0.8174,-0.60642,0.11154,9.8332,-2.4084e-15,1.1801e-15
2651.1,-178.8,769.96,9.6874,0.81755,-0.6142,0.10627,9.8332,-2.4084e-15,1.1801e-15
2651.2,-178.89,770,9.6977,0.81789,-0.62199,0.10078,9.8332,-2.4084e-15,1.1801e-15
2651.3,-178.99,770.03,9.7075,0.81845,-0.62981,0.095021,9.8332,-2.4084e-15,1.1801e-15
2651.4,-179.08,770.07,9.7167,0.81924,-0.63767,0.088981,9.8332,-2.4084e-15,1.1801e-15
2651.5,-179.18,770.11,9.7253,0.82028,-0.6456,0.08262,9.8332,-2.4084e-15,1.1801e-15
2651.6,-179.28,770.15,9.7332,0.82158,-0.65362,0.075893,9.8332,-2.4084e-15,1.1801e-15
2651.7,-179.38,770.18,9.7405,0.82317,-0.66175,0.068748,9.8332,-2.4084e-15,1.1801e-15
2651.8,-179.48,770.22,9.747,0.82508,-0.67003,0.061119,9.8332,-2.4084e-15,1.1801e-15
2651.9,-179.58,770.26,9.7527,0.82733,-0.67847,0.052926,9.8332,-2.4084e-15,1.1801e-15
2652,-179.68,770.3,9.7575,0.82997,-0.68712,0.044066,9.8332,-2.4084e-15,1.1801e-15
2652.1,-179.78,770.33,9.7614,0.83303,-0.696,0.03441,9.8332,-2.4084e-15,1.1801e-15
2652.2,-179.88,770.37,9.7644,0.83657,-0.70518,0.023793,9.8332,-2.4084e-15,1.1801e-15
2652.3,-179.98,770.41,9.7662,0.84066,-0.71469,0.011997,9.8332,-2.4084e-15,1.1801e-15
2652.4,-180.09,770.45,9.7667,0.84538,-0.7246,-0.0012623,9.8332,-2.4084e-15,1.1801e-15
2652.5,-180.19,770.49,9.7659,0.85082,-0.7321,-0.015155,9.8332,-2.4084e-15,1.1801e-15
2652.6,-180.29,770.53,9.7637,0.85696,-0.73511,-0.028469,9.8332,-2.4084e-15,1.1801e-15
2652.7,-180.4,770.57,9.7602,0.86372,-0.73369,-0.040641,9.8332,-2.4084e-15,1.1801e-15
2652.8,-180.51,770.61,9.7556,0.87098,-0.72817,-0.051254,9.8332,-2.4084e-15,1.1801e-15
2652.9,-180.61,770.65,9.75,0.87859,-0.71905,-0.060065,9.8332,-2.4084e-15,1.1801e-15
2653,-180.72,770.69,9.7437,0.88639,-0.70694,-0.066986,9.8332,-2.4084e-15,1.1801e-15
2653.1,-180.82,770.73,9.7367,0.89422,-0.69251,-0.072063,9.8332,-2.4084e-15,1.1801e-15
2653.2,-180.93,770.77,9.7293,0.90195,-0.67637,-0.075429,9.8332,-2.4084e-15,1.1801e-15
2653.3,-181.04,770.81,9.7217,0.90946,-0.65913,-0.077268,9.8332,-2.4084e-15,1.1801e-15
2653.4,-181.14,770.84,9.7139,0.91666,-0.6413,-0.077788,9.8332,-2.4084e-15,1.1801e-15
2653.5,-181.25,770.88,9.7062,0.92349,-0.6233,-0.077192,9.8332,-2.4084e-15,1.1801e-15
2653.6,-181.36,770.91,9.6985,0.9299,-0.6055,-0.07567,9.8332,-2.4084e-15,1.1801e-15
2653.7,-181.46,770.95,9.691,0.93586,-0.58816,-0.073391,9.8332,-2.4084e-15,1.1801e-15
2653.8,-181.57,770.98,9.6839,0.94137,-0.57151,-0.070496,9.8332,-2.4084e-15,1.1801e-15
2653.9,-181.67,771.01,9.677,0.94643,-0.55573,-0.067103,9.8332,-2.4084e-15,1.1801e-15
2654,-181.78,771.04,9.6704,0.95104,-0.54093,-0.063305,9.8332,-2.4084e-15,1.1801e-15
2654.1,-181.88,771.07,9.6643,0.95521,-0.52721,-0.059175,9.8332,-2.4084e-15,1.1801e-15
2654.2,-181.99,771.09,9.6586,0.95897,-0.51465,-0.054771,9.8332,-2.4084e-15,1.1801e-15
2654.3,-182.09,771.12,9.6534,0.96233,-0.5033,-0.050131,9.8332,-2.4084e-15,1.1801e-15
2654.4,-182.2,771.15,9.6486,0.96531,-0.49321,-0.045283,11.716,-0.67464,0.33091
2654.5,-182.3,771.18,9.6448,0.9719,-0.48855,-0.030958,11.716,-0.67464,0.33091
2654.6,-182.41,771.2,9.6424,0.97763,-0.48786,-0.016451,11.716,-0.67464,0.33091
2654.7,-182.52,771.23,9.6415,0.98252,-0.49128,-0.0015894,11.716,-0.67464,0.33091
2654.8,-182.62,771.26,9.6421,0.98658,-0.49758,0.014239,11.716,-0.67464,0.33091
2654.9,-182.73,771.28,9.6444,0.98977,-0.50483,0.031631,11.716,-0.67464,0.33091
2655,-182.84,771.31,9.6485,0.99204,-0.51311,0.050256,11.716,-0.67464,0.33091
2655.1,-182.95,771.34,9.6545,0.99336,-0.52253,0.06964,11.716,-0.67464,0.33091
2655.2,-183.06,771.37,9.6624,0.9937,-0.53313,0.089201,11.716,-0.67464,0.33091
2655.3,-183.16,771.4,9.6723,0.99308,-0.54493,0.10831,11.716,-0.67464,0.33091
2655.4,-183.27,771.42,9.6841,0.99151,-0.55791,0.12634,11.716,-0.67464,0.33091
2655.5,-183.39,771.45,9.6975,0.98906,-0.57198,0.14276,11.716,-0.67464,0.33091
2655.6,-183.5,771.48,9.7125,0.98578,-0.58703,0.15713,11.716,-0.67464,0.33091
2655.7,-183.61,771.51,9.7289,0.98178,-0.60292,0.1692,11.716,-0.67464,0.33091
2655.8,-183.72,771.54,9.7463,0.97714,-0.61948,0.17883,11.716,-0.67464,0.33091
2655.9,-183.83,771.57,9.7646,0.97198,-0.63655,0.18601,11.716,-0.67464,0.33091
2656,-183.95,771.59,9.7834,0.96641,-0.65399,0.19084,11.716,-0.67464,0.33091
2656.1,-184.06,771.62,9.8027,0.96055,-0.67168,0.19346,11.716,-0.67464,0.33091
2656.2,-184.17,771.65,9.822,0.95451,-0.68951,0.19405,11.716,-0.67464,0.33091
2656.3,-184.29,771.67,9.8414,0.94841,-0.70741,0.19281,11.716,-0.67464,0.33091
2656.4,-184.4,771.7,9.8605,0.94233,-0.72534,0.18991,11.716,-0.67464,0.33091
2656.5,-184.52,771.73,9.8793,0.93639,-0.74327,0.18553,11.716,-0.67464,0.33091
2656.6,-184.64,771.75,9.8976,0.93067,-0.76122,0.17979,11.716,-0.67464,0.33091
2656.7,-184.76,771.78,9.9152,0.92528,-0.7792,0.1728,11.716,-0.67464,0.33091
2656.8,-184.87,771.8,9.9321,0.92029,-0.79727,0.16464,11.716,-0.67464,0.33091
2656.9,-184.99,771.83,9.9481,0.91579,-0.81549,0.15532,11.716,-0.67464,0.33091
2657,-185.11,771.85,9.9632,0.91188,-0.83396,0.14486,11.716,-0.67464,0.33091
2657.1,-185.24,771.88,9.9771,0.90863,-0.85277,0.1332,11.716,-0.67464,0.33091
2657.2,-185.36,771.9,9.9898,0.90617,-0.87205,0.12024,11.716,-0.67464,0.33091
2657.3,-185.48,771.93,10.001,0.90459,-0.89196,0.10582,11.716,-0.67464,0.33091
2657.4,-185.61,771.95,10.011,0.90403,-0.91269,0.0897,11.716,-0.67464,0.33091
2657.5,-185.73,771.98,10.019,0.90467,-0.93447,0.071525,11.716,-0.67464,0.33091
2657.6,-185.86,772.01,10.025,0.9067,-0.95758,0.050781,11.716,-0.67464,0.33091
2657.7,-185.99,772.03,10.029,0.91041,-0.9824,0.026711,11.716,-0.67464,0.33091
2657.8,-186.12,772.06,10.03,0.91616,-1.0094,-0.0018221,11.716,-0.67464,0.33091
2657.9,-186.26,772.1,10.029,0.92439,-1.0306,-0.032627,11.716,-0.67464,0.33091
2658,-186.39,772.13,10.024,0.93507,-1.039,-0.061102,11.716,-0.67464,0.33091
2658.1,-186.53,772.16,10.016,0.9478,-1.0352,-0.084975,11.716,-0.67464,0.33091
2658.2,-186.67,772.19,10.007,0.96195,-1.0212,-0.10308,11.716,-0.67464,0.33091
2658.3,-186.8,772.23,9.9961,0.97682,-0.99957,-0.11531,11.716,-0.67464,0.33091
2658.4,-186.94,772.26,9.9841,0.99177,-0.97283,-0.12221,11.716,-0.67464,0.33091
2658.5,-187.07,772.29,9.9718,1.0063,-0.94336,-0.12469,11.716,-0.67464,0.33091
2658.6,-187.21,772.31,9.9593,1.02,-0.91301,-0.1237,11.716,-0.67464,0.33091
2658.7,-187.34,772.34,9.9471,1.0327,-0.88319,-0.1201,11.716,-0.67464,0.33091
2658.8,-187.47,772.36,9.9354,1.0443,-0.85491,-0.11461,11.716,-0.67464,0.33091
2658.9,-187.61,772.39,9.9242,1.0547,-0.82884,-0.10777,11.716,-0.67464,0.33091
2659,-187.74,772.41,9.9138,1.064,-0.80543,-0.1,11.716,-0.67464,0.33091
2659.1,-187.87,772.43,9.9043,1.0721,-0.78497,-0.091611,11.716,-0.67464,0.33091
2659.2,-188,772.45,9.8955,1.0792,-0.76762,-0.082813,11.716,-0.67464,0.33091
2659.3,-188.13,772.47,9.8877,1.0853,-0.75349,-0.073771,11.716,-0.67464,0.33091
2659.4,-188.26,772.49,9.8808,1.0905,-0.74264,-0.064608,11.716,-0.67464,0.33091
2659.5,-188.39,772.5,9.8748,1.0948,-0.7351,-0.055422,11.716,-0.67464,0.33091
2659.6,-188.52,772.52,9.8697,1.0984,-0.73089,-0.046303,11.716,-0.67464,0.33091
2659.7,-188.66,772.54,9.8655,1.1012,-0.73004,-0.037344,8.2341,-2.0168e-15,9.6992e-16
2659.8,-188.79,772.56,9.8618,1.096,-0.72792,-0.037899,8.2341,-2.0168e-15,9.6992e-16
2659.9,-188.92,772.58,9.8579,1.0909,-0.7255,-0.03853,8.2341,-2.0168e-15,9.6992e-16
2660,-189.04,772.6,9.854,1.0861,-0.72275,-0.039204,8.2341,-2.0168e-15,9.6992e-16
2660.1,-189.17,772.62,9.8501,1.0815,-0.71964,-0.039888,8.2341,-2.0168e-15,9.6992e-16
2660.2,-189.3,772.64,9.8461,1.0771,-0.71619,-0.04055,8.2341,-2.0168e-15,9.6992e-16
2660.3,-189.43,772.66,9.842,1.0729,-0.71239,-0.041162,8.2341,-2.0168e-15,9.6992e-16
2660.4,-189.56,772.69,9.8378,1.0688,-0.70826,-0.041699,8.2341,-2.0168e-15,9.6992e-16
2660.5,-189.68,772.71,9.8336,1.065,-0.70382,-0.042138,8.2341,-2.0168e-15,9.6992e-16
2660.6,-189.81,772.73,9.8294,1.0612,-0.69912,-0.042463,8.2341,-2.0168e-15,9.6992e-16
2660.7,-189.93,772.75,9.8252,1.0576,-0.69419,-0.04266,8.2341,-2.0168e-15,9.6992e-16
2660.8,-190.06,772.78,9.8209,1.0542,-0.68908,-0.042719,8.2341,-2.0168e-15,9.6992e-16
2660.9,-190.18,772.8,9.8166,1.0508,-0.68384,-0.042637,8.2341,-2.0168e-15,9.6992e-16
2661,-190.3,772.82,9.8124,1.0475,-0.67852,-0.042411,8.2341,-2.0168e-15,9.6992e-16
2661.1,-190.42,772.85,9.8081,1.0443,-0.67316,-0.042043,8.2341,-2.0168e-15,9.6992e-16
2661.2,-190.55,772.87,9.804,1.0412,-0.66782,-0.041538,8.2341,-2.0168e-15,9.6992e-16
2661.3,-190.67,772.89,9.7998,1.0381,-0.66255,-0.040904,8.2341,-2.0168e-15,9.6992e-16
2661.4,-190.79,772.92,9.7958,1.0351,-0.65739,-0.040148,8.2341,-2.0168e-15,9.6992e-16
2661.5,-190.91,772.94,9.7918,1.0322,-0.65238,-0.039283,8.2341,-2.0168e-15,9.6992e-16
2661.6,-191.03,772.96,9.7879,1.0292,-0.64757,-0.03832,8.2341,-2.0168e-15,9.6992e-16
2661.7,-191.15,772.99,9.7841,1.0263,-0.64298,-0.037271,8.2341,-2.0168e-15,9.6992e-16
2661.8,-191.26,773.01,9.7805,1.0234,-0.63866,-0.03615,8.2341,-2.0168e-15,9.6992e-16
2661.9,-191.38,773.04,9.7769,1.0206,-0.63461,-0.034971,8.2341,-2.0168e-15,9.6992e-16
2662,-191.5,773.06,9.7735,1.0178,-0.63087,-0.033748,8.2341,-2.0168e-15,9.6992e-16
2662.1,-191.62,773.09,9.7702,1.015,-0.62745,-0.032494,8.2341,-2.0168e-15,9.6992e-16
2662.2,-191.73,773.11,9.767,1.0122,-0.62436,-0.031225,8.2341,-2.0168e-15,9.6992e-16
2662.3,-191.85,773.14,9.7639,1.0094,-0.62161,-0.029954,8.2341,-2.0168e-15,9.6992e-16
2662.4,-191.97,773.16,9.761,1.0067,-0.61922,-0.028694,8.2341,-2.0168e-15,9.6992e-16
2662.5,-192.08,773.19,9.7582,1.004,-0.61716,-0.027461,8.2341,-2.0168e-15,9.6992e-16
2662.6,-192.2,773.21,9.7555,1.0013,-0.61546,-0.026266,8.2341,-2.0168e-15,9.6992e-16
2662.7,-192.31,773.24,9.7529,0.99865,-0.61408,-0.025124,8.2341,-2.0168e-15,9.6992e-16
2662.8,-192.42,773.26,9.7505,0.99602,-0.61303,-0.024046,8.2341,-2.0168e-15,9.6992e-16
2662.9,-192.54,773.29,9.7481,0.99343,-0.61228,-0.023044,8.2341,-2.0168e-15,9.6992e-16
2663,-192.65,773.32,9.7459,0.99088,-0.61182,-0.022129,8.2341,-2.0168e-15,9.6992e-16
2663.1,-192.76,773.34,9.7437,0.98838,-0.61162,-0.021312,8.2341,-2.0168e-15,9.6992e-16
2663.2,-192.88,773.37,9.7416,0.98592,-0.61166,-0.020601,8.2341,-2.0168e-15,9.6992e-16
2663.3,-192.99,773.4,9.7396,0.98351,-0.6119,-0.020005,8.2341,-2.0168e-15,9.6992e-16
2663.4,-193.1,773.43,9.7376,0.98117,-0.61232,-0.019528,8.2341,-2.0168e-15,9.6992e-16
2663.5,-193.21,773.45,9.7357,0.97888,-0.61287,-0.019177,8.2341,-2.0168e-15,9.6992e-16
2663.6,-193.33,773.48,9.7338,0.97666,-0.61353,-0.018952,8.2341,-2.0168e-15,9.6992e-16
2663.7,-193.44,773.51,9.7319,0.97451,-0.61425,-0.018854,8.2341,-2.0168e-15,9.6992e-16
2663.8,-193.55,773.54,9.73,0.97244,-0.615,-0.018882,8.2341,-2.0168e-15,9.6992e-16
2663.9,-193.66,773.57,9.7281,0.97044,-0.61573,-0.019031,8.2341,-2.0168e-15,9.6992e-16
2664,-193.77,773.6,9.7262,0.96853,-0.61641,-0.019295,8.2341,-2.0168e-15,9.6992e-16
2664.1,-193.88,773.63,9.7242,0.96671,-0.617,-0.019664,8.2341,-2.0168e-15,9.6992e-16
2664.2,-193.99,773.66,9.7222,0.96497,-0.61746,-0.020128,8.2341,-2.0168e-15,9.6992e-16
2664.3,-194.1,773.69,9.7202,0.96333,-0.61777,-0.020673,8.2341,-2.0168e-15,9.6992e-16
2664.4,-194.21,773.72,9.7181,0.96177,-0.61789,-0.021285,8.2341,-2.0168e-15,9.6992e-16
2664.5,-194.32,773.76,9.7159,0.9603,-0.61781,-0.021947,8.2341,-2.0168e-15,9.6992e-16
2664.6,-194.43,773.79,9.7137,0.95892,-0.61749,-0.022643,8.2341,-2.0168e-15,9.6992e-16
2664.7,-194.54,773.82,9.7114,0.95763,-0.61694,-0.023355,8.2341,-2.0168e-15,9.6992e-16
2664.8,-194.65,773.85,9.709,0.95642,-0.61614,-0.024066,8.2341,-2.0168e-15,9.6992e-16
2664.9,-194.76,773.88,9.7066,0.95529,-0.61509,-0.024758,8.2341,-2.0168e-15,9.6992e-16
2665,-194.87,773.92,9.7041,0.95423,-0.61379,-0.025416,8.2341,-2.0168e-15,9.6992e-16
2665.1,-194.98,773.95,9.7015,0.95325,-0.61225,-0.026024,8.2341,-2.0168e-15,9.6992e-16
2665.2,-195.09,773.98,9.6989,0.95232,-0.61048,-0.026569,8.2341,-2.0168e-15,9.6992e-16
2665.3,-195.19,774.02,9.6962,0.95145,-0.6085,-0.027039,8.2341,-2.0168e-15,9.6992e-16
2665.4,-195.3,774.05,9.6935,0.95063,-0.60634,-0.027425,8.2341,-2.0168e-15,9.6992e-16
2665.5,-195.41,774.08,9.6907,0.94985,-0.60401,-0.027718,8.2341,-2.0168e-15,9.6992e-16
2665.6,-195.52,774.11,9.6879,0.9491,-0.60155,-0.027914,8.2341,-2.0168e-15,9.6992e-16
2665.7,-195.62,774.15,9.6851,0.94838,-0.59899,-0.028009,8.2341,-2.0168e-15,9.6992e-16
2665.8,-195.73,774.18,9.6823,0.94769,-0.59634,-0.028,8.2341,-2.0168e-15,9.6992e-16
2665.9,-195.84,774.22,9.6795,0.947,-0.59366,-0.027889,8.2341,-2.0168e-15,9.6992e-16
2666,-195.94,774.25,9.6768,0.94633,-0.59096,-0.027676,8.2341,-2.0168e-15,9.6992e-16
2666.1,-196.05,774.28,9.674,0.94566,-0.58829,-0.027365,8.2341,-2.0168e-15,9.6992e-16
2666.2,-196.16,774.32,9.6713,0.94499,-0.58566,-0.026962,8.2341,-2.0168e-15,9.6992e-16
2666.3,-196.26,774.35,9.6686,0.94431,-0.58311,-0.026471,8.2341,-2.0168e-15,9.6992e-16
2666.4,-196.37,774.38,9.666,0.94363,-0.58067,-0.0259,8.2341,-2.0168e-15,9.6992e-16
2666.5,-196.47,774.42,9.6634,0.94293,-0.57836,-0.025256,8.2341,-2.0168e-15,9.6992e-16
2666.6,-196.58,774.45,9.661,0.94221,-0.5762,-0.024547,8.2341,-2.0168e-15,9.6992e-16
2666.7,-196.68,774.49,9.6585,0.94148,-0.57422,-0.023784,8.2341,-2.0168e-15,9.6992e-16
2666.8,-196.79,774.52,9.6562,0.94073,-0.57243,-0.022975,8.2341,-2.0168e-15,9.6992e-16
2666.9,-196.89,774.55,9.6539,0.93996,-0.57086,-0.022129,8.2341,-2.0168e-15,9.6992e-16
2667,-197,774.59,9.6518,0.93918,-0.56951,-0.021259,8.2341,-2.0168e-15,9.6992e-16
2667.1,-197.1,774.62,9.6497,0.93837,-0.56839,-0.020373,8.2341,-2.0168e-15,9.6992e-16
2667.2,-197.21,774.66,9.6477,0.93755,-0.56752,-0.019484,8.2341,-2.0168e-15,9.6992e-16
2667.3,-197.31,774.69,9.6458,0.93671,-0.56689,-0.018601,8.2341,-2.0168e-15,9.6992e-16
2667.4,-197.41,774.73,9.644,0.93585,-0.56651,-0.017735,8.2341,-2.0168e-15,9.6992e-16
2667.5,-197.52,774.76,9.6422,0.93498,-0.56637,-0.016899,8.2341,-2.0168e-15,9.6992e-16
2667.6,-197.62,774.8,9.6406,0.9341,-0.56648,-0.016101,8.2341,-2.0168e-15,9.6992e-16
2667.7,-197.72,774.83,9.639,0.93321,-0.56682,-0.015353,8.2341,-2.0168e-15,9.6992e-16
2667.8,-197.83,774.87,9.6375,0.93232,-0.56738,-0.014666,8.2341,-2.0168e-15,9.6992e-16
2667.9,-197.93,774.9,9.6361,0.93143,-0.56815,-0.014048,8.2341,-2.0168e-15,9.6992e-16
2668,-198.03,774.94,9.6347,0.93054,-0.56912,-0.013509,8.2341,-2.0168e-15,9.6992e-16
2668.1,-198.14,774.98,9.6334,0.92966,-0.57025,-0.013058,8.2341,-2.0168e-15,9.6992e-16
2668.2,-198.24,775.01,9.6321,0.92879,-0.57154,-0.012702,8.2341,-2.0168e-15,9.6992e-16
2668.3,-198.34,775.05,9.6308,0.92794,-0.57295,-0.012447,8.2341,-2.0168e-15,9.6992e-16
2668.4,-198.44,775.09,9.6296,0.92711,-0.57445,-0.012298,8.2341,-2.0168e-15,9.6992e-16
2668.5,-198.55,775.12,9.6284,0.9263,-0.57602,-0.012258,8.2341,-2.0168e-15,9.6992e-16
2668.6,-198.65,775.16,9.6271,0.92552,-0.57763,-0.012328,8.2341,-2.0168e-15,9.6992e-16
2668.7,-198.75,775.2,9.6259,0.92478,-0.57924,-0.012509,8.2341,-2.0168e-15,9.6992e-16
2668.8,-198.85,775.24,9.6246,0.92408,-0.58081,-0.012797,8.2341,-2.0168e-15,9.6992e-16
2668.9,-198.95,775.28,9.6233,0.92342,-0.58232,-0.013188,8.2341,-2.0168e-15,9.6992e-16
2669,-199.06,775.32,9.622,0.92281,-0.58374,-0.013676,8.2341,-2.0168e-15,9.6992e-16
2669.1,-199.16,775.36,9.6206,0.92225,-0.58503,-0.014252,8.2341,-2.0168e-15,9.6992e-16
2669.2,-199.26,775.4,9.6191,0.92175,-0.58616,-0.014904,8.2341,-2.0168e-15,9.6992e-16
2669.3,-199.36,775.44,9.6176,0.92129,-0.58711,-0.015622,8.2341,-2.0168e-15,9.6992e-16
2669.4,-199.46,775.48,9.616,0.92089,-0.58786,-0.01639,8.2341,-2.0168e-15,9.6992e-16
2669.5,-199.56,775.52,9.6143,0.92055,-0.58838,-0.017194,8.2341,-2.0168e-15,9.6992e-16
2669.6,-199.67,775.56,9.6126,0.92026,-0.58866,-0.018019,8.2341,-2.0168e-15,9.6992e-16
2669.7,-199.77,775.6,9.6107,0.92003,-0.58869,-0.018849,8.2341,-2.0168e-15,9.6992e-16
2669.8,-199.87,775.64,9.6088,0.91984,-0.58847,-0.019667,8.2341,-2.0168e-15,9.6992e-16
2669.9,-199.97,775.68,9.6068,0.91971,-0.58799,-0.020457,8.2341,-2.0168e-15,9.6992e-16
2670,-200.07,775.72,9.6047,0.91962,-0.58726,-0.021206,8.2341,-2.0168e-15,9.6992e-16
2670.1,-200.17,775.76,9.6026,0.91956,-0.58629,-0.0219,8.2341,-2.0168e-15,9.6992e-16
2670.2,-200.27,775.8,9.6003,0.91954,-0.58509,-0.022526,8.2341,-2.0168e-15,9.6992e-16
2670.3,-200.37,775.85,9.5981,0.91955,-0.58368,-0.023074,8.2341,-2.0168e-15,9.6992e-16
2670.4,-200.47,775.89,9.5957,0.91958,-0.58209,-0.023535,8.2341,-2.0168e-15,9.6992e-16
2670.5,-200.57,775.93,9.5934,0.91963,-0.58033,-0.023902,8.2341,-2.0168e-15,9.6992e-16
2670.6,-200.67,775.97,9.591,0.91969,-0.57843,-0.02417,8.2341,-2.0168e-15,9.6992e-16
2670.7,-200.77,776.01,9.5885,0.91975,-0.57642,-0.024336,8.2341,-2.0168e-15,9.6992e-16
2670.8,-200.87,776.05,9.5861,0.91981,-0.57433,-0.024398,0.78166,-0.10109,0.049586
2670.9,-200.97,776.1,9.5837,0.90334,-0.57278,-0.02329,0.78166,-0.10109,0.049586
2671,-201.07,776.14,9.5814,0.88739,-0.57141,-0.022734,0.78166,-0.10109,0.049586
2671.1,-201.17,776.18,9.5791,0.87197,-0.57005,-0.022701,0.78166,-0.10109,0.049586
2671.2,-201.26,776.22,9.5769,0.85708,-0.56856,-0.023152,0.78166,-0.10109,0.049586
2671.3,-201.35,776.27,9.5745,0.84272,-0.56681,-0.02404,0.78166,-0.10109,0.049586
2671.4,-201.44,776.31,9.572,0.82889,-0.56468,-0.025305,0.78166,-0.10109,0.049586
2671.5,-201.53,776.36,9.5694,0.81558,-0.56206,-0.026883,0.78166,-0.10109,0.049586
2671.6,-201.62,776.4,9.5667,0.80279,-0.55887,-0.028703,0.78166,-0.10109,0.049586
2671.7,-201.71,776.44,9.5637,0.7905,-0.55505,-0.030692,0.78166,-0.10109,0.049586
2671.8,-201.79,776.49,9.5605,0.7787,-0.55057,-0.032776,0.78166,-0.10109,0.049586
2671.9,-201.88,776.53,9.5571,0.76736,-0.54541,-0.034886,0.78166,-0.10109,0.049586
2672,-201.96,776.58,9.5535,0.75647,-0.53958,-0.036959,0.78166,-0.10109,0.049586
2672.1,-202.04,776.62,9.5497,0.74601,-0.5331,-0.038938,0.78166,-0.10109,0.049586
2672.2,-202.12,776.66,9.5458,0.73593,-0.52602,-0.040776,0.78166,-0.10109,0.049586
2672.3,-202.2,776.71,9.5416,0.72623,-0.51838,-0.042437,0.78166,-0.10109,0.049586
2672.4,-202.28,776.75,9.5373,0.71687,-0.51026,-0.043891,0.78166,-0.10109,0.049586
2672.5,-202.36,776.79,9.5328,0.70783,-0.50171,-0.045123,0.78166,-0.10109,0.049586
2672.6,-202.43,776.83,9.5283,0.69908,-0.49282,-0.046121,0.78166,-0.10109,0.049586
2672.7,-202.5,776.87,9.5236,0.69059,-0.48364,-0.046884,0.78166,-0.10109,0.049586
2672.8,-202.58,776.92,9.5189,0.68235,-0.47426,-0.047415,0.78166,-0.10109,0.049586
2672.9,-202.65,776.96,9.5141,0.67433,-0.46475,-0.047723,0.78166,-0.10109,0.049586
2673,-202.72,777,9.5093,0.66652,-0.45515,-0.047821,0.78166,-0.10109,0.049586
2673.1,-202.79,777.04,9.5046,0.6589,-0.44554,-0.047723,0.78166,-0.10109,0.049586
2673.2,-202.86,777.07,9.4998,0.65145,-0.43596,-0.047445,0.78166,-0.10109,0.049586
2673.3,-202.93,777.11,9.4951,0.64416,-0.42645,-0.047005,0.78166,-0.10109,0.049586
2673.4,-202.99,777.15,9.4904,0.63703,-0.41707,-0.04642,0.78166,-0.10109,0.049586
2673.5,-203.06,777.19,9.4858,0.63004,-0.40783,-0.045706,0.78166,-0.10109,0.049586
2673.6,-203.12,777.22,9.4813,0.62318,-0.39877,-0.044879,0.78166,-0.10109,0.049586
2673.7,-203.19,777.26,9.4768,0.61644,-0.38991,-0.043956,0.78166,-0.10109,0.049586
2673.8,-203.25,777.3,9.4725,0.60983,-0.38126,-0.042949,0.78166,-0.10109,0.049586
2673.9,-203.31,777.33,9.4682,0.60333,-0.37285,-0.041872,0.78166,-0.10109,0.049586
2674,-203.37,777.36,9.4641,0.59695,-0.36469,-0.040738,0.78166,-0.10109,0.049586
2674.1,-203.44,777.4,9.4601,0.59067,-0.35678,-0.039555,0.78166,-0.10109,0.049586
2674.2,-203.5,777.43,9.4562,0.5845,-0.34912,-0.038335,0.78166,-0.10109,0.049586
2674.3,-203.55,777.46,9.4524,0.57843,-0.34172,-0.037085,0.78166,-0.10109,0.049586
2674.4,-203.61,777.5,9.4488,0.57246,-0.33459,-0.035812,0.78166,-0.10109,0.049586
2674.5,-203.67,777.53,9.4453,0.56659,-0.32771,-0.034524,0.78166,-0.10109,0.049586
2674.6,-203.73,777.56,9.4419,0.56082,-0.32109,-0.033227,0.78166,-0.10109,0.049586
2674.7,-203.78,777.59,9.4386,0.55514,-0.31472,-0.031924,0.78166,-0.10109,0.049586
2674.8,-203.84,777.62,9.4355,0.54955,-0.3086,-0.030621,0.78166,-0.10109,0.049586
2674.9,-203.89,777.65,9.4325,0.54406,-0.30273,-0.029322,0.78166,-0.10109,0.049586
2675,-203.95,777.68,9.4296,0.53866,-0.2971,-0.028028,0.78166,-0.10109,0.049586
2675.1,-204,777.71,9.4269,0.53335,-0.2917,-0.026745,0.78166,-0.10109,0.049586
2675.2,-204.06,777.74,9.4243,0.52813,-0.28652,-0.025472,0.78166,-0.10109,0.049586
2675.3,-204.11,777.77,9.4218,0.523,-0.28157,-0.024214,0.78166,-0.10109,0.049586
2675.4,-204.16,777.8,9.4194,0.51795,-0.27683,-0.022971,0.78166,-0.10109,0.049586
2675.5,-204.21,777.82,9.4172,0.51299,-0.2723,-0.021745,0.78166,-0.10109,0.049586
2675.6,-204.26,777.85,9.4151,0.50811,-0.26797,-0.020537,0.78166,-0.10109,0.049586
2675.7,-204.31,777.88,9.4131,0.50332,-0.26383,-0.019348,0.78166,-0.10109,0.049586
2675.8,-204.36,777.91,9.4112,0.49861,-0.25987,-0.01818,0.78166,-0.10109,0.049586
2675.9,-204.41,777.93,9.4095,0.49398,-0.2561,-0.017032,0.78166,-0.10109,0.049586
2676,-204.46,777.96,9.4078,0.48943,-0.2525,-0.015906,0.78166,-0.10109,0.049586
2676.1,-204.51,777.98,9.4063,0.48496,-0.24907,-0.014802,0.78166,-0.10109,0.049586
2676.2,-204.56,778.01,9.4049,0.48056,-0.2458,-0.01372,0.78166,-0.10109,0.049586
2676.3,-204.6,778.04,9.4035,0.47625,-0.24269,-0.012661,0.78166,-0.10109,0.049586
2676.4,-204.65,778.06,9.4023,0.472,-0.23972,-0.011625,0.78166,-0.10109,0.049586
2676.5,-204.7,778.09,9.4012,0.46784,-0.2369,-0.010613,0.78166,-0.10109,0.049586
2676.6,-204.74,778.11,9.4002,0.46374,-0.23421,-0.009624,0.78166,-0.10109,0.049586
2676.7,-204.79,778.13,9.3993,0.45972,-0.23166,-0.0086593,0.78166,-0.10109,0.049586
2676.8,-204.83,778.16,9.3985,0.45576,-0.22923,-0.0077186,0.78166,-0.10109,0.049586
2676.9,-204.88,778.18,9.3977,0.45188,-0.22692,-0.0068022,0.78166,-0.10109,0.049586
2677,-204.92,778.21,9.3971,0.44806,-0.22473,-0.0059102,0.78166,-0.10109,0.049586
2677.1,-204.97,778.23,9.3966,0.44431,-0.22265,-0.0050428,0.78166,-0.10109,0.049586
2677.2,-205.01,778.25,9.3961,0.44063,-0.22068,-0.0042001,0.78166,-0.10109,0.049586
2677.3,-205.05,778.28,9.3957,0.43701,-0.2188,-0.0033822,0.78166,-0.10109,0.049586
2677.4,-205.1,778.3,9.3954,0.43346,-0.21703,-0.0025893,0.78166,-0.10109,0.049586
2677.5,-205.14,778.32,9.3952,0.42997,-0.21535,-0.0018215,0.78166,-0.10109,0.049586
2677.6,-205.18,778.35,9.3951,0.42653,-0.21375,-0.001079,0.78166,-0.10109,0.049586
2677.7,-205.22,778.37,9.395,0.42316,-0.21224,-0.0003617,0.78166,-0.10109,0.049586
2677.8,-205.26,778.39,9.395,0.41985,-0.2108,0.00033293,0.78166,-0.10109,0.049586
2677.9,-205.31,778.41,9.395,0.4166,-0.20938,0.0010228,0.78166,-0.10109,0.049586
2678,-205.35,778.43,9.3952,0.4134,-0.20797,0.0017108,0.78166,-0.10109,0.049586
2678.1,-205.39,778.46,9.3954,0.41026,-0.20657,0.0023964,0.78166,-0.10109,0.049586
2678.2,-205.43,778.48,9.3957,0.40717,-0.20518,0.0030792,0.78166,-0.10109,0.049586
2678.3,-205.47,778.5,9.396,0.40413,-0.20379,0.0037585,0.78166,-0.10109,0.049586
2678.4,-205.51,778.52,9.3964,0.40115,-0.20242,0.0044339,0.78166,-0.10109,0.049586
2678.5,-205.55,778.54,9.3969,0.39822,-0.20105,0.0051049,0.78166,-0.10109,0.049586
2678.6,-205.59,778.56,9.3974,0.39533,-0.1997,0.0057709,0.78166,-0.10109,0.049586
2678.7,-205.62,778.58,9.398,0.39249,-0.19835,0.0064314,0.78166,-0.10109,0.049586
2678.8,-205.66,778.61,9.3987,0.3897,-0.19702,0.0070859,0.78166,-0.10109,0.049586
2678.9,-205.7,778.63,9.3995,0.38696,-0.19569,0.0077337,0.78166,-0.10109,0.049586
2679,-205.74,778.65,9.4003,0.38426,-0.19437,0.0083745,0.78166,-0.10109,0.049586
2679.1,-205.78,778.67,9.4011,0.3816,-0.19307,0.0090076,0.78166,-0.10109,0.049586
2679.2,-205.81,778.69,9.4021,0.37899,-0.19177,0.0096327,0.78166,-0.10109,0.049586
2679.3,-205.85,778.71,9.4031,0.37642,-0.19048,0.010249,0.78166,-0.10109,0.049586
2679.4,-205.89,778.73,9.4041,0.37389,-0.1892,0.010856,0.78166,-0.10109,0.049586
2679.5,-205.93,778.75,9.4052,0.37141,-0.18794,0.011454,0.78166,-0.10109,0.049586
2679.6,-205.96,778.77,9.4064,0.36896,-0.18668,0.012042,0.78166,-0.10109,0.049586
2679.7,-206,778.78,9.4076,0.36655,-0.18543,0.01262,0.78166,-0.10109,0.049586
2679.8,-206.04,778.8,9.4089,0.36418,-0.18419,0.013187,6.3663,-1.5593e-15,7.4788e-16
2679.9,-206.07,778.82,9.4102,0.37432,-0.18255,0.012445,6.3663,-1.5593e-15,7.4788e-16
2680,-206.11,778.84,9.4114,0.38428,-0.18094,0.011893,6.3663,-1.5593e-15,7.4788e-16
2680.1,-206.15,778.86,9.4126,0.39404,-0.17935,0.011522,6.3663,-1.5593e-15,7.4788e-16
2680.2,-206.19,778.88,9.4137,0.40361,-0.17778,0.011325,6.3663,-1.5593e-15,7.4788e-16
2680.3,-206.23,778.9,9.4149,0.41299,-0.17625,0.011297,6.3663,-1.5593e-15,7.4788e-16
2680.4,-206.27,778.91,9.416,0.42217,-0.17476,0.011433,6.3663,-1.5593e-15,7.4788e-16
2680.5,-206.31,778.93,9.4172,0.43115,-0.1733,0.011729,6.3663,-1.5593e-15,7.4788e-16
2680.6,-206.36,778.95,9.4184,0.43993,-0.17188,0.012182,6.3663,-1.5593e-15,7.4788e-16
2680.7,-206.4,778.97,9.4196,0.44851,-0.17051,0.012789,6.3663,-1.5593e-15,7.4788e-16
2680.8,-206.45,778.98,9.4209,0.45689,-0.16919,0.013548,6.3663,-1.5593e-15,7.4788e-16
2680.9,-206.49,779,9.4223,0.46507,-0.16792,0.014457,6.3663,-1.5593e-15,7.4788e-16
2681,-206.54,779.02,9.4238,0.47305,-0.16672,0.015515,6.3663,-1.5593e-15,7.4788e-16
2681.1,-206.59,779.03,9.4254,0.48083,-0.16559,0.016721,6.3663,-1.5593e-15,7.4788e-16
2681.2,-206.63,779.05,9.4272,0.4884,-0.16454,0.018071,6.3663,-1.5593e-15,7.4788e-16
2681.3,-206.68,779.07,9.429,0.49578,-0.16356,0.019566,6.3663,-1.5593e-15,7.4788e-16
2681.4,-206.73,779.08,9.4311,0.50296,-0.16267,0.021203,6.3663,-1.5593e-15,7.4788e-16
2681.5,-206.78,779.1,9.4333,0.50994,-0.16188,0.022979,6.3663,-1.5593e-15,7.4788e-16
2681.6,-206.84,779.11,9.4357,0.51673,-0.1612,0.024892,6.3663,-1.5593e-15,7.4788e-16
2681.7,-206.89,779.13,9.4383,0.52332,-0.16062,0.026939,6.3663,-1.5593e-15,7.4788e-16
2681.8,-206.94,779.15,9.4411,0.52972,-0.16016,0.029116,6.3663,-1.5593e-15,7.4788e-16
2681.9,-206.99,779.16,9.4441,0.53593,-0.15983,0.031418,6.3663,-1.5593e-15,7.4788e-16
2682,-207.05,779.18,9.4474,0.54195,-0.15964,0.033841,6.3663,-1.5593e-15,7.4788e-16
2682.1,-207.1,779.19,9.4509,0.54778,-0.15958,0.036376,6.3663,-1.5593e-15,7.4788e-16
2682.2,-207.16,779.2,9.4546,0.55343,-0.15967,0.039019,6.3663,-1.5593e-15,7.4788e-16
2682.3,-207.22,779.22,9.4587,0.55889,-0.15992,0.04176,6.3663,-1.5593e-15,7.4788e-16
2682.4,-207.27,779.23,9.463,0.56418,-0.16032,0.044591,6.3663,-1.5593e-15,7.4788e-16
2682.5,-207.33,779.25,9.4676,0.56928,-0.1609,0.047503,6.3663,-1.5593e-15,7.4788e-16
2682.6,-207.39,779.26,9.4725,0.57421,-0.16164,0.050484,6.3663,-1.5593e-15,7.4788e-16
2682.7,-207.45,779.27,9.4777,0.57896,-0.16256,0.053524,6.3663,-1.5593e-15,7.4788e-16
2682.8,-207.5,779.29,9.4832,0.58354,-0.16367,0.056611,6.3663,-1.5593e-15,7.4788e-16
2682.9,-207.56,779.3,9.489,0.58794,-0.16495,0.059732,6.3663,-1.5593e-15,7.4788e-16
2683,-207.62,779.31,9.4952,0.59218,-0.16642,0.062875,6.3663,-1.5593e-15,7.4788e-16
2683.1,-207.68,779.32,9.5016,0.59626,-0.16807,0.066027,6.3663,-1.5593e-15,7.4788e-16
2683.2,-207.75,779.34,9.5084,0.60017,-0.16991,0.069175,6.3663,-1.5593e-15,7.4788e-16
2683.3,-207.81,779.35,9.5154,0.60392,-0.17194,0.072305,6.3663,-1.5593e-15,7.4788e-16
2683.4,-207.87,779.36,9.5228,0.60751,-0.17414,0.075406,6.3663,-1.5593e-15,7.4788e-16
2683.5,-207.93,779.37,9.5305,0.61094,-0.17653,0.078464,6.3663,-1.5593e-15,7.4788e-16
2683.6,-207.99,779.38,9.5385,0.61422,-0.17909,0.081469,6.3663,-1.5593e-15,7.4788e-16
2683.7,-208.06,779.39,9.5468,0.61734,-0.18182,0.084408,6.3663,-1.5593e-15,7.4788e-16
2683.8,-208.12,779.4,9.5554,0.62032,-0.18472,0.087272,6.3663,-1.5593e-15,7.4788e-16
2683.9,-208.19,779.41,9.5643,0.62315,-0.18777,0.09005,6.3663,-1.5593e-15,7.4788e-16
2684,-208.25,779.42,9.5734,0.62583,-0.19098,0.092735,6.3663,-1.5593e-15,7.4788e-16
2684.1,-208.31,779.43,9.5828,0.62837,-0.19433,0.095319,6.3663,-1.5593e-15,7.4788e-16
2684.2,-208.38,779.44,9.5925,0.63078,-0.19781,0.097795,6.3663,-1.5593e-15,7.4788e-16
2684.3,-208.45,779.45,9.6024,0.63304,-0.20142,0.10016,6.3663,-1.5593e-15,7.4788e-16
2684.4,-208.51,779.46,9.6125,0.63518,-0.20514,0.1024,6.3663,-1.5593e-15,7.4788e-16
2684.5,-208.58,779.47,9.6228,0.63719,-0.20897,0.10453,6.3663,-1.5593e-15,7.4788e-16
2684.6,-208.64,779.47,9.6334,0.63907,-0.2129,0.10652,6.3663,-1.5593e-15,7.4788e-16
2684.7,-208.71,779.48,9.6441,0.64082,-0.21692,0.1084,6.3663,-1.5593e-15,7.4788e-16
2684.8,-208.78,779.49,9.6551,0.64246,-0.22102,0.11014,6.3663,-1.5593e-15,7.4788e-16
2684.9,-208.85,779.5,9.6662,0.64398,-0.22518,0.11176,6.3663,-1.5593e-15,7.4788e-16
2685,-208.92,779.5,9.6774,0.64539,-0.22941,0.11325,6.3663,-1.5593e-15,7.4788e-16
2685.1,-208.98,779.51,9.6888,0.64669,-0.23368,0.11461,6.3663,-1.5593e-15,7.4788e-16
2685.2,-209.05,779.51,9.7003,0.64789,-0.238,0.11585,6.3663,-1.5593e-15,7.4788e-16
2685.3,-209.12,779.52,9.712,0.64899,-0.24235,0.11697,6.3663,-1.5593e-15,7.4788e-16
2685.4,-209.19,779.52,9.7237,0.64999,-0.24672,0.11797,6.3663,-1.5593e-15,7.4788e-16
2685.5,-209.26,779.53,9.7356,0.6509,-0.25112,0.11885,6.3663,-1.5593e-15,7.4788e-16
2685.6,-209.33,779.53,9.7475,0.65172,-0.25552,0.11961,6.3663,-1.5593e-15,7.4788e-16
2685.7,-209.4,779.53,9.7595,0.65245,-0.25992,0.12027,6.3663,-1.5593e-15,7.4788e-16
2685.8,-209.47,779.54,9.7715,0.65311,-0.26432,0.12081,6.3663,-1.5593e-15,7.4788e-16
2685.9,-209.54,779.54,9.7836,0.65369,-0.26871,0.12126,6.3663,-1.5593e-15,7.4788e-16
2686,-209.61,779.54,9.7958,0.6542,-0.27308,0.1216,6.3663,-1.5593e-15,7.4788e-16
2686.1,-209.68,779.54,9.808,0.65464,-0.27743,0.12184,6.3663,-1.5593e-15,7.4788e-16
2686.2,-209.75,779.54,9.8201,0.65502,-0.28176,0.12199,6.3663,-1.5593e-15,7.4788e-16
2686.3,-209.82,779.54,9.8323,0.65534,-0.28605,0.12205,6.3663,-1.5593e-15,7.4788e-16
2686.4,-209.9,779.54,9.8446,0.6556,-0.29031,0.12202,6.3663,-1.5593e-15,7.4788e-16
2686.5,-209.97,779.54,9.8568,0.65581,-0.29453,0.12191,6.3663,-1.5593e-15,7.4788e-16
2686.6,-210.04,779.54,9.8689,0.65598,-0.29872,0.12172,6.3663,-1.5593e-15,7.4788e-16
2686.7,-210.11,779.54,9.8811,0.6561,-0.30285,0.12146,6.3663,-1.5593e-15,7.4788e-16
2686.8,-210.18,779.54,9.8932,0.65618,-0.30694,0.12112,6.3663,-1.5593e-15,7.4788e-16
2686.9,-210.26,779.54,9.9053,0.65622,-0.31098,0.12072,6.3663,-1.5593e-15,7.4788e-16
2687,-210.33,779.53,9.9174,0.65623,-0.31497,0.12025,6.3663,-1.5593e-15,7.4788e-16
2687.1,-210.4,779.53,9.9294,0.65621,-0.31891,0.11971,6.3663,-1.5593e-15,7.4788e-16
2687.2,-210.48,779.53,9.9413,0.65617,-0.32279,0.11912,6.3663,-1.5593e-15,7.4788e-16
2687.3,-210.55,779.52,9.9532,0.6561,-0.32662,0.11847,6.3663,-1.5593e-15,7.4788e-16
2687.4,-210.62,779.52,9.965,0.65602,-0.33039,0.11776,6.3663,-1.5593e-15,7.4788e-16
2687.5,-210.7,779.51,9.9767,0.65591,-0.3341,0.117,6.3663,-1.5593e-15,7.4788e-16
2687.6,-210.77,779.5,9.9884,0.65579,-0.33776,0.1162,6.3663,-1.5593e-15,7.4788e-16
2687.7,-210.84,779.5,10,0.65567,-0.34136,0.11535,6.3663,-1.5593e-15,7.4788e-16
2687.8,-210.92,779.49,10.011,0.65553,-0.3449,0.11445,6.3663,-1.5593e-15,7.4788e-16
2687.9,-210.99,779.48,10.023,0.65539,-0.34838,0.11351,6.3663,-1.5593e-15,7.4788e-16
2688,-211.06,779.47,10.034,0.65524,-0.35181,0.11253,6.3663,-1.5593e-15,7.4788e-16
2688.1,-211.14,779.47,10.045,0.6551,-0.35518,0.11152,6.3663,-1.5593e-15,7.4788e-16
2688.2,-211.21,779.46,10.056,0.65495,-0.3585,0.11046,6.3663,-1.5593e-15,7.4788e-16
2688.3,-211.29,779.45,10.067,0.65481,-0.36175,0.10938,6.3663,-1.5593e-15,7.4788e-16
2688.4,-211.36,779.44,10.078,0.65467,-0.36496,0.10826,6.3663,-1.5593e-15,7.4788e-16
2688.5,-211.43,779.42,10.089,0.65455,-0.36811,0.10711,6.3663,-1.5593e-15,7.4788e-16
2688.6,-211.51,779.41,10.1,0.65443,-0.3712,0.10593,6.3663,-1.5593e-15,7.4788e-16
2688.7,-211.58,779.4,10.11,0.65432,-0.37425,0.10472,6.3663,-1.5593e-15,7.4788e-16
2688.8,-211.66,779.39,10.121,0.65423,-0.37724,0.10348,6.3663,-1.5593e-15,7.4788e-16
2688.9,-211.73,779.37,10.131,0.65415,-0.38018,0.10222,6.3663,-1.5593e-15,7.4788e-16
2689,-211.81,779.36,10.141,0.65408,-0.38308,0.10094,6.3663,-1.5593e-15,7.4788e-16
2689.1,-211.88,779.35,10.151,0.65403,-0.38592,0.099628,6.3663,-1.5593e-15,7.4788e-16
2689.2,-211.95,779.33,10.161,0.65401,-0.38872,0.098296,6.3663,-1.5593e-15,7.4788e-16
2689.3,-212.03,779.32,10.171,0.654,-0.39147,0.096942,6.3663,-1.5593e-15,7.4788e-16
2689.4,-212.1,779.3,10.18,0.65401,-0.39418,0.095566,6.3663,-1.5593e-15,7.4788e-16
2689.5,-212.18,779.28,10.19,0.65405,-0.39685,0.094169,6.3663,-1.5593e-15,7.4788e-16
2689.6,-212.25,779.27,10.199,0.65411,-0.39947,0.092751,6.3663,-1.5593e-15,7.4788e-16
2689.7,-212.33,779.25,10.208,0.65419,-0.40205,0.091314,6.3663,-1.5593e-15,7.4788e-16
2689.8,-212.4,779.23,10.218,0.6543,-0.4046,0.089856,6.3663,-1.5593e-15,7.4788e-16
2689.9,-212.48,779.21,10.226,0.65443,-0.40711,0.088379,6.3663,-1.5593e-15,7.4788e-16
2690,-212.55,779.19,10.235,0.6546,-0.40958,0.086883,6.3663,-1.5593e-15,7.4788e-16
2690.1,-212.63,779.17,10.244,0.65479,-0.41201,0.085367,6.3663,-1.5593e-15,7.4788e-16
2690.2,-212.7,779.15,10.252,0.655,-0.41441,0.083831,6.3663,-1.5593e-15,7.4788e-16
2690.3,-212.78,779.13,10.261,0.65525,-0.41678,0.082276,6.3663,-1.5593e-15,7.4788e-16
2690.4,-212.85,779.11,10.269,0.65553,-0.41912,0.080701,6.3663,-1.5593e-15,7.4788e-16
2690.5,-212.93,779.09,10.277,0.65584,-0.42143,0.079105,6.3663,-1.5593e-15,7.4788e-16
2690.6,-213,779.07,10.285,0.65618,-0.4237,0.077488,6.3663,-1.5593e-15,7.4788e-16
2690.7,-213.08,779.05,10.292,0.65656,-0.42596,0.075849,6.3663,-1.5593e-15,7.4788e-16
2690.8,-213.15,779.03,10.3,0.65697,-0.42818,0.074188,6.3663,-1.5593e-15,7.4788e-16
2690.9,-213.23,779,10.307,0.65741,-0.43038,0.072503,6.3663,-1.5593e-15,7.4788e-16
2691,-213.3,778.98,10.314,0.65788,-0.43256,0.070795,6.3663,-1.5593e-15,7.4788e-16
2691.1,-213.38,778.95,10.321,0.6584,-0.43471,0.06906,6.3663,-1.5593e-15,7.4788e-16
2691.2,-213.45,778.93,10.328,0.65894,-0.43684,0.067299,6.3663,-1.5593e-15,7.4788e-16
2691.3,-213.53,778.91,10.335,0.65953,-0.43895,0.06551,6.3663,-1.5593e-15,7.4788e-16
2691.4,-213.6,778.88,10.341,0.66015,-0.44104,0.06369,6.3663,-1.5593e-15,7.4788e-16
2691.5,-213.68,778.85,10.347,0.66081,-0.44312,0.061839,6.3663,-1.5593e-15,7.4788e-16
2691.6,-213.75,778.83,10.354,0.66151,-0.44517,0.059953,6.3663,-1.5593e-15,7.4788e-16
2691.7,-213.83,778.8,10.359,0.66226,-0.44722,0.058031,6.3663,-1.5593e-15,7.4788e-16
2691.8,-213.9,778.77,10.365,0.66304,-0.44924,0.056071,6.3663,-1.5593e-15,7.4788e-16
2691.9,-213.98,778.75,10.371,0.66387,-0.45125,0.054069,6.3663,-1.5593e-15,7.4788e-16
2692,-214.05,778.72,10.376,0.66474,-0.45325,0.052022,6.3663,-1.5593e-15,7.4788e-16
2692.1,-214.13,778.69,10.381,0.66565,-0.45523,0.049926,6.3663,-1.5593e-15,7.4788e-16
2692.2,-214.2,778.66,10.386,0.66662,-0.45721,0.047779,6.3663,-1.5593e-15,7.4788e-16
2692.3,-214.28,778.63,10.391,0.66763,-0.45917,0.045574,6.3663,-1.5593e-15,7.4788e-16
2692.4,-214.36,778.61,10.395,0.66869,-0.46112,0.043308,6.3663,-1.5593e-15,7.4788e-16
2692.5,-214.43,778.58,10.399,0.6698,-0.46307,0.040975,6.3663,-1.5593e-15,7.4788e-16
2692.6,-214.51,778.55,10.403,0.67097,-0.46501,0.038569,6.3663,-1.5593e-15,7.4788e-16
2692.7,-214.58,778.52,10.407,0.6722,-0.46693,0.036083,6.3663,-1.5593e-15,7.4788e-16
2692.8,-214.66,778.49,10.41,0.67348,-0.46886,0.033509,6.3663,-1.5593e-15,7.4788e-16
2692.9,-214.74,778.46,10.414,0.67483,-0.47077,0.030838,6.3663,-1.5593e-15,7.4788e-16
2693,-214.81,778.43,10.417,0.67624,-0.47268,0.028061,6.3663,-1.5593e-15,7.4788e-16
2693.1,-214.89,778.4,10.419,0.67772,-0.47459,0.025166,6.3663,-1.5593e-15,7.4788e-16
2693.2,-214.97,778.36,10.422,0.67928,-0.47649,0.022139,6.3663,-1.5593e-15,7.4788e-16
2693.3,-215.04,778.33,10.424,0.68091,-0.47839,0.018965,6.3663,-1.5593e-15,7.4788e-16
2693.4,-215.12,778.3,10.425,0.68263,-0.48028,0.015628,6.3663,-1.5593e-15,7.4788e-16
2693.5,-215.2,778.27,10.427,0.68444,-0.48217,0.012106,6.3663,-1.5593e-15,7.4788e-16
2693.6,-215.28,778.24,10.428,0.68634,-0.48406,0.0083753,6.3663,-1.5593e-15,7.4788e-16
2693.7,-215.35,778.21,10.428,0.68835,-0.48594,0.0044076,6.3663,-1.5593e-15,7.4788e-16
2693.8,-215.43,778.17,10.429,0.69047,-0.48783,0.00016876,0.18922,0.026872,-0.013181
2693.9,-215.51,778.14,10.428,0.67901,-0.48903,-0.0048008,0.18922,0.026872,-0.013181
2694,-215.59,778.11,10.428,0.66811,-0.48896,-0.010065,0.18922,0.026872,-0.013181
2694.1,-215.66,778.08,10.426,0.65777,-0.48755,-0.015471,0.18922,0.026872,-0.013181
2694.2,-215.74,778.05,10.425,0.64796,-0.48477,-0.02087,0.18922,0.026872,-0.013181
2694.3,-215.82,778.03,10.422,0.63865,-0.48065,-0.026123,0.18922,0.026872,-0.013181
2694.4,-215.89,778,10.419,0.62981,-0.47522,-0.031111,0.18922,0.026872,-0.013181
2694.5,-215.96,777.97,10.416,0.62142,-0.46859,-0.035736,0.18922,0.026872,-0.013181
2694.6,-216.04,777.95,10.412,0.61342,-0.46087,-0.039929,0.18922,0.026872,-0.013181
2694.7,-216.11,777.92,10.408,0.60578,-0.45219,-0.043642,0.18922,0.026872,-0.013181
2694.8,-216.18,777.9,10.404,0.59845,-0.44269,-0.046854,0.18922,0.026872,-0.013181
2694.9,-216.25,777.87,10.399,0.59141,-0.43252,-0.049564,0.18922,0.026872,-0.013181
2695,-216.32,777.85,10.394,0.58461,-0.42181,-0.051784,0.18922,0.026872,-0.013181
2695.1,-216.38,777.82,10.388,0.57801,-0.41069,-0.053541,0.18922,0.026872,-0.013181
2695.2,-216.45,777.8,10.383,0.5716,-0.3993,-0.05487,0.18922,0.026872,-0.013181
2695.3,-216.52,777.77,10.377,0.56535,-0.38774,-0.05581,0.18922,0.026872,-0.013181
2695.4,-216.58,777.75,10.372,0.55923,-0.3761,-0.056403,0.18922,0.026872,-0.013181
2695.5,-216.64,777.73,10.366,0.55322,-0.36447,-0.056691,0.18922,0.026872,-0.013181
2695.6,-216.7,777.7,10.361,0.54732,-0.35291,-0.056714,0.18922,0.026872,-0.013181
2695.7,-216.76,777.68,10.355,0.54152,-0.34149,-0.056512,0.18922,0.026872,-0.013181
2695.8,-216.82,777.66,10.349,0.53579,-0.33026,-0.056118,0.18922,0.026872,-0.013181
2695.9,-216.88,777.64,10.344,0.53015,-0.31924,-0.055564,0.18922,0.026872,-0.013181
2696,-216.94,777.61,10.338,0.52457,-0.30846,-0.054881,0.18922,0.026872,-0.013181
2696.1,-216.99,777.59,10.333,0.51907,-0.29796,-0.054092,0.18922,0.026872,-0.013181
2696.2,-217.05,777.57,10.327,0.51363,-0.28773,-0.053219,0.18922,0.026872,-0.013181
2696.3,-217.1,777.54,10.322,0.50825,-0.27781,-0.052283,0.18922,0.026872,-0.013181
2696.4,-217.16,777.52,10.317,0.50293,-0.26817,-0.051299,0.18922,0.026872,-0.013181
2696.5,-217.21,777.5,10.312,0.49768,-0.25884,-0.050281,0.18922,0.026872,-0.013181
2696.6,-217.26,777.48,10.307,0.49249,-0.24981,-0.049242,0.18922,0.026872,-0.013181
2696.7,-217.31,777.46,10.302,0.48736,-0.24108,-0.048191,0.18922,0.026872,-0.013181
2696.8,-217.36,777.43,10.297,0.48229,-0.23264,-0.047137,0.18922,0.026872,-0.013181
2696.9,-217.41,777.41,10.292,0.47729,-0.22449,-0.046087,0.18922,0.026872,-0.013181
2697,-217.45,777.39,10.288,0.47235,-0.21661,-0.045048,0.18922,0.026872,-0.013181
2697.1,-217.5,777.37,10.283,0.46747,-0.20901,-0.044023,0.18922,0.026872,-0.013181
2697.2,-217.55,777.35,10.279,0.46266,-0.20168,-0.043016,0.18922,0.026872,-0.013181
2697.3,-217.59,777.33,10.275,0.45791,-0.1946,-0.042032,0.18922,0.026872,-0.013181
2697.4,-217.64,777.3,10.271,0.45323,-0.18776,-0.041072,0.18922,0.026872,-0.013181
2697.5,-217.68,777.28,10.267,0.44861,-0.18117,-0.040138,0.18922,0.026872,-0.013181
2697.6,-217.72,777.26,10.263,0.44406,-0.1748,-0.039232,0.18922,0.026872,-0.013181
2697.7,-217.77,777.24,10.259,0.43958,-0.16866,-0.038355,0.18922,0.026872,-0.013181
2697.8,-217.81,777.22,10.255,0.43515,-0.16272,-0.037507,0.18922,0.026872,-0.013181
2697.9,-217.85,777.2,10.251,0.4308,-0.15699,-0.03669,0.18922,0.026872,-0.013181
2698,-217.89,777.18,10.248,0.42651,-0.15146,-0.035902,0.18922,0.026872,-0.013181
2698.1,-217.93,777.16,10.244,0.42228,-0.14611,-0.035145,0.18922,0.026872,-0.013181
2698.2,-217.97,777.13,10.241,0.41812,-0.14094,-0.034419,0.18922,0.026872,-0.013181
2698.3,-218.01,777.11,10.237,0.41402,-0.13595,-0.033722,0.18922,0.026872,-0.013181
2698.4,-218.04,777.09,10.234,0.40999,-0.13112,-0.033055,0.18922,0.026872,-0.013181
2698.5,-218.08,777.07,10.231,0.40601,-0.12645,-0.032416,0.18922,0.026872,-0.013181
2698.6,-218.12,777.05,10.227,0.4021,-0.12194,-0.031807,0.18922,0.026872,-0.013181
2698.7,-218.16,777.03,10.224,0.39826,-0.11757,-0.031225,0.18922,0.026872,-0.013181
2698.8,-218.19,777.01,10.221,0.39447,-0.11334,-0.030671,0.18922,0.026872,-0.013181
2698.9,-218.23,776.99,10.218,0.39074,-0.10924,-0.030143,0.18922,0.026872,-0.013181
2699,-218.26,776.97,10.215,0.38707,-0.10528,-0.029642,0.18922,0.026872,-0.013181
2699.1,-218.3,776.95,10.212,0.38346,-0.10144,-0.029166,0.18922,0.026872,-0.013181
2699.2,-218.33,776.93,10.209,0.37991,-0.097714,-0.028714,0.18922,0.026872,-0.013181
2699.3,-218.36,776.91,10.206,0.37642,-0.094108,-0.028286,0.18922,0.026872,-0.013181
2699.4,-218.4,776.89,10.204,0.37298,-0.090612,-0.027882,0.18922,0.026872,-0.013181
2699.5,-218.43,776.87,10.201,0.3696,-0.087223,-0.0275,0.18922,0.026872,-0.013181
2699.6,-218.46,776.85,10.198,0.36627,-0.083936,-0.027139,0.18922,0.026872,-0.013181
2699.7,-218.49,776.83,10.195,0.36299,-0.080747,-0.026799,0.18922,0.026872,-0.013181
2699.8,-218.53,776.81,10.193,0.35977,-0.077652,-0.02648,0.18922,0.026872,-0.013181
2699.9,-218.56,776.79,10.19,0.3566,-0.07465,-0.02618,0.18922,0.026872,-0.013181
2700,-218.59,776.77,10.188,0.35348,-0.071735,-0.025898,0.18922,0.026872,-0.013181
2700.1,-218.62,776.75,10.185,0.35041,-0.068905,-0.025635,0.18922,0.026872,-0.013181
2700.2,-218.65,776.74,10.182,0.34739,-0.066157,-0.025389,0.18922,0.026872,-0.013181
2700.3,-218.68,776.72,10.18,0.34442,-0.063488,-0.02516,0.18922,0.026872,-0.013181
2700.4,-218.71,776.7,10.177,0.34149,-0.060895,-0.024947,0.18922,0.026872,-0.013181
2700.5,-218.73,776.68,10.175,0.33861,-0.058376,-0.024749,0.18922,0.026872,-0.013181
2700.6,-218.76,776.66,10.172,0.33578,-0.055928,-0.024566,0.18922,0.026872,-0.013181
2700.7,-218.79,776.64,10.17,0.33299,-0.053549,-0.024397,0.18922,0.026872,-0.013181
2700.8,-218.82,776.62,10.168,0.33025,-0.051237,-0.024242,0.18922,0.026872,-0.013181
2700.9,-218.85,776.6,10.165,0.32754,-0.048989,-0.024099,0.18922,0.026872,-0.013181
2701,-218.87,776.59,10.163,0.32489,-0.046804,-0.023969,0.18922,0.026872,-0.013181
2701.1,-218.9,776.57,10.16,0.32227,-0.044679,-0.02385,0.18922,0.026872,-0.013181
2701.2,-218.93,776.55,10.158,0.31969,-0.042613,-0.023743,0.18922,0.026872,-0.013181
2701.3,-218.95,776.53,10.156,0.31715,-0.040604,-0.023646,0.18922,0.026872,-0.013181
2701.4,-218.98,776.51,10.153,0.31465,-0.03865,-0.023559,0.18922,0.026872,-0.013181
2701.5,-219.01,776.5,10.151,0.31219,-0.03675,-0.023482,0.18922,0.026872,-0.013181
2701.6,-219.03,776.48,10.149,0.30977,-0.034902,-0.023413,0.18922,0.026872,-0.013181
2701.7,-219.06,776.46,10.146,0.30739,-0.033104,-0.023354,0.18922,0.026872,-0.013181
2701.8,-219.08,776.44,10.144,0.30504,-0.031355,-0.023302,0.18922,0.026872,-0.013181
2701.9,-219.11,776.42,10.142,0.30272,-0.029654,-0.023258,3.8596,-9.4533e-16,4.527e-16
2702,-219.13,776.41,10.139,0.30864,-0.028109,-0.022861,3.8596,-9.4533e-16,4.527e-16
2702.1,-219.16,776.39,10.137,0.31446,-0.026604,-0.022498,3.8596,-9.4533e-16,4.527e-16
2702.2,-219.18,776.37,10.135,0.32018,-0.025139,-0.022166,3.8596,-9.4533e-16,4.527e-16
2702.3,-219.21,776.35,10.133,0.32579,-0.023709,-0.021866,3.8596,-9.4533e-16,4.527e-16
2702.4,-219.24,776.33,10.13,0.3313,-0.022314,-0.021597,3.8596,-9.4533e-16,4.527e-16
2702.5,-219.26,776.31,10.128,0.33671,-0.020952,-0.021359,3.8596,-9.4533e-16,4.527e-16
2702.6,-219.29,776.29,10.126,0.34202,-0.01962,-0.02115,3.8596,-9.4533e-16,4.527e-16
2702.7,-219.32,776.27,10.124,0.34722,-0.018317,-0.020971,3.8596,-9.4533e-16,4.527e-16
2702.8,-219.35,776.25,10.122,0.35233,-0.017041,-0.020822,3.8596,-9.4533e-16,4.527e-16
2702.9,-219.37,776.23,10.12,0.35735,-0.01579,-0.020703,3.8596,-9.4533e-16,4.527e-16
2703,-219.4,776.2,10.118,0.36226,-0.014562,-0.020613,3.8596,-9.4533e-16,4.527e-16
2703.1,-219.43,776.18,10.116,0.36708,-0.013355,-0.020552,3.8596,-9.4533e-16,4.527e-16
2703.2,-219.46,776.16,10.114,0.37181,-0.012169,-0.020522,3.8596,-9.4533e-16,4.527e-16
2703.3,-219.49,776.14,10.112,0.37644,-0.011001,-0.020521,3.8596,-9.4533e-16,4.527e-16
2703.4,-219.52,776.11,10.11,0.38097,-0.0098487,-0.020551,3.8596,-9.4533e-16,4.527e-16
2703.5,-219.55,776.09,10.107,0.38542,-0.0087117,-0.020611,3.8596,-9.4533e-16,4.527e-16
2703.6,-219.58,776.07,10.105,0.38977,-0.0075878,-0.020703,3.8596,-9.4533e-16,4.527e-16
2703.7,-219.61,776.04,10.103,0.39404,-0.0064755,-0.020826,3.8596,-9.4533e-16,4.527e-16
2703.8,-219.64,776.02,10.101,0.39821,-0.005373,-0.020981,3.8596,-9.4533e-16,4.527e-16
2703.9,-219.68,775.99,10.099,0.4023,-0.0042788,-0.02117,3.8596,-9.4533e-16,4.527e-16
2704,-219.71,775.97,10.097,0.4063,-0.0031912,-0.021391,3.8596,-9.4533e-16,4.527e-16
2704.1,-219.74,775.94,10.095,0.41022,-0.0021085,-0.021647,3.8596,-9.4533e-16,4.527e-16
2704.2,-219.77,775.92,10.093,0.41405,-0.001029,-0.021938,3.8596,-9.4533e-16,4.527e-16
2704.3,-219.8,775.89,10.09,0.4178,4.8812e-05,-0.022264,3.8596,-9.4533e-16,4.527e-16
2704.4,-219.84,775.87,10.088,0.42147,0.0011294,-0.022624,3.8596,-9.4533e-16,4.527e-16
2704.5,-219.87,775.84,10.086,0.42505,0.0022168,-0.023017,3.8596,-9.4533e-16,4.527e-16
2704.6,-219.9,775.81,10.084,0.42856,0.0033125,-0.023441,3.8596,-9.4533e-16,4.527e-16
2704.7,-219.94,775.79,10.081,0.43199,0.0044182,-0.023898,3.8596,-9.4533e-16,4.527e-16
2704.8,-219.97,775.76,10.079,0.43534,0.0055357,-0.024388,3.8596,-9.4533e-16,4.527e-16
2704.9,-220.01,775.73,10.076,0.43862,0.0066665,-0.024912,3.8596,-9.4533e-16,4.527e-16
2705,-220.04,775.71,10.074,0.44182,0.0078124,-0.02547,3.8596,-9.4533e-16,4.527e-16
2705.1,-220.08,775.68,10.071,0.44495,0.0089751,-0.026062,3.8596,-9.4533e-16,4.527e-16
2705.2,-220.11,775.65,10.069,0.448,0.010156,-0.026688,3.8596,-9.4533e-16,4.527e-16
2705.3,-220.15,775.62,10.066,0.45099,0.011358,-0.02735,3.8596,-9.4533e-16,4.527e-16
2705.4,-220.18,775.6,10.063,0.4539,0.012581,-0.028046,3.8596,-9.4533e-16,4.527e-16
2705.5,-220.22,775.57,10.06,0.45675,0.013827,-0.028779,3.8596,-9.4533e-16,4.527e-16
2705.6,-220.25,775.54,10.057,0.45952,0.015099,-0.029546,3.8596,-9.4533e-16,4.527e-16
2705.7,-220.29,775.51,10.054,0.46223,0.016398,-0.03035,3.8596,-9.4533e-16,4.527e-16
2705.8,-220.33,775.48,10.051,0.46487,0.017725,-0.031189,3.8596,-9.4533e-16,4.527e-16
2705.9,-220.36,775.45,10.048,0.46745,0.019083,-0.032063,3.8596,-9.4533e-16,4.527e-16
2706,-220.4,775.42,10.045,0.46996,0.020472,-0.032972,3.8596,-9.4533e-16,4.527e-16
2706.1,-220.44,775.39,10.042,0.47241,0.021895,-0.033917,3.8596,-9.4533e-16,4.527e-16
2706.2,-220.48,775.37,10.038,0.4748,0.023353,-0.034896,3.8596,-9.4533e-16,4.527e-16
2706.3,-220.51,775.34,10.035,0.47712,0.024846,-0.035909,3.8596,-9.4533e-16,4.527e-16
2706.4,-220.55,775.31,10.031,0.47938,0.026378,-0.036955,3.8596,-9.4533e-16,4.527e-16
2706.5,-220.59,775.28,10.027,0.48159,0.027949,-0.038034,3.8596,-9.4533e-16,4.527e-16
2706.6,-220.63,775.25,10.023,0.48373,0.02956,-0.039144,3.8596,-9.4533e-16,4.527e-16
2706.7,-220.67,775.22,10.019,0.48582,0.031212,-0.040284,3.8596,-9.4533e-16,4.527e-16
2706.8,-220.7,775.19,10.015,0.48785,0.032908,-0.041453,3.8596,-9.4533e-16,4.527e-16
2706.9,-220.74,775.16,10.011,0.48982,0.034646,-0.04265,3.8596,-9.4533e-16,4.527e-16
2707,-220.78,775.13,10.007,0.49173,0.03643,-0.043873,3.8596,-9.4533e-16,4.527e-16
2707.1,-220.82,775.1,10.002,0.49359,0.038258,-0.045121,3.8596,-9.4533e-16,4.527e-16
2707.2,-220.86,775.07,9.9977,0.4954,0.040132,-0.04639,3.8596,-9.4533e-16,4.527e-16
2707.3,-220.9,775.04,9.993,0.49715,0.042053,-0.047681,3.8596,-9.4533e-16,4.527e-16
2707.4,-220.94,775.01,9.9882,0.49884,0.044021,-0.04899,3.8596,-9.4533e-16,4.527e-16
2707.5,-220.98,774.98,9.9832,0.50049,0.046035,-0.050314,3.8596,-9.4533e-16,4.527e-16
2707.6,-221.02,774.95,9.9781,0.50207,0.048097,-0.051653,3.8596,-9.4533e-16,4.527e-16
2707.7,-221.06,774.92,9.9729,0.50361,0.050205,-0.053003,3.8596,-9.4533e-16,4.527e-16
2707.8,-221.1,774.89,9.9675,0.5051,0.05236,-0.054361,3.8596,-9.4533e-16,4.527e-16
2707.9,-221.14,774.85,9.962,0.50653,0.054561,-0.055726,3.8596,-9.4533e-16,4.527e-16
2708,-221.18,774.82,9.9564,0.50791,0.056808,-0.057094,3.8596,-9.4533e-16,4.527e-16
2708.1,-221.22,774.79,9.9506,0.50924,0.0591,-0.058463,3.8596,-9.4533e-16,4.527e-16
2708.2,-221.26,774.76,9.9447,0.51053,0.061435,-0.059829,3.8596,-9.4533e-16,4.527e-16
2708.3,-221.31,774.73,9.9387,0.51176,0.063814,-0.06119,3.8596,-9.4533e-16,4.527e-16
2708.4,-221.35,774.7,9.9325,0.51294,0.066234,-0.062544,3.8596,-9.4533e-16,4.527e-16
2708.5,-221.39,774.67,9.9261,0.51408,0.068694,-0.063887,3.8596,-9.4533e-16,4.527e-16
2708.6,-221.43,774.64,9.9197,0.51516,0.071193,-0.065216,3.8596,-9.4533e-16,4.527e-16
2708.7,-221.47,774.61,9.9131,0.5162,0.073729,-0.06653,3.8596,-9.4533e-16,4.527e-16
2708.8,-221.51,774.58,9.9064,0.51719,0.0763,-0.067825,3.8596,-9.4533e-16,4.527e-16
2708.9,-221.56,774.55,9.8995,0.51813,0.078904,-0.069099,3.8596,-9.4533e-16,4.527e-16
2709,-221.6,774.52,9.8926,0.51903,0.081539,-0.07035,3.8596,-9.4533e-16,4.527e-16
2709.1,-221.64,774.49,9.8855,0.51988,0.084203,-0.071575,3.8596,-9.4533e-16,4.527e-16
2709.2,-221.68,774.46,9.8783,0.52069,0.086894,-0.072771,3.8596,-9.4533e-16,4.527e-16
2709.3,-221.73,774.43,9.8709,0.52145,0.089608,-0.073938,3.8596,-9.4533e-16,4.527e-16
2709.4,-221.77,774.39,9.8635,0.52217,0.092344,-0.075073,3.8596,-9.4533e-16,4.527e-16
2709.5,-221.81,774.36,9.8559,0.52284,0.0951,-0.076175,3.8596,-9.4533e-16,4.527e-16
2709.6,-221.86,774.33,9.8482,0.52348,0.097872,-0.077241,3.8596,-9.4533e-16,4.527e-16
2709.7,-221.9,774.3,9.8405,0.52406,0.10066,-0.07827,3.8596,-9.4533e-16,4.527e-16
2709.8,-221.95,774.27,9.8326,0.52461,0.10346,-0.079262,3.8596,-9.4533e-16,4.527e-16
2709.9,-221.99,774.24,9.8246,0.52512,0.10626,-0.080214,3.8596,-9.4533e-16,4.527e-16
2710,-222.03,774.21,9.8165,0.52559,0.10908,-0.081127,3.8596,-9.4533e-16,4.527e-16
2710.1,-222.08,774.18,9.8084,0.52602,0.11189,-0.081998,3.8596,-9.4533e-16,4.527e-16
2710.2,-222.12,774.15,9.8001,0.52641,0.11471,-0.082829,3.8596,-9.4533e-16,4.527e-16
2710.3,-222.17,774.12,9.7918,0.52676,0.11752,-0.083617,3.8596,-9.4533e-16,4.527e-16
2710.4,-222.21,774.09,9.7834,0.52708,0.12034,-0.084364,3.8596,-9.4533e-16,4.527e-16
2710.5,-222.26,774.06,9.7749,0.52736,0.12314,-0.085068,3.8596,-9.4533e-16,4.527e-16
2710.6,-222.3,774.03,9.7664,0.52761,0.12594,-0.08573,3.8596,-9.4533e-16,4.527e-16
2710.7,-222.35,774,9.7578,0.52783,0.12872,-0.086349,3.8596,-9.4533e-16,4.527e-16
2710.8,-222.4,773.97,9.7491,0.52801,0.1315,-0.086926,3.8596,-9.4533e-16,4.527e-16
2710.9,-222.44,773.95,9.7404,0.52816,0.13425,-0.087461,3.8596,-9.4533e-16,4.527e-16
2711,-222.49,773.92,9.7316,0.52828,0.13699,-0.087955,3.8596,-9.4533e-16,4.527e-16
2711.1,-222.53,773.89,9.7228,0.52837,0.13971,-0.088407,3.8596,-9.4533e-16,4.527e-16
2711.2,-222.58,773.86,9.714,0.52844,0.14241,-0.08882,3.8596,-9.4533e-16,4.527e-16
2711.3,-222.63,773.83,9.7051,0.52848,0.14508,-0.089192,3.8596,-9.4533e-16,4.527e-16
2711.4,-222.67,773.8,9.6961,0.52849,0.14773,-0.089526,3.8596,-9.4533e-16,4.527e-16
2711.5,-222.72,773.77,9.6872,0.52848,0.15036,-0.089821,3.8596,-9.4533e-16,4.527e-16
2711.6,-222.77,773.74,9.6782,0.52844,0.15295,-0.09008,3.8596,-9.4533e-16,4.527e-16
2711.7,-222.82,773.72,9.6691,0.52838,0.15552,-0.090301,3.8596,-9.4533e-16,4.527e-16
2711.8,-222.86,773.69,9.6601,0.5283,0.15805,-0.090487,3.8596,-9.4533e-16,4.527e-16
2711.9,-222.91,773.66,9.6511,0.52821,0.16055,-0.090639,3.8596,-9.4533e-16,4.527e-16
2712,-222.96,773.63,9.642,0.52809,0.16302,-0.090757,3.8596,-9.4533e-16,4.527e-16
2712.1,-223.01,773.61,9.6329,0.52795,0.16546,-0.090843,3.8596,-9.4533e-16,4.527e-16
2712.2,-223.06,773.58,9.6238,0.5278,0.16786,-0.090897,3.8596,-9.4533e-16,4.527e-16
2712.3,-223.1,773.55,9.6147,0.52763,0.17022,-0.090921,3.8596,-9.4533e-16,4.527e-16
2712.4,-223.15,773.53,9.6056,0.52745,0.17255,-0.090915,3.8596,-9.4533e-16,4.527e-16
2712.5,-223.2,773.5,9.5965,0.52725,0.17484,-0.090882,3.8596,-9.4533e-16,4.527e-16
2712.6,-223.25,773.47,9.5875,0.52704,0.17709,-0.090821,3.8596,-9.4533e-16,4.527e-16
2712.7,-223.3,773.45,9.5784,0.52682,0.1793,-0.090735,3.8596,-9.4533e-16,4.527e-16
2712.8,-223.35,773.42,9.5693,0.52659,0.18148,-0.090623,3.8596,-9.4533e-16,4.527e-16
2712.9,-223.4,773.4,9.5603,0.52635,0.18361,-0.090488,3.8596,-9.4533e-16,4.527e-16
2713,-223.45,773.37,9.5512,0.5261,0.18571,-0.09033,3.8596,-9.4533e-16,4.527e-16
2713.1,-223.5,773.35,9.5422,0.52584,0.18777,-0.09015,3.8596,-9.4533e-16,4.527e-16
2713.2,-223.55,773.32,9.5332,0.52558,0.18978,-0.08995,3.8596,-9.4533e-16,4.527e-16
2713.3,-223.6,773.3,9.5242,0.52531,0.19176,-0.08973,11.468,1.594,-0.78185
2713.4,-223.65,773.27,9.5142,0.54176,0.2009,-0.11091,11.468,1.594,-0.78185
2713.5,-223.7,773.25,9.5021,0.55739,0.21114,-0.13046,11.468,1.594,-0.78185
2713.6,-223.76,773.22,9.4881,0.57218,0.22247,-0.14813,11.468,1.594,-0.78185
2713.7,-223.81,773.2,9.4725,0.58616,0.23479,-0.16381,11.468,1.594,-0.78185
2713.8,-223.87,773.17,9.4554,0.59932,0.24801,-0.17748,11.468,1.594,-0.78185
2713.9,-223.93,773.14,9.4371,0.61167,0.26202,-0.18923,11.468,1.594,-0.78185
2714,-223.99,773.12,9.4176,0.62324,0.27668,-0.19919,11.468,1.594,-0.78185
2714.1,-224.06,773.09,9.3973,0.63403,0.2919,-0.20753,11.468,1.594,-0.78185
2714.2,-224.12,773.06,9.3762,0.64408,0.30755,-0.21443,11.468,1.594,-0.78185
2714.3,-224.19,773.03,9.3545,0.65339,0.32353,-0.22006,11.468,1.594,-0.78185
2714.4,-224.26,773.01,9.3322,0.66201,0.33977,-0.22458,11.468,1.594,-0.78185
2714.5,-224.33,772.98,9.3096,0.66995,0.35618,-0.22814,11.468,1.594,-0.78185
2714.6,-224.4,772.95,9.2866,0.67725,0.37271,-0.23084,11.468,1.594,-0.78185
2714.7,-224.47,772.92,9.2634,0.68393,0.38929,-0.23281,11.468,1.594,-0.78185
2714.8,-224.55,772.9,9.2401,0.69002,0.4059,-0.23413,11.468,1.594,-0.78185
2714.9,-224.62,772.87,9.2166,0.69556,0.42248,-0.23487,11.468,1.594,-0.78185
2715,-224.7,772.84,9.1931,0.70058,0.43902,-0.23508,11.468,1.594,-0.78185
2715.1,-224.78,772.82,9.1696,0.7051,0.45549,-0.23482,11.468,1.594,-0.78185
2715.2,-224.86,772.79,9.1462,0.70917,0.47188,-0.23413,11.468,1.594,-0.78185
2715.3,-224.94,772.76,9.1228,0.71281,0.48817,-0.23304,11.468,1.594,-0.78185
2715.4,-225.02,772.74,9.0996,0.71606,0.50436,-0.23157,11.468,1.594,-0.78185
2715.5,-225.11,772.71,9.0765,0.71895,0.52045,-0.22975,11.468,1.594,-0.78185
2715.6,-225.2,772.69,9.0536,0.7215,0.53644,-0.22758,11.468,1.594,-0.78185
2715.7,-225.28,772.67,9.031,0.72376,0.55233,-0.22509,11.468,1.594,-0.78185
2715.8,-225.37,772.64,9.0086,0.72575,0.56813,-0.22228,11.468,1.594,-0.78185
2715.9,-225.46,772.62,8.9866,0.72751,0.58385,-0.21916,11.468,1.594,-0.78185
2716,-225.55,772.6,8.9648,0.72907,0.5995,-0.21573,11.468,1.594,-0.78185
2716.1,-225.65,772.58,8.9434,0.73046,0.6151,-0.21199,11.468,1.594,-0.78185
2716.2,-225.74,772.56,8.9224,0.7317,0.63068,-0.20795,11.468,1.594,-0.78185
2716.3,-225.83,772.54,8.9018,0.73284,0.64625,-0.20359,11.468,1.594,-0.78185
2716.4,-225.93,772.52,8.8817,0.7339,0.66184,-0.19891,11.468,1.594,-0.78185
2716.5,-226.03,772.5,8.8621,0.73492,0.67748,-0.19389,11.468,1.594,-0.78185
2716.6,-226.13,772.48,8.8429,0.73593,0.69321,-0.18852,11.468,1.594,-0.78185
2716.7,-226.23,772.47,8.8244,0.73696,0.70905,-0.18278,11.468,1.594,-0.78185
2716.8,-226.33,772.45,8.8064,0.73806,0.72507,-0.17665,11.468,1.594,-0.78185
2716.9,-226.43,772.43,8.7891,0.73924,0.74129,-0.17009,11.468,1.594,-0.78185
2717,-226.54,772.42,8.7724,0.74057,0.75779,-0.16306,11.468,1.594,-0.78185
2717.1,-226.64,772.4,8.7565,0.74208,0.77462,-0.15551,11.468,1.594,-0.78185
2717.2,-226.75,772.39,8.7413,0.74381,0.79185,-0.14738,11.468,1.594,-0.78185
2717.3,-226.86,772.37,8.727,0.74583,0.80956,-0.13859,11.468,1.594,-0.78185
2717.4,-226.97,772.36,8.7136,0.74818,0.82786,-0.12904,11.468,1.594,-0.78185
2717.5,-227.08,772.35,8.7012,0.75095,0.84684,-0.11861,11.468,1.594,-0.78185
2717.6,-227.19,772.33,8.6899,0.75422,0.86666,-0.10713,11.468,1.594,-0.78185
2717.7,-227.31,772.32,8.6798,0.75809,0.88745,-0.094409,11.468,1.594,-0.78185
2717.8,-227.42,772.3,8.6711,0.76268,0.90943,-0.080164,11.468,1.594,-0.78185
2717.9,-227.54,772.29,8.6639,0.76814,0.93283,-0.06403,11.468,1.594,-0.78185
2718,-227.66,772.28,8.6584,0.77469,0.95796,-0.045499,11.468,1.594,-0.78185
2718.1,-227.79,772.26,8.6549,0.78259,0.98522,-0.023853,11.468,1.594,-0.78185
2718.2,-227.91,772.24,8.6537,0.79221,1.0151,0.0019582,11.468,1.594,-0.78185
2718.3,-228.04,772.22,8.6553,0.80394,1.0403,0.029888,11.468,1.594,-0.78185
2718.4,-228.17,772.21,8.6597,0.81783,1.0545,0.055865,11.468,1.594,-0.78185
2718.5,-228.31,772.19,8.6664,0.83355,1.0581,0.077856,11.468,1.594,-0.78185
2718.6,-228.44,772.17,8.6751,0.85056,1.0526,0.094756,11.468,1.594,-0.78185
2718.7,-228.57,772.15,8.6852,0.86827,1.0402,0.10635,11.468,1.594,-0.78185
2718.8,-228.71,772.13,8.6962,0.88608,1.023,0.11305,11.468,1.594,-0.78185
2718.9,-228.84,772.11,8.7076,0.90352,1.0031,0.11561,11.468,1.594,-0.78185
2719,-228.98,772.1,8.7192,0.92023,0.98232,0.11486,11.468,1.594,-0.78185
2719.1,-229.11,772.08,8.7305,0.93596,0.96197,0.11159,11.468,1.594,-0.78185
2719.2,-229.24,772.07,8.7414,0.95059,0.94304,0.10648,11.468,1.594,-0.78185
2719.3,-229.38,772.06,8.7518,0.96405,0.92623,0.10009,11.468,1.594,-0.78185
2719.4,-229.51,772.04,8.7614,0.97633,0.91202,0.09287,11.468,1.594,-0.78185
2719.5,-229.64,772.03,8.7703,0.98746,0.90072,0.085162,11.468,1.594,-0.78185
2719.6,-229.78,772.02,8.7784,0.9975,0.89252,0.077253,11.468,1.594,-0.78185
2719.7,-229.91,772.01,8.7858,1.0065,0.88749,0.06938,11.468,1.594,-0.78185
2719.8,-230.04,772,8.7923,1.0145,0.88566,0.061751,11.468,1.594,-0.78185
2719.9,-230.18,771.99,8.7981,1.0217,0.88697,0.054557,11.468,1.594,-0.78185
2720,-230.31,771.98,8.8033,1.0281,0.89132,0.047982,11.468,1.594,-0.78185
2720.1,-230.45,771.96,8.8078,1.0338,0.89854,0.042206,11.468,1.594,-0.78185
2720.2,-230.59,771.95,8.8117,1.0389,0.9084,0.037408,11.468,1.594,-0.78185
2720.3,-230.72,771.93,8.8153,1.0435,0.92058,0.033755,11.468,1.594,-0.78185
2720.4,-230.86,771.92,8.8185,1.0477,0.93469,0.031396,11.468,1.594,-0.78185
2720.5,-231,771.9,8.8216,1.0517,0.95026,0.030443,11.468,1.594,-0.78185
2720.6,-231.14,771.88,8.8247,1.0555,0.96674,0.030955,11.468,1.594,-0.78185
2720.7,-231.29,771.86,8.8279,1.0594,0.98351,0.032915,11.468,1.594,-0.78185
2720.8,-231.43,771.84,8.8313,1.0634,0.99994,0.036222,11.468,1.594,-0.78185
2720.9,-231.57,771.81,8.8351,1.0677,1.0154,0.040684,11.468,1.594,-0.78185
2721,-231.72,771.79,8.8395,1.0723,1.0293,0.046022,11.468,1.594,-0.78185
2721.1,-231.87,771.76,8.8444,1.0773,1.0412,0.051899,11.468,1.594,-0.78185
2721.2,-232.01,771.73,8.8498,1.0827,1.0507,0.057949,11.468,1.594,-0.78185
2721.3,-232.16,771.7,8.8559,1.0885,1.0577,0.063815,11.468,1.594,-0.78185
2721.4,-232.31,771.67,8.8626,1.0947,1.0622,0.069182,11.468,1.594,-0.78185
2721.5,-232.46,771.64,8.8698,1.1011,1.0645,0.073805,11.468,1.594,-0.78185
2721.6,-232.61,771.6,8.8773,1.1077,1.0647,0.077522,11.468,1.594,-0.78185
2721.7,-232.76,771.57,8.8852,1.1144,1.0633,0.080252,11.468,1.594,-0.78185
2721.8,-232.91,771.54,8.8933,1.121,1.0606,0.081992,11.468,1.594,-0.78185
2721.9,-233.06,771.5,8.9016,1.1274,1.0573,0.082795,11.468,1.594,-0.78185
2722,-233.21,771.47,8.9099,1.1336,1.0536,0.08276,11.468,1.594,-0.78185
2722.1,-233.36,771.43,8.9181,1.1396,1.0499,0.082014,11.468,1.594,-0.78185
2722.2,-233.51,771.39,8.9263,1.1452,1.0467,0.080701,11.468,1.594,-0.78185
2722.3,-233.66,771.36,8.9342,1.1504,1.0441,0.07897,11.468,1.594,-0.78185
2722.4,-233.81,771.32,8.942,1.1552,1.0423,0.076968,11.468,1.594,-0.78185
2722.5,-233.96,771.28,8.9496,1.1597,1.0415,0.074835,2.2049,-5.4004e-16,2.7744e-16
2722.6,-234.11,771.24,8.9581,1.1442,1.0297,0.093345,2.2049,-5.4004e-16,2.7744e-16
2722.7,-234.26,771.2,8.9682,1.1308,1.0091,0.10835,2.2049,-5.4004e-16,2.7744e-16
2722.8,-234.41,771.16,8.9796,1.1187,0.98151,0.1194,2.2049,-5.4004e-16,2.7744e-16
2722.9,-234.55,771.12,8.9919,1.1077,0.949,0.1266,2.2049,-5.4004e-16,2.7744e-16
2723,-234.69,771.08,9.0048,1.0971,0.91343,0.13041,2.2049,-5.4004e-16,2.7744e-16
2723.1,-234.82,771.04,9.0179,1.0866,0.87638,0.13144,2.2049,-5.4004e-16,2.7744e-16
2723.2,-234.96,771,9.031,1.0762,0.83909,0.13029,2.2049,-5.4004e-16,2.7744e-16
2723.3,-235.09,770.97,9.0439,1.0655,0.80246,0.12754,2.2049,-5.4004e-16,2.7744e-16
2723.4,-235.21,770.93,9.0565,1.0546,0.76709,0.12364,2.2049,-5.4004e-16,2.7744e-16
2723.5,-235.34,770.9,9.0686,1.0434,0.73338,0.11896,2.2049,-5.4004e-16,2.7744e-16
2723.6,-235.46,770.87,9.0803,1.0319,0.70156,0.11379,2.2049,-5.4004e-16,2.7744e-16
2723.7,-235.58,770.84,9.0914,1.0202,0.67172,0.10834,2.2049,-5.4004e-16,2.7744e-16
2723.8,-235.7,770.81,9.1019,1.0083,0.64388,0.10277,2.2049,-5.4004e-16,2.7744e-16
2723.9,-235.81,770.78,9.1119,0.99629,0.61801,0.097178,2.2049,-5.4004e-16,2.7744e-16
2724,-235.92,770.75,9.1214,0.98417,0.59405,0.091649,2.2049,-5.4004e-16,2.7744e-16
2724.1,-236.04,770.72,9.1303,0.972,0.57191,0.086233,2.2049,-5.4004e-16,2.7744e-16
2724.2,-236.14,770.7,9.1386,0.95983,0.55147,0.080965,2.2049,-5.4004e-16,2.7744e-16
2724.3,-236.25,770.67,9.1465,0.94769,0.53265,0.075864,2.2049,-5.4004e-16,2.7744e-16
2724.4,-236.36,770.65,9.1538,0.93562,0.51534,0.070944,2.2049,-5.4004e-16,2.7744e-16
2724.5,-236.46,770.62,9.1607,0.92363,0.49944,0.066209,2.2049,-5.4004e-16,2.7744e-16
2724.6,-236.56,770.6,9.1671,0.91177,0.48485,0.061661,2.2049,-5.4004e-16,2.7744e-16
2724.7,-236.66,770.58,9.173,0.90005,0.47148,0.057297,2.2049,-5.4004e-16,2.7744e-16
2724.8,-236.76,770.55,9.1785,0.88849,0.45925,0.053113,2.2049,-5.4004e-16,2.7744e-16
2724.9,-236.85,770.53,9.1836,0.87709,0.44807,0.049105,2.2049,-5.4004e-16,2.7744e-16
2725,-236.95,770.51,9.1883,0.86589,0.43788,0.045268,2.2049,-5.4004e-16,2.7744e-16
2725.1,-237.04,770.49,9.1927,0.85487,0.42861,0.041594,2.2049,-5.4004e-16,2.7744e-16
2725.2,-237.14,770.46,9.1967,0.84406,0.42019,0.038081,2.2049,-5.4004e-16,2.7744e-16
2725.3,-237.23,770.44,9.2003,0.83345,0.41257,0.034723,2.2049,-5.4004e-16,2.7744e-16
2725.4,-237.32,770.42,9.2036,0.82305,0.40568,0.031515,2.2049,-5.4004e-16,2.7744e-16
2725.5,-237.41,770.4,9.2066,0.81286,0.3995,0.028455,2.2049,-5.4004e-16,2.7744e-16
2725.6,-237.49,770.38,9.2093,0.80288,0.39396,0.02554,2.2049,-5.4004e-16,2.7744e-16
2725.7,-237.58,770.36,9.2117,0.79312,0.38902,0.022769,2.2049,-5.4004e-16,2.7744e-16
2725.8,-237.66,770.34,9.2139,0.78357,0.38464,0.020139,2.2049,-5.4004e-16,2.7744e-16
2725.9,-237.75,770.31,9.2158,0.77424,0.38078,0.017651,2.2049,-5.4004e-16,2.7744e-16
2726,-237.83,770.29,9.2174,0.76512,0.3774,0.015306,2.2049,-5.4004e-16,2.7744e-16
2726.1,-237.91,770.27,9.2188,0.7562,0.37447,0.013104,2.2049,-5.4004e-16,2.7744e-16
2726.2,-237.99,770.25,9.22,0.7475,0.37196,0.011048,2.2049,-5.4004e-16,2.7744e-16
2726.3,-238.08,770.23,9.221,0.739,0.36982,0.0091386,2.2049,-5.4004e-16,2.7744e-16
2726.4,-238.15,770.21,9.2219,0.73071,0.36803,0.0073796,2.2049,-5.4004e-16,2.7744e-16
2726.5,-238.23,770.19,9.2225,0.72261,0.36655,0.0057738,2.2049,-5.4004e-16,2.7744e-16
2726.6,-238.31,770.17,9.223,0.71472,0.36535,0.0043241,2.2049,-5.4004e-16,2.7744e-16
2726.7,-238.39,770.14,9.2234,0.70702,0.3644,0.0030336,2.2049,-5.4004e-16,2.7744e-16
2726.8,-238.46,770.12,9.2236,0.69952,0.36366,0.0019051,2.2049,-5.4004e-16,2.7744e-16
2726.9,-238.54,770.1,9.2238,0.69221,0.36311,0.00094116,2.2049,-5.4004e-16,2.7744e-16
2727,-238.61,770.08,9.2238,0.6851,0.3627,0.00014366,2.2049,-5.4004e-16,2.7744e-16
2727.1,-238.69,770.06,9.2238,0.67817,0.36237,-0.00049869,2.2049,-5.4004e-16,2.7744e-16
2727.2,-238.76,770.03,9.2237,0.67143,0.36204,-0.001009,2.2049,-5.4004e-16,2.7744e-16
2727.3,-238.83,770.01,9.2236,0.66488,0.3617,-0.0013835,2.2049,-5.4004e-16,2.7744e-16
2727.4,-238.91,769.99,9.2235,0.6585,0.36134,-0.0016178,2.2049,-5.4004e-16,2.7744e-16
2727.5,-238.98,769.97,9.2233,0.65231,0.36096,-0.0017083,2.2049,-5.4004e-16,2.7744e-16
2727.6,-239.05,769.95,9.2231,0.6463,0.36055,-0.0016516,2.2049,-5.4004e-16,2.7744e-16
2727.7,-239.12,769.92,9.223,0.64047,0.36012,-0.001445,2.2049,-5.4004e-16,2.7744e-16
2727.8,-239.19,769.9,9.2228,0.63481,0.35965,-0.0010858,2.2049,-5.4004e-16,2.7744e-16
2727.9,-239.26,769.88,9.2228,0.62932,0.35915,-0.00057158,2.2049,-5.4004e-16,2.7744e-16
2728,-239.33,769.86,9.2227,0.62402,0.35862,9.9392e-05,2.2049,-5.4004e-16,2.7744e-16
2728.1,-239.39,769.83,9.2228,0.61888,0.35797,0.00089899,2.2049,-5.4004e-16,2.7744e-16
2728.2,-239.46,769.81,9.2229,0.61391,0.35712,0.0017992,2.2049,-5.4004e-16,2.7744e-16
2728.3,-239.53,769.79,9.2231,0.60912,0.35608,0.0027855,2.2049,-5.4004e-16,2.7744e-16
2728.4,-239.6,769.77,9.2235,0.60448,0.35482,0.0038427,2.2049,-5.4004e-16,2.7744e-16
2728.5,-239.66,769.74,9.2239,0.60001,0.35332,0.004955,2.2049,-5.4004e-16,2.7744e-16
2728.6,-239.73,769.72,9.2245,0.5957,0.35159,0.0061064,2.2049,-5.4004e-16,2.7744e-16
2728.7,-239.79,769.7,9.2251,0.59154,0.34961,0.0072813,2.2049,-5.4004e-16,2.7744e-16
2728.8,-239.86,769.67,9.2259,0.58753,0.34739,0.008464,2.2049,-5.4004e-16,2.7744e-16
2728.9,-239.92,769.65,9.2268,0.58366,0.34492,0.0096399,2.2049,-5.4004e-16,2.7744e-16
2729,-239.98,769.63,9.2279,0.57993,0.34221,0.010795,2.2049,-5.4004e-16,2.7744e-16
2729.1,-240.05,769.61,9.229,0.57633,0.33927,0.011917,2.2049,-5.4004e-16,2.7744e-16
2729.2,-240.11,769.59,9.2302,0.57285,0.3361,0.012995,2.2049,-5.4004e-16,2.7744e-16
2729.3,-240.17,769.56,9.2316,0.5695,0.33272,0.014018,2.2049,-5.4004e-16,2.7744e-16
2729.4,-240.24,769.54,9.233,0.56626,0.32915,0.014979,2.2049,-5.4004e-16,2.7744e-16
2729.5,-240.3,769.52,9.2346,0.56313,0.32539,0.01587,2.2049,-5.4004e-16,2.7744e-16
2729.6,-240.36,769.5,9.2362,0.5601,0.32146,0.016685,2.2049,-5.4004e-16,2.7744e-16
2729.7,-240.42,769.48,9.2379,0.55717,0.31739,0.017422,2.2049,-5.4004e-16,2.7744e-16
2729.8,-240.48,769.46,9.2397,0.55432,0.31318,0.018077,2.2049,-5.4004e-16,2.7744e-16
2729.9,-240.54,769.44,9.2415,0.55157,0.30886,0.018648,2.2049,-5.4004e-16,2.7744e-16
2730,-240.6,769.42,9.2434,0.54889,0.30444,0.019136,2.2049,-5.4004e-16,2.7744e-16
2730.1,-240.66,769.4,9.2454,0.54628,0.29994,0.019541,2.2049,-5.4004e-16,2.7744e-16
2730.2,-240.72,769.38,9.2473,0.54374,0.29538,0.019864,2.2049,-5.4004e-16,2.7744e-16
2730.3,-240.78,769.36,9.2493,0.54127,0.29078,0.020108,2.2049,-5.4004e-16,2.7744e-16
2730.4,-240.83,769.34,9.2513,0.53886,0.28614,0.020276,2.2049,-5.4004e-16,2.7744e-16
2730.5,-240.89,769.32,9.2534,0.53651,0.28149,0.020369,2.2049,-5.4004e-16,2.7744e-16
2730.6,-240.95,769.3,9.2554,0.53421,0.27684,0.020393,2.2049,-5.4004e-16,2.7744e-16
2730.7,-241.01,769.28,9.2575,0.53196,0.27219,0.02035,2.2049,-5.4004e-16,2.7744e-16
2730.8,-241.06,769.27,9.2595,0.52975,0.26757,0.020244,2.2049,-5.4004e-16,2.7744e-16
2730.9,-241.12,769.25,9.2615,0.52759,0.26298,0.02008,2.2049,-5.4004e-16,2.7744e-16
2731,-241.18,769.23,9.2635,0.52547,0.25844,0.019861,2.2049,-5.4004e-16,2.7744e-16
2731.1,-241.23,769.21,9.2655,0.5234,0.25394,0.019591,2.2049,-5.4004e-16,2.7744e-16
2731.2,-241.29,769.2,9.2674,0.52135,0.2495,0.019273,2.2049,-5.4004e-16,2.7744e-16
2731.3,-241.34,769.18,9.2693,0.51935,0.24513,0.018912,2.2049,-5.4004e-16,2.7744e-16
2731.4,-241.4,769.17,9.2712,0.51738,0.24084,0.018511,2.2049,-5.4004e-16,2.7744e-16
2731.5,-241.45,769.15,9.273,0.51544,0.23662,0.018073,2.2049,-5.4004e-16,2.7744e-16
2731.6,-241.51,769.13,9.2748,0.51354,0.23248,0.017601,2.2049,-5.4004e-16,2.7744e-16
2731.7,-241.56,769.12,9.2765,0.51166,0.22843,0.017098,2.2049,-5.4004e-16,2.7744e-16
2731.8,-241.62,769.1,9.2782,0.50982,0.22446,0.016567,2.2049,-5.4004e-16,2.7744e-16
2731.9,-241.67,769.09,9.2799,0.508,0.22059,0.01601,2.2049,-5.4004e-16,2.7744e-16
2732,-241.72,769.08,9.2814,0.50621,0.21682,0.01543,2.2049,-5.4004e-16,2.7744e-16
2732.1,-241.78,769.06,9.2829,0.50445,0.21314,0.014829,2.2049,-5.4004e-16,2.7744e-16
2732.2,-241.83,769.05,9.2844,0.50272,0.20956,0.014208,2.2049,-5.4004e-16,2.7744e-16
2732.3,-241.88,769.03,9.2858,0.50101,0.20608,0.01357,2.2049,-5.4004e-16,2.7744e-16
2732.4,-241.93,769.02,9.2871,0.49933,0.2027,0.012916,2.2049,-5.4004e-16,2.7744e-16
2732.5,-241.99,769.01,9.2884,0.49767,0.19942,0.012247,2.2049,-5.4004e-16,2.7744e-16
2732.6,-242.04,768.99,9.2896,0.49604,0.19625,0.011565,2.2049,-5.4004e-16,2.7744e-16
2732.7,-242.09,768.98,9.2907,0.49443,0.19317,0.010871,2.2049,-5.4004e-16,2.7744e-16
2732.8,-242.14,768.97,9.2917,0.49284,0.19019,0.010165,2.2049,-5.4004e-16,2.7744e-16
2732.9,-242.19,768.96,9.2927,0.49128,0.18732,0.0094491,2.2049,-5.4004e-16,2.7744e-16
2733,-242.24,768.95,9.2936,0.48974,0.18455,0.0087234,2.2049,-5.4004e-16,2.7744e-16
2733.1,-242.29,768.93,9.2945,0.48823,0.18187,0.0079887,2.2049,-5.4004e-16,2.7744e-16
2733.2,-242.34,768.92,9.2952,0.48673,0.1793,0.0072454,2.2049,-5.4004e-16,2.7744e-16
2733.3,-242.39,768.91,9.2959,0.48526,0.17683,0.0064939,2.2049,-5.4004e-16,2.7744e-16
2733.4,-242.44,768.9,9.2965,0.48381,0.17445,0.0057345,2.2049,-5.4004e-16,2.7744e-16
2733.5,-242.5,768.89,9.297,0.48238,0.17217,0.0049675,2.2049,-5.4004e-16,2.7744e-16
2733.6,-242.54,768.88,9.2975,0.48098,0.16999,0.0041929,2.2049,-5.4004e-16,2.7744e-16
2733.7,-242.59,768.87,9.2979,0.47959,0.1679,0.0034109,2.2049,-5.4004e-16,2.7744e-16
2733.8,-242.64,768.86,9.2982,0.47823,0.16592,0.0026215,2.2049,-5.4004e-16,2.7744e-16
2733.9,-242.69,768.85,9.2984,0.47688,0.16402,0.0018246,2.2049,-5.4004e-16,2.7744e-16
2734,-242.74,768.84,9.2986,0.47555,0.16222,0.00102,2.2049,-5.4004e-16,2.7744e-16
2734.1,-242.79,768.83,9.2986,0.47425,0.16052,0.00020765,2.2049,-5.4004e-16,2.7744e-16
2734.2,-242.84,768.82,9.2986,0.47296,0.15889,-0.00061871,2.2049,-5.4004e-16,2.7744e-16
2734.3,-242.89,768.81,9.2985,0.47169,0.15729,-0.0014738,2.2049,-5.4004e-16,2.7744e-16
2734.4,-242.94,768.8,9.2983,0.47044,0.15573,-0.0023578,2.2049,-5.4004e-16,2.7744e-16
2734.5,-242.99,768.79,9.298,0.4692,0.1542,-0.00327,2.2049,-5.4004e-16,2.7744e-16
2734.6,-243.04,768.78,9.2976,0.46799,0.15271,-0.0042096,2.2049,-5.4004e-16,2.7744e-16
2734.7,-243.08,768.77,9.2972,0.46678,0.15126,-0.0051757,2.2049,-5.4004e-16,2.7744e-16
2734.8,-243.13,768.76,9.2966,0.4656,0.14984,-0.006167,2.2049,-5.4004e-16,2.7744e-16
2734.9,-243.18,768.75,9.2959,0.46443,0.14846,-0.0071825,2.2049,-5.4004e-16,2.7744e-16
2735,-243.23,768.74,9.2952,0.46327,0.14712,-0.0082206,2.2049,-5.4004e-16,2.7744e-16
2735.1,-243.28,768.73,9.2943,0.46213,0.14583,-0.0092799,2.2049,-5.4004e-16,2.7744e-16
2735.2,-243.32,768.73,9.2933,0.461,0.14457,-0.010359,2.2049,-5.4004e-16,2.7744e-16
2735.3,-243.37,768.72,9.2922,0.45988,0.14336,-0.011455,2.2049,-5.4004e-16,2.7744e-16
2735.4,-243.42,768.71,9.291,0.45878,0.14219,-0.012568,2.2049,-5.4004e-16,2.7744e-16
2735.5,-243.47,768.7,9.2897,0.45769,0.14107,-0.013694,2.2049,-5.4004e-16,2.7744e-16
2735.6,-243.51,768.69,9.2883,0.45661,0.13999,-0.014832,2.2049,-5.4004e-16,2.7744e-16
2735.7,-243.56,768.69,9.2867,0.45555,0.13896,-0.01598,2.2049,-5.4004e-16,2.7744e-16
2735.8,-243.61,768.68,9.2851,0.45449,0.13797,-0.017135,2.2049,-5.4004e-16,2.7744e-16
2735.9,-243.65,768.67,9.2833,0.45345,0.13703,-0.018296,4.9155,-0.14487,0.071061
2736,-243.7,768.66,9.2815,0.45847,0.1355,-0.017484,4.9155,-0.14487,0.071061
2736.1,-243.75,768.66,9.2798,0.46339,0.13398,-0.016739,4.9155,-0.14487,0.071061
2736.2,-243.8,768.65,9.2782,0.4682,0.13246,-0.016056,4.9155,-0.14487,0.071061
2736.3,-243.85,768.65,9.2766,0.47291,0.13094,-0.015431,4.9155,-0.14487,0.071061
2736.4,-243.89,768.64,9.2751,0.47752,0.12943,-0.014862,4.9155,-0.14487,0.071061
2736.5,-243.94,768.63,9.2736,0.48204,0.12792,-0.014343,4.9155,-0.14487,0.071061
2736.6,-243.99,768.63,9.2722,0.48645,0.12641,-0.013874,4.9155,-0.14487,0.071061
2736.7,-244.04,768.62,9.2709,0.49076,0.12491,-0.01345,4.9155,-0.14487,0.071061
2736.8,-244.09,768.62,9.2695,0.49498,0.12342,-0.01307,4.9155,-0.14487,0.071061
2736.9,-244.15,768.61,9.2682,0.4991,0.12193,-0.012731,4.9155,-0.14487,0.071061
2737,-244.2,768.61,9.267,0.50312,0.12046,-0.01243,4.9155,-0.14487,0.071061
2737.1,-244.25,768.61,9.2657,0.50705,0.11899,-0.012168,4.9155,-0.14487,0.071061
2737.2,-244.3,768.6,9.2645,0.51089,0.11754,-0.01194,4.9155,-0.14487,0.071061
2737.3,-244.35,768.6,9.2634,0.51464,0.1161,-0.011746,4.9155,-0.14487,0.071061
2737.4,-244.41,768.6,9.2622,0.5183,0.11467,-0.011585,4.9155,-0.14487,0.071061
2737.5,-244.46,768.59,9.261,0.52187,0.11325,-0.011454,4.9155,-0.14487,0.071061
2737.6,-244.51,768.59,9.2599,0.52535,0.11185,-0.011353,4.9155,-0.14487,0.071061
2737.7,-244.57,768.59,9.2588,0.52875,0.11047,-0.01128,4.9155,-0.14487,0.071061
2737.8,-244.62,768.59,9.2576,0.53206,0.1091,-0.011235,4.9155,-0.14487,0.071061
2737.9,-244.67,768.59,9.2565,0.5353,0.10775,-0.011216,4.9155,-0.14487,0.071061
2738,-244.73,768.58,9.2554,0.53845,0.10642,-0.011223,4.9155,-0.14487,0.071061
2738.1,-244.78,768.58,9.2543,0.54152,0.10511,-0.011254,4.9155,-0.14487,0.071061
2738.2,-244.84,768.58,9.2531,0.54451,0.10382,-0.01131,4.9155,-0.14487,0.071061
2738.3,-244.9,768.58,9.252,0.54743,0.10255,-0.011389,4.9155,-0.14487,0.071061
2738.4,-244.95,768.58,9.2509,0.55027,0.10131,-0.011491,4.9155,-0.14487,0.071061
2738.5,-245.01,768.58,9.2497,0.55304,0.10008,-0.011616,4.9155,-0.14487,0.071061
2738.6,-245.06,768.58,9.2485,0.55574,0.098883,-0.011763,4.9155,-0.14487,0.071061
2738.7,-245.12,768.58,9.2474,0.55836,0.097709,-0.011932,4.9155,-0.14487,0.071061
2738.8,-245.18,768.58,9.2462,0.56092,0.09656,-0.012123,4.9155,-0.14487,0.071061
2738.9,-245.23,768.58,9.2449,0.56341,0.095439,-0.012335,4.9155,-0.14487,0.071061
2739,-245.29,768.58,9.2437,0.56583,0.094345,-0.012569,4.9155,-0.14487,0.071061
2739.1,-245.35,768.58,9.2424,0.56819,0.09328,-0.012824,4.9155,-0.14487,0.071061
2739.2,-245.41,768.58,9.2411,0.57049,0.092245,-0.013101,4.9155,-0.14487,0.071061
2739.3,-245.46,768.58,9.2398,0.57272,0.09124,-0.0134,4.9155,-0.14487,0.071061
2739.4,-245.52,768.59,9.2384,0.57489,0.090267,-0.01372,4.9155,-0.14487,0.071061
2739.5,-245.58,768.59,9.2371,0.577,0.089327,-0.014063,4.9155,-0.14487,0.071061
2739.6,-245.64,768.59,9.2356,0.57906,0.08842,-0.014428,4.9155,-0.14487,0.071061
2739.7,-245.7,768.59,9.2342,0.58106,0.087548,-0.014817,4.9155,-0.14487,0.071061
2739.8,-245.76,768.6,9.2327,0.583,0.086712,-0.015228,4.9155,-0.14487,0.071061
2739.9,-245.82,768.6,9.2311,0.58489,0.085913,-0.015664,4.9155,-0.14487,0.071061
2740,-245.87,768.6,9.2295,0.58672,0.085151,-0.016124,4.9155,-0.14487,0.071061
2740.1,-245.93,768.6,9.2279,0.5885,0.084429,-0.01661,4.9155,-0.14487,0.071061
2740.2,-245.99,768.61,9.2262,0.59023,0.083748,-0.017121,4.9155,-0.14487,0.071061
2740.3,-246.05,768.61,9.2245,0.59192,0.083108,-0.017659,4.9155,-0.14487,0.071061
2740.4,-246.11,768.61,9.2227,0.59355,0.082511,-0.018224,4.9155,-0.14487,0.071061
2740.5,-246.17,768.62,9.2208,0.59513,0.081958,-0.018817,4.9155,-0.14487,0.071061
2740.6,-246.23,768.62,9.2189,0.59667,0.081451,-0.01944,4.9155,-0.14487,0.071061
2740.7,-246.29,768.63,9.2169,0.59817,0.080991,-0.020093,4.9155,-0.14487,0.071061
2740.8,-246.35,768.63,9.2149,0.59962,0.080579,-0.020776,4.9155,-0.14487,0.071061
2740.9,-246.41,768.64,9.2128,0.60102,0.080217,-0.021491,4.9155,-0.14487,0.071061
2741,-246.47,768.64,9.2106,0.60238,0.079907,-0.022239,4.9155,-0.14487,0.071061
2741.1,-246.53,768.65,9.2083,0.6037,0.07965,-0.023021,4.9155,-0.14487,0.071061
2741.2,-246.6,768.65,9.206,0.60498,0.079448,-0.023838,4.9155,-0.14487,0.071061
2741.3,-246.66,768.66,9.2036,0.60622,0.079303,-0.02469,4.9155,-0.14487,0.071061
2741.4,-246.72,768.66,9.2011,0.60742,0.079215,-0.025578,4.9155,-0.14487,0.071061
2741.5,-246.78,768.67,9.1984,0.60858,0.079187,-0.026504,4.9155,-0.14487,0.071061
2741.6,-246.84,768.67,9.1957,0.6097,0.079221,-0.027467,4.9155,-0.14487,0.071061
2741.7,-246.9,768.68,9.193,0.61078,0.079319,-0.02847,4.9155,-0.14487,0.071061
2741.8,-246.96,768.69,9.1901,0.61183,0.079481,-0.029512,4.9155,-0.14487,0.071061
2741.9,-247.02,768.69,9.187,0.61284,0.079711,-0.030593,4.9155,-0.14487,0.071061
2742,-247.08,768.7,9.1839,0.61382,0.08001,-0.031715,4.9155,-0.14487,0.071061
2742.1,-247.15,768.71,9.1807,0.61475,0.080379,-0.032877,4.9155,-0.14487,0.071061
2742.2,-247.21,768.71,9.1774,0.61566,0.080821,-0.034079,4.9155,-0.14487,0.071061
2742.3,-247.27,768.72,9.1739,0.61653,0.081337,-0.035322,4.9155,-0.14487,0.071061
2742.4,-247.33,768.73,9.1703,0.61736,0.081929,-0.036605,4.9155,-0.14487,0.071061
2742.5,-247.39,768.74,9.1666,0.61817,0.082598,-0.037927,4.9155,-0.14487,0.071061
2742.6,-247.45,768.75,9.1627,0.61893,0.083347,-0.039288,4.9155,-0.14487,0.071061
2742.7,-247.52,768.75,9.1587,0.61967,0.084176,-0.040687,4.9155,-0.14487,0.071061
2742.8,-247.58,768.76,9.1546,0.62037,0.085087,-0.042122,4.9155,-0.14487,0.071061
2742.9,-247.64,768.77,9.1503,0.62104,0.086081,-0.043593,4.9155,-0.14487,0.071061
2743,-247.7,768.78,9.1458,0.62168,0.087159,-0.045096,4.9155,-0.14487,0.071061
2743.1,-247.77,768.79,9.1413,0.62228,0.088323,-0.046631,4.9155,-0.14487,0.071061
2743.2,-247.83,768.8,9.1365,0.62285,0.089573,-0.048195,4.9155,-0.14487,0.071061
2743.3,-247.89,768.81,9.1316,0.62339,0.090909,-0.049786,4.9155,-0.14487,0.071061
2743.4,-247.95,768.82,9.1266,0.6239,0.092332,-0.0514,4.9155,-0.14487,0.071061
2743.5,-248.01,768.82,9.1213,0.62437,0.093841,-0.053035,4.9155,-0.14487,0.071061
2743.6,-248.08,768.83,9.116,0.62482,0.095438,-0.054688,4.9155,-0.14487,0.071061
2743.7,-248.14,768.84,9.1104,0.62522,0.097121,-0.056354,4.9155,-0.14487,0.071061
2743.8,-248.2,768.85,9.1047,0.6256,0.09889,-0.058031,4.9155,-0.14487,0.071061
2743.9,-248.26,768.87,9.0988,0.62595,0.10074,-0.059714,4.9155,-0.14487,0.071061
2744,-248.33,768.88,9.0927,0.62626,0.10268,-0.061399,4.9155,-0.14487,0.071061
2744.1,-248.39,768.89,9.0865,0.62654,0.1047,-0.063083,4.9155,-0.14487,0.071061
2744.2,-248.45,768.9,9.0801,0.62679,0.1068,-0.064761,4.9155,-0.14487,0.071061
2744.3,-248.51,768.91,9.0736,0.627,0.10898,-0.066429,4.9155,-0.14487,0.071061
2744.4,-248.58,768.92,9.0668,0.62718,0.11123,-0.068083,4.9155,-0.14487,0.071061
2744.5,-248.64,768.93,9.0599,0.62733,0.11356,-0.069718,4.9155,-0.14487,0.071061
2744.6,-248.7,768.94,9.0529,0.62745,0.11596,-0.071331,4.9155,-0.14487,0.071061
2744.7,-248.77,768.96,9.0457,0.62753,0.11842,-0.072917,4.9155,-0.14487,0.071061
2744.8,-248.83,768.97,9.0383,0.62759,0.12095,-0.074472,4.9155,-0.14487,0.071061
2744.9,-248.89,768.98,9.0308,0.62761,0.12354,-0.075993,4.9155,-0.14487,0.071061
2745,-248.95,768.99,9.0231,0.62759,0.12619,-0.077476,6.9523,-1.7028e-15,8.4558e-16
2745.1,-249.02,769.01,9.0152,0.63206,0.12957,-0.080941,6.9523,-1.7028e-15,8.4558e-16
2745.2,-249.08,769.02,9.0069,0.63635,0.13317,-0.084385,6.9523,-1.7028e-15,8.4558e-16
2745.3,-249.14,769.03,8.9983,0.64045,0.13698,-0.087795,6.9523,-1.7028e-15,8.4558e-16
2745.4,-249.21,769.05,8.9894,0.64436,0.14099,-0.091156,6.9523,-1.7028e-15,8.4558e-16
2745.5,-249.27,769.06,8.9801,0.6481,0.14521,-0.094457,6.9523,-1.7028e-15,8.4558e-16
2745.6,-249.34,769.08,8.9705,0.65166,0.14961,-0.097685,6.9523,-1.7028e-15,8.4558e-16
2745.7,-249.4,769.09,8.9606,0.65504,0.1542,-0.10083,6.9523,-1.7028e-15,8.4558e-16
2745.8,-249.47,769.11,8.9503,0.65824,0.15896,-0.10388,6.9523,-1.7028e-15,8.4558e-16
2745.9,-249.53,769.12,8.9398,0.66128,0.16389,-0.10682,6.9523,-1.7028e-15,8.4558e-16
2746,-249.6,769.14,8.929,0.66414,0.16896,-0.10965,6.9523,-1.7028e-15,8.4558e-16
2746.1,-249.67,769.16,8.9179,0.66683,0.17418,-0.11236,6.9523,-1.7028e-15,8.4558e-16
2746.2,-249.73,769.18,8.9065,0.66936,0.17954,-0.11494,6.9523,-1.7028e-15,8.4558e-16
2746.3,-249.8,769.19,8.8949,0.67173,0.185,-0.11738,6.9523,-1.7028e-15,8.4558e-16
2746.4,-249.87,769.21,8.883,0.67393,0.19058,-0.11969,6.9523,-1.7028e-15,8.4558e-16
2746.5,-249.94,769.23,8.8709,0.67598,0.19625,-0.12186,6.9523,-1.7028e-15,8.4558e-16
2746.6,-250,769.25,8.8587,0.67788,0.202,-0.12388,6.9523,-1.7028e-15,8.4558e-16
2746.7,-250.07,769.27,8.8462,0.67963,0.20782,-0.12575,6.9523,-1.7028e-15,8.4558e-16
2746.8,-250.14,769.29,8.8335,0.68124,0.21369,-0.12748,6.9523,-1.7028e-15,8.4558e-16
2746.9,-250.21,769.31,8.8207,0.6827,0.21961,-0.12906,6.9523,-1.7028e-15,8.4558e-16
2747,-250.28,769.33,8.8077,0.68403,0.22557,-0.13049,6.9523,-1.7028e-15,8.4558e-16
2747.1,-250.35,769.35,8.7946,0.68523,0.23154,-0.13177,6.9523,-1.7028e-15,8.4558e-16
2747.2,-250.42,769.37,8.7814,0.6863,0.23753,-0.13292,6.9523,-1.7028e-15,8.4558e-16
2747.3,-250.49,769.4,8.768,0.68725,0.24352,-0.13392,6.9523,-1.7028e-15,8.4558e-16
2747.4,-250.55,769.42,8.7546,0.68808,0.24951,-0.13478,6.9523,-1.7028e-15,8.4558e-16
2747.5,-250.62,769.44,8.7411,0.68881,0.25547,-0.13551,6.9523,-1.7028e-15,8.4558e-16
2747.6,-250.69,769.47,8.7275,0.68942,0.26142,-0.1361,6.9523,-1.7028e-15,8.4558e-16
2747.7,-250.76,769.49,8.7138,0.68994,0.26733,-0.13656,6.9523,-1.7028e-15,8.4558e-16
2747.8,-250.83,769.52,8.7002,0.69037,0.2732,-0.13691,6.9523,-1.7028e-15,8.4558e-16
2747.9,-250.9,769.54,8.6865,0.6907,0.27902,-0.13713,6.9523,-1.7028e-15,8.4558e-16
2748,-250.97,769.57,8.6727,0.69095,0.28479,-0.13723,6.9523,-1.7028e-15,8.4558e-16
2748.1,-251.04,769.59,8.659,0.69113,0.29051,-0.13722,6.9523,-1.7028e-15,8.4558e-16
2748.2,-251.11,769.62,8.6453,0.69123,0.29616,-0.1371,6.9523,-1.7028e-15,8.4558e-16
2748.3,-251.18,769.65,8.6316,0.69127,0.30175,-0.13688,6.9523,-1.7028e-15,8.4558e-16
2748.4,-251.25,769.68,8.6179,0.69124,0.30726,-0.13656,6.9523,-1.7028e-15,8.4558e-16
2748.5,-251.32,769.71,8.6043,0.69116,0.3127,-0.13614,6.9523,-1.7028e-15,8.4558e-16
2748.6,-251.39,769.74,8.5907,0.69103,0.31807,-0.13564,6.9523,-1.7028e-15,8.4558e-16
2748.7,-251.46,769.77,8.5772,0.69085,0.32336,-0.13504,6.9523,-1.7028e-15,8.4558e-16
2748.8,-251.53,769.8,8.5637,0.69063,0.32857,-0.13436,6.9523,-1.7028e-15,8.4558e-16
2748.9,-251.6,769.83,8.5503,0.69038,0.33369,-0.1336,6.9523,-1.7028e-15,8.4558e-16
2749,-251.67,769.86,8.537,0.6901,0.33873,-0.13277,6.9523,-1.7028e-15,8.4558e-16
2749.1,-251.74,769.89,8.5238,0.68979,0.34369,-0.13186,6.9523,-1.7028e-15,8.4558e-16
2749.2,-251.81,769.93,8.5106,0.68945,0.34857,-0.13088,6.9523,-1.7028e-15,8.4558e-16
2749.3,-251.88,769.96,8.4976,0.6891,0.35336,-0.12984,6.9523,-1.7028e-15,8.4558e-16
2749.4,-251.95,769.99,8.4846,0.68874,0.35807,-0.12874,6.9523,-1.7028e-15,8.4558e-16
2749.5,-252.02,770.03,8.4718,0.68837,0.36269,-0.12757,6.9523,-1.7028e-15,8.4558e-16
2749.6,-252.09,770.06,8.4591,0.68799,0.36723,-0.12635,6.9523,-1.7028e-15,8.4558e-16
2749.7,-252.16,770.1,8.4466,0.68761,0.37169,-0.12507,6.9523,-1.7028e-15,8.4558e-16
2749.8,-252.23,770.14,8.4341,0.68724,0.37607,-0.12375,6.9523,-1.7028e-15,8.4558e-16
2749.9,-252.3,770.17,8.4218,0.68687,0.38037,-0.12237,6.9523,-1.7028e-15,8.4558e-16
2750,-252.37,770.21,8.4096,0.6865,0.38459,-0.12095,6.9523,-1.7028e-15,8.4558e-16
2750.1,-252.44,770.25,8.3976,0.68615,0.38874,-0.11948,6.9523,-1.7028e-15,8.4558e-16
2750.2,-252.5,770.29,8.3858,0.68582,0.39281,-0.11797,6.9523,-1.7028e-15,8.4558e-16
2750.3,-252.57,770.33,8.374,0.6855,0.3968,-0.11642,6.9523,-1.7028e-15,8.4558e-16
2750.4,-252.64,770.37,8.3625,0.6852,0.40073,-0.11483,6.9523,-1.7028e-15,8.4558e-16
2750.5,-252.71,770.41,8.3511,0.68492,0.40459,-0.1132,6.9523,-1.7028e-15,8.4558e-16
2750.6,-252.78,770.45,8.3398,0.68467,0.40838,-0.11154,6.9523,-1.7028e-15,8.4558e-16
2750.7,-252.85,770.49,8.3288,0.68445,0.4121,-0.10984,6.9523,-1.7028e-15,8.4558e-16
2750.8,-252.91,770.53,8.3179,0.68425,0.41577,-0.1081,6.9523,-1.7028e-15,8.4558e-16
2750.9,-252.98,770.58,8.3071,0.68409,0.41937,-0.10633,6.9523,-1.7028e-15,8.4558e-16
2751,-253.05,770.62,8.2966,0.68396,0.42292,-0.10453,6.9523,-1.7028e-15,8.4558e-16
2751.1,-253.12,770.66,8.2862,0.68386,0.4264,-0.1027,6.9523,-1.7028e-15,8.4558e-16
2751.2,-253.18,770.71,8.2761,0.6838,0.42984,-0.10083,6.9523,-1.7028e-15,8.4558e-16
2751.3,-253.25,770.75,8.2661,0.68378,0.43322,-0.098932,6.9523,-1.7028e-15,8.4558e-16
2751.4,-253.32,770.8,8.2563,0.68381,0.43656,-0.097001,6.9523,-1.7028e-15,8.4558e-16
2751.5,-253.38,770.85,8.2467,0.68387,0.43985,-0.095037,6.9523,-1.7028e-15,8.4558e-16
2751.6,-253.45,770.89,8.2373,0.68397,0.44309,-0.093039,6.9523,-1.7028e-15,8.4558e-16
2751.7,-253.52,770.94,8.2281,0.68413,0.4463,-0.091008,6.9523,-1.7028e-15,8.4558e-16
2751.8,-253.58,770.99,8.2191,0.68432,0.44946,-0.088943,6.9523,-1.7028e-15,8.4558e-16
2751.9,-253.65,771.03,8.2103,0.68457,0.45259,-0.086841,6.9523,-1.7028e-15,8.4558e-16
2752,-253.72,771.08,8.2017,0.68486,0.45568,-0.084702,6.9523,-1.7028e-15,8.4558e-16
2752.1,-253.78,771.13,8.1933,0.68521,0.45874,-0.082525,6.9523,-1.7028e-15,8.4558e-16
2752.2,-253.85,771.18,8.1852,0.6856,0.46177,-0.080307,6.9523,-1.7028e-15,8.4558e-16
2752.3,-253.91,771.23,8.1773,0.68606,0.46477,-0.078047,6.9523,-1.7028e-15,8.4558e-16
2752.4,-253.98,771.28,8.1696,0.68656,0.46775,-0.075741,6.9523,-1.7028e-15,8.4558e-16
2752.5,-254.05,771.33,8.1621,0.68713,0.4707,-0.073387,6.9523,-1.7028e-15,8.4558e-16
2752.6,-254.11,771.39,8.1549,0.68775,0.47364,-0.070982,6.9523,-1.7028e-15,8.4558e-16
2752.7,-254.18,771.44,8.1479,0.68843,0.47655,-0.068522,6.9523,-1.7028e-15,8.4558e-16
2752.8,-254.24,771.49,8.1412,0.68918,0.47945,-0.066002,6.9523,-1.7028e-15,8.4558e-16
2752.9,-254.31,771.54,8.1347,0.68999,0.48233,-0.063419,6.9523,-1.7028e-15,8.4558e-16
2753,-254.37,771.6,8.1285,0.69087,0.4852,-0.060767,6.9523,-1.7028e-15,8.4558e-16
2753.1,-254.44,771.65,8.1226,0.69181,0.48807,-0.05804,6.9523,-1.7028e-15,8.4558e-16
2753.2,-254.5,771.7,8.1169,0.69283,0.49092,-0.055231,6.9523,-1.7028e-15,8.4558e-16
2753.3,-254.57,771.76,8.1115,0.69393,0.49377,-0.052333,6.9523,-1.7028e-15,8.4558e-16
2753.4,-254.64,771.81,8.1065,0.6951,0.49662,-0.049337,6.9523,-1.7028e-15,8.4558e-16
2753.5,-254.7,771.87,8.1017,0.69635,0.49946,-0.046233,6.9523,-1.7028e-15,8.4558e-16
2753.6,-254.77,771.92,8.0972,0.69769,0.50231,-0.043009,6.9523,-1.7028e-15,8.4558e-16
2753.7,-254.83,771.98,8.0931,0.69912,0.50517,-0.039654,6.9523,-1.7028e-15,8.4558e-16
2753.8,-254.9,772.03,8.0893,0.70065,0.50802,-0.036151,6.9523,-1.7028e-15,8.4558e-16
2753.9,-254.96,772.09,8.0859,0.70228,0.51089,-0.032483,6.9523,-1.7028e-15,8.4558e-16
2754,-255.03,772.15,8.0828,0.70402,0.51377,-0.028631,6.9523,-1.7028e-15,8.4558e-16
2754.1,-255.1,772.2,8.0801,0.70587,0.51667,-0.024571,6.9523,-1.7028e-15,8.4558e-16
2754.2,-255.16,772.26,8.0779,0.70784,0.51958,-0.020274,6.9523,-1.7028e-15,8.4558e-16
2754.3,-255.23,772.32,8.0761,0.70996,0.52252,-0.015709,6.9523,-1.7028e-15,8.4558e-16
2754.4,-255.3,772.38,8.0748,0.71221,0.52547,-0.010835,6.9523,-1.7028e-15,8.4558e-16
2754.5,-255.36,772.44,8.0739,0.71463,0.52846,-0.0056041,6.9523,-1.7028e-15,8.4558e-16
2754.6,-255.43,772.49,8.0737,0.71722,0.53147,4.0982e-05,6.9523,-1.7028e-15,8.4558e-16
2754.7,-255.5,772.55,8.074,0.72,0.53377,0.0058726,6.9523,-1.7028e-15,8.4558e-16
2754.8,-255.57,772.61,8.0748,0.72297,0.5346,0.011536,6.9523,-1.7028e-15,8.4558e-16
2754.9,-255.63,772.67,8.0763,0.72611,0.53399,0.01691,6.9523,-1.7028e-15,8.4558e-16
2755,-255.7,772.73,8.0782,0.72939,0.53198,0.02189,6.9523,-1.7028e-15,8.4558e-16
2755.1,-255.77,772.79,8.0806,0.73278,0.52867,0.026394,6.9523,-1.7028e-15,8.4558e-16
2755.2,-255.84,772.85,8.0835,0.73626,0.52418,0.030365,6.9523,-1.7028e-15,8.4558e-16
2755.3,-255.9,772.91,8.0867,0.73979,0.51864,0.033769,6.9523,-1.7028e-15,8.4558e-16
2755.4,-255.97,772.97,8.0902,0.74334,0.5122,0.036592,6.9523,-1.7028e-15,8.4558e-16
2755.5,-256.04,773.03,8.094,0.74687,0.50501,0.038839,6.9523,-1.7028e-15,8.4558e-16
2755.6,-256.11,773.09,8.0979,0.75035,0.49724,0.04053,6.9523,-1.7028e-15,8.4558e-16
2755.7,-256.17,773.15,8.1021,0.75376,0.48901,0.041693,6.9523,-1.7028e-15,8.4558e-16
2755.8,-256.24,773.21,8.1063,0.75707,0.48048,0.042367,6.9523,-1.7028e-15,8.4558e-16
2755.9,-256.3,773.27,8.1105,0.76026,0.47177,0.04259,6.9523,-1.7028e-15,8.4558e-16
2756,-256.37,773.33,8.1148,0.76331,0.463,0.042405,6.9523,-1.7028e-15,8.4558e-16
2756.1,-256.43,773.4,8.119,0.76623,0.45425,0.041852,6.9523,-1.7028e-15,8.4558e-16
2756.2,-256.5,773.46,8.1231,0.76899,0.44564,0.040971,6.9523,-1.7028e-15,8.4558e-16
2756.3,-256.56,773.52,8.1272,0.77159,0.43722,0.039799,6.9523,-1.7028e-15,8.4558e-16
2756.4,-256.62,773.58,8.1311,0.77402,0.42907,0.038368,6.9523,-1.7028e-15,8.4558e-16
2756.5,-256.68,773.65,8.1348,0.77629,0.42124,0.036708,6.9523,-1.7028e-15,8.4558e-16
2756.6,-256.75,773.71,8.1384,0.7784,0.41379,0.034844,6.9523,-1.7028e-15,8.4558e-16
2756.7,-256.81,773.77,8.1418,0.78035,0.40676,0.032799,6.9523,-1.7028e-15,8.4558e-16
2756.8,-256.87,773.84,8.145,0.78214,0.40017,0.03059,6.9523,-1.7028e-15,8.4558e-16
2756.9,-256.93,773.9,8.1479,0.78377,0.39407,0.028234,6.9523,-1.7028e-15,8.4558e-16
2757,-256.99,773.96,8.1506,0.78525,0.38848,0.025742,6.9523,-1.7028e-15,8.4558e-16
2757.1,-257.05,774.03,8.1531,0.78658,0.38342,0.023124,6.9523,-1.7028e-15,8.4558e-16
2757.2,-257.11,774.09,8.1552,0.78777,0.37893,0.020388,6.9523,-1.7028e-15,8.4558e-16
2757.3,-257.17,774.15,8.1571,0.78882,0.37501,0.01754,6.9523,-1.7028e-15,8.4558e-16
2757.4,-257.23,774.22,8.1587,0.78973,0.3717,0.014583,6.9523,-1.7028e-15,8.4558e-16
2757.5,-257.29,774.28,8.16,0.79051,0.36901,0.01152,6.9523,-1.7028e-15,8.4558e-16
2757.6,-257.34,774.35,8.161,0.79116,0.36697,0.0083521,6.9523,-1.7028e-15,8.4558e-16
2757.7,-257.4,774.41,8.1617,0.79169,0.3656,0.0050806,6.9523,-1.7028e-15,8.4558e-16
2757.8,-257.46,774.48,8.162,0.79209,0.36493,0.0017061,6.9523,-1.7028e-15,8.4558e-16
2757.9,-257.52,774.54,8.162,0.79237,0.3649,-0.0017975,6.9523,-1.7028e-15,8.4558e-16
2758,-257.58,774.61,8.1617,0.79252,0.36509,-0.0055888,6.9523,-1.7028e-15,8.4558e-16
2758.1,-257.64,774.67,8.1609,0.79254,0.36544,-0.0096933,6.9523,-1.7028e-15,8.4558e-16
2758.2,-257.7,774.73,8.1597,0.79243,0.36597,-0.014105,6.9523,-1.7028e-15,8.4558e-16
2758.3,-257.76,774.8,8.1581,0.79217,0.3667,-0.018811,6.9523,-1.7028e-15,8.4558e-16
2758.4,-257.81,774.86,8.156,0.79177,0.36763,-0.02379,6.9523,-1.7028e-15,8.4558e-16
2758.5,-257.87,774.93,8.1533,0.79122,0.36879,-0.029015,6.9523,-1.7028e-15,8.4558e-16
2758.6,-257.93,774.99,8.1501,0.79051,0.37019,-0.034448,6.9523,-1.7028e-15,8.4558e-16
2758.7,-257.99,775.06,8.1464,0.78964,0.37184,-0.040045,6.9523,-1.7028e-15,8.4558e-16
2758.8,-258.05,775.12,8.1421,0.78862,0.37375,-0.045756,6.9523,-1.7028e-15,8.4558e-16
2758.9,-258.11,775.19,8.1373,0.78744,0.37593,-0.051523,6.9523,-1.7028e-15,8.4558e-16
2759,-258.17,775.25,8.1318,0.78611,0.37837,-0.057287,6.9523,-1.7028e-15,8.4558e-16
2759.1,-258.22,775.32,8.1258,0.78462,0.38108,-0.062983,6.9523,-1.7028e-15,8.4558e-16
2759.2,-258.28,775.38,8.1192,0.78298,0.38405,-0.06855,6.9523,-1.7028e-15,8.4558e-16
2759.3,-258.34,775.45,8.1121,0.7812,0.38728,-0.073927,6.9523,-1.7028e-15,8.4558e-16
2759.4,-258.4,775.51,8.1045,0.77928,0.39075,-0.079056,6.9523,-1.7028e-15,8.4558e-16
2759.5,-258.45,775.58,8.0963,0.77724,0.39445,-0.083888,6.9523,-1.7028e-15,8.4558e-16
2759.6,-258.51,775.65,8.0877,0.77509,0.39836,-0.088379,6.9523,-1.7028e-15,8.4558e-16
2759.7,-258.57,775.71,8.0786,0.77283,0.40247,-0.092492,6.9523,-1.7028e-15,8.4558e-16
2759.8,-258.62,775.78,8.0692,0.77048,0.40674,-0.0962,6.9523,-1.7028e-15,8.4558e-16
2759.9,-258.68,775.85,8.0594,0.76804,0.41116,-0.099485,6.6507,0.92555,-0.45398
2760,-258.73,775.91,8.0487,0.76464,0.41984,-0.1147,6.6507,0.92555,-0.45398
2760.1,-258.79,775.98,8.0365,0.76076,0.42916,-0.12836,6.6507,0.92555,-0.45398
2760.2,-258.85,776.05,8.0231,0.75645,0.43903,-0.14026,6.6507,0.92555,-0.45398
2760.3,-258.9,776.11,8.0085,0.75176,0.44935,-0.15029,6.6507,0.92555,-0.45398
2760.4,-258.96,776.18,7.9931,0.74675,0.46,-0.15845,6.6507,0.92555,-0.45398
2760.5,-259.01,776.25,7.9769,0.74148,0.47088,-0.1648,6.6507,0.92555,-0.45398
2760.6,-259.07,776.32,7.9602,0.73601,0.48189,-0.16946,6.6507,0.92555,-0.45398
2760.7,-259.13,776.39,7.9431,0.7304,0.49295,-0.17258,6.6507,0.92555,-0.45398
2760.8,-259.18,776.45,7.9257,0.7247,0.50398,-0.17432,6.6507,0.92555,-0.45398
2760.9,-259.24,776.52,7.9083,0.71896,0.51494,-0.17484,6.6507,0.92555,-0.45398
2761,-259.29,776.59,7.8908,0.71323,0.52577,-0.17431,6.6507,0.92555,-0.45398
2761.1,-259.35,776.66,7.8734,0.70755,0.53647,-0.17285,6.6507,0.92555,-0.45398
2761.2,-259.4,776.73,7.8562,0.70197,0.54699,-0.17061,6.6507,0.92555,-0.45398
2761.3,-259.46,776.8,7.8393,0.69652,0.55736,-0.16767,6.6507,0.92555,-0.45398
2761.4,-259.51,776.87,7.8227,0.69123,0.56755,-0.16414,6.6507,0.92555,-0.45398
2761.5,-259.57,776.94,7.8065,0.68613,0.57759,-0.16009,6.6507,0.92555,-0.45398
2761.6,-259.62,777.02,7.7907,0.68124,0.58749,-0.15559,6.6507,0.92555,-0.45398
2761.7,-259.67,777.09,7.7754,0.67659,0.59727,-0.15068,6.6507,0.92555,-0.45398
2761.8,-259.73,777.16,7.7606,0.6722,0.60695,-0.1454,6.6507,0.92555,-0.45398
2761.9,-259.78,777.23,7.7463,0.6681,0.61656,-0.13977,6.6507,0.92555,-0.45398
2762,-259.84,777.31,7.7327,0.66429,0.62613,-0.13381,6.6507,0.92555,-0.45398
2762.1,-259.89,777.38,7.7196,0.6608,0.63569,-0.12753,6.6507,0.92555,-0.45398
2762.2,-259.94,777.45,7.7072,0.65765,0.64528,-0.12092,6.6507,0.92555,-0.45398
2762.3,-260,777.53,7.6954,0.65486,0.65494,-0.11398,6.6507,0.92555,-0.45398
2762.4,-260.05,777.6,7.6844,0.65244,0.66471,-0.10668,6.6507,0.92555,-0.45398
2762.5,-260.11,777.68,7.6741,0.65042,0.67464,-0.098979,6.6507,0.92555,-0.45398
2762.6,-260.16,777.76,7.6646,0.64883,0.68478,-0.090846,6.6507,0.92555,-0.45398
2762.7,-260.22,777.83,7.6559,0.64768,0.69518,-0.082218,6.6507,0.92555,-0.45398
2762.8,-260.27,777.91,7.6482,0.64702,0.7059,-0.073017,6.6507,0.92555,-0.45398
2762.9,-260.33,777.99,7.6414,0.64689,0.71703,-0.063147,6.6507,0.92555,-0.45398
2763,-260.39,778.07,7.6356,0.64733,0.72863,-0.052481,6.6507,0.92555,-0.45398
2763.1,-260.44,778.15,7.6309,0.6484,0.74081,-0.040856,6.6507,0.92555,-0.45398
2763.2,-260.5,778.23,7.6274,0.65018,0.75369,-0.028056,6.6507,0.92555,-0.45398
2763.3,-260.56,778.31,7.6253,0.65276,0.7674,-0.013794,6.6507,0.92555,-0.45398
2763.4,-260.62,778.39,7.6247,0.65626,0.78207,0.0022979,6.6507,0.92555,-0.45398
2763.5,-260.68,778.47,7.6258,0.66081,0.79391,0.019007,6.6507,0.92555,-0.45398
2763.6,-260.75,778.55,7.6285,0.66637,0.80047,0.034727,6.6507,0.92555,-0.45398
2763.7,-260.81,778.64,7.6327,0.67283,0.80194,0.048687,6.6507,0.92555,-0.45398
2763.8,-260.87,778.72,7.6382,0.68002,0.79883,0.060383,6.6507,0.92555,-0.45398
2763.9,-260.94,778.8,7.6447,0.68771,0.79185,0.069587,6.6507,0.92555,-0.45398
2764,-261,778.89,7.652,0.69567,0.78184,0.076304,6.6507,0.92555,-0.45398
2764.1,-261.06,778.97,7.6599,0.70372,0.76965,0.080704,6.6507,0.92555,-0.45398
2764.2,-261.12,779.05,7.6681,0.71165,0.75606,0.083054,6.6507,0.92555,-0.45398
2764.3,-261.18,779.14,7.6764,0.71934,0.74174,0.083658,6.6507,0.92555,-0.45398
2764.4,-261.24,779.22,7.6848,0.72668,0.72726,0.082823,6.6507,0.92555,-0.45398
2764.5,-261.3,779.31,7.693,0.7336,0.71308,0.080832,6.6507,0.92555,-0.45398
2764.6,-261.36,779.39,7.7009,0.74004,0.69956,0.077935,6.6507,0.92555,-0.45398
2764.7,-261.42,779.47,7.7085,0.74599,0.68695,0.074344,6.6507,0.92555,-0.45398
2764.8,-261.48,779.56,7.7157,0.75144,0.67545,0.070237,6.6507,0.92555,-0.45398
2764.9,-261.53,779.64,7.7226,0.75639,0.6652,0.065761,6.6507,0.92555,-0.45398
2765,-261.59,779.72,7.7289,0.76085,0.65629,0.061037,6.6507,0.92555,-0.45398
2765.1,-261.64,779.81,7.7348,0.76484,0.64879,0.056166,6.6507,0.92555,-0.45398
2765.2,-261.7,779.89,7.7401,0.76839,0.64273,0.051233,6.6507,0.92555,-0.45398
2765.3,-261.75,779.98,7.745,0.77152,0.63812,0.046313,6.6507,0.92555,-0.45398
2765.4,-261.81,780.06,7.7494,0.77425,0.63496,0.041471,6.6507,0.92555,-0.45398
2765.5,-261.86,780.14,7.7533,0.77662,0.63323,0.036769,6.6507,0.92555,-0.45398
2765.6,-261.92,780.23,7.7567,0.77865,0.6329,0.032266,6.6507,0.92555,-0.45398
2765.7,-261.98,780.31,7.7598,0.78038,0.63392,0.028018,6.6507,0.92555,-0.45398
2765.8,-262.03,780.39,7.7624,0.78182,0.63625,0.024085,6.6507,0.92555,-0.45398
2765.9,-262.09,780.48,7.7646,0.78301,0.63981,0.020524,6.6507,0.92555,-0.45398
2766,-262.14,780.56,7.7665,0.78398,0.64452,0.017393,6.6507,0.92555,-0.45398
2766.1,-262.2,780.64,7.7681,0.78476,0.65027,0.01475,6.6507,0.92555,-0.45398
2766.2,-262.26,780.73,7.7695,0.78539,0.65696,0.01265,6.6507,0.92555,-0.45398
2766.3,-262.32,780.81,7.7706,0.7859,0.66443,0.01114,6.6507,0.92555,-0.45398
2766.4,-262.38,780.9,7.7717,0.78634,0.67253,0.010261,6.6507,0.92555,-0.45398
2766.5,-262.44,780.98,7.7727,0.78673,0.68109,0.010041,6.6507,0.92555,-0.45398
2766.6,-262.5,781.06,7.7737,0.78713,0.68991,0.010488,6.6507,0.92555,-0.45398
2766.7,-262.57,781.15,7.7748,0.78757,0.69878,0.011595,6.6507,0.92555,-0.45398
2766.8,-262.63,781.23,7.7761,0.78809,0.70749,0.013327,6.6507,0.92555,-0.45398
2766.9,-262.7,781.32,7.7775,0.78874,0.71584,0.015629,6.6507,0.92555,-0.45398
2767,-262.76,781.4,7.7792,0.78953,0.72361,0.018419,6.6507,0.92555,-0.45398
2767.1,-262.83,781.48,7.7812,0.7905,0.73063,0.021598,6.6507,0.92555,-0.45398
2767.2,-262.9,781.57,7.7835,0.79166,0.73675,0.025049,6.6507,0.92555,-0.45398
2767.3,-262.96,781.65,7.7862,0.79303,0.74184,0.028646,6.6507,0.92555,-0.45398
2767.4,-263.03,781.74,7.7893,0.79461,0.74583,0.032262,6.6507,0.92555,-0.45398
2767.5,-263.1,781.82,7.7927,0.79637,0.7487,0.035776,6.6507,0.92555,-0.45398
2767.6,-263.17,781.91,7.7964,0.79832,0.75044,0.039079,6.6507,0.92555,-0.45398
2767.7,-263.24,781.99,7.8005,0.80041,0.75112,0.04208,6.6507,0.92555,-0.45398
2767.8,-263.31,782.07,7.8048,0.80263,0.75082,0.044709,6.6507,0.92555,-0.45398
2767.9,-263.38,782.16,7.8094,0.80493,0.74965,0.046916,6.6507,0.92555,-0.45398
2768,-263.46,782.24,7.8142,0.80728,0.74774,0.048674,6.6507,0.92555,-0.45398
2768.1,-263.53,782.32,7.8191,0.80964,0.74524,0.049975,6.6507,0.92555,-0.45398
2768.2,-263.6,782.41,7.8242,0.81199,0.74229,0.050829,6.6507,0.92555,-0.45398
2768.3,-263.67,782.49,7.8293,0.81429,0.73904,0.051257,6.6507,0.92555,-0.45398
2768.4,-263.74,782.57,7.8344,0.81651,0.73564,0.051293,6.6507,0.92555,-0.45398
2768.5,-263.82,782.66,7.8395,0.81864,0.7322,0.050977,6.6507,0.92555,-0.45398
2768.6,-263.89,782.74,7.8446,0.82065,0.72885,0.050353,6.6507,0.92555,-0.45398
2768.7,-263.96,782.82,7.8496,0.82253,0.72568,0.049469,0.17379,-4.2565e-17,2.1568e-17
2768.8,-264.03,782.9,7.8551,0.81031,0.71673,0.060634,0.17379,-4.2565e-17,2.1568e-17
2768.9,-264.1,782.98,7.8617,0.79909,0.704,0.070244,0.17379,-4.2565e-17,2.1568e-17
2769,-264.17,783.06,7.8691,0.7887,0.6881,0.078109,0.17379,-4.2565e-17,2.1568e-17
2769.1,-264.24,783.14,7.8772,0.77897,0.6697,0.084202,0.17379,-4.2565e-17,2.1568e-17
2769.2,-264.31,783.22,7.8859,0.76971,0.64947,0.088615,0.17379,-4.2565e-17,2.1568e-17
2769.3,-264.38,783.29,7.8949,0.76081,0.62801,0.091515,0.17379,-4.2565e-17,2.1568e-17
2769.4,-264.44,783.36,7.9041,0.75214,0.60585,0.09311,0.17379,-4.2565e-17,2.1568e-17
2769.5,-264.51,783.43,7.9135,0.74361,0.58342,0.093614,0.17379,-4.2565e-17,2.1568e-17
2769.6,-264.57,783.5,7.9228,0.73518,0.56108,0.093233,0.17379,-4.2565e-17,2.1568e-17
2769.7,-264.63,783.57,7.9321,0.72678,0.53908,0.092152,0.17379,-4.2565e-17,2.1568e-17
2769.8,-264.69,783.64,7.9412,0.71841,0.51762,0.090532,0.17379,-4.2565e-17,2.1568e-17
2769.9,-264.74,783.71,7.9502,0.71003,0.49683,0.088508,0.17379,-4.2565e-17,2.1568e-17
2770,-264.8,783.77,7.9589,0.70166,0.47681,0.086192,0.17379,-4.2565e-17,2.1568e-17
2770.1,-264.85,783.84,7.9674,0.69328,0.45761,0.083673,0.17379,-4.2565e-17,2.1568e-17
2770.2,-264.91,783.9,7.9757,0.68491,0.43925,0.081024,0.17379,-4.2565e-17,2.1568e-17
2770.3,-264.96,783.96,7.9836,0.67656,0.42175,0.0783,0.17379,-4.2565e-17,2.1568e-17
2770.4,-265.01,784.02,7.9913,0.66823,0.40508,0.075547,0.17379,-4.2565e-17,2.1568e-17
2770.5,-265.06,784.08,7.9987,0.65994,0.38924,0.072796,0.17379,-4.2565e-17,2.1568e-17
2770.6,-265.1,784.14,8.0059,0.65169,0.37419,0.070074,0.17379,-4.2565e-17,2.1568e-17
2770.7,-265.15,784.2,8.0128,0.6435,0.3599,0.0674,0.17379,-4.2565e-17,2.1568e-17
2770.8,-265.19,784.26,8.0194,0.63537,0.34635,0.064788,0.17379,-4.2565e-17,2.1568e-17
2770.9,-265.24,784.31,8.0257,0.62732,0.33348,0.062246,0.17379,-4.2565e-17,2.1568e-17
2771,-265.28,784.37,8.0318,0.61935,0.32127,0.059782,0.17379,-4.2565e-17,2.1568e-17
2771.1,-265.32,784.43,8.0377,0.61148,0.30968,0.057401,0.17379,-4.2565e-17,2.1568e-17
2771.2,-265.36,784.48,8.0433,0.60369,0.29868,0.055103,0.17379,-4.2565e-17,2.1568e-17
2771.3,-265.41,784.53,8.0487,0.59601,0.28822,0.052891,0.17379,-4.2565e-17,2.1568e-17
2771.4,-265.44,784.59,8.0539,0.58844,0.27829,0.050763,0.17379,-4.2565e-17,2.1568e-17
2771.5,-265.48,784.64,8.0589,0.58097,0.26885,0.048719,0.17379,-4.2565e-17,2.1568e-17
2771.6,-265.52,784.69,8.0636,0.57362,0.25986,0.046758,0.17379,-4.2565e-17,2.1568e-17
2771.7,-265.56,784.74,8.0682,0.56638,0.25131,0.044876,0.17379,-4.2565e-17,2.1568e-17
2771.8,-265.59,784.79,8.0726,0.55926,0.24316,0.043072,0.17379,-4.2565e-17,2.1568e-17
2771.9,-265.63,784.84,8.0768,0.55226,0.2354,0.041343,0.17379,-4.2565e-17,2.1568e-17
2772,-265.66,784.89,8.0809,0.54537,0.228,0.039687,0.17379,-4.2565e-17,2.1568e-17
2772.1,-265.7,784.93,8.0848,0.5386,0.22093,0.0381,0.17379,-4.2565e-17,2.1568e-17
2772.2,-265.73,784.98,8.0885,0.53195,0.21419,0.03658,0.17379,-4.2565e-17,2.1568e-17
2772.3,-265.76,785.03,8.0921,0.52542,0.20774,0.035124,0.17379,-4.2565e-17,2.1568e-17
2772.4,-265.8,785.07,8.0955,0.51901,0.20158,0.033729,0.17379,-4.2565e-17,2.1568e-17
2772.5,-265.83,785.12,8.0988,0.51271,0.19568,0.032393,0.17379,-4.2565e-17,2.1568e-17
2772.6,-265.86,785.16,8.102,0.50653,0.19003,0.031114,0.17379,-4.2565e-17,2.1568e-17
2772.7,-265.89,785.21,8.1051,0.50047,0.18462,0.029888,0.17379,-4.2565e-17,2.1568e-17
2772.8,-265.92,785.25,8.108,0.49451,0.17944,0.028713,0.17379,-4.2565e-17,2.1568e-17
2772.9,-265.95,785.29,8.1108,0.48867,0.17447,0.027587,0.17379,-4.2565e-17,2.1568e-17
2773,-265.98,785.34,8.1135,0.48294,0.16969,0.026509,0.17379,-4.2565e-17,2.1568e-17
2773.1,-266.01,785.38,8.1161,0.47732,0.16511,0.025475,0.17379,-4.2565e-17,2.1568e-17
2773.2,-266.04,785.42,8.1186,0.4718,0.1607,0.024483,0.17379,-4.2565e-17,2.1568e-17
2773.3,-266.06,785.46,8.121,0.46639,0.15647,0.023533,0.17379,-4.2565e-17,2.1568e-17
2773.4,-266.09,785.5,8.1233,0.46108,0.15239,0.022621,0.17379,-4.2565e-17,2.1568e-17
2773.5,-266.12,785.54,8.1255,0.45588,0.14847,0.021747,0.17379,-4.2565e-17,2.1568e-17
2773.6,-266.14,785.58,8.1277,0.45077,0.14469,0.020909,0.17379,-4.2565e-17,2.1568e-17
2773.7,-266.17,785.62,8.1297,0.44576,0.14105,0.020104,0.17379,-4.2565e-17,2.1568e-17
2773.8,-266.2,785.66,8.1317,0.44085,0.13754,0.019332,0.17379,-4.2565e-17,2.1568e-17
2773.9,-266.22,785.7,8.1336,0.43603,0.13415,0.018592,0.17379,-4.2565e-17,2.1568e-17
2774,-266.25,785.74,8.1354,0.4313,0.13088,0.017881,0.17379,-4.2565e-17,2.1568e-17
2774.1,-266.27,785.77,8.1372,0.42666,0.12772,0.017199,0.17379,-4.2565e-17,2.1568e-17
2774.2,-266.29,785.81,8.1388,0.4221,0.12467,0.016544,0.17379,-4.2565e-17,2.1568e-17
2774.3,-266.32,785.85,8.1405,0.41764,0.12172,0.015916,0.17379,-4.2565e-17,2.1568e-17
2774.4,-266.34,785.88,8.142,0.41326,0.11887,0.015313,0.17379,-4.2565e-17,2.1568e-17
2774.5,-266.36,785.92,8.1435,0.40896,0.11611,0.014734,0.17379,-4.2565e-17,2.1568e-17
2774.6,-266.39,785.96,8.145,0.40474,0.11343,0.014178,0.17379,-4.2565e-17,2.1568e-17
2774.7,-266.41,785.99,8.1464,0.4006,0.11084,0.013644,0.17379,-4.2565e-17,2.1568e-17
2774.8,-266.43,786.03,8.1477,0.39654,0.10833,0.013131,0.17379,-4.2565e-17,2.1568e-17
2774.9,-266.45,786.06,8.149,0.39255,0.1059,0.012639,0.17379,-4.2565e-17,2.1568e-17
2775,-266.47,786.09,8.1502,0.38863,0.10354,0.012167,0.17379,-4.2565e-17,2.1568e-17
2775.1,-266.49,786.13,8.1514,0.38479,0.10126,0.011713,0.17379,-4.2565e-17,2.1568e-17
2775.2,-266.52,786.16,8.1526,0.38102,0.099034,0.011278,0.17379,-4.2565e-17,2.1568e-17
2775.3,-266.54,786.2,8.1537,0.37732,0.096876,0.01086,0.17379,-4.2565e-17,2.1568e-17
2775.4,-266.56,786.23,8.1547,0.37368,0.094781,0.010458,0.17379,-4.2565e-17,2.1568e-17
2775.5,-266.58,786.26,8.1558,0.37011,0.092744,0.010073,0.17379,-4.2565e-17,2.1568e-17
2775.6,-266.6,786.29,8.1568,0.36661,0.090764,0.009703,0.17379,-4.2565e-17,2.1568e-17
2775.7,-266.62,786.33,8.1577,0.36316,0.088839,0.0093481,0.17379,-4.2565e-17,2.1568e-17
2775.8,-266.63,786.36,8.1586,0.35978,0.086965,0.0090074,0.17379,-4.2565e-17,2.1568e-17
2775.9,-266.65,786.39,8.1595,0.35646,0.085142,0.0086805,0.17379,-4.2565e-17,2.1568e-17
2776,-266.67,786.42,8.1604,0.3532,0.083367,0.0083669,0.17379,-4.2565e-17,2.1568e-17
2776.1,-266.69,786.45,8.1612,0.34999,0.081638,0.008066,0.17379,-4.2565e-17,2.1568e-17
2776.2,-266.71,786.48,8.162,0.34684,0.079953,0.0077774,0.17379,-4.2565e-17,2.1568e-17
2776.3,-266.73,786.51,8.1627,0.34375,0.078311,0.0075006,0.17379,-4.2565e-17,2.1568e-17
2776.4,-266.74,786.54,8.1635,0.34071,0.076711,0.0072351,0.17379,-4.2565e-17,2.1568e-17
2776.5,-266.76,786.57,8.1642,0.33772,0.07515,0.0069807,0.17379,-4.2565e-17,2.1568e-17
2776.6,-266.78,786.6,8.1649,0.33478,0.073628,0.0067368,0.17379,-4.2565e-17,2.1568e-17
2776.7,-266.8,786.63,8.1655,0.3319,0.072142,0.006503,0.17379,-4.2565e-17,2.1568e-17
2776.8,-266.81,786.66,8.1662,0.32906,0.070692,0.0062791,0.17379,-4.2565e-17,2.1568e-17
2776.9,-266.83,786.69,8.1668,0.32627,0.069277,0.0060645,0.17379,-4.2565e-17,2.1568e-17
2777,-266.85,786.72,8.1674,0.32353,0.067894,0.0058591,0.17379,-4.2565e-17,2.1568e-17
2777.1,-266.86,786.75,8.168,0.32083,0.066544,0.0056624,0.17379,-4.2565e-17,2.1568e-17
2777.2,-266.88,786.78,8.1685,0.31818,0.065225,0.0054741,0.17379,-4.2565e-17,2.1568e-17
2777.3,-266.9,786.8,8.1691,0.31557,0.063935,0.0052939,0.17379,-4.2565e-17,2.1568e-17
2777.4,-266.91,786.83,8.1696,0.31301,0.062674,0.0051216,0.17379,-4.2565e-17,2.1568e-17
2777.5,-266.93,786.86,8.1701,0.31048,0.061442,0.0049567,0.17379,-4.2565e-17,2.1568e-17
2777.6,-266.94,786.89,8.1706,0.308,0.060236,0.0047992,0.17379,-4.2565e-17,2.1568e-17
2777.7,-266.96,786.92,8.1711,0.30556,0.059057,0.0046486,0.17379,-4.2565e-17,2.1568e-17
2777.8,-266.97,786.94,8.1715,0.30316,0.057903,0.0045047,0.17379,-4.2565e-17,2.1568e-17
2777.9,-266.99,786.97,8.172,0.3008,0.056774,0.0043672,0.17379,-4.2565e-17,2.1568e-17
2778,-267,787,8.1724,0.29847,0.055669,0.004236,0.17379,-4.2565e-17,2.1568e-17
2778.1,-267.02,787.02,8.1728,0.29618,0.054587,0.0041108,0.17379,-4.2565e-17,2.1568e-17
2778.2,-267.03,787.05,8.1732,0.29393,0.053527,0.0039914,0.17379,-4.2565e-17,2.1568e-17
2778.3,-267.05,787.07,8.1736,0.29171,0.05249,0.0038775,0.17379,-4.2565e-17,2.1568e-17
2778.4,-267.06,787.1,8.174,0.28953,0.051473,0.0037689,0.17379,-4.2565e-17,2.1568e-17
2778.5,-267.07,787.13,8.1744,0.28738,0.050477,0.0036655,0.17379,-4.2565e-17,2.1568e-17
2778.6,-267.09,787.15,8.1747,0.28527,0.049502,0.0035669,0.17379,-4.2565e-17,2.1568e-17
2778.7,-267.1,787.18,8.1751,0.28319,0.048545,0.0034732,0.17379,-4.2565e-17,2.1568e-17
2778.8,-267.11,787.2,8.1754,0.28114,0.047608,0.0033839,0.17379,-4.2565e-17,2.1568e-17
2778.9,-267.13,787.23,8.1757,0.27912,0.046689,0.0032991,0.17379,-4.2565e-17,2.1568e-17
2779,-267.14,787.25,8.1761,0.27713,0.045789,0.0032184,0.17379,-4.2565e-17,2.1568e-17
2779.1,-267.15,787.28,8.1764,0.27517,0.044905,0.0031418,0.17379,-4.2565e-17,2.1568e-17
2779.2,-267.17,787.3,8.1767,0.27324,0.044039,0.003069,0.17379,-4.2565e-17,2.1568e-17
2779.3,-267.18,787.33,8.177,0.27134,0.04319,0.003,0.17379,-4.2565e-17,2.1568e-17
2779.4,-267.19,787.35,8.1773,0.26947,0.042357,0.0029345,0.17379,-4.2565e-17,2.1568e-17
2779.5,-267.2,787.38,8.1776,0.26763,0.041539,0.0028724,0.17379,-4.2565e-17,2.1568e-17
2779.6,-267.22,787.4,8.1779,0.26581,0.040737,0.0028135,0.17379,-4.2565e-17,2.1568e-17
2779.7,-267.23,787.42,8.1781,0.26402,0.03995,0.0027578,0.17379,-4.2565e-17,2.1568e-17
2779.8,-267.24,787.45,8.1784,0.26226,0.039178,0.0027051,0.17379,-4.2565e-17,2.1568e-17
2779.9,-267.25,787.47,8.1787,0.26052,0.03842,0.0026552,0.17379,-4.2565e-17,2.1568e-17
2780,-267.27,787.49,8.179,0.2588,0.037677,0.0026081,0.17379,-4.2565e-17,2.1568e-17
2780.1,-267.28,787.52,8.1792,0.25712,0.036947,0.0025636,0.17379,-4.2565e-17,2.1568e-17
2780.2,-267.29,787.54,8.1795,0.25545,0.03623,0.0025216,0.17379,-4.2565e-17,2.1568e-17
2780.3,-267.3,787.56,8.1797,0.25381,0.035527,0.002482,0.17379,-4.2565e-17,2.1568e-17
2780.4,-267.31,787.59,8.18,0.25219,0.034837,0.0024446,0.17379,-4.2565e-17,2.1568e-17
2780.5,-267.32,787.61,8.1802,0.2506,0.034159,0.0024094,0.17379,-4.2565e-17,2.1568e-17
2780.6,-267.33,787.63,8.1804,0.24903,0.033493,0.0023763,0.17379,-4.2565e-17,2.1568e-17
2780.7,-267.35,787.65,8.1807,0.24748,0.03284,0.0023451,0.17379,-4.2565e-17,2.1568e-17
2780.8,-267.36,787.68,8.1809,0.24595,0.032198,0.0023159,0.17379,-4.2565e-17,2.1568e-17
2780.9,-267.37,787.7,8.1811,0.24444,0.031568,0.0022883,0.17379,-4.2565e-17,2.1568e-17
2781,-267.38,787.72,8.1814,0.24295,0.030949,0.0022625,0.17379,-4.2565e-17,2.1568e-17
2781.1,-267.39,787.74,8.1816,0.24149,0.030342,0.0022382,0.17379,-4.2565e-17,2.1568e-17
2781.2,-267.4,787.76,8.1818,0.24004,0.029745,0.0022155,0.17379,-4.2565e-17,2.1568e-17
2781.3,-267.41,787.79,8.182,0.23861,0.029159,0.0021942,0.17379,-4.2565e-17,2.1568e-17
2781.4,-267.42,787.81,8.1823,0.23721,0.028584,0.0021743,0.17379,-4.2565e-17,2.1568e-17
2781.5,-267.43,787.83,8.1825,0.23582,0.028019,0.0021556,0.17379,-4.2565e-17,2.1568e-17
2781.6,-267.44,787.85,8.1827,0.23445,0.027464,0.0021381,0.17379,-4.2565e-17,2.1568e-17
2781.7,-267.45,787.87,8.1829,0.2331,0.026918,0.0021218,0.17379,-4.2565e-17,2.1568e-17
2781.8,-267.46,787.89,8.1831,0.23176,0.026383,0.0021065,0.17379,-4.2565e-17,2.1568e-17
2781.9,-267.47,787.91,8.1833,0.23045,0.025857,0.0020923,0.17379,-4.2565e-17,2.1568e-17
2782,-267.48,787.93,8.1835,0.22915,0.025341,0.002079,0.17379,-4.2565e-17,2.1568e-17
2782.1,-267.49,787.96,8.1837,0.22787,0.024833,0.0020665,0.17379,-4.2565e-17,2.1568e-17
2782.2,-267.5,787.98,8.1839,0.2266,0.024335,0.0020549,0.17379,-4.2565e-17,2.1568e-17
2782.3,-267.51,788,8.1842,0.22535,0.023846,0.0020441,0.17379,-4.2565e-17,2.1568e-17
2782.4,-267.52,788.02,8.1844,0.22412,0.023365,0.0020339,0.17379,-4.2565e-17,2.1568e-17
2782.5,-267.53,788.04,8.1846,0.2229,0.022893,0.0020244,1.5194,0.11827,-0.058014
2782.6,-267.54,788.06,8.1847,0.22471,0.022944,0.00038387,1.5194,0.11827,-0.058014
2782.7,-267.55,788.08,8.1846,0.2265,0.023043,-0.0012445,1.5194,0.11827,-0.058014
2782.8,-267.56,788.1,8.1844,0.22825,0.02318,-0.0028645,1.5194,0.11827,-0.058014
2782.9,-267.57,788.12,8.1841,0.22998,0.023353,-0.0044739,1.5194,0.11827,-0.058014
2783,-267.58,788.14,8.1835,0.23169,0.023562,-0.0060703,1.5194,0.11827,-0.058014
2783.1,-267.59,788.16,8.1828,0.23336,0.023808,-0.0076511,1.5194,0.11827,-0.058014
2783.2,-267.6,788.18,8.182,0.23502,0.02409,-0.0092143,1.5194,0.11827,-0.058014
2783.3,-267.61,788.21,8.181,0.23664,0.024408,-0.010758,1.5194,0.11827,-0.058014
2783.4,-267.62,788.23,8.1799,0.23824,0.024761,-0.012279,1.5194,0.11827,-0.058014
2783.5,-267.63,788.25,8.1786,0.23982,0.02515,-0.013777,1.5194,0.11827,-0.058014
2783.6,-267.64,788.27,8.1771,0.24137,0.025573,-0.015249,1.5194,0.11827,-0.058014
2783.7,-267.65,788.29,8.1755,0.2429,0.02603,-0.016694,1.5194,0.11827,-0.058014
2783.8,-267.66,788.32,8.1738,0.2444,0.02652,-0.01811,1.5194,0.11827,-0.058014
2783.9,-267.67,788.34,8.1719,0.24588,0.027042,-0.019496,1.5194,0.11827,-0.058014
2784,-267.68,788.36,8.1699,0.24733,0.027595,-0.020851,1.5194,0.11827,-0.058014
2784.1,-267.69,788.38,8.1677,0.24876,0.028179,-0.022174,1.5194,0.11827,-0.058014
2784.2,-267.7,788.41,8.1654,0.25017,0.028792,-0.023464,1.5194,0.11827,-0.058014
2784.3,-267.71,788.43,8.163,0.25155,0.029434,-0.02472,1.5194,0.11827,-0.058014
2784.4,-267.72,788.45,8.1605,0.25291,0.030102,-0.025942,1.5194,0.11827,-0.058014
2784.5,-267.73,788.48,8.1578,0.25424,0.030797,-0.027129,1.5194,0.11827,-0.058014
2784.6,-267.74,788.5,8.1551,0.25555,0.031517,-0.028282,1.5194,0.11827,-0.058014
2784.7,-267.75,788.52,8.1522,0.25684,0.03226,-0.029399,1.5194,0.11827,-0.058014
2784.8,-267.76,788.55,8.1492,0.2581,0.033025,-0.030481,1.5194,0.11827,-0.058014
2784.9,-267.77,788.57,8.1461,0.25934,0.033812,-0.031528,1.5194,0.11827,-0.058014
2785,-267.78,788.59,8.1429,0.26056,0.034619,-0.03254,1.5194,0.11827,-0.058014
2785.1,-267.79,788.62,8.1396,0.26176,0.035444,-0.033517,1.5194,0.11827,-0.058014
2785.2,-267.8,788.64,8.1362,0.26293,0.036287,-0.03446,1.5194,0.11827,-0.058014
2785.3,-267.81,788.67,8.1327,0.26408,0.037146,-0.03537,1.5194,0.11827,-0.058014
2785.4,-267.83,788.69,8.1291,0.26521,0.03802,-0.036246,1.5194,0.11827,-0.058014
2785.5,-267.84,788.72,8.1254,0.26632,0.038908,-0.037089,1.5194,0.11827,-0.058014
2785.6,-267.85,788.74,8.1217,0.26741,0.039809,-0.037901,1.5194,0.11827,-0.058014
2785.7,-267.86,788.76,8.1179,0.26847,0.040721,-0.038681,1.5194,0.11827,-0.058014
2785.8,-267.87,788.79,8.114,0.26951,0.041643,-0.03943,1.5194,0.11827,-0.058014
2785.9,-267.88,788.81,8.11,0.27054,0.042575,-0.040149,1.5194,0.11827,-0.058014
2786,-267.89,788.84,8.1059,0.27154,0.043516,-0.040839,1.5194,0.11827,-0.058014
2786.1,-267.9,788.86,8.1018,0.27252,0.044463,-0.041501,1.5194,0.11827,-0.058014
2786.2,-267.91,788.89,8.0976,0.27348,0.045417,-0.042135,1.5194,0.11827,-0.058014
2786.3,-267.92,788.92,8.0934,0.27442,0.046376,-0.042743,1.5194,0.11827,-0.058014
2786.4,-267.93,788.94,8.0891,0.27534,0.047339,-0.043324,1.5194,0.11827,-0.058014
2786.5,-267.95,788.97,8.0847,0.27624,0.048306,-0.04388,1.5194,0.11827,-0.058014
2786.6,-267.96,788.99,8.0803,0.27712,0.049276,-0.044412,1.5194,0.11827,-0.058014
2786.7,-267.97,789.02,8.0758,0.27798,0.050247,-0.044921,1.5194,0.11827,-0.058014
2786.8,-267.98,789.05,8.0713,0.27883,0.051219,-0.045407,1.5194,0.11827,-0.058014
2786.9,-267.99,789.07,8.0668,0.27965,0.052192,-0.045871,1.5194,0.11827,-0.058014
2787,-268,789.1,8.0621,0.28046,0.053164,-0.046313,1.5194,0.11827,-0.058014
2787.1,-268.01,789.12,8.0575,0.28125,0.054135,-0.046736,1.5194,0.11827,-0.058014
2787.2,-268.02,789.15,8.0528,0.28202,0.055104,-0.047139,1.5194,0.11827,-0.058014
2787.3,-268.03,789.18,8.0481,0.28277,0.056071,-0.047522,1.5194,0.11827,-0.058014
2787.4,-268.04,789.2,8.0433,0.2835,0.057035,-0.047888,1.5194,0.11827,-0.058014
2787.5,-268.06,789.23,8.0385,0.28422,0.057996,-0.048236,1.5194,0.11827,-0.058014
2787.6,-268.07,789.26,8.0336,0.28492,0.058953,-0.048568,1.5194,0.11827,-0.058014
2787.7,-268.08,789.28,8.0288,0.28561,0.059905,-0.048883,1.5194,0.11827,-0.058014
2787.8,-268.09,789.31,8.0239,0.28628,0.060852,-0.049182,1.5194,0.11827,-0.058014
2787.9,-268.1,789.34,8.0189,0.28693,0.061794,-0.049467,1.5194,0.11827,-0.058014
2788,-268.11,789.37,8.014,0.28757,0.06273,-0.049737,1.5194,0.11827,-0.058014
2788.1,-268.12,789.39,8.009,0.28819,0.06366,-0.049994,1.5194,0.11827,-0.058014
2788.2,-268.13,789.42,8.004,0.2888,0.064584,-0.050237,1.5194,0.11827,-0.058014
2788.3,-268.14,789.45,7.9989,0.28939,0.065501,-0.050468,1.5194,0.11827,-0.058014
2788.4,-268.15,789.48,7.9939,0.28996,0.066411,-0.050686,1.5194,0.11827,-0.058014
2788.5,-268.16,789.5,7.9888,0.29053,0.067313,-0.050892,1.5194,0.11827,-0.058014
2788.6,-268.17,789.53,7.9837,0.29108,0.068208,-0.051088,1.5194,0.11827,-0.058014
2788.7,-268.18,789.56,7.9786,0.29161,0.069095,-0.051272,1.5194,0.11827,-0.058014
2788.8,-268.19,789.59,7.9735,0.29213,0.069974,-0.051446,1.5194,0.11827,-0.058014
2788.9,-268.21,789.62,7.9683,0.29264,0.070845,-0.051611,1.5194,0.11827,-0.058014
2789,-268.22,789.65,7.9631,0.29314,0.071707,-0.051765,1.5194,0.11827,-0.058014
2789.1,-268.23,789.67,7.9579,0.29362,0.072561,-0.051911,1.5194,0.11827,-0.058014
2789.2,-268.24,789.7,7.9528,0.29409,0.073406,-0.052048,1.5194,0.11827,-0.058014
2789.3,-268.25,789.73,7.9475,0.29455,0.074242,-0.052176,1.5194,0.11827,-0.058014
2789.4,-268.26,789.76,7.9423,0.29499,0.075069,-0.052296,1.5194,0.11827,-0.058014
2789.5,-268.27,789.79,7.9371,0.29543,0.075887,-0.052409,1.5194,0.11827,-0.058014
2789.6,-268.28,789.82,7.9318,0.29585,0.076696,-0.052514,1.5194,0.11827,-0.058014
2789.7,-268.29,789.85,7.9266,0.29626,0.077495,-0.052612,9.5829,-2.3471e-15,1.105e-15
2789.8,-268.3,789.88,7.9214,0.31469,0.077831,-0.051249,9.5829,-2.3471e-15,1.105e-15
2789.9,-268.31,789.91,7.9163,0.3328,0.078233,-0.050227,9.5829,-2.3471e-15,1.105e-15
2790,-268.32,789.94,7.9113,0.3506,0.078706,-0.049515,9.5829,-2.3471e-15,1.105e-15
2790.1,-268.33,789.98,7.9064,0.36807,0.079255,-0.049088,9.5829,-2.3471e-15,1.105e-15
2790.2,-268.34,790.01,7.9015,0.38519,0.079885,-0.048927,9.5829,-2.3471e-15,1.105e-15
2790.3,-268.35,790.05,7.8966,0.40198,0.080603,-0.049015,9.5829,-2.3471e-15,1.105e-15
2790.4,-268.36,790.09,7.8917,0.41841,0.081416,-0.049338,9.5829,-2.3471e-15,1.105e-15
2790.5,-268.36,790.14,7.8867,0.43448,0.082331,-0.049886,9.5829,-2.3471e-15,1.105e-15
2790.6,-268.37,790.18,7.8817,0.4502,0.083357,-0.05065,9.5829,-2.3471e-15,1.105e-15
2790.7,-268.38,790.23,7.8766,0.46555,0.0845,-0.051624,9.5829,-2.3471e-15,1.105e-15
2790.8,-268.39,790.27,7.8714,0.48054,0.085772,-0.052801,9.5829,-2.3471e-15,1.105e-15
2790.9,-268.4,790.32,7.866,0.49515,0.087181,-0.054177,9.5829,-2.3471e-15,1.105e-15
2791,-268.41,790.37,7.8605,0.5094,0.088737,-0.055747,9.5829,-2.3471e-15,1.105e-15
2791.1,-268.42,790.42,7.8549,0.52328,0.090451,-0.057508,9.5829,-2.3471e-15,1.105e-15
2791.2,-268.43,790.48,7.849,0.53679,0.092333,-0.059457,9.5829,-2.3471e-15,1.105e-15
2791.3,-268.44,790.53,7.843,0.54993,0.094394,-0.061589,9.5829,-2.3471e-15,1.105e-15
2791.4,-268.45,790.59,7.8367,0.5627,0.096645,-0.063901,9.5829,-2.3471e-15,1.105e-15
2791.5,-268.46,790.64,7.8302,0.5751,0.099098,-0.066389,9.5829,-2.3471e-15,1.105e-15
2791.6,-268.47,790.7,7.8234,0.58714,0.10176,-0.069048,9.5829,-2.3471e-15,1.105e-15
2791.7,-268.47,790.76,7.8164,0.59882,0.10465,-0.071871,9.5829,-2.3471e-15,1.105e-15
2791.8,-268.48,790.82,7.809,0.61013,0.10777,-0.074852,9.5829,-2.3471e-15,1.105e-15
2791.9,-268.49,790.88,7.8014,0.62109,0.11114,-0.077982,9.5829,-2.3471e-15,1.105e-15
2792,-268.5,790.95,7.7934,0.63168,0.11476,-0.081253,9.5829,-2.3471e-15,1.105e-15
2792.1,-268.5,791.01,7.7851,0.64192,0.11865,-0.084654,9.5829,-2.3471e-15,1.105e-15
2792.2,-268.51,791.08,7.7765,0.65181,0.1228,-0.088173,9.5829,-2.3471e-15,1.105e-15
2792.3,-268.52,791.14,7.7675,0.66135,0.12724,-0.091796,9.5829,-2.3471e-15,1.105e-15
2792.4,-268.53,791.21,7.7581,0.67053,0.13195,-0.095508,9.5829,-2.3471e-15,1.105e-15
2792.5,-268.53,791.28,7.7484,0.67937,0.13696,-0.099294,9.5829,-2.3471e-15,1.105e-15
2792.6,-268.54,791.35,7.7383,0.68786,0.14226,-0.10314,9.5829,-2.3471e-15,1.105e-15
2792.7,-268.54,791.42,7.7278,0.69601,0.14785,-0.10702,9.5829,-2.3471e-15,1.105e-15
2792.8,-268.55,791.49,7.7169,0.70382,0.15373,-0.11091,9.5829,-2.3471e-15,1.105e-15
2792.9,-268.56,791.56,7.7056,0.71129,0.15989,-0.11481,9.5829,-2.3471e-15,1.105e-15
2793,-268.56,791.64,7.6939,0.71842,0.16635,-0.11869,9.5829,-2.3471e-15,1.105e-15
2793.1,-268.57,791.71,7.6819,0.72521,0.17308,-0.12253,9.5829,-2.3471e-15,1.105e-15
2793.2,-268.57,791.78,7.6694,0.73168,0.18008,-0.12631,9.5829,-2.3471e-15,1.105e-15
2793.3,-268.57,791.86,7.6566,0.73782,0.18735,-0.13001,9.5829,-2.3471e-15,1.105e-15
2793.4,-268.58,791.94,7.6434,0.74363,0.19486,-0.13361,9.5829,-2.3471e-15,1.105e-15
2793.5,-268.58,792.01,7.6299,0.74912,0.2026,-0.1371,9.5829,-2.3471e-15,1.105e-15
2793.6,-268.58,792.09,7.616,0.75429,0.21057,-0.14045,9.5829,-2.3471e-15,1.105e-15
2793.7,-268.59,792.17,7.6018,0.75914,0.21875,-0.14366,9.5829,-2.3471e-15,1.105e-15
2793.8,-268.59,792.25,7.5873,0.76369,0.22711,-0.14671,9.5829,-2.3471e-15,1.105e-15
2793.9,-268.59,792.33,7.5725,0.76794,0.23565,-0.14959,9.5829,-2.3471e-15,1.105e-15
2794,-268.59,792.41,7.5574,0.77189,0.24434,-0.15228,9.5829,-2.3471e-15,1.105e-15
2794.1,-268.59,792.49,7.542,0.77555,0.25316,-0.15478,9.5829,-2.3471e-15,1.105e-15
2794.2,-268.59,792.57,7.5264,0.77892,0.2621,-0.15709,9.5829,-2.3471e-15,1.105e-15
2794.3,-268.59,792.66,7.5106,0.78202,0.27114,-0.15919,9.5829,-2.3471e-15,1.105e-15
2794.4,-268.59,792.74,7.4946,0.78486,0.28026,-0.16108,9.5829,-2.3471e-15,1.105e-15
2794.5,-268.59,792.82,7.4784,0.78743,0.28944,-0.16276,9.5829,-2.3471e-15,1.105e-15
2794.6,-268.59,792.91,7.462,0.78976,0.29866,-0.16423,9.5829,-2.3471e-15,1.105e-15
2794.7,-268.58,792.99,7.4456,0.79185,0.30791,-0.16548,9.5829,-2.3471e-15,1.105e-15
2794.8,-268.58,793.08,7.4289,0.7937,0.31716,-0.16652,9.5829,-2.3471e-15,1.105e-15
2794.9,-268.58,793.16,7.4123,0.79535,0.32642,-0.16735,9.5829,-2.3471e-15,1.105e-15
2795,-268.57,793.25,7.3955,0.79678,0.33565,-0.16797,9.5829,-2.3471e-15,1.105e-15
2795.1,-268.57,793.34,7.3787,0.79802,0.34485,-0.16838,9.5829,-2.3471e-15,1.105e-15
2795.2,-268.56,793.42,7.3618,0.79907,0.35401,-0.16859,9.5829,-2.3471e-15,1.105e-15
2795.3,-268.55,793.51,7.345,0.79996,0.36311,-0.1686,9.5829,-2.3471e-15,1.105e-15
2795.4,-268.55,793.6,7.3281,0.80068,0.37215,-0.16842,9.5829,-2.3471e-15,1.105e-15
2795.5,-268.54,793.69,7.3113,0.80126,0.38111,-0.16805,9.5829,-2.3471e-15,1.105e-15
2795.6,-268.53,793.77,7.2945,0.80169,0.38999,-0.1675,9.5829,-2.3471e-15,1.105e-15
2795.7,-268.52,793.86,7.2778,0.80201,0.39878,-0.16677,9.5829,-2.3471e-15,1.105e-15
2795.8,-268.51,793.95,7.2612,0.80221,0.40747,-0.16586,9.5829,-2.3471e-15,1.105e-15
2795.9,-268.5,794.04,7.2446,0.80232,0.41607,-0.16479,9.5829,-2.3471e-15,1.105e-15
2796,-268.48,794.13,7.2282,0.80233,0.42457,-0.16356,9.5829,-2.3471e-15,1.105e-15
2796.1,-268.47,794.22,7.2119,0.80227,0.43296,-0.16217,9.5829,-2.3471e-15,1.105e-15
2796.2,-268.46,794.31,7.1958,0.80214,0.44125,-0.16063,9.5829,-2.3471e-15,1.105e-15
2796.3,-268.44,794.4,7.1798,0.80196,0.44943,-0.15894,9.5829,-2.3471e-15,1.105e-15
2796.4,-268.43,794.49,7.164,0.80173,0.45751,-0.1571,9.5829,-2.3471e-15,1.105e-15
2796.5,-268.41,794.58,7.1484,0.80147,0.46548,-0.15513,9.5829,-2.3471e-15,1.105e-15
2796.6,-268.39,794.67,7.133,0.80119,0.47334,-0.15302,9.5829,-2.3471e-15,1.105e-15
2796.7,-268.38,794.77,7.1178,0.8009,0.48111,-0.15078,9.5829,-2.3471e-15,1.105e-15
2796.8,-268.36,794.86,7.1028,0.8006,0.48878,-0.14841,9.5829,-2.3471e-15,1.105e-15
2796.9,-268.34,794.95,7.0881,0.80031,0.49635,-0.14591,9.5829,-2.3471e-15,1.105e-15
2797,-268.32,795.04,7.0736,0.80004,0.50384,-0.14329,9.5829,-2.3471e-15,1.105e-15
2797.1,-268.3,795.13,7.0594,0.7998,0.51124,-0.14054,9.5829,-2.3471e-15,1.105e-15
2797.2,-268.28,795.23,7.0455,0.79959,0.51856,-0.13766,9.5829,-2.3471e-15,1.105e-15
2797.3,-268.25,795.32,7.0319,0.79942,0.52581,-0.13466,9.5829,-2.3471e-15,1.105e-15
2797.4,-268.23,795.41,7.0186,0.79931,0.53299,-0.13154,9.5829,-2.3471e-15,1.105e-15
2797.5,-268.21,795.51,7.0056,0.79926,0.54011,-0.12828,9.5829,-2.3471e-15,1.105e-15
2797.6,-268.18,795.6,6.993,0.79928,0.54718,-0.1249,9.5829,-2.3471e-15,1.105e-15
2797.7,-268.16,795.69,6.9806,0.79938,0.55421,-0.12138,9.5829,-2.3471e-15,1.105e-15
2797.8,-268.13,795.79,6.9687,0.79956,0.5612,-0.11771,9.5829,-2.3471e-15,1.105e-15
2797.9,-268.1,795.88,6.9571,0.79984,0.56816,-0.1139,9.5829,-2.3471e-15,1.105e-15
2798,-268.08,795.98,6.9459,0.80023,0.5751,-0.10994,9.5829,-2.3471e-15,1.105e-15
2798.1,-268.05,796.07,6.9351,0.80074,0.58203,-0.1058,9.5829,-2.3471e-15,1.105e-15
2798.2,-268.02,796.17,6.9248,0.80136,0.58897,-0.10149,9.5829,-2.3471e-15,1.105e-15
2798.3,-267.99,796.26,6.9148,0.80213,0.59592,-0.096985,9.5829,-2.3471e-15,1.105e-15
2798.4,-267.96,796.36,6.9054,0.80304,0.60289,-0.09227,9.5829,-2.3471e-15,1.105e-15
2798.5,-267.93,796.45,6.8964,0.80411,0.6099,-0.087324,9.5829,-2.3471e-15,1.105e-15
2798.6,-267.9,796.55,6.8879,0.80536,0.61696,-0.082123,9.5829,-2.3471e-15,1.105e-15
2798.7,-267.87,796.65,6.88,0.80679,0.62409,-0.076637,9.5829,-2.3471e-15,1.105e-15
2798.8,-267.84,796.74,6.8726,0.80843,0.6313,-0.070831,9.5829,-2.3471e-15,1.105e-15
2798.9,-267.8,796.84,6.8658,0.81029,0.6386,-0.064662,9.5829,-2.3471e-15,1.105e-15
2799,-267.77,796.94,6.8597,0.81239,0.64602,-0.058078,9.5829,-2.3471e-15,1.105e-15
2799.1,-267.74,797.04,6.8542,0.81477,0.65358,-0.051017,9.5829,-2.3471e-15,1.105e-15
2799.2,-267.7,797.14,6.8495,0.81745,0.66131,-0.0434,9.5829,-2.3471e-15,1.105e-15
2799.3,-267.67,797.24,6.8456,0.82046,0.66922,-0.035128,9.5829,-2.3471e-15,1.105e-15
2799.4,-267.64,797.34,6.8425,0.82384,0.67736,-0.026079,9.5829,-2.3471e-15,1.105e-15
2799.5,-267.6,797.44,6.8404,0.82766,0.68575,-0.016093,9.5829,-2.3471e-15,1.105e-15
2799.6,-267.57,797.54,6.8393,0.83196,0.69445,-0.0049618,9.5829,-2.3471e-15,1.105e-15
2799.7,-267.53,797.65,6.8394,0.83684,0.70278,0.0073107,9.5829,-2.3471e-15,1.105e-15
2799.8,-267.5,797.75,6.8408,0.84231,0.70763,0.019492,9.5829,-2.3471e-15,1.105e-15
2799.9,-267.47,797.85,6.8433,0.84834,0.70859,0.030967,9.5829,-2.3471e-15,1.105e-15
2800,-267.43,797.96,6.8469,0.85486,0.70582,0.041322,9.5829,-2.3471e-15,1.105e-15
2800.1,-267.4,798.06,6.8515,0.86174,0.69964,0.050265,9.5829,-2.3471e-15,1.105e-15
2800.2,-267.36,798.17,6.8569,0.86886,0.69051,0.057638,9.5829,-2.3471e-15,1.105e-15
2800.3,-267.33,798.28,6.863,0.87609,0.67895,0.063397,9.5829,-2.3471e-15,1.105e-15
2800.4,-267.29,798.38,6.8695,0.88331,0.66549,0.067595,9.5829,-2.3471e-15,1.105e-15
2800.5,-267.25,798.48,6.8765,0.89041,0.65066,0.070345,9.5829,-2.3471e-15,1.105e-15
2800.6,-267.22,798.59,6.8836,0.89729,0.63494,0.0718,9.4861,-0.88534,0.43426
2800.7,-267.18,798.69,6.8914,0.90398,0.61316,0.08367,9.4861,-0.88534,0.43426
2800.8,-267.14,798.79,6.9002,0.91086,0.58781,0.093114,9.4861,-0.88534,0.43426
2800.9,-267.1,798.89,6.9099,0.91773,0.5598,0.1004,9.4861,-0.88534,0.43426
2801,-267.05,798.99,6.9202,0.92443,0.52994,0.10589,9.4861,-0.88534,0.43426
2801.1,-267.01,799.09,6.931,0.93084,0.49888,0.10996,9.4861,-0.88534,0.43426
2801.2,-266.97,799.18,6.9422,0.9369,0.46716,0.11299,9.4861,-0.88534,0.43426
2801.3,-266.92,799.27,6.9536,0.94254,0.43514,0.11533,9.4861,-0.88534,0.43426
2801.4,-266.87,799.37,6.9653,0.94774,0.40313,0.11726,9.4861,-0.88534,0.43426
2801.5,-266.82,799.46,6.9771,0.95251,0.37129,0.11907,9.4861,-0.88534,0.43426
2801.6,-266.77,799.55,6.9891,0.95684,0.33975,0.12098,9.4861,-0.88534,0.43426
2801.7,-266.72,799.63,7.0013,0.96075,0.30855,0.12319,9.4861,-0.88534,0.43426
2801.8,-266.67,799.72,7.0137,0.96426,0.27772,0.12588,9.4861,-0.88534,0.43426
2801.9,-266.62,799.8,7.0265,0.9674,0.24725,0.1292,9.4861,-0.88534,0.43426
2802,-266.56,799.89,7.0396,0.97016,0.21711,0.13328,9.4861,-0.88534,0.43426
2802.1,-266.5,799.97,7.0532,0.97258,0.18728,0.13824,9.4861,-0.88534,0.43426
2802.2,-266.45,800.05,7.0673,0.97466,0.1577,0.14418,9.4861,-0.88534,0.43426
2802.3,-266.39,800.13,7.082,0.9764,0.12838,0.1512,9.4861,-0.88534,0.43426
2802.4,-266.33,800.21,7.0976,0.9778,0.099284,0.15934,9.4861,-0.88534,0.43426
2802.5,-266.27,800.28,7.1139,0.97885,0.07043,0.16865,9.4861,-0.88534,0.43426
2802.6,-266.21,800.36,7.1313,0.97954,0.041848,0.17913,9.4861,-0.88534,0.43426
2802.7,-266.15,800.44,7.1498,0.97983,0.013592,0.19074,9.4861,-0.88534,0.43426
2802.8,-266.08,800.51,7.1695,0.97971,-0.014408,0.20323,9.4861,-0.88534,0.43426
2802.9,-266.02,800.59,7.1904,0.97913,-0.042922,0.21549,9.4861,-0.88534,0.43426
2803,-265.95,800.66,7.2126,0.97803,-0.071971,0.22707,9.4861,-0.88534,0.43426
2803.1,-265.89,800.73,7.2358,0.97637,-0.10141,0.23775,9.4861,-0.88534,0.43426
2803.2,-265.83,800.81,7.2601,0.97412,-0.13108,0.24736,9.4861,-0.88534,0.43426
2803.3,-265.76,800.88,7.2853,0.97125,-0.16081,0.25576,9.4861,-0.88534,0.43426
2803.4,-265.69,800.95,7.3112,0.96775,-0.19042,0.26288,9.4861,-0.88534,0.43426
2803.5,-265.63,801.03,7.3378,0.96362,-0.21977,0.26872,9.4861,-0.88534,0.43426
2803.6,-265.56,801.1,7.3649,0.95889,-0.24869,0.27327,9.4861,-0.88534,0.43426
2803.7,-265.49,801.17,7.3924,0.95357,-0.27707,0.27659,9.4861,-0.88534,0.43426
2803.8,-265.43,801.25,7.4202,0.94771,-0.30479,0.27873,9.4861,-0.88534,0.43426
2803.9,-265.36,801.32,7.4481,0.94136,-0.33177,0.27977,9.4861,-0.88534,0.43426
2804,-265.29,801.39,7.4761,0.93457,-0.35795,0.27978,9.4861,-0.88534,0.43426
2804.1,-265.22,801.47,7.504,0.9274,-0.38327,0.27887,9.4861,-0.88534,0.43426
2804.2,-265.15,801.54,7.5318,0.91992,-0.40771,0.2771,9.4861,-0.88534,0.43426
2804.3,-265.09,801.62,7.5594,0.91217,-0.43126,0.27455,9.4861,-0.88534,0.43426
2804.4,-265.02,801.69,7.5867,0.90423,-0.45392,0.27131,9.4861,-0.88534,0.43426
2804.5,-264.95,801.77,7.6137,0.89616,-0.4757,0.26743,9.4861,-0.88534,0.43426
2804.6,-264.88,801.84,7.6402,0.88802,-0.49663,0.26299,9.4861,-0.88534,0.43426
2804.7,-264.82,801.92,7.6663,0.87987,-0.51674,0.25804,9.4861,-0.88534,0.43426
2804.8,-264.75,802,7.6918,0.87175,-0.53606,0.25263,9.4861,-0.88534,0.43426
2804.9,-264.68,802.07,7.7168,0.86373,-0.55465,0.24681,9.4861,-0.88534,0.43426
2805,-264.62,802.15,7.7411,0.85585,-0.57255,0.24061,9.4861,-0.88534,0.43426
2805.1,-264.55,802.23,7.7649,0.84814,-0.58982,0.23407,9.4861,-0.88534,0.43426
2805.2,-264.48,802.31,7.7879,0.84067,-0.60651,0.2272,9.4861,-0.88534,0.43426
2805.3,-264.42,802.39,7.8103,0.83345,-0.62267,0.22004,9.4861,-0.88534,0.43426
2805.4,-264.35,802.47,7.8319,0.82654,-0.63838,0.21259,9.4861,-0.88534,0.43426
2805.5,-264.29,802.55,7.8528,0.81995,-0.65369,0.20485,9.4861,-0.88534,0.43426
2805.6,-264.22,802.63,7.8729,0.81373,-0.66866,0.19684,9.4861,-0.88534,0.43426
2805.7,-264.16,802.72,7.8922,0.8079,-0.68337,0.18854,9.4861,-0.88534,0.43426
2805.8,-264.09,802.8,7.9106,0.8025,-0.69787,0.17995,9.4861,-0.88534,0.43426
2805.9,-264.03,802.89,7.9282,0.79754,-0.71224,0.17103,0.69904,-1.7122e-16,8.7065e-17
2806,-263.96,802.97,7.9442,0.77398,-0.72251,0.1497,0.69904,-1.7122e-16,8.7065e-17
2806.1,-263.9,803.05,7.9581,0.75233,-0.73218,0.1283,0.69904,-1.7122e-16,8.7065e-17
2806.2,-263.83,803.14,7.9698,0.73258,-0.74151,0.10655,0.69904,-1.7122e-16,8.7065e-17
2806.3,-263.77,803.22,7.9794,0.71474,-0.75076,0.084166,0.69904,-1.7122e-16,8.7065e-17
2806.4,-263.7,803.3,7.9866,0.69884,-0.7602,0.060765,0.69904,-1.7122e-16,8.7065e-17
2806.5,-263.63,803.37,7.9915,0.68495,-0.77009,0.035875,0.69904,-1.7122e-16,8.7065e-17
2806.6,-263.57,803.45,7.9937,0.67317,-0.78077,0.0088421,0.69904,-1.7122e-16,8.7065e-17
2806.7,-263.5,803.53,7.9932,0.66366,-0.78995,-0.020135,0.69904,-1.7122e-16,8.7065e-17
2806.8,-263.43,803.61,7.9898,0.6564,-0.78999,-0.047285,0.69904,-1.7122e-16,8.7065e-17
2806.9,-263.36,803.68,7.9838,0.65111,-0.78102,-0.070696,0.69904,-1.7122e-16,8.7065e-17
2807,-263.29,803.76,7.9758,0.64736,-0.76443,-0.089455,0.69904,-1.7122e-16,8.7065e-17
2807.1,-263.22,803.83,7.9661,0.64469,-0.74194,-0.10342,0.69904,-1.7122e-16,8.7065e-17
2807.2,-263.16,803.9,7.9553,0.64267,-0.71534,-0.11297,0.69904,-1.7122e-16,8.7065e-17
2807.3,-263.09,803.97,7.9436,0.64092,-0.6862,-0.1188,0.69904,-1.7122e-16,8.7065e-17
2807.4,-263.03,804.04,7.9316,0.63918,-0.6558,-0.12165,0.69904,-1.7122e-16,8.7065e-17
2807.5,-262.97,804.11,7.9194,0.63726,-0.62511,-0.12223,0.69904,-1.7122e-16,8.7065e-17
2807.6,-262.92,804.18,7.9072,0.63505,-0.59484,-0.12113,0.69904,-1.7122e-16,8.7065e-17
2807.7,-262.86,804.24,7.8952,0.6325,-0.56543,-0.11884,0.69904,-1.7122e-16,8.7065e-17
2807.8,-262.81,804.31,7.8835,0.62957,-0.5372,-0.11574,0.69904,-1.7122e-16,8.7065e-17
2807.9,-262.76,804.37,7.8721,0.62628,-0.5103,-0.11212,0.69904,-1.7122e-16,8.7065e-17
2808,-262.71,804.43,7.8611,0.62265,-0.48482,-0.10818,0.69904,-1.7122e-16,8.7065e-17
2808.1,-262.66,804.5,7.8504,0.61871,-0.46077,-0.10407,0.69904,-1.7122e-16,8.7065e-17
2808.2,-262.62,804.56,7.8402,0.61449,-0.43814,-0.099907,0.69904,-1.7122e-16,8.7065e-17
2808.3,-262.57,804.62,7.8305,0.61002,-0.41686,-0.095766,0.69904,-1.7122e-16,8.7065e-17
2808.4,-262.53,804.68,7.8211,0.60535,-0.39688,-0.091699,0.69904,-1.7122e-16,8.7065e-17
2808.5,-262.49,804.74,7.8121,0.6005,-0.37813,-0.087743,0.69904,-1.7122e-16,8.7065e-17
2808.6,-262.45,804.79,7.8035,0.59551,-0.36054,-0.083919,0.69904,-1.7122e-16,8.7065e-17
2808.7,-262.41,804.85,7.7953,0.59041,-0.34402,-0.080241,0.69904,-1.7122e-16,8.7065e-17
2808.8,-262.37,804.91,7.7875,0.58521,-0.32851,-0.076717,0.69904,-1.7122e-16,8.7065e-17
2808.9,-262.34,804.96,7.78,0.57996,-0.31394,-0.073349,0.69904,-1.7122e-16,8.7065e-17
2809,-262.3,805.02,7.7728,0.57465,-0.30023,-0.070136,0.69904,-1.7122e-16,8.7065e-17
2809.1,-262.27,805.07,7.7659,0.56932,-0.28734,-0.067076,0.69904,-1.7122e-16,8.7065e-17
2809.2,-262.23,805.13,7.7594,0.56398,-0.27519,-0.064163,0.69904,-1.7122e-16,8.7065e-17
2809.3,-262.2,805.18,7.7531,0.55864,-0.26374,-0.061392,0.69904,-1.7122e-16,8.7065e-17
2809.4,-262.17,805.23,7.7471,0.55331,-0.25294,-0.058758,0.69904,-1.7122e-16,8.7065e-17
2809.5,-262.14,805.28,7.7414,0.54801,-0.24274,-0.056254,0.69904,-1.7122e-16,8.7065e-17
2809.6,-262.11,805.34,7.7358,0.54274,-0.2331,-0.053874,0.69904,-1.7122e-16,8.7065e-17
2809.7,-262.08,805.39,7.7306,0.53752,-0.22398,-0.05161,0.69904,-1.7122e-16,8.7065e-17
2809.8,-262.05,805.44,7.7255,0.53234,-0.21534,-0.049458,0.69904,-1.7122e-16,8.7065e-17
2809.9,-262.02,805.49,7.7207,0.52721,-0.20716,-0.047411,0.69904,-1.7122e-16,8.7065e-17
2810,-262,805.54,7.716,0.52214,-0.19939,-0.045463,0.69904,-1.7122e-16,8.7065e-17
2810.1,-261.97,805.59,7.7116,0.51713,-0.19203,-0.043609,0.69904,-1.7122e-16,8.7065e-17
2810.2,-261.94,805.63,7.7073,0.51219,-0.18503,-0.041843,0.69904,-1.7122e-16,8.7065e-17
2810.3,-261.92,805.68,7.7032,0.50731,-0.17837,-0.040161,0.69904,-1.7122e-16,8.7065e-17
2810.4,-261.89,805.73,7.6993,0.50251,-0.17204,-0.038557,0.69904,-1.7122e-16,8.7065e-17
2810.5,-261.87,805.78,7.6955,0.49777,-0.16601,-0.037028,0.69904,-1.7122e-16,8.7065e-17
2810.6,-261.85,805.82,7.6919,0.49311,-0.16027,-0.035569,0.69904,-1.7122e-16,8.7065e-17
2810.7,-261.82,805.87,7.6884,0.48852,-0.15479,-0.034176,0.69904,-1.7122e-16,8.7065e-17
2810.8,-261.8,805.91,7.685,0.48401,-0.14956,-0.032846,0.69904,-1.7122e-16,8.7065e-17
2810.9,-261.78,805.96,7.6818,0.47957,-0.14457,-0.031575,0.69904,-1.7122e-16,8.7065e-17
2811,-261.75,806,7.6787,0.4752,-0.1398,-0.03036,0.69904,-1.7122e-16,8.7065e-17
2811.1,-261.73,806.05,7.6757,0.47091,-0.13524,-0.029198,0.69904,-1.7122e-16,8.7065e-17
2811.2,-261.71,806.09,7.6729,0.46669,-0.13088,-0.028085,0.69904,-1.7122e-16,8.7065e-17
2811.3,-261.69,806.13,7.6701,0.46255,-0.1267,-0.027021,0.69904,-1.7122e-16,8.7065e-17
2811.4,-261.67,806.18,7.6675,0.45848,-0.12271,-0.026001,0.69904,-1.7122e-16,8.7065e-17
2811.5,-261.65,806.22,7.6649,0.45448,-0.11887,-0.025023,0.69904,-1.7122e-16,8.7065e-17
2811.6,-261.63,806.26,7.6625,0.45055,-0.1152,-0.024086,0.69904,-1.7122e-16,8.7065e-17
2811.7,-261.61,806.3,7.6601,0.4467,-0.11168,-0.023187,0.69904,-1.7122e-16,8.7065e-17
2811.8,-261.59,806.34,7.6578,0.44291,-0.1083,-0.022325,0.69904,-1.7122e-16,8.7065e-17
2811.9,-261.57,806.39,7.6556,0.4392,-0.10505,-0.021497,0.69904,-1.7122e-16,8.7065e-17
2812,-261.55,806.43,7.6535,0.43555,-0.10193,-0.020702,0.69904,-1.7122e-16,8.7065e-17
2812.1,-261.53,806.47,7.6515,0.43197,-0.098934,-0.019937,0.69904,-1.7122e-16,8.7065e-17
2812.2,-261.51,806.51,7.6495,0.42845,-0.096052,-0.019203,0.69904,-1.7122e-16,8.7065e-17
2812.3,-261.5,806.55,7.6476,0.42501,-0.093279,-0.018496,0.69904,-1.7122e-16,8.7065e-17
2812.4,-261.48,806.59,7.6458,0.42162,-0.090612,-0.017817,0.69904,-1.7122e-16,8.7065e-17
2812.5,-261.46,806.63,7.6441,0.4183,-0.088044,-0.017163,0.69904,-1.7122e-16,8.7065e-17
2812.6,-261.44,806.66,7.6424,0.41504,-0.085571,-0.016533,0.69904,-1.7122e-16,8.7065e-17
2812.7,-261.43,806.7,7.6408,0.41184,-0.083188,-0.015927,0.69904,-1.7122e-16,8.7065e-17
2812.8,-261.41,806.74,7.6392,0.4087,-0.080892,-0.015342,0.69904,-1.7122e-16,8.7065e-17
2812.9,-261.39,806.78,7.6377,0.40561,-0.078678,-0.014779,0.69904,-1.7122e-16,8.7065e-17
2813,-261.38,806.82,7.6363,0.40259,-0.076543,-0.014236,0.69904,-1.7122e-16,8.7065e-17
2813.1,-261.36,806.86,7.6349,0.39962,-0.074484,-0.013712,0.69904,-1.7122e-16,8.7065e-17
2813.2,-261.35,806.89,7.6335,0.39671,-0.072496,-0.013207,0.69904,-1.7122e-16,8.7065e-17
2813.3,-261.33,806.93,7.6322,0.39385,-0.070577,-0.012719,0.69904,-1.7122e-16,8.7065e-17
2813.4,-261.31,806.97,7.631,0.39104,-0.068724,-0.012248,0.69904,-1.7122e-16,8.7065e-17
2813.5,-261.3,807,7.6298,0.38829,-0.066935,-0.011793,0.69904,-1.7122e-16,8.7065e-17
2813.6,-261.28,807.04,7.6286,0.38558,-0.065206,-0.011353,0.69904,-1.7122e-16,8.7065e-17
2813.7,-261.27,807.07,7.6275,0.38293,-0.063535,-0.010928,0.69904,-1.7122e-16,8.7065e-17
2813.8,-261.25,807.11,7.6264,0.38032,-0.061919,-0.010518,0.69904,-1.7122e-16,8.7065e-17
2813.9,-261.24,807.15,7.6254,0.37776,-0.060357,-0.01012,0.69904,-1.7122e-16,8.7065e-17
2814,-261.23,807.18,7.6244,0.37525,-0.058846,-0.0097362,0.69904,-1.7122e-16,8.7065e-17
2814.1,-261.21,807.22,7.6234,0.37279,-0.057384,-0.0093644,0.69904,-1.7122e-16,8.7065e-17
2814.2,-261.2,807.25,7.6225,0.37037,-0.05597,-0.0090046,0.69904,-1.7122e-16,8.7065e-17
2814.3,-261.18,807.29,7.6216,0.36799,-0.054601,-0.0086561,0.69904,-1.7122e-16,8.7065e-17
2814.4,-261.17,807.32,7.6208,0.36566,-0.053276,-0.0083187,0.69904,-1.7122e-16,8.7065e-17
2814.5,-261.16,807.35,7.62,0.36337,-0.051992,-0.0079918,0.69904,-1.7122e-16,8.7065e-17
2814.6,-261.14,807.39,7.6192,0.36112,-0.050749,-0.007675,0.69904,-1.7122e-16,8.7065e-17
2814.7,-261.13,807.42,7.6184,0.35891,-0.049545,-0.007368,0.69904,-1.7122e-16,8.7065e-17
2814.8,-261.12,807.46,7.6177,0.35675,-0.048379,-0.0070703,0.69904,-1.7122e-16,8.7065e-17
2814.9,-261.1,807.49,7.617,0.35462,-0.047248,-0.0067816,0.69904,-1.7122e-16,8.7065e-17
2815,-261.09,807.52,7.6164,0.35252,-0.046153,-0.0065016,0.69904,-1.7122e-16,8.7065e-17
2815.1,-261.08,807.56,7.6157,0.35047,-0.04509,-0.0062299,0.69904,-1.7122e-16,8.7065e-17
2815.2,-261.07,807.59,7.6151,0.34845,-0.04406,-0.0059662,0.69904,-1.7122e-16,8.7065e-17
2815.3,-261.05,807.62,7.6145,0.34647,-0.043061,-0.0057101,0.69904,-1.7122e-16,8.7065e-17
2815.4,-261.04,807.65,7.614,0.34452,-0.042092,-0.0054616,0.69904,-1.7122e-16,8.7065e-17
2815.5,-261.03,807.69,7.6134,0.34261,-0.041152,-0.0052201,0.69904,-1.7122e-16,8.7065e-17
2815.6,-261.02,807.72,7.6129,0.34073,-0.04024,-0.0049856,0.69904,-1.7122e-16,8.7065e-17
2815.7,-261,807.75,7.6124,0.33888,-0.039355,-0.0047577,0.69904,-1.7122e-16,8.7065e-17
2815.8,-260.99,807.78,7.612,0.33707,-0.038497,-0.0045362,0.69904,-1.7122e-16,8.7065e-17
2815.9,-260.98,807.81,7.6115,0.33529,-0.037663,-0.0043208,0.69904,-1.7122e-16,8.7065e-17
2816,-260.97,807.85,7.6111,0.33353,-0.036853,-0.0041115,0.69904,-1.7122e-16,8.7065e-17
2816.1,-260.96,807.88,7.6107,0.33181,-0.036068,-0.0039078,0.69904,-1.7122e-16,8.7065e-17
2816.2,-260.95,807.91,7.6103,0.33012,-0.035304,-0.0037097,0.69904,-1.7122e-16,8.7065e-17
2816.3,-260.93,807.94,7.61,0.32846,-0.034563,-0.003517,0.69904,-1.7122e-16,8.7065e-17
2816.4,-260.92,807.97,7.6096,0.32683,-0.033843,-0.0033294,0.69904,-1.7122e-16,8.7065e-17
2816.5,-260.91,808,7.6093,0.32522,-0.033144,-0.0031468,0.69904,-1.7122e-16,8.7065e-17
2816.6,-260.9,808.03,7.609,0.32364,-0.032465,-0.002969,0.69904,-1.7122e-16,8.7065e-17
2816.7,-260.89,808.06,7.6087,0.32209,-0.031805,-0.0027959,0.69904,-1.7122e-16,8.7065e-17
2816.8,-260.88,808.09,7.6084,0.32056,-0.031163,-0.0026273,0.69904,-1.7122e-16,8.7065e-17
2816.9,-260.87,808.12,7.6082,0.31906,-0.03054,-0.002463,0.69904,-1.7122e-16,8.7065e-17
2817,-260.86,808.15,7.608,0.31759,-0.029934,-0.0023029,0.69904,-1.7122e-16,8.7065e-17
2817.1,-260.85,808.18,7.6077,0.31614,-0.029345,-0.0021469,0.69904,-1.7122e-16,8.7065e-17
2817.2,-260.84,808.21,7.6075,0.31472,-0.028772,-0.0019949,0.69904,-1.7122e-16,8.7065e-17
2817.3,-260.83,808.24,7.6073,0.31331,-0.028215,-0.0018467,0.69904,-1.7122e-16,8.7065e-17
2817.4,-260.82,808.27,7.6072,0.31194,-0.027674,-0.0017021,0.69904,-1.7122e-16,8.7065e-17
2817.5,-260.81,808.3,7.607,0.31058,-0.027148,-0.0015611,0.69904,-1.7122e-16,8.7065e-17
2817.6,-260.8,808.33,7.6068,0.30925,-0.026636,-0.0014236,0.69904,-1.7122e-16,8.7065e-17
2817.7,-260.79,808.36,7.6067,0.30794,-0.026138,-0.0012895,0.69904,-1.7122e-16,8.7065e-17
2817.8,-260.78,808.39,7.6066,0.30665,-0.025654,-0.0011586,0.69904,-1.7122e-16,8.7065e-17
2817.9,-260.77,808.42,7.6065,0.30538,-0.025183,-0.0010308,0.69904,-1.7122e-16,8.7065e-17
2818,-260.76,808.45,7.6064,0.30413,-0.024724,-0.00090608,0.69904,-1.7122e-16,8.7065e-17
2818.1,-260.75,808.48,7.6063,0.30291,-0.024279,-0.00078432,0.69904,-1.7122e-16,8.7065e-17
2818.2,-260.74,808.51,7.6062,0.3017,-0.023845,-0.00066543,0.69904,-1.7122e-16,8.7065e-17
2818.3,-260.73,808.53,7.6062,0.30051,-0.023423,-0.00054933,0.69904,-1.7122e-16,8.7065e-17
2818.4,-260.72,808.56,7.6061,0.29935,-0.023012,-0.00043593,0.69904,-1.7122e-16,8.7065e-17
2818.5,-260.71,808.59,7.6061,0.2982,-0.022613,-0.00032514,0.69904,-1.7122e-16,8.7065e-17
2818.6,-260.7,808.62,7.606,0.29707,-0.022224,-0.00021691,0.69904,-1.7122e-16,8.7065e-17
2818.7,-260.69,808.65,7.606,0.29596,-0.021846,-0.00011114,0.69904,-1.7122e-16,8.7065e-17
2818.8,-260.68,808.68,7.606,0.29486,-0.021477,-7.775e-06,0.69904,-1.7122e-16,8.7065e-17
2818.9,-260.67,808.7,7.606,0.29379,-0.021118,9.3409e-05,0.69904,-1.7122e-16,8.7065e-17
2819,-260.66,808.73,7.606,0.29273,-0.020768,0.00019265,0.69904,-1.7122e-16,8.7065e-17
2819.1,-260.65,808.76,7.6061,0.29168,-0.020426,0.00028995,0.69904,-1.7122e-16,8.7065e-17
2819.2,-260.64,808.79,7.6061,0.29066,-0.020092,0.00038536,0.69904,-1.7122e-16,8.7065e-17
2819.3,-260.63,808.82,7.6061,0.28965,-0.019767,0.00047887,0.69904,-1.7122e-16,8.7065e-17
2819.4,-260.62,808.84,7.6062,0.28866,-0.019449,0.00057051,0.69904,-1.7122e-16,8.7065e-17
2819.5,-260.62,808.87,7.6063,0.28768,-0.019139,0.0006603,0.69904,-1.7122e-16,8.7065e-17
2819.6,-260.61,808.9,7.6063,0.28671,-0.018836,0.00074827,0.69904,-1.7122e-16,8.7065e-17
2819.7,-260.6,808.92,7.6064,0.28577,-0.018541,0.00083442,0.69904,-1.7122e-16,8.7065e-17
2819.8,-260.59,808.95,7.6065,0.28483,-0.018252,0.00091878,0.69904,-1.7122e-16,8.7065e-17
2819.9,-260.58,808.98,7.6066,0.28392,-0.017971,0.0010014,2.3309,-0.15397,0.075521
2820,-260.57,809.01,7.6068,0.28666,-0.018363,0.0032239,2.3309,-0.15397,0.075521
2820.1,-260.56,809.03,7.6072,0.28935,-0.018818,0.0054562,2.3309,-0.15397,0.075521
2820.2,-260.55,809.06,7.6079,0.292,-0.019336,0.007694,2.3309,-0.15397,0.075521
2820.3,-260.54,809.09,7.6088,0.29461,-0.019919,0.009933,2.3309,-0.15397,0.075521
2820.4,-260.54,809.12,7.6099,0.29716,-0.020566,0.012169,2.3309,-0.15397,0.075521
2820.5,-260.53,809.15,7.6112,0.29967,-0.021278,0.014397,2.3309,-0.15397,0.075521
2820.6,-260.52,809.17,7.6128,0.30214,-0.022056,0.016613,2.3309,-0.15397,0.075521
2820.7,-260.51,809.2,7.6145,0.30456,-0.022899,0.018813,2.3309,-0.15397,0.075521
2820.8,-260.5,809.23,7.6165,0.30693,-0.023806,0.020992,2.3309,-0.15397,0.075521
2820.9,-260.49,809.26,7.6187,0.30926,-0.024778,0.023147,2.3309,-0.15397,0.075521
2821,-260.48,809.29,7.6211,0.31154,-0.025812,0.025273,2.3309,-0.15397,0.075521
2821.1,-260.47,809.32,7.6238,0.31378,-0.026909,0.027368,2.3309,-0.15397,0.075521
2821.2,-260.46,809.35,7.6266,0.31598,-0.028067,0.029426,2.3309,-0.15397,0.075521
2821.3,-260.45,809.38,7.6297,0.31813,-0.029284,0.031446,2.3309,-0.15397,0.075521
2821.4,-260.44,809.41,7.6329,0.32024,-0.030558,0.033425,2.3309,-0.15397,0.075521
2821.5,-260.43,809.44,7.6363,0.3223,-0.031888,0.035359,2.3309,-0.15397,0.075521
2821.6,-260.42,809.47,7.64,0.32431,-0.033273,0.037247,2.3309,-0.15397,0.075521
2821.7,-260.41,809.51,7.6438,0.32629,-0.034708,0.039087,2.3309,-0.15397,0.075521
2821.8,-260.4,809.54,7.6478,0.32822,-0.036194,0.040876,2.3309,-0.15397,0.075521
2821.9,-260.39,809.57,7.652,0.3301,-0.037726,0.042613,2.3309,-0.15397,0.075521
2822,-260.38,809.6,7.6563,0.33195,-0.039302,0.044298,2.3309,-0.15397,0.075521
2822.1,-260.37,809.63,7.6608,0.33375,-0.040921,0.045929,2.3309,-0.15397,0.075521
2822.2,-260.36,809.66,7.6655,0.3355,-0.042579,0.047506,2.3309,-0.15397,0.075521
2822.3,-260.35,809.7,7.6703,0.33722,-0.044275,0.049028,2.3309,-0.15397,0.075521
2822.4,-260.34,809.73,7.6753,0.33889,-0.046004,0.050495,2.3309,-0.15397,0.075521
2822.5,-260.33,809.76,7.6804,0.34052,-0.047765,0.051907,2.3309,-0.15397,0.075521
2822.6,-260.32,809.79,7.6857,0.3421,-0.049555,0.053265,2.3309,-0.15397,0.075521
2822.7,-260.3,809.83,7.6911,0.34365,-0.051371,0.054569,2.3309,-0.15397,0.075521
2822.8,-260.29,809.86,7.6966,0.34515,-0.053211,0.05582,2.3309,-0.15397,0.075521
2822.9,-260.28,809.89,7.7022,0.34661,-0.055072,0.057018,2.3309,-0.15397,0.075521
2823,-260.27,809.93,7.708,0.34804,-0.056952,0.058164,2.3309,-0.15397,0.075521
2823.1,-260.26,809.96,7.7139,0.34942,-0.058848,0.059259,2.3309,-0.15397,0.075521
2823.2,-260.25,809.99,7.7198,0.35076,-0.060758,0.060304,2.3309,-0.15397,0.075521
2823.3,-260.24,810.03,7.7259,0.35206,-0.06268,0.061301,2.3309,-0.15397,0.075521
2823.4,-260.23,810.06,7.7321,0.35332,-0.064611,0.06225,2.3309,-0.15397,0.075521
2823.5,-260.22,810.1,7.7384,0.35455,-0.06655,0.063154,2.3309,-0.15397,0.075521
2823.6,-260.21,810.13,7.7447,0.35574,-0.068494,0.064012,2.3309,-0.15397,0.075521
2823.7,-260.2,810.17,7.7512,0.35689,-0.070441,0.064826,2.3309,-0.15397,0.075521
2823.8,-260.19,810.2,7.7577,0.358,-0.072389,0.065599,2.3309,-0.15397,0.075521
2823.9,-260.18,810.24,7.7643,0.35908,-0.074338,0.06633,2.3309,-0.15397,0.075521
2824,-260.17,810.27,7.771,0.36012,-0.076284,0.067021,2.3309,-0.15397,0.075521
2824.1,-260.16,810.31,7.7777,0.36113,-0.078226,0.067675,2.3309,-0.15397,0.075521
2824.2,-260.14,810.34,7.7845,0.3621,-0.080163,0.068291,2.3309,-0.15397,0.075521
2824.3,-260.13,810.38,7.7914,0.36304,-0.082093,0.068871,2.3309,-0.15397,0.075521
2824.4,-260.12,810.41,7.7983,0.36395,-0.084016,0.069417,2.3309,-0.15397,0.075521
2824.5,-260.11,810.45,7.8052,0.36482,-0.085928,0.06993,2.3309,-0.15397,0.075521
2824.6,-260.1,810.49,7.8123,0.36566,-0.087831,0.070411,2.3309,-0.15397,0.075521
2824.7,-260.09,810.52,7.8193,0.36647,-0.089721,0.070861,2.3309,-0.15397,0.075521
2824.8,-260.08,810.56,7.8264,0.36726,-0.091599,0.071281,2.3309,-0.15397,0.075521
2824.9,-260.07,810.59,7.8336,0.36801,-0.093463,0.071673,2.3309,-0.15397,0.075521
2825,-260.06,810.63,7.8408,0.36873,-0.095312,0.072037,2.3309,-0.15397,0.075521
2825.1,-260.05,810.67,7.848,0.36943,-0.097146,0.072375,2.3309,-0.15397,0.075521
2825.2,-260.04,810.71,7.8552,0.37009,-0.098963,0.072687,2.3309,-0.15397,0.075521
2825.3,-260.03,810.74,7.8625,0.37073,-0.10076,0.072976,2.3309,-0.15397,0.075521
2825.4,-260.02,810.78,7.8698,0.37135,-0.10255,0.07324,2.3309,-0.15397,0.075521
2825.5,-260.01,810.82,7.8772,0.37194,-0.10431,0.073483,2.3309,-0.15397,0.075521
2825.6,-260,810.85,7.8845,0.3725,-0.10606,0.073703,2.3309,-0.15397,0.075521
2825.7,-259.99,810.89,7.8919,0.37305,-0.10778,0.073903,2.3309,-0.15397,0.075521
2825.8,-259.99,810.93,7.8993,0.37356,-0.10949,0.074084,2.3309,-0.15397,0.075521
2825.9,-259.98,810.97,7.9067,0.37406,-0.11117,0.074245,2.3309,-0.15397,0.075521
2826,-259.97,811.01,7.9141,0.37453,-0.11284,0.074388,2.3309,-0.15397,0.075521
2826.1,-259.96,811.04,7.9216,0.37498,-0.11448,0.074513,2.3309,-0.15397,0.075521
2826.2,-259.95,811.08,7.9291,0.37542,-0.1161,0.074622,2.3309,-0.15397,0.075521
2826.3,-259.94,811.12,7.9365,0.37583,-0.1177,0.074715,2.3309,-0.15397,0.075521
2826.4,-259.93,811.16,7.944,0.37622,-0.11928,0.074792,2.3309,-0.15397,0.075521
2826.5,-259.92,811.2,7.9515,0.37659,-0.12084,0.074855,2.3309,-0.15397,0.075521
2826.6,-259.92,811.24,7.959,0.37695,-0.12238,0.074903,0.98202,-2.4053e-16,1.2365e-16
2826.7,-259.91,811.27,7.9664,0.37429,-0.1232,0.072858,0.98202,-2.4053e-16,1.2365e-16
2826.8,-259.9,811.31,7.9735,0.3717,-0.12392,0.0709,0.98202,-2.4053e-16,1.2365e-16
2826.9,-259.89,811.35,7.9805,0.36917,-0.12453,0.069024,0.98202,-2.4053e-16,1.2365e-16
2827,-259.88,811.39,7.9873,0.3667,-0.12504,0.067223,0.98202,-2.4053e-16,1.2365e-16
2827.1,-259.88,811.43,7.994,0.3643,-0.12546,0.06549,0.98202,-2.4053e-16,1.2365e-16
2827.2,-259.87,811.47,8.0004,0.36195,-0.1258,0.063822,0.98202,-2.4053e-16,1.2365e-16
2827.3,-259.86,811.5,8.0067,0.35967,-0.12606,0.062215,0.98202,-2.4053e-16,1.2365e-16
2827.4,-259.85,811.54,8.0129,0.35744,-0.12625,0.060663,0.98202,-2.4053e-16,1.2365e-16
2827.5,-259.85,811.58,8.0189,0.35527,-0.12636,0.059163,0.98202,-2.4053e-16,1.2365e-16
2827.6,-259.84,811.61,8.0247,0.35316,-0.12641,0.057714,0.98202,-2.4053e-16,1.2365e-16
2827.7,-259.84,811.65,8.0304,0.35109,-0.1264,0.056311,0.98202,-2.4053e-16,1.2365e-16
2827.8,-259.83,811.69,8.036,0.34908,-0.12633,0.054952,0.98202,-2.4053e-16,1.2365e-16
2827.9,-259.82,811.72,8.0414,0.34713,-0.12621,0.053636,0.98202,-2.4053e-16,1.2365e-16
2828,-259.82,811.76,8.0467,0.34522,-0.12603,0.052359,0.98202,-2.4053e-16,1.2365e-16
2828.1,-259.81,811.8,8.0519,0.34336,-0.12581,0.051121,0.98202,-2.4053e-16,1.2365e-16
2828.2,-259.81,811.83,8.0569,0.34154,-0.12554,0.049919,0.98202,-2.4053e-16,1.2365e-16
2828.3,-259.8,811.87,8.0619,0.33978,-0.12523,0.048752,0.98202,-2.4053e-16,1.2365e-16
2828.4,-259.8,811.9,8.0667,0.33805,-0.12488,0.047619,0.98202,-2.4053e-16,1.2365e-16
2828.5,-259.79,811.94,8.0714,0.33638,-0.12449,0.046518,0.98202,-2.4053e-16,1.2365e-16
2828.6,-259.79,811.98,8.076,0.33474,-0.12406,0.045448,0.98202,-2.4053e-16,1.2365e-16
2828.7,-259.78,812.01,8.0805,0.33315,-0.1236,0.044408,0.98202,-2.4053e-16,1.2365e-16
2828.8,-259.78,812.05,8.0849,0.33159,-0.12311,0.043397,0.98202,-2.4053e-16,1.2365e-16
2828.9,-259.77,812.08,8.0892,0.33008,-0.12259,0.042414,0.98202,-2.4053e-16,1.2365e-16
2829,-259.77,812.12,8.0934,0.32861,-0.12204,0.041458,0.98202,-2.4053e-16,1.2365e-16
2829.1,-259.76,812.15,8.0975,0.32717,-0.12147,0.040528,0.98202,-2.4053e-16,1.2365e-16
2829.2,-259.76,812.19,8.1015,0.32577,-0.12087,0.039623,0.98202,-2.4053e-16,1.2365e-16
2829.3,-259.76,812.22,8.1054,0.3244,-0.12025,0.038743,0.98202,-2.4053e-16,1.2365e-16
2829.4,-259.75,812.25,8.1092,0.32307,-0.1196,0.037887,0.98202,-2.4053e-16,1.2365e-16
2829.5,-259.75,812.29,8.113,0.32177,-0.11894,0.037054,0.98202,-2.4053e-16,1.2365e-16
2829.6,-259.75,812.32,8.1166,0.32051,-0.11825,0.036243,0.98202,-2.4053e-16,1.2365e-16
2829.7,-259.74,812.36,8.1202,0.31927,-0.11755,0.035455,0.98202,-2.4053e-16,1.2365e-16
2829.8,-259.74,812.39,8.1237,0.31807,-0.11683,0.034687,0.98202,-2.4053e-16,1.2365e-16
2829.9,-259.74,812.42,8.1272,0.3169,-0.1161,0.033941,0.98202,-2.4053e-16,1.2365e-16
2830,-259.74,812.46,8.1305,0.31576,-0.11535,0.033215,0.98202,-2.4053e-16,1.2365e-16
2830.1,-259.73,812.49,8.1338,0.31464,-0.11459,0.032508,0.98202,-2.4053e-16,1.2365e-16
2830.2,-259.73,812.52,8.137,0.31356,-0.11381,0.031821,0.98202,-2.4053e-16,1.2365e-16
2830.3,-259.73,812.56,8.1402,0.3125,-0.11302,0.031153,0.98202,-2.4053e-16,1.2365e-16
2830.4,-259.73,812.59,8.1432,0.31147,-0.11223,0.030502,0.98202,-2.4053e-16,1.2365e-16
2830.5,-259.73,812.62,8.1463,0.31046,-0.11142,0.02987,0.98202,-2.4053e-16,1.2365e-16
2830.6,-259.72,812.66,8.1492,0.30948,-0.1106,0.029255,0.98202,-2.4053e-16,1.2365e-16
2830.7,-259.72,812.69,8.1521,0.30852,-0.10978,0.028657,0.98202,-2.4053e-16,1.2365e-16
2830.8,-259.72,812.72,8.155,0.30758,-0.10894,0.028076,0.98202,-2.4053e-16,1.2365e-16
2830.9,-259.72,812.75,8.1577,0.30667,-0.1081,0.027511,0.98202,-2.4053e-16,1.2365e-16
2831,-259.72,812.79,8.1605,0.30578,-0.10726,0.026962,0.98202,-2.4053e-16,1.2365e-16
2831.1,-259.72,812.82,8.1631,0.30492,-0.10641,0.026428,0.98202,-2.4053e-16,1.2365e-16
2831.2,-259.72,812.85,8.1657,0.30407,-0.10555,0.025909,0.98202,-2.4053e-16,1.2365e-16
2831.3,-259.72,812.88,8.1683,0.30324,-0.10469,0.025405,0.98202,-2.4053e-16,1.2365e-16
2831.4,-259.72,812.92,8.1708,0.30244,-0.10382,0.024915,0.98202,-2.4053e-16,1.2365e-16
2831.5,-259.72,812.95,8.1733,0.30165,-0.10296,0.024439,0.98202,-2.4053e-16,1.2365e-16
2831.6,-259.71,812.98,8.1757,0.30088,-0.10209,0.023977,0.98202,-2.4053e-16,1.2365e-16
2831.7,-259.71,813.01,8.1781,0.30013,-0.10121,0.023529,0.98202,-2.4053e-16,1.2365e-16
2831.8,-259.71,813.04,8.1804,0.2994,-0.10034,0.023093,0.98202,-2.4053e-16,1.2365e-16
2831.9,-259.71,813.07,8.1827,0.29869,-0.099461,0.022671,0.98202,-2.4053e-16,1.2365e-16
2832,-259.72,813.11,8.185,0.29799,-0.098584,0.022261,0.98202,-2.4053e-16,1.2365e-16
2832.1,-259.72,813.14,8.1872,0.29731,-0.097707,0.021863,0.98202,-2.4053e-16,1.2365e-16
2832.2,-259.72,813.17,8.1893,0.29664,-0.096829,0.021476,0.98202,-2.4053e-16,1.2365e-16
2832.3,-259.72,813.2,8.1915,0.296,-0.095952,0.021102,0.98202,-2.4053e-16,1.2365e-16
2832.4,-259.72,813.23,8.1935,0.29536,-0.095075,0.020739,0.98202,-2.4053e-16,1.2365e-16
2832.5,-259.72,813.26,8.1956,0.29474,-0.0942,0.020386,0.98202,-2.4053e-16,1.2365e-16
2832.6,-259.72,813.29,8.1976,0.29414,-0.093326,0.020045,0.98202,-2.4053e-16,1.2365e-16
2832.7,-259.72,813.32,8.1996,0.29355,-0.092454,0.019714,0.98202,-2.4053e-16,1.2365e-16
2832.8,-259.72,813.35,8.2016,0.29297,-0.091584,0.019394,0.98202,-2.4053e-16,1.2365e-16
2832.9,-259.72,813.38,8.2035,0.2924,-0.090716,0.019083,0.98202,-2.4053e-16,1.2365e-16
2833,-259.73,813.42,8.2054,0.29185,-0.089851,0.018782,0.98202,-2.4053e-16,1.2365e-16
2833.1,-259.73,813.45,8.2072,0.29131,-0.088989,0.018491,0.98202,-2.4053e-16,1.2365e-16
2833.2,-259.73,813.48,8.2091,0.29079,-0.08813,0.018209,0.98202,-2.4053e-16,1.2365e-16
2833.3,-259.73,813.51,8.2109,0.29027,-0.087274,0.017937,0.98202,-2.4053e-16,1.2365e-16
2833.4,-259.73,813.54,8.2127,0.28977,-0.086422,0.017673,0.98202,-2.4053e-16,1.2365e-16
2833.5,-259.73,813.57,8.2144,0.28928,-0.085575,0.017417,0.98202,-2.4053e-16,1.2365e-16
2833.6,-259.74,813.6,8.2162,0.2888,-0.084731,0.01717,0.98202,-2.4053e-16,1.2365e-16
2833.7,-259.74,813.63,8.2179,0.28832,-0.083892,0.016932,0.98202,-2.4053e-16,1.2365e-16
2833.8,-259.74,813.66,8.2195,0.28786,-0.083057,0.016701,0.98202,-2.4053e-16,1.2365e-16
2833.9,-259.74,813.69,8.2212,0.28741,-0.082227,0.016478,0.98202,-2.4053e-16,1.2365e-16
2834,-259.75,813.72,8.2228,0.28697,-0.081402,0.016262,0.98202,-2.4053e-16,1.2365e-16
2834.1,-259.75,813.75,8.2245,0.28654,-0.080582,0.016054,0.98202,-2.4053e-16,1.2365e-16
2834.2,-259.75,813.78,8.226,0.28612,-0.079768,0.015853,0.98202,-2.4053e-16,1.2365e-16
2834.3,-259.76,813.81,8.2276,0.28571,-0.078959,0.015659,0.98202,-2.4053e-16,1.2365e-16
2834.4,-259.76,813.83,8.2292,0.28531,-0.078155,0.015472,0.98202,-2.4053e-16,1.2365e-16
2834.5,-259.76,813.86,8.2307,0.28491,-0.077357,0.015291,0.98202,-2.4053e-16,1.2365e-16
2834.6,-259.77,813.89,8.2322,0.28453,-0.076566,0.015117,0.98202,-2.4053e-16,1.2365e-16
2834.7,-259.77,813.92,8.2337,0.28415,-0.07578,0.014949,0.98202,-2.4053e-16,1.2365e-16
2834.8,-259.77,813.95,8.2352,0.28378,-0.075,0.014788,0.98202,-2.4053e-16,1.2365e-16
2834.9,-259.78,813.98,8.2367,0.28342,-0.074227,0.014632,0.98202,-2.4053e-16,1.2365e-16
2835,-259.78,814.01,8.2382,0.28306,-0.073459,0.014481,0.98202,-2.4053e-16,1.2365e-16
2835.1,-259.78,814.04,8.2396,0.28272,-0.072699,0.014337,0.98202,-2.4053e-16,1.2365e-16
2835.2,-259.79,814.07,8.241,0.28238,-0.071945,0.014198,0.98202,-2.4053e-16,1.2365e-16
2835.3,-259.79,814.1,8.2424,0.28204,-0.071197,0.014064,0.98202,-2.4053e-16,1.2365e-16
2835.4,-259.8,814.13,8.2438,0.28172,-0.070456,0.013935,0.98202,-2.4053e-16,1.2365e-16
2835.5,-259.8,814.15,8.2452,0.2814,-0.069722,0.013811,0.98202,-2.4053e-16,1.2365e-16
2835.6,-259.8,814.18,8.2466,0.28109,-0.068995,0.013691,0.98202,-2.4053e-16,1.2365e-16
2835.7,-259.81,814.21,8.248,0.28078,-0.068275,0.013577,0.98202,-2.4053e-16,1.2365e-16
2835.8,-259.81,814.24,8.2493,0.28048,-0.067561,0.013467,0.98202,-2.4053e-16,1.2365e-16
2835.9,-259.82,814.27,8.2507,0.28019,-0.066855,0.013361,0.98202,-2.4053e-16,1.2365e-16
2836,-259.82,814.3,8.252,0.2799,-0.066156,0.01326,0.98202,-2.4053e-16,1.2365e-16
2836.1,-259.83,814.32,8.2533,0.27962,-0.065464,0.013162,0.98202,-2.4053e-16,1.2365e-16
2836.2,-259.83,814.35,8.2546,0.27934,-0.064779,0.013069,0.98202,-2.4053e-16,1.2365e-16
2836.3,-259.84,814.38,8.2559,0.27907,-0.064101,0.01298,0.98202,-2.4053e-16,1.2365e-16
2836.4,-259.84,814.41,8.2572,0.27881,-0.06343,0.012894,0.98202,-2.4053e-16,1.2365e-16
2836.5,-259.85,814.44,8.2585,0.27855,-0.062767,0.012811,0.98202,-2.4053e-16,1.2365e-16
2836.6,-259.85,814.47,8.2598,0.27829,-0.062111,0.012733,0.98202,-2.4053e-16,1.2365e-16
2836.7,-259.86,814.49,8.261,0.27804,-0.061462,0.012657,0.98202,-2.4053e-16,1.2365e-16
2836.8,-259.86,814.52,8.2623,0.2778,-0.06082,0.012585,0.98202,-2.4053e-16,1.2365e-16
2836.9,-259.87,814.55,8.2636,0.27756,-0.060186,0.012516,0.98202,-2.4053e-16,1.2365e-16
2837,-259.87,814.58,8.2648,0.27733,-0.059559,0.01245,0.98202,-2.4053e-16,1.2365e-16
2837.1,-259.88,814.61,8.2661,0.2771,-0.058939,0.012387,0.98202,-2.4053e-16,1.2365e-16
2837.2,-259.89,814.63,8.2673,0.27687,-0.058327,0.012327,0.98202,-2.4053e-16,1.2365e-16
2837.3,-259.89,814.66,8.2685,0.27665,-0.057722,0.01227,0.98202,-2.4053e-16,1.2365e-16
2837.4,-259.9,814.69,8.2697,0.27643,-0.057124,0.012215,0.98202,-2.4053e-16,1.2365e-16
2837.5,-259.9,814.72,8.271,0.27622,-0.056533,0.012162,0.98202,-2.4053e-16,1.2365e-16
2837.6,-259.91,814.74,8.2722,0.27601,-0.05595,0.012113,0.98202,-2.4053e-16,1.2365e-16
2837.7,-259.92,814.77,8.2734,0.27581,-0.055374,0.012065,0.98202,-2.4053e-16,1.2365e-16
2837.8,-259.92,814.8,8.2746,0.2756,-0.054805,0.01202,0.98202,-2.4053e-16,1.2365e-16
2837.9,-259.93,814.83,8.2758,0.27541,-0.054243,0.011977,0.98202,-2.4053e-16,1.2365e-16
2838,-259.93,814.85,8.277,0.27522,-0.053688,0.011936,0.98202,-2.4053e-16,1.2365e-16
2838.1,-259.94,814.88,8.2782,0.27503,-0.053141,0.011897,0.98202,-2.4053e-16,1.2365e-16
2838.2,-259.95,814.91,8.2794,0.27484,-0.052601,0.01186,0.98202,-2.4053e-16,1.2365e-16
2838.3,-259.95,814.93,8.2805,0.27466,-0.052067,0.011825,0.98202,-2.4053e-16,1.2365e-16
2838.4,-259.96,814.96,8.2817,0.27448,-0.051541,0.011791,0.98202,-2.4053e-16,1.2365e-16
2838.5,-259.97,814.99,8.2829,0.2743,-0.051022,0.01176,0.98202,-2.4053e-16,1.2365e-16
2838.6,-259.97,815.02,8.2841,0.27413,-0.050509,0.01173,0.98202,-2.4053e-16,1.2365e-16
2838.7,-259.98,815.04,8.2853,0.27396,-0.050004,0.011701,0.98202,-2.4053e-16,1.2365e-16
2838.8,-259.99,815.07,8.2864,0.2738,-0.049505,0.011674,0.98202,-2.4053e-16,1.2365e-16
2838.9,-260,815.1,8.2876,0.27364,-0.049013,0.011649,0.98202,-2.4053e-16,1.2365e-16
2839,-260,815.12,8.2888,0.27348,-0.048528,0.011625,0.98202,-2.4053e-16,1.2365e-16
2839.1,-260.01,815.15,8.2899,0.27332,-0.04805,0.011602,0.98202,-2.4053e-16,1.2365e-16
2839.2,-260.02,815.18,8.2911,0.27317,-0.047578,0.011581,0.98202,-2.4053e-16,1.2365e-16
2839.3,-260.02,815.2,8.2922,0.27302,-0.047114,0.011561,0.98202,-2.4053e-16,1.2365e-16
2839.4,-260.03,815.23,8.2934,0.27287,-0.046655,0.011542,0.98202,-2.4053e-16,1.2365e-16
2839.5,-260.04,815.26,8.2945,0.27273,-0.046203,0.011524,0.98202,-2.4053e-16,1.2365e-16
2839.6,-260.05,815.28,8.2957,0.27258,-0.045758,0.011507,0.98202,-2.4053e-16,1.2365e-16
2839.7,-260.05,815.31,8.2968,0.27245,-0.045319,0.011491,0.98202,-2.4053e-16,1.2365e-16
2839.8,-260.06,815.34,8.298,0.27231,-0.044886,0.011476,0.98202,-2.4053e-16,1.2365e-16
2839.9,-260.07,815.36,8.2991,0.27217,-0.04446,0.011463,0.98202,-2.4053e-16,1.2365e-16
2840,-260.08,815.39,8.3003,0.27204,-0.044039,0.01145,0.98202,-2.4053e-16,1.2365e-16
2840.1,-260.08,815.42,8.3014,0.27191,-0.043625,0.011437,0.98202,-2.4053e-16,1.2365e-16
2840.2,-260.09,815.44,8.3026,0.27179,-0.043218,0.011426,0.98202,-2.4053e-16,1.2365e-16
2840.3,-260.1,815.47,8.3037,0.27166,-0.042816,0.011415,0.98202,-2.4053e-16,1.2365e-16
2840.4,-260.11,815.5,8.3048,0.27154,-0.04242,0.011406,0.98202,-2.4053e-16,1.2365e-16
2840.5,-260.12,815.52,8.306,0.27142,-0.04203,0.011396,0.98202,-2.4053e-16,1.2365e-16
2840.6,-260.12,815.55,8.3071,0.2713,-0.041646,0.011388,0.98202,-2.4053e-16,1.2365e-16
2840.7,-260.13,815.57,8.3083,0.27119,-0.041268,0.01138,4.0198,0.43596,-0.21384
2840.8,-260.14,815.6,8.3091,0.27788,-0.039023,0.0053757,4.0198,0.43596,-0.21384
2840.9,-260.15,815.63,8.3093,0.28449,-0.036657,-0.00057794,4.0198,0.43596,-0.21384
2841,-260.16,815.65,8.309,0.29101,-0.034105,-0.0065059,4.0198,0.43596,-0.21384
2841.1,-260.17,815.68,8.308,0.29745,-0.031328,-0.012382,4.0198,0.43596,-0.21384
2841.2,-260.18,815.71,8.3065,0.30379,-0.028329,-0.018185,4.0198,0.43596,-0.21384
2841.3,-260.19,815.74,8.3044,0.31004,-0.025117,-0.023899,4.0198,0.43596,-0.21384
2841.4,-260.2,815.77,8.3017,0.3162,-0.0217,-0.029507,4.0198,0.43596,-0.21384
2841.5,-260.21,815.8,8.2985,0.32225,-0.018091,-0.034998,4.0198,0.43596,-0.21384
2841.6,-260.23,815.83,8.2947,0.3282,-0.014304,-0.040364,4.0198,0.43596,-0.21384
2841.7,-260.24,815.86,8.2904,0.33404,-0.010352,-0.045598,4.0198,0.43596,-0.21384
2841.8,-260.25,815.89,8.2856,0.33977,-0.0062511,-0.050696,4.0198,0.43596,-0.21384
2841.9,-260.27,815.92,8.2803,0.34539,-0.0020188,-0.055659,4.0198,0.43596,-0.21384
2842,-260.28,815.95,8.2745,0.35089,0.0023362,-0.060478,4.0198,0.43596,-0.21384
2842.1,-260.3,815.99,8.2682,0.35627,0.006841,-0.065108,4.0198,0.43596,-0.21384
2842.2,-260.31,816.02,8.2615,0.36152,0.011492,-0.069534,4.0198,0.43596,-0.21384
2842.3,-260.33,816.05,8.2543,0.36665,0.016279,-0.073752,4.0198,0.43596,-0.21384
2842.4,-260.34,816.08,8.2467,0.37164,0.021191,-0.077759,4.0198,0.43596,-0.21384
2842.5,-260.36,816.12,8.2388,0.37651,0.026218,-0.081554,4.0198,0.43596,-0.21384
2842.6,-260.38,816.15,8.2304,0.38124,0.031349,-0.085139,4.0198,0.43596,-0.21384
2842.7,-260.39,816.19,8.2218,0.38583,0.03657,-0.088518,4.0198,0.43596,-0.21384
2842.8,-260.41,816.22,8.2127,0.39029,0.041873,-0.091694,4.0198,0.43596,-0.21384
2842.9,-260.43,816.26,8.2034,0.3946,0.047245,-0.094675,4.0198,0.43596,-0.21384
2843,-260.45,816.29,8.1938,0.39878,0.052676,-0.097466,4.0198,0.43596,-0.21384
2843.1,-260.47,816.33,8.1839,0.40282,0.058154,-0.10007,4.0198,0.43596,-0.21384
2843.2,-260.48,816.36,8.1738,0.40672,0.063672,-0.10251,4.0198,0.43596,-0.21384
2843.3,-260.5,816.4,8.1634,0.41048,0.069218,-0.10478,4.0198,0.43596,-0.21384
2843.4,-260.52,816.44,8.1529,0.4141,0.074784,-0.10688,4.0198,0.43596,-0.21384
2843.5,-260.54,816.48,8.1421,0.41758,0.080362,-0.10884,4.0198,0.43596,-0.21384
2843.6,-260.56,816.51,8.1311,0.42093,0.085943,-0.11065,4.0198,0.43596,-0.21384
2843.7,-260.58,816.55,8.1199,0.42414,0.09152,-0.11233,4.0198,0.43596,-0.21384
2843.8,-260.6,816.59,8.1086,0.42721,0.097087,-0.11387,4.0198,0.43596,-0.21384
2843.9,-260.62,816.63,8.0972,0.43016,0.10264,-0.1153,4.0198,0.43596,-0.21384
2844,-260.64,816.67,8.0856,0.43298,0.10816,-0.1166,4.0198,0.43596,-0.21384
2844.1,-260.66,816.71,8.0739,0.43567,0.11366,-0.1178,4.0198,0.43596,-0.21384
2844.2,-260.68,816.75,8.062,0.43823,0.11913,-0.11889,4.0198,0.43596,-0.21384
2844.3,-260.7,816.79,8.0501,0.44067,0.12455,-0.11987,4.0198,0.43596,-0.21384
2844.4,-260.72,816.83,8.038,0.443,0.12994,-0.12077,4.0198,0.43596,-0.21384
2844.5,-260.75,816.87,8.0259,0.44521,0.13528,-0.12157,4.0198,0.43596,-0.21384
2844.6,-260.77,816.91,8.0137,0.4473,0.14057,-0.12229,4.0198,0.43596,-0.21384
2844.7,-260.79,816.96,8.0015,0.44928,0.14581,-0.12293,4.0198,0.43596,-0.21384
2844.8,-260.81,817,7.9892,0.45116,0.15099,-0.12348,4.0198,0.43596,-0.21384
2844.9,-260.83,817.04,7.9768,0.45294,0.15612,-0.12397,4.0198,0.43596,-0.21384
2845,-260.85,817.09,7.9644,0.45461,0.16119,-0.12438,4.0198,0.43596,-0.21384
2845.1,-260.87,817.13,7.9519,0.45618,0.16619,-0.12472,4.0198,0.43596,-0.21384
2845.2,-260.89,817.17,7.9394,0.45767,0.17113,-0.125,4.0198,0.43596,-0.21384
2845.3,-260.91,817.22,7.9269,0.45906,0.17601,-0.12522,4.0198,0.43596,-0.21384
2845.4,-260.93,817.26,7.9144,0.46036,0.18082,-0.12538,4.0198,0.43596,-0.21384
2845.5,-260.96,817.31,7.9018,0.46158,0.18557,-0.12548,4.0198,0.43596,-0.21384
2845.6,-260.98,817.35,7.8893,0.46272,0.19024,-0.12552,4.0198,0.43596,-0.21384
2845.7,-261,817.4,7.8767,0.46378,0.19485,-0.12551,4.0198,0.43596,-0.21384
2845.8,-261.02,817.44,7.8642,0.46476,0.19939,-0.12546,4.0198,0.43596,-0.21384
2845.9,-261.04,817.49,7.8516,0.46568,0.20386,-0.12535,4.0198,0.43596,-0.21384
2846,-261.06,817.54,7.8391,0.46653,0.20826,-0.1252,4.0198,0.43596,-0.21384
2846.1,-261.08,817.58,7.8266,0.46731,0.21258,-0.12501,4.0198,0.43596,-0.21384
2846.2,-261.1,817.63,7.8141,0.46803,0.21684,-0.12477,4.0198,0.43596,-0.21384
2846.3,-261.12,817.68,7.8017,0.46869,0.22103,-0.1245,10.433,-2.5554e-15,1.2387e-15
2846.4,-261.14,817.73,7.7895,0.48364,0.22334,-0.1188,10.433,-2.5554e-15,1.2387e-15
2846.5,-261.16,817.78,7.7779,0.49829,0.22562,-0.11423,10.433,-2.5554e-15,1.2387e-15
2846.6,-261.17,817.83,7.7666,0.51264,0.22789,-0.11061,10.433,-2.5554e-15,1.2387e-15
2846.7,-261.19,817.89,7.7557,0.52667,0.23018,-0.1078,10.433,-2.5554e-15,1.2387e-15
2846.8,-261.21,817.94,7.745,0.54036,0.23252,-0.10569,10.433,-2.5554e-15,1.2387e-15
2846.9,-261.23,818,7.7345,0.55372,0.23493,-0.10419,10.433,-2.5554e-15,1.2387e-15
2847,-261.24,818.06,7.7242,0.56673,0.23742,-0.10322,10.433,-2.5554e-15,1.2387e-15
2847.1,-261.26,818.12,7.7139,0.57939,0.24003,-0.10273,10.433,-2.5554e-15,1.2387e-15
2847.2,-261.27,818.18,7.7036,0.59168,0.24275,-0.10266,10.433,-2.5554e-15,1.2387e-15
2847.3,-261.29,818.24,7.6933,0.60362,0.24561,-0.10297,10.433,-2.5554e-15,1.2387e-15
2847.4,-261.3,818.3,7.683,0.61519,0.24862,-0.10361,10.433,-2.5554e-15,1.2387e-15
2847.5,-261.32,818.37,7.6726,0.62639,0.25179,-0.10455,10.433,-2.5554e-15,1.2387e-15
2847.6,-261.33,818.44,7.6621,0.63722,0.25513,-0.10577,10.433,-2.5554e-15,1.2387e-15
2847.7,-261.34,818.5,7.6514,0.64769,0.25865,-0.10721,10.433,-2.5554e-15,1.2387e-15
2847.8,-261.35,818.57,7.6406,0.65779,0.26237,-0.10887,10.433,-2.5554e-15,1.2387e-15
2847.9,-261.37,818.64,7.6297,0.66752,0.26628,-0.1107,10.433,-2.5554e-15,1.2387e-15
2848,-261.38,818.72,7.6185,0.67689,0.27041,-0.11269,10.433,-2.5554e-15,1.2387e-15
2848.1,-261.39,818.79,7.6071,0.68589,0.27474,-0.11481,10.433,-2.5554e-15,1.2387e-15
2848.2,-261.4,818.86,7.5955,0.69453,0.27929,-0.11702,10.433,-2.5554e-15,1.2387e-15
2848.3,-261.41,818.94,7.5837,0.70281,0.28405,-0.11932,10.433,-2.5554e-15,1.2387e-15
2848.4,-261.41,819.01,7.5717,0.71074,0.28903,-0.12167,10.433,-2.5554e-15,1.2387e-15
2848.5,-261.42,819.09,7.5594,0.71832,0.29424,-0.12405,10.433,-2.5554e-15,1.2387e-15
2848.6,-261.43,819.17,7.5469,0.72556,0.29965,-0.12644,10.433,-2.5554e-15,1.2387e-15
2848.7,-261.43,819.25,7.5341,0.73245,0.30528,-0.12882,10.433,-2.5554e-15,1.2387e-15
2848.8,-261.44,819.33,7.5211,0.73901,0.31112,-0.13117,10.433,-2.5554e-15,1.2387e-15
2848.9,-261.45,819.41,7.5079,0.74523,0.31716,-0.13346,10.433,-2.5554e-15,1.2387e-15
2849,-261.45,819.49,7.4944,0.75114,0.3234,-0.13569,10.433,-2.5554e-15,1.2387e-15
2849.1,-261.45,819.57,7.4807,0.75672,0.32982,-0.13784,10.433,-2.5554e-15,1.2387e-15
2849.2,-261.46,819.65,7.4668,0.762,0.33642,-0.13988,10.433,-2.5554e-15,1.2387e-15
2849.3,-261.46,819.74,7.4528,0.76697,0.34318,-0.14181,10.433,-2.5554e-15,1.2387e-15
2849.4,-261.46,819.82,7.4385,0.77165,0.35011,-0.14361,10.433,-2.5554e-15,1.2387e-15
2849.5,-261.46,819.91,7.424,0.77605,0.35718,-0.14528,10.433,-2.5554e-15,1.2387e-15
2849.6,-261.46,819.99,7.4094,0.78017,0.36438,-0.1468,10.433,-2.5554e-15,1.2387e-15
2849.7,-261.46,820.08,7.3947,0.78402,0.37171,-0.14817,10.433,-2.5554e-15,1.2387e-15
2849.8,-261.46,820.17,7.3798,0.78761,0.37915,-0.14937,10.433,-2.5554e-15,1.2387e-15
2849.9,-261.45,820.25,7.3648,0.79096,0.38668,-0.15041,10.433,-2.5554e-15,1.2387e-15
2850,-261.45,820.34,7.3497,0.79407,0.39431,-0.15128,10.433,-2.5554e-15,1.2387e-15
2850.1,-261.45,820.43,7.3346,0.79695,0.402,-0.15197,10.433,-2.5554e-15,1.2387e-15
2850.2,-261.44,820.52,7.3193,0.79962,0.40976,-0.15249,10.433,-2.5554e-15,1.2387e-15
2850.3,-261.44,820.61,7.3041,0.80208,0.41758,-0.15282,10.433,-2.5554e-15,1.2387e-15
2850.4,-261.43,820.7,7.2888,0.80435,0.42544,-0.15297,10.433,-2.5554e-15,1.2387e-15
2850.5,-261.42,820.79,7.2735,0.80643,0.43333,-0.15295,10.433,-2.5554e-15,1.2387e-15
2850.6,-261.41,820.88,7.2582,0.80835,0.44124,-0.15274,10.433,-2.5554e-15,1.2387e-15
2850.7,-261.4,820.97,7.2429,0.81011,0.44918,-0.15236,10.433,-2.5554e-15,1.2387e-15
2850.8,-261.39,821.07,7.2277,0.81172,0.45712,-0.15179,10.433,-2.5554e-15,1.2387e-15
2850.9,-261.38,821.16,7.2126,0.8132,0.46507,-0.15105,10.433,-2.5554e-15,1.2387e-15
2851,-261.37,821.25,7.1975,0.81456,0.47301,-0.15013,10.433,-2.5554e-15,1.2387e-15
2851.1,-261.36,821.35,7.1826,0.81581,0.48095,-0.14904,10.433,-2.5554e-15,1.2387e-15
2851.2,-261.34,821.44,7.1677,0.81695,0.48887,-0.14777,10.433,-2.5554e-15,1.2387e-15
2851.3,-261.33,821.53,7.153,0.81801,0.49679,-0.14634,10.433,-2.5554e-15,1.2387e-15
2851.4,-261.31,821.63,7.1385,0.819,0.50468,-0.14473,10.433,-2.5554e-15,1.2387e-15
2851.5,-261.3,821.72,7.1241,0.81993,0.51256,-0.14295,10.433,-2.5554e-15,1.2387e-15
2851.6,-261.28,821.82,7.1099,0.8208,0.52042,-0.14101,10.433,-2.5554e-15,1.2387e-15
2851.7,-261.26,821.92,7.0959,0.82164,0.52826,-0.13889,10.433,-2.5554e-15,1.2387e-15
2851.8,-261.25,822.01,7.0821,0.82244,0.53609,-0.1366,10.433,-2.5554e-15,1.2387e-15
2851.9,-261.23,822.11,7.0686,0.82324,0.54391,-0.13415,10.433,-2.5554e-15,1.2387e-15
2852,-261.21,822.2,7.0553,0.82402,0.55171,-0.13152,10.433,-2.5554e-15,1.2387e-15
2852.1,-261.18,822.3,7.0423,0.82482,0.5595,-0.12871,10.433,-2.5554e-15,1.2387e-15
2852.2,-261.16,822.4,7.0295,0.82564,0.5673,-0.12572,10.433,-2.5554e-15,1.2387e-15
2852.3,-261.14,822.5,7.0171,0.82649,0.57509,-0.12255,10.433,-2.5554e-15,1.2387e-15
2852.4,-261.12,822.6,7.005,0.82738,0.5829,-0.11919,10.433,-2.5554e-15,1.2387e-15
2852.5,-261.09,822.69,6.9933,0.82833,0.59072,-0.11563,10.433,-2.5554e-15,1.2387e-15
2852.6,-261.07,822.79,6.9819,0.82935,0.59856,-0.11185,10.433,-2.5554e-15,1.2387e-15
2852.7,-261.04,822.89,6.9709,0.83046,0.60644,-0.10786,10.433,-2.5554e-15,1.2387e-15
2852.8,-261.02,822.99,6.9604,0.83166,0.61436,-0.10363,10.433,-2.5554e-15,1.2387e-15
2852.9,-260.99,823.09,6.9502,0.83297,0.62234,-0.099145,10.433,-2.5554e-15,1.2387e-15
2853,-260.96,823.19,6.9405,0.83442,0.63038,-0.094386,10.433,-2.5554e-15,1.2387e-15
2853.1,-260.94,823.29,6.9314,0.83601,0.63851,-0.089326,10.433,-2.5554e-15,1.2387e-15
2853.2,-260.91,823.4,6.9227,0.83777,0.64673,-0.083934,10.433,-2.5554e-15,1.2387e-15
2853.3,-260.88,823.5,6.9146,0.83971,0.65507,-0.078174,10.433,-2.5554e-15,1.2387e-15
2853.4,-260.85,823.6,6.9071,0.84187,0.66354,-0.072,10.433,-2.5554e-15,1.2387e-15
2853.5,-260.82,823.7,6.9002,0.84426,0.67216,-0.065357,10.433,-2.5554e-15,1.2387e-15
2853.6,-260.79,823.81,6.894,0.84691,0.68097,-0.058177,10.433,-2.5554e-15,1.2387e-15
2853.7,-260.76,823.91,6.8886,0.84987,0.68998,-0.050375,10.433,-2.5554e-15,1.2387e-15
2853.8,-260.73,824.02,6.884,0.85318,0.69923,-0.041845,10.433,-2.5554e-15,1.2387e-15
2853.9,-260.7,824.12,6.8802,0.85688,0.70876,-0.03245,10.433,-2.5554e-15,1.2387e-15
2854,-260.67,824.23,6.8775,0.86103,0.71862,-0.022016,10.433,-2.5554e-15,1.2387e-15
2854.1,-260.63,824.34,6.8759,0.86572,0.72886,-0.010311,10.433,-2.5554e-15,1.2387e-15
2854.2,-260.6,824.45,6.8755,0.87103,0.73943,0.0029366,10.433,-2.5554e-15,1.2387e-15
2854.3,-260.57,824.56,6.8765,0.87705,0.7471,0.016679,10.433,-2.5554e-15,1.2387e-15
2854.4,-260.54,824.67,6.8788,0.88375,0.75022,0.02983,10.433,-2.5554e-15,1.2387e-15
2854.5,-260.51,824.78,6.8824,0.89106,0.74888,0.041827,10.433,-2.5554e-15,1.2387e-15
2854.6,-260.48,824.9,6.8871,0.89885,0.7434,0.052258,10.433,-2.5554e-15,1.2387e-15
2854.7,-260.45,825.01,6.8928,0.90698,0.73431,0.06088,10.433,-2.5554e-15,1.2387e-15
2854.8,-260.41,825.12,6.8992,0.91526,0.72222,0.067608,10.433,-2.5554e-15,1.2387e-15
2854.9,-260.38,825.23,6.9063,0.92355,0.7078,0.072489,10.433,-2.5554e-15,1.2387e-15
2855,-260.35,825.34,6.9137,0.93172,0.69171,0.075655,10.433,-2.5554e-15,1.2387e-15
2855.1,-260.31,825.45,6.9213,0.93963,0.67453,0.077292,10.433,-2.5554e-15,1.2387e-15
2855.2,-260.28,825.56,6.9291,0.94721,0.65679,0.077606,10.433,-2.5554e-15,1.2387e-15
2855.3,-260.24,825.67,6.9368,0.95439,0.63894,0.076801,10.433,-2.5554e-15,1.2387e-15
2855.4,-260.2,825.78,6.9444,0.96112,0.62134,0.075064,10.433,-2.5554e-15,1.2387e-15
2855.5,-260.16,825.89,6.9518,0.96738,0.60426,0.072563,10.433,-2.5554e-15,1.2387e-15
2855.6,-260.13,826,6.9589,0.97316,0.58795,0.069436,10.433,-2.5554e-15,1.2387e-15
2855.7,-260.09,826.1,6.9657,0.97846,0.57257,0.065801,10.433,-2.5554e-15,1.2387e-15
2855.8,-260.05,826.21,6.9721,0.98329,0.55826,0.061749,10.433,-2.5554e-15,1.2387e-15
2855.9,-260.01,826.31,6.978,0.98766,0.54512,0.057352,10.433,-2.5554e-15,1.2387e-15
2856,-259.96,826.42,6.9835,0.9916,0.53325,0.052662,10.433,-2.5554e-15,1.2387e-15
2856.1,-259.92,826.52,6.9885,0.99511,0.5227,0.04772,10.433,-2.5554e-15,1.2387e-15
2856.2,-259.88,826.63,6.9931,0.99821,0.51353,0.042551,10.433,-2.5554e-15,1.2387e-15
2856.3,-259.84,826.73,6.997,1.0009,0.5058,0.037171,10.433,-2.5554e-15,1.2387e-15
2856.4,-259.8,826.83,7.0005,1.0033,0.49956,0.031589,10.433,-2.5554e-15,1.2387e-15
2856.5,-259.75,826.94,7.0034,1.0053,0.49486,0.025807,10.433,-2.5554e-15,1.2387e-15
2856.6,-259.71,827.04,7.0056,1.007,0.49176,0.019824,10.433,-2.5554e-15,1.2387e-15
2856.7,-259.67,827.14,7.0073,1.0083,0.49035,0.013638,10.433,-2.5554e-15,1.2387e-15
2856.8,-259.62,827.25,7.0084,1.0093,0.49068,0.0072443,10.433,-2.5554e-15,1.2387e-15
2856.9,-259.58,827.35,7.0088,1.01,0.49287,0.00064586,10.433,-2.5554e-15,1.2387e-15
2857,-259.54,827.46,7.0085,1.0104,0.49635,-0.0063764,10.433,-2.5554e-15,1.2387e-15
2857.1,-259.5,827.56,7.0075,1.0105,0.50028,-0.014136,10.433,-2.5554e-15,1.2387e-15
2857.2,-259.45,827.66,7.0056,1.0102,0.50469,-0.022603,10.433,-2.5554e-15,1.2387e-15
2857.3,-259.41,827.77,7.0029,1.0095,0.50963,-0.031711,10.433,-2.5554e-15,1.2387e-15
2857.4,-259.37,827.87,6.9993,1.0084,0.51512,-0.041357,10.433,-2.5554e-15,1.2387e-15
2857.5,-259.33,827.98,6.9946,1.0069,0.52122,-0.051401,10.433,-2.5554e-15,1.2387e-15
2857.6,-259.28,828.08,6.989,1.0049,0.52793,-0.061671,10.433,-2.5554e-15,1.2387e-15
2857.7,-259.24,828.19,6.9823,1.0026,0.53528,-0.071967,10.433,-2.5554e-15,1.2387e-15
2857.8,-259.2,828.3,6.9746,0.99979,0.54326,-0.082074,10.433,-2.5554e-15,1.2387e-15
2857.9,-259.16,828.4,6.9659,0.99658,0.55186,-0.091773,10.433,-2.5554e-15,1.2387e-15
2858,-259.11,828.51,6.9563,0.99298,0.56104,-0.10086,10.433,-2.5554e-15,1.2387e-15
2858.1,-259.07,828.61,6.9457,0.98902,0.57076,-0.10914,10.433,-2.5554e-15,1.2387e-15
2858.2,-259.03,828.72,6.9345,0.98473,0.58098,-0.11646,10.433,-2.5554e-15,1.2387e-15
2858.3,-258.99,828.82,6.9225,0.98016,0.59162,-0.1227,10.433,-2.5554e-15,1.2387e-15
2858.4,-258.94,828.93,6.91,0.97536,0.60263,-0.12777,10.433,-2.5554e-15,1.2387e-15
2858.5,-258.9,829.04,6.897,0.97038,0.61395,-0.13163,10.433,-2.5554e-15,1.2387e-15
2858.6,-258.85,829.14,6.8837,0.96528,0.62551,-0.13426,10.433,-2.5554e-15,1.2387e-15
2858.7,-258.81,829.25,6.8702,0.96011,0.63725,-0.13568,10.433,-2.5554e-15,1.2387e-15
2858.8,-258.76,829.36,6.8566,0.95495,0.64914,-0.1359,10.433,-2.5554e-15,1.2387e-15
2858.9,-258.72,829.46,6.843,0.94985,0.66113,-0.13498,10.433,-2.5554e-15,1.2387e-15
2859,-258.67,829.57,6.8296,0.94487,0.6732,-0.13295,10.433,-2.5554e-15,1.2387e-15
2859.1,-258.63,829.68,6.8165,0.94006,0.68533,-0.12987,10.433,-2.5554e-15,1.2387e-15
2859.2,-258.58,829.78,6.8037,0.93549,0.69751,-0.12577,10.433,-2.5554e-15,1.2387e-15
2859.3,-258.53,829.89,6.7913,0.93122,0.70975,-0.12069,10.433,-2.5554e-15,1.2387e-15
2859.4,-258.49,830,6.7796,0.92729,0.72205,-0.11464,0.81716,-0.119,0.058371
2859.5,-258.44,830.1,6.7686,0.90256,0.73374,-0.10528,0.81716,-0.119,0.058371
2859.6,-258.4,830.21,6.7586,0.87922,0.74514,-0.093638,0.81716,-0.119,0.058371
2859.7,-258.35,830.32,6.7499,0.85739,0.75634,-0.079777,0.81716,-0.119,0.058371
2859.8,-258.31,830.42,6.7427,0.83719,0.76749,-0.06368,0.81716,-0.119,0.058371
2859.9,-258.27,830.53,6.7372,0.81874,0.77876,-0.045205,0.81716,-0.119,0.058371
2860,-258.23,830.63,6.7338,0.80218,0.79039,-0.024049,0.81716,-0.119,0.058371
2860.1,-258.2,830.74,6.7325,0.78769,0.80266,0.00032527,0.81716,-0.119,0.058371
2860.2,-258.16,830.85,6.7339,0.77547,0.81065,0.026426,0.81716,-0.119,0.058371
2860.3,-258.13,830.95,6.7378,0.76546,0.8094,0.051003,0.81716,-0.119,0.058371
2860.4,-258.09,831.06,6.744,0.75741,0.79946,0.072469,0.81716,-0.119,0.058371
2860.5,-258.06,831.16,6.7521,0.75091,0.78206,0.089925,0.81716,-0.119,0.058371
2860.6,-258.03,831.27,6.7618,0.74553,0.75882,0.10314,0.81716,-0.119,0.058371
2860.7,-258,831.37,6.7726,0.74086,0.7314,0.11237,0.81716,-0.119,0.058371
2860.8,-257.97,831.47,6.7842,0.73655,0.70133,0.11817,0.81716,-0.119,0.058371
2860.9,-257.94,831.56,6.7962,0.73233,0.66988,0.12117,0.81716,-0.119,0.058371
2861,-257.91,831.65,6.8083,0.72802,0.638,0.122,0.81716,-0.119,0.058371
2861.1,-257.88,831.75,6.8205,0.7235,0.60642,0.12121,0.81716,-0.119,0.058371
2861.2,-257.84,831.83,6.8326,0.71871,0.57562,0.11927,0.81716,-0.119,0.058371
2861.3,-257.81,831.92,6.8443,0.71363,0.54592,0.11652,0.81716,-0.119,0.058371
2861.4,-257.78,832,6.8558,0.70826,0.5175,0.11325,0.81716,-0.119,0.058371
2861.5,-257.75,832.08,6.867,0.70261,0.49046,0.10967,0.81716,-0.119,0.058371
2861.6,-257.72,832.16,6.8778,0.69671,0.46482,0.10592,0.81716,-0.119,0.058371
2861.7,-257.69,832.24,6.8882,0.6906,0.44058,0.10213,0.81716,-0.119,0.058371
2861.8,-257.66,832.31,6.8982,0.6843,0.41769,0.098364,0.81716,-0.119,0.058371
2861.9,-257.62,832.38,6.9078,0.67786,0.39609,0.094685,0.81716,-0.119,0.058371
2862,-257.59,832.46,6.9171,0.6713,0.37571,0.09113,0.81716,-0.119,0.058371
2862.1,-257.56,832.52,6.9261,0.66466,0.35648,0.087724,0.81716,-0.119,0.058371
2862.2,-257.53,832.59,6.9347,0.65796,0.33833,0.084485,0.81716,-0.119,0.058371
2862.3,-257.5,832.66,6.943,0.65122,0.32117,0.08142,0.81716,-0.119,0.058371
2862.4,-257.46,832.72,6.951,0.64447,0.30495,0.078536,0.81716,-0.119,0.058371
2862.5,-257.43,832.79,6.9587,0.63773,0.28958,0.075831,0.81716,-0.119,0.058371
2862.6,-257.4,832.85,6.9661,0.63101,0.27502,0.073307,0.81716,-0.119,0.058371
2862.7,-257.37,832.91,6.9734,0.62432,0.26119,0.070958,0.81716,-0.119,0.058371
2862.8,-257.34,832.97,6.9803,0.61769,0.24805,0.068781,0.81716,-0.119,0.058371
2862.9,-257.31,833.03,6.9871,0.61112,0.23555,0.066772,0.81716,-0.119,0.058371
2863,-257.28,833.08,6.9937,0.60461,0.22363,0.064924,0.81716,-0.119,0.058371
2863.1,-257.24,833.14,7.0001,0.59818,0.21226,0.063233,0.81716,-0.119,0.058371
2863.2,-257.21,833.19,7.0064,0.59184,0.20139,0.061693,0.81716,-0.119,0.058371
2863.3,-257.18,833.25,7.0125,0.58558,0.19099,0.0603,0.81716,-0.119,0.058371
2863.4,-257.15,833.3,7.0184,0.57941,0.18103,0.059046,0.81716,-0.119,0.058371
2863.5,-257.12,833.35,7.0243,0.57334,0.17147,0.057929,0.81716,-0.119,0.058371
2863.6,-257.09,833.4,7.03,0.56736,0.16228,0.056942,0.81716,-0.119,0.058371
2863.7,-257.06,833.45,7.0357,0.56149,0.15345,0.056081,0.81716,-0.119,0.058371
2863.8,-257.03,833.5,7.0412,0.55571,0.14494,0.055342,0.81716,-0.119,0.058371
2863.9,-257,833.55,7.0467,0.55004,0.13675,0.05472,0.81716,-0.119,0.058371
2864,-256.97,833.6,7.0522,0.54446,0.12883,0.054211,0.81716,-0.119,0.058371
2864.1,-256.94,833.64,7.0576,0.53899,0.12119,0.053812,0.81716,-0.119,0.058371
2864.2,-256.91,833.69,7.0629,0.53362,0.11379,0.053518,0.81716,-0.119,0.058371
2864.3,-256.88,833.74,7.0683,0.52835,0.10664,0.053326,0.81716,-0.119,0.058371
2864.4,-256.85,833.78,7.0736,0.52317,0.099706,0.053232,0.81716,-0.119,0.058371
2864.5,-256.82,833.82,7.0789,0.5181,0.092984,0.053233,0.81716,-0.119,0.058371
2864.6,-256.79,833.87,7.0843,0.51311,0.086461,0.053325,0.81716,-0.119,0.058371
2864.7,-256.76,833.91,7.0896,0.50823,0.080129,0.053505,0.81716,-0.119,0.058371
2864.8,-256.73,833.95,7.095,0.50343,0.073976,0.053769,0.81716,-0.119,0.058371
2864.9,-256.7,833.99,7.1004,0.49873,0.067995,0.054114,0.81716,-0.119,0.058371
2865,-256.67,834.03,7.1058,0.49411,0.062179,0.054536,0.81716,-0.119,0.058371
2865.1,-256.64,834.07,7.1113,0.48959,0.056521,0.055032,0.81716,-0.119,0.058371
2865.2,-256.61,834.11,7.1168,0.48514,0.051014,0.055599,0.81716,-0.119,0.058371
2865.3,-256.59,834.15,7.1224,0.48078,0.045654,0.056232,0.81716,-0.119,0.058371
2865.4,-256.56,834.19,7.128,0.4765,0.040436,0.056927,0.81716,-0.119,0.058371
2865.5,-256.53,834.23,7.1338,0.47229,0.035355,0.057682,0.81716,-0.119,0.058371
2865.6,-256.5,834.27,7.1396,0.46817,0.030408,0.058492,0.81716,-0.119,0.058371
2865.7,-256.47,834.3,7.1455,0.46411,0.025591,0.059353,0.81716,-0.119,0.058371
2865.8,-256.44,834.34,7.1515,0.46013,0.020902,0.060261,0.81716,-0.119,0.058371
2865.9,-256.42,834.38,7.1575,0.45622,0.016338,0.061211,0.81716,-0.119,0.058371
2866,-256.39,834.41,7.1637,0.45237,0.011898,0.062201,0.81716,-0.119,0.058371
2866.1,-256.36,834.45,7.17,0.44859,0.007579,0.063224,0.81716,-0.119,0.058371
2866.2,-256.33,834.48,7.1763,0.44487,0.0033798,0.064278,0.81716,-0.119,0.058371
2866.3,-256.3,834.52,7.1828,0.44122,-0.00070193,0.065356,0.81716,-0.119,0.058371
2866.4,-256.28,834.55,7.1894,0.43762,-0.0047023,0.066416,0.81716,-0.119,0.058371
2866.5,-256.25,834.59,7.1961,0.43408,-0.0086393,0.067431,0.81716,-0.119,0.058371
2866.6,-256.22,834.62,7.2029,0.4306,-0.012511,0.068398,0.81716,-0.119,0.058371
2866.7,-256.2,834.65,7.2098,0.42716,-0.016317,0.06931,5.4198,-1.3275e-15,6.572e-16
2866.8,-256.17,834.69,7.2167,0.43404,-0.019561,0.068631,5.4198,-1.3275e-15,6.572e-16
2866.9,-256.14,834.72,7.2235,0.44075,-0.022746,0.068118,5.4198,-1.3275e-15,6.572e-16
2867,-256.11,834.76,7.2303,0.4473,-0.02588,0.067758,5.4198,-1.3275e-15,6.572e-16
2867.1,-256.08,834.79,7.2371,0.45367,-0.028974,0.06754,5.4198,-1.3275e-15,6.572e-16
2867.2,-256.06,834.83,7.2438,0.45989,-0.032036,0.067455,5.4198,-1.3275e-15,6.572e-16
2867.3,-256.03,834.86,7.2506,0.46594,-0.035073,0.067494,5.4198,-1.3275e-15,6.572e-16
2867.4,-256,834.9,7.2573,0.47184,-0.038093,0.067648,5.4198,-1.3275e-15,6.572e-16
2867.5,-255.97,834.94,7.2641,0.47758,-0.041102,0.067912,5.4198,-1.3275e-15,6.572e-16
2867.6,-255.94,834.97,7.2709,0.48317,-0.044107,0.068278,5.4198,-1.3275e-15,6.572e-16
2867.7,-255.91,835.01,7.2778,0.48861,-0.047114,0.068741,5.4198,-1.3275e-15,6.572e-16
2867.8,-255.88,835.05,7.2847,0.49389,-0.050128,0.069295,5.4198,-1.3275e-15,6.572e-16
2867.9,-255.84,835.09,7.2916,0.49903,-0.053153,0.069934,5.4198,-1.3275e-15,6.572e-16
2868,-255.81,835.13,7.2987,0.50403,-0.056195,0.070653,5.4198,-1.3275e-15,6.572e-16
2868.1,-255.78,835.17,7.3058,0.50888,-0.059258,0.071447,5.4198,-1.3275e-15,6.572e-16
2868.2,-255.75,835.21,7.3129,0.51359,-0.062346,0.072312,5.4198,-1.3275e-15,6.572e-16
2868.3,-255.72,835.25,7.3202,0.51816,-0.065462,0.073242,5.4198,-1.3275e-15,6.572e-16
2868.4,-255.69,835.29,7.3276,0.52259,-0.068611,0.074232,5.4198,-1.3275e-15,6.572e-16
2868.5,-255.65,835.33,7.3351,0.52688,-0.071793,0.075277,5.4198,-1.3275e-15,6.572e-16
2868.6,-255.62,835.38,7.3427,0.53105,-0.075014,0.076374,5.4198,-1.3275e-15,6.572e-16
2868.7,-255.59,835.42,7.3503,0.53507,-0.078273,0.077516,5.4198,-1.3275e-15,6.572e-16
2868.8,-255.56,835.46,7.3582,0.53897,-0.081574,0.0787,5.4198,-1.3275e-15,6.572e-16
2868.9,-255.52,835.51,7.3661,0.54274,-0.084918,0.079919,5.4198,-1.3275e-15,6.572e-16
2869,-255.49,835.55,7.3741,0.54638,-0.088306,0.08117,5.4198,-1.3275e-15,6.572e-16
2869.1,-255.46,835.6,7.3823,0.54989,-0.09174,0.082447,5.4198,-1.3275e-15,6.572e-16
2869.2,-255.42,835.64,7.3906,0.55328,-0.095219,0.083745,5.4198,-1.3275e-15,6.572e-16
2869.3,-255.39,835.69,7.3991,0.55655,-0.098744,0.08506,5.4198,-1.3275e-15,6.572e-16
2869.4,-255.36,835.73,7.4076,0.5597,-0.10231,0.086386,5.4198,-1.3275e-15,6.572e-16
2869.5,-255.32,835.78,7.4164,0.56272,-0.10593,0.087719,5.4198,-1.3275e-15,6.572e-16
2869.6,-255.29,835.82,7.4252,0.56563,-0.10959,0.089053,5.4198,-1.3275e-15,6.572e-16
2869.7,-255.26,835.87,7.4342,0.56842,-0.11329,0.090385,5.4198,-1.3275e-15,6.572e-16
2869.8,-255.22,835.92,7.4433,0.5711,-0.11704,0.09171,5.4198,-1.3275e-15,6.572e-16
2869.9,-255.19,835.97,7.4525,0.57367,-0.12083,0.093022,5.4198,-1.3275e-15,6.572e-16
2870,-255.16,836.02,7.4619,0.57612,-0.12465,0.094319,5.4198,-1.3275e-15,6.572e-16
2870.1,-255.12,836.06,7.4714,0.57847,-0.12851,0.095595,5.4198,-1.3275e-15,6.572e-16
2870.2,-255.09,836.11,7.481,0.58071,-0.13241,0.096846,5.4198,-1.3275e-15,6.572e-16
2870.3,-255.06,836.16,7.4907,0.58284,-0.13633,0.09807,5.4198,-1.3275e-15,6.572e-16
2870.4,-255.02,836.21,7.5006,0.58487,-0.14029,0.099261,5.4198,-1.3275e-15,6.572e-16
2870.5,-254.99,836.26,7.5106,0.5868,-0.14427,0.10042,5.4198,-1.3275e-15,6.572e-16
2870.6,-254.96,836.31,7.5207,0.58863,-0.14827,0.10154,5.4198,-1.3275e-15,6.572e-16
2870.7,-254.92,836.36,7.5309,0.59036,-0.15229,0.10261,5.4198,-1.3275e-15,6.572e-16
2870.8,-254.89,836.42,7.5412,0.59199,-0.15633,0.10365,5.4198,-1.3275e-15,6.572e-16
2870.9,-254.86,836.47,7.5516,0.59354,-0.16038,0.10463,5.4198,-1.3275e-15,6.572e-16
2871,-254.82,836.52,7.5621,0.59499,-0.16444,0.10557,5.4198,-1.3275e-15,6.572e-16
2871.1,-254.79,836.57,7.5727,0.59635,-0.16851,0.10646,5.4198,-1.3275e-15,6.572e-16
2871.2,-254.76,836.62,7.5834,0.59763,-0.17258,0.1073,5.4198,-1.3275e-15,6.572e-16
2871.3,-254.73,836.68,7.5942,0.59882,-0.17664,0.10809,5.4198,-1.3275e-15,6.572e-16
2871.4,-254.69,836.73,7.605,0.59993,-0.1807,0.10882,5.4198,-1.3275e-15,6.572e-16
2871.5,-254.66,836.78,7.616,0.60097,-0.18476,0.1095,5.4198,-1.3275e-15,6.572e-16
2871.6,-254.63,836.84,7.6269,0.60193,-0.1888,0.11012,5.4198,-1.3275e-15,6.572e-16
2871.7,-254.6,836.89,7.638,0.60281,-0.19282,0.11068,5.4198,-1.3275e-15,6.572e-16
2871.8,-254.57,836.95,7.6491,0.60362,-0.19683,0.11119,5.4198,-1.3275e-15,6.572e-16
2871.9,-254.53,837,7.6602,0.60436,-0.20082,0.11165,5.4198,-1.3275e-15,6.572e-16
2872,-254.5,837.06,7.6714,0.60504,-0.20478,0.11205,5.4198,-1.3275e-15,6.572e-16
2872.1,-254.47,837.12,7.6826,0.60565,-0.20872,0.11239,5.4198,-1.3275e-15,6.572e-16
2872.2,-254.44,837.17,7.6939,0.60621,-0.21262,0.11268,5.4198,-1.3275e-15,6.572e-16
2872.3,-254.41,837.23,7.7052,0.6067,-0.2165,0.11291,5.4198,-1.3275e-15,6.572e-16
2872.4,-254.38,837.29,7.7165,0.60714,-0.22034,0.11309,5.4198,-1.3275e-15,6.572e-16
2872.5,-254.35,837.34,7.7278,0.60753,-0.22414,0.11322,5.4198,-1.3275e-15,6.572e-16
2872.6,-254.32,837.4,7.7391,0.60787,-0.2279,0.11329,5.4198,-1.3275e-15,6.572e-16
2872.7,-254.29,837.46,7.7504,0.60816,-0.23162,0.11332,5.4198,-1.3275e-15,6.572e-16
2872.8,-254.26,837.52,7.7618,0.6084,-0.2353,0.1133,5.4198,-1.3275e-15,6.572e-16
2872.9,-254.23,837.58,7.7731,0.6086,-0.23893,0.11323,5.4198,-1.3275e-15,6.572e-16
2873,-254.2,837.63,7.7844,0.60877,-0.24252,0.11311,5.4198,-1.3275e-15,6.572e-16
2873.1,-254.18,837.69,7.7957,0.60889,-0.24606,0.11294,5.4198,-1.3275e-15,6.572e-16
2873.2,-254.15,837.75,7.807,0.60898,-0.24955,0.11274,5.4198,-1.3275e-15,6.572e-16
2873.3,-254.12,837.81,7.8183,0.60904,-0.25299,0.11248,5.4198,-1.3275e-15,6.572e-16
2873.4,-254.09,837.87,7.8295,0.60907,-0.25639,0.11219,5.4198,-1.3275e-15,6.572e-16
2873.5,-254.07,837.93,7.8407,0.60907,-0.25972,0.11186,5.4198,-1.3275e-15,6.572e-16
2873.6,-254.04,837.99,7.8519,0.60905,-0.26301,0.11149,5.4198,-1.3275e-15,6.572e-16
2873.7,-254.01,838.05,7.863,0.609,-0.26624,0.11109,5.4198,-1.3275e-15,6.572e-16
2873.8,-253.99,838.12,7.8741,0.60893,-0.26942,0.11065,5.4198,-1.3275e-15,6.572e-16
2873.9,-253.96,838.18,7.8851,0.60884,-0.27255,0.11017,5.4198,-1.3275e-15,6.572e-16
2874,-253.94,838.24,7.8961,0.60874,-0.27562,0.10966,5.4198,-1.3275e-15,6.572e-16
2874.1,-253.91,838.3,7.907,0.60862,-0.27864,0.10913,5.4198,-1.3275e-15,6.572e-16
2874.2,-253.89,838.36,7.9179,0.60849,-0.28161,0.10856,5.4198,-1.3275e-15,6.572e-16
2874.3,-253.86,838.43,7.9288,0.60835,-0.28452,0.10796,5.4198,-1.3275e-15,6.572e-16
2874.4,-253.84,838.49,7.9395,0.60819,-0.28738,0.10734,5.4198,-1.3275e-15,6.572e-16
2874.5,-253.82,838.55,7.9502,0.60803,-0.29018,0.10669,5.4198,-1.3275e-15,6.572e-16
2874.6,-253.79,838.62,7.9609,0.60787,-0.29293,0.10602,5.4198,-1.3275e-15,6.572e-16
2874.7,-253.77,838.68,7.9714,0.60769,-0.29563,0.10533,5.4198,-1.3275e-15,6.572e-16
2874.8,-253.75,838.74,7.9819,0.60752,-0.29827,0.10461,5.4198,-1.3275e-15,6.572e-16
2874.9,-253.73,838.81,7.9923,0.60734,-0.30087,0.10388,5.4198,-1.3275e-15,6.572e-16
2875,-253.71,838.87,8.0027,0.60717,-0.30341,0.10312,5.4198,-1.3275e-15,6.572e-16
2875.1,-253.69,838.94,8.013,0.60699,-0.3059,0.10235,5.4198,-1.3275e-15,6.572e-16
2875.2,-253.66,839,8.0232,0.60682,-0.30834,0.10156,5.4198,-1.3275e-15,6.572e-16
2875.3,-253.64,839.07,8.0333,0.60665,-0.31073,0.10075,5.4198,-1.3275e-15,6.572e-16
2875.4,-253.63,839.13,8.0433,0.60648,-0.31308,0.099932,5.4198,-1.3275e-15,6.572e-16
2875.5,-253.61,839.2,8.0533,0.60632,-0.31537,0.099098,5.4198,-1.3275e-15,6.572e-16
2875.6,-253.59,839.26,8.0631,0.60616,-0.31762,0.098251,5.4198,-1.3275e-15,6.572e-16
2875.7,-253.57,839.33,8.0729,0.60602,-0.31982,0.097392,5.4198,-1.3275e-15,6.572e-16
2875.8,-253.55,839.4,8.0826,0.60588,-0.32198,0.096522,5.4198,-1.3275e-15,6.572e-16
2875.9,-253.53,839.46,8.0922,0.60575,-0.32409,0.095642,5.4198,-1.3275e-15,6.572e-16
2876,-253.52,839.53,8.1017,0.60562,-0.32616,0.094753,5.4198,-1.3275e-15,6.572e-16
2876.1,-253.5,839.6,8.1112,0.60551,-0.32818,0.093855,5.4198,-1.3275e-15,6.572e-16
2876.2,-253.48,839.66,8.1205,0.60541,-0.33016,0.092948,5.4198,-1.3275e-15,6.572e-16
2876.3,-253.47,839.73,8.1298,0.60532,-0.33211,0.092035,5.4198,-1.3275e-15,6.572e-16
2876.4,-253.45,839.8,8.1389,0.60525,-0.33401,0.091114,5.4198,-1.3275e-15,6.572e-16
2876.5,-253.44,839.86,8.148,0.60518,-0.33587,0.090188,5.4198,-1.3275e-15,6.572e-16
2876.6,-253.42,839.93,8.157,0.60513,-0.33769,0.089256,5.4198,-1.3275e-15,6.572e-16
2876.7,-253.41,840,8.1658,0.60509,-0.33948,0.088319,5.4198,-1.3275e-15,6.572e-16
2876.8,-253.4,840.07,8.1746,0.60507,-0.34123,0.087378,5.4198,-1.3275e-15,6.572e-16
2876.9,-253.38,840.14,8.1833,0.60506,-0.34294,0.086433,5.4198,-1.3275e-15,6.572e-16
2877,-253.37,840.21,8.1919,0.60506,-0.34462,0.085484,5.4198,-1.3275e-15,6.572e-16
2877.1,-253.36,840.27,8.2004,0.60508,-0.34626,0.084532,5.4198,-1.3275e-15,6.572e-16
2877.2,-253.35,840.34,8.2088,0.60511,-0.34787,0.083577,5.4198,-1.3275e-15,6.572e-16
2877.3,-253.34,840.41,8.2171,0.60516,-0.34945,0.08262,3.2753,0.12841,-0.062984
2877.4,-253.32,840.48,8.2252,0.60048,-0.3504,0.079844,3.2753,0.12841,-0.062984
2877.5,-253.31,840.55,8.2331,0.59601,-0.35121,0.077001,3.2753,0.12841,-0.062984
2877.6,-253.3,840.62,8.2406,0.59175,-0.35188,0.0741,3.2753,0.12841,-0.062984
2877.7,-253.29,840.69,8.2479,0.58768,-0.35241,0.071151,3.2753,0.12841,-0.062984
2877.8,-253.28,840.75,8.2549,0.5838,-0.35281,0.06816,3.2753,0.12841,-0.062984
2877.9,-253.27,840.82,8.2615,0.58012,-0.35309,0.065133,3.2753,0.12841,-0.062984
2878,-253.26,840.89,8.2679,0.57662,-0.35325,0.062076,3.2753,0.12841,-0.062984
2878.1,-253.26,840.95,8.274,0.57331,-0.35329,0.058992,3.2753,0.12841,-0.062984
2878.2,-253.25,841.02,8.2797,0.57018,-0.35321,0.055885,3.2753,0.12841,-0.062984
2878.3,-253.24,841.09,8.2851,0.56722,-0.35304,0.052756,3.2753,0.12841,-0.062984
2878.4,-253.23,841.15,8.2902,0.56444,-0.35275,0.049607,3.2753,0.12841,-0.062984
2878.5,-253.22,841.22,8.2951,0.56183,-0.35237,0.046438,3.2753,0.12841,-0.062984
2878.6,-253.21,841.28,8.2995,0.55939,-0.35189,0.043249,3.2753,0.12841,-0.062984
2878.7,-253.21,841.35,8.3037,0.5571,-0.35132,0.040039,3.2753,0.12841,-0.062984
2878.8,-253.2,841.42,8.3075,0.55498,-0.35066,0.036805,3.2753,0.12841,-0.062984
2878.9,-253.19,841.48,8.3111,0.55301,-0.34991,0.033546,3.2753,0.12841,-0.062984
2879,-253.19,841.55,8.3142,0.55119,-0.34907,0.030258,3.2753,0.12841,-0.062984
2879.1,-253.18,841.61,8.3171,0.54952,-0.34816,0.026936,3.2753,0.12841,-0.062984
2879.2,-253.17,841.68,8.3196,0.548,-0.34716,0.023575,3.2753,0.12841,-0.062984
2879.3,-253.17,841.74,8.3218,0.54662,-0.34608,0.020169,3.2753,0.12841,-0.062984
2879.4,-253.16,841.8,8.3237,0.54538,-0.34493,0.01671,3.2753,0.12841,-0.062984
2879.5,-253.15,841.87,8.3252,0.54428,-0.3437,0.013189,3.2753,0.12841,-0.062984
2879.6,-253.15,841.93,8.3263,0.54332,-0.34239,0.0095971,3.2753,0.12841,-0.062984
2879.7,-253.14,842,8.3271,0.54249,-0.34101,0.0059212,3.2753,0.12841,-0.062984
2879.8,-253.14,842.06,8.3275,0.54179,-0.33955,0.0021478,3.2753,0.12841,-0.062984
2879.9,-253.13,842.12,8.3275,0.54122,-0.33795,-0.0017171,3.2753,0.12841,-0.062984
2880,-253.13,842.19,8.3271,0.54079,-0.33576,-0.0054999,3.2753,0.12841,-0.062984
2880.1,-253.12,842.25,8.3264,0.54047,-0.33289,-0.0091277,3.2753,0.12841,-0.062984
2880.2,-253.12,842.31,8.3253,0.54026,-0.32939,-0.012567,3.2753,0.12841,-0.062984
2880.3,-253.11,842.38,8.3239,0.54015,-0.32528,-0.01579,3.2753,0.12841,-0.062984
2880.4,-253.11,842.44,8.3222,0.54013,-0.32063,-0.018777,3.2753,0.12841,-0.062984
2880.5,-253.1,842.5,8.3202,0.54018,-0.31547,-0.021517,3.2753,0.12841,-0.062984
2880.6,-253.1,842.56,8.3179,0.54029,-0.30986,-0.024003,3.2753,0.12841,-0.062984
2880.7,-253.1,842.63,8.3154,0.54045,-0.30385,-0.026235,3.2753,0.12841,-0.062984
2880.8,-253.09,842.69,8.3126,0.54066,-0.2975,-0.028218,3.2753,0.12841,-0.062984
2880.9,-253.09,842.75,8.3097,0.54089,-0.29086,-0.029962,3.2753,0.12841,-0.062984
2881,-253.09,842.81,8.3067,0.54114,-0.28398,-0.031478,3.2753,0.12841,-0.062984
2881.1,-253.09,842.87,8.3034,0.5414,-0.27691,-0.032782,3.2753,0.12841,-0.062984
2881.2,-253.09,842.93,8.3001,0.54166,-0.26969,-0.033889,3.2753,0.12841,-0.062984
2881.3,-253.08,842.99,8.2967,0.54192,-0.26236,-0.034818,3.2753,0.12841,-0.062984
2881.4,-253.08,843.05,8.2931,0.54217,-0.25496,-0.035585,3.2753,0.12841,-0.062984
2881.5,-253.08,843.11,8.2896,0.5424,-0.24752,-0.036209,3.2753,0.12841,-0.062984
2881.6,-253.09,843.17,8.2859,0.54262,-0.24006,-0.036706,3.2753,0.12841,-0.062984
2881.7,-253.09,843.23,8.2822,0.54282,-0.23261,-0.037094,3.2753,0.12841,-0.062984
2881.8,-253.09,843.29,8.2785,0.543,-0.2252,-0.037388,3.2753,0.12841,-0.062984
2881.9,-253.09,843.35,8.2747,0.54315,-0.21783,-0.037604,3.2753,0.12841,-0.062984
2882,-253.09,843.41,8.271,0.54328,-0.21052,-0.037756,3.2753,0.12841,-0.062984
2882.1,-253.1,843.47,8.2672,0.54339,-0.2033,-0.037856,3.2753,0.12841,-0.062984
2882.2,-253.1,843.52,8.2634,0.54347,-0.19615,-0.037917,3.2753,0.12841,-0.062984
2882.3,-253.1,843.58,8.2596,0.54352,-0.1891,-0.037951,3.2753,0.12841,-0.062984
2882.4,-253.11,843.64,8.2558,0.54355,-0.18215,-0.037967,3.2753,0.12841,-0.062984
2882.5,-253.11,843.69,8.252,0.54356,-0.1753,-0.037976,3.2753,0.12841,-0.062984
2882.6,-253.12,843.75,8.2482,0.54354,-0.16855,-0.037986,3.2753,0.12841,-0.062984
2882.7,-253.12,843.81,8.2444,0.5435,-0.16191,-0.038005,3.2753,0.12841,-0.062984
2882.8,-253.13,843.86,8.2406,0.54344,-0.15537,-0.038041,3.2753,0.12841,-0.062984
2882.9,-253.13,843.92,8.2368,0.54336,-0.14894,-0.038101,3.2753,0.12841,-0.062984
2883,-253.14,843.98,8.233,0.54327,-0.14261,-0.038192,3.2753,0.12841,-0.062984
2883.1,-253.15,844.03,8.2292,0.54315,-0.13639,-0.038318,3.2753,0.12841,-0.062984
2883.2,-253.16,844.09,8.2253,0.54302,-0.13026,-0.038487,3.2753,0.12841,-0.062984
2883.3,-253.16,844.14,8.2215,0.54288,-0.12422,-0.038703,3.2753,0.12841,-0.062984
2883.4,-253.17,844.2,8.2176,0.54272,-0.11828,-0.038972,7.5992,-1.8613e-15,8.7592e-16
2883.5,-253.18,844.25,8.2138,0.55216,-0.11303,-0.037525,7.5992,-1.8613e-15,8.7592e-16
2883.6,-253.19,844.31,8.2101,0.56132,-0.10801,-0.036152,7.5992,-1.8613e-15,8.7592e-16
2883.7,-253.2,844.37,8.2065,0.57021,-0.10319,-0.034851,7.5992,-1.8613e-15,8.7592e-16
2883.8,-253.21,844.42,8.2031,0.57883,-0.098571,-0.033619,7.5992,-1.8613e-15,8.7592e-16
2883.9,-253.22,844.48,8.1998,0.5872,-0.094141,-0.032456,7.5992,-1.8613e-15,8.7592e-16
2884,-253.23,844.54,8.1966,0.59532,-0.089888,-0.03136,7.5992,-1.8613e-15,8.7592e-16
2884.1,-253.24,844.6,8.1935,0.6032,-0.085802,-0.03033,7.5992,-1.8613e-15,8.7592e-16
2884.2,-253.26,844.66,8.1905,0.61084,-0.081873,-0.029364,7.5992,-1.8613e-15,8.7592e-16
2884.3,-253.27,844.72,8.1877,0.61826,-0.078093,-0.028463,7.5992,-1.8613e-15,8.7592e-16
2884.4,-253.28,844.78,8.1849,0.62544,-0.074451,-0.027627,7.5992,-1.8613e-15,8.7592e-16
2884.5,-253.29,844.84,8.1821,0.63242,-0.070939,-0.026854,7.5992,-1.8613e-15,8.7592e-16
2884.6,-253.31,844.91,8.1795,0.63918,-0.067549,-0.026147,7.5992,-1.8613e-15,8.7592e-16
2884.7,-253.32,844.97,8.1769,0.64573,-0.064272,-0.025504,7.5992,-1.8613e-15,8.7592e-16
2884.8,-253.34,845.03,8.1744,0.65209,-0.0611,-0.024928,7.5992,-1.8613e-15,8.7592e-16
2884.9,-253.35,845.1,8.1719,0.65825,-0.058026,-0.024419,7.5992,-1.8613e-15,8.7592e-16
2885,-253.37,845.16,8.1695,0.66422,-0.055041,-0.02398,7.5992,-1.8613e-15,8.7592e-16
2885.1,-253.38,845.23,8.1671,0.67001,-0.052137,-0.023613,7.5992,-1.8613e-15,8.7592e-16
2885.2,-253.4,845.29,8.1648,0.67562,-0.049306,-0.02332,7.5992,-1.8613e-15,8.7592e-16
2885.3,-253.41,845.36,8.1624,0.68105,-0.04654,-0.023106,7.5992,-1.8613e-15,8.7592e-16
2885.4,-253.43,845.42,8.1601,0.68632,-0.043831,-0.022973,7.5992,-1.8613e-15,8.7592e-16
2885.5,-253.45,845.49,8.1578,0.69143,-0.041171,-0.022926,7.5992,-1.8613e-15,8.7592e-16
2885.6,-253.46,845.56,8.1556,0.69638,-0.038551,-0.022971,7.5992,-1.8613e-15,8.7592e-16
2885.7,-253.48,845.63,8.1533,0.70117,-0.035961,-0.023113,7.5992,-1.8613e-15,8.7592e-16
2885.8,-253.5,845.69,8.1509,0.70581,-0.033394,-0.023359,7.5992,-1.8613e-15,8.7592e-16
2885.9,-253.52,845.76,8.1486,0.71031,-0.030839,-0.023716,7.5992,-1.8613e-15,8.7592e-16
2886,-253.53,845.83,8.1462,0.71467,-0.028286,-0.024194,7.5992,-1.8613e-15,8.7592e-16
2886.1,-253.55,845.9,8.1437,0.71889,-0.025725,-0.0248,7.5992,-1.8613e-15,8.7592e-16
2886.2,-253.57,845.97,8.1412,0.72297,-0.023146,-0.025545,7.5992,-1.8613e-15,8.7592e-16
2886.3,-253.59,846.04,8.1386,0.72693,-0.020535,-0.026441,7.5992,-1.8613e-15,8.7592e-16
2886.4,-253.61,846.11,8.1359,0.73076,-0.017882,-0.027499,7.5992,-1.8613e-15,8.7592e-16
2886.5,-253.63,846.18,8.1331,0.73447,-0.015174,-0.028734,7.5992,-1.8613e-15,8.7592e-16
2886.6,-253.64,846.25,8.1302,0.73806,-0.012396,-0.030159,7.5992,-1.8613e-15,8.7592e-16
2886.7,-253.66,846.33,8.1271,0.74153,-0.0095354,-0.03179,7.5992,-1.8613e-15,8.7592e-16
2886.8,-253.68,846.4,8.1238,0.74489,-0.0065769,-0.033644,7.5992,-1.8613e-15,8.7592e-16
2886.9,-253.7,846.47,8.1203,0.74813,-0.0035053,-0.035736,7.5992,-1.8613e-15,8.7592e-16
2887,-253.72,846.54,8.1166,0.75127,-0.00030459,-0.038086,7.5992,-1.8613e-15,8.7592e-16
2887.1,-253.74,846.62,8.1127,0.7543,0.0030529,-0.040699,7.5992,-1.8613e-15,8.7592e-16
2887.2,-253.76,846.69,8.1085,0.75722,0.006602,-0.043569,7.5992,-1.8613e-15,8.7592e-16
2887.3,-253.78,846.76,8.104,0.76004,0.010363,-0.046702,7.5992,-1.8613e-15,8.7592e-16
2887.4,-253.8,846.83,8.0992,0.76275,0.014357,-0.050103,7.5992,-1.8613e-15,8.7592e-16
2887.5,-253.82,846.91,8.094,0.76536,0.018605,-0.053773,7.5992,-1.8613e-15,8.7592e-16
2887.6,-253.84,846.98,8.0884,0.76786,0.023125,-0.05771,7.5992,-1.8613e-15,8.7592e-16
2887.7,-253.86,847.06,8.0824,0.77025,0.027939,-0.061908,7.5992,-1.8613e-15,8.7592e-16
2887.8,-253.88,847.13,8.076,0.77254,0.033064,-0.066356,7.5992,-1.8613e-15,8.7592e-16
2887.9,-253.9,847.21,8.0691,0.77472,0.038515,-0.071038,7.5992,-1.8613e-15,8.7592e-16
2888,-253.92,847.28,8.0618,0.77678,0.044309,-0.075935,7.5992,-1.8613e-15,8.7592e-16
2888.1,-253.94,847.36,8.0539,0.77872,0.050456,-0.081019,7.5992,-1.8613e-15,8.7592e-16
2888.2,-253.96,847.43,8.0456,0.78054,0.056964,-0.086261,7.5992,-1.8613e-15,8.7592e-16
2888.3,-253.98,847.51,8.0367,0.78224,0.06384,-0.091627,7.5992,-1.8613e-15,8.7592e-16
2888.4,-254,847.58,8.0272,0.78381,0.071084,-0.097077,7.5992,-1.8613e-15,8.7592e-16
2888.5,-254.02,847.66,8.0173,0.78523,0.078693,-0.10257,7.5992,-1.8613e-15,8.7592e-16
2888.6,-254.04,847.74,8.0067,0.78652,0.08666,-0.10806,7.5992,-1.8613e-15,8.7592e-16
2888.7,-254.06,847.81,7.9957,0.78766,0.094974,-0.11351,7.5992,-1.8613e-15,8.7592e-16
2888.8,-254.09,847.89,7.984,0.78864,0.10362,-0.11887,7.5992,-1.8613e-15,8.7592e-16
2888.9,-254.11,847.97,7.9719,0.78947,0.11257,-0.12411,7.5992,-1.8613e-15,8.7592e-16
2889,-254.13,848.04,7.9592,0.79013,0.12182,-0.12917,7.5992,-1.8613e-15,8.7592e-16
2889.1,-254.15,848.12,7.9461,0.79063,0.13132,-0.13402,7.5992,-1.8613e-15,8.7592e-16
2889.2,-254.17,848.2,7.9324,0.79095,0.14106,-0.13864,7.5992,-1.8613e-15,8.7592e-16
2889.3,-254.19,848.28,7.9183,0.7911,0.15099,-0.14299,7.5992,-1.8613e-15,8.7592e-16
2889.4,-254.21,848.35,7.9038,0.79108,0.1611,-0.14705,7.5992,-1.8613e-15,8.7592e-16
2889.5,-254.23,848.43,7.8889,0.79089,0.17134,-0.1508,7.5992,-1.8613e-15,8.7592e-16
2889.6,-254.25,848.51,7.8737,0.79052,0.18167,-0.15423,7.5992,-1.8613e-15,8.7592e-16
2889.7,-254.27,848.59,7.8581,0.78998,0.19208,-0.15732,7.5992,-1.8613e-15,8.7592e-16
2889.8,-254.29,848.67,7.8422,0.78928,0.20252,-0.16009,7.5992,-1.8613e-15,8.7592e-16
2889.9,-254.31,848.75,7.8261,0.78842,0.21297,-0.16252,7.5992,-1.8613e-15,8.7592e-16
2890,-254.32,848.83,7.8097,0.7874,0.22339,-0.16461,7.5992,-1.8613e-15,8.7592e-16
2890.1,-254.34,848.91,7.7932,0.78623,0.23376,-0.16638,7.5992,-1.8613e-15,8.7592e-16
2890.2,-254.36,848.99,7.7765,0.78493,0.24405,-0.16783,7.5992,-1.8613e-15,8.7592e-16
2890.3,-254.38,849.07,7.7596,0.78349,0.25424,-0.16896,7.5992,-1.8613e-15,8.7592e-16
2890.4,-254.4,849.15,7.7427,0.78193,0.2643,-0.1698,7.5992,-1.8613e-15,8.7592e-16
2890.5,-254.41,849.23,7.7257,0.78026,0.27423,-0.17036,7.5992,-1.8613e-15,8.7592e-16
2890.6,-254.43,849.31,7.7086,0.77848,0.284,-0.17064,7.5992,-1.8613e-15,8.7592e-16
2890.7,-254.45,849.39,7.6916,0.77662,0.2936,-0.17067,7.5992,-1.8613e-15,8.7592e-16
2890.8,-254.46,849.47,7.6745,0.77467,0.30302,-0.17044,7.5992,-1.8613e-15,8.7592e-16
2890.9,-254.48,849.55,7.6575,0.77266,0.31224,-0.16999,7.5992,-1.8613e-15,8.7592e-16
2891,-254.5,849.64,7.6405,0.77059,0.32127,-0.16932,7.5992,-1.8613e-15,8.7592e-16
2891.1,-254.51,849.72,7.6236,0.76847,0.33009,-0.16845,7.5992,-1.8613e-15,8.7592e-16
2891.2,-254.52,849.8,7.6068,0.76631,0.33871,-0.16739,7.5992,-1.8613e-15,8.7592e-16
2891.3,-254.54,849.88,7.5901,0.76413,0.34712,-0.16615,7.5992,-1.8613e-15,8.7592e-16
2891.4,-254.55,849.97,7.5736,0.76193,0.35531,-0.16474,7.5992,-1.8613e-15,8.7592e-16
2891.5,-254.56,850.05,7.5572,0.75973,0.36329,-0.16318,7.5992,-1.8613e-15,8.7592e-16
2891.6,-254.58,850.13,7.541,0.75753,0.37106,-0.16148,7.5992,-1.8613e-15,8.7592e-16
2891.7,-254.59,850.22,7.5249,0.75535,0.37863,-0.15965,7.5992,-1.8613e-15,8.7592e-16
2891.8,-254.6,850.3,7.509,0.75318,0.38599,-0.15769,7.5992,-1.8613e-15,8.7592e-16
2891.9,-254.61,850.39,7.4934,0.75105,0.39315,-0.15561,7.5992,-1.8613e-15,8.7592e-16
2892,-254.62,850.47,7.4779,0.74895,0.40012,-0.15343,7.5992,-1.8613e-15,8.7592e-16
2892.1,-254.63,850.55,7.4627,0.7469,0.40689,-0.15116,7.5992,-1.8613e-15,8.7592e-16
2892.2,-254.64,850.64,7.4477,0.7449,0.41348,-0.14879,7.5992,-1.8613e-15,8.7592e-16
2892.3,-254.65,850.72,7.4329,0.74296,0.41989,-0.14633,7.5992,-1.8613e-15,8.7592e-16
2892.4,-254.65,850.81,7.4184,0.74108,0.42612,-0.1438,7.5992,-1.8613e-15,8.7592e-16
2892.5,-254.66,850.89,7.4042,0.73927,0.4322,-0.14119,7.5992,-1.8613e-15,8.7592e-16
2892.6,-254.67,850.98,7.3902,0.73753,0.43811,-0.13851,7.5992,-1.8613e-15,8.7592e-16
2892.7,-254.67,851.06,7.3765,0.73588,0.44387,-0.13577,7.5992,-1.8613e-15,8.7592e-16
2892.8,-254.68,851.15,7.363,0.73431,0.44949,-0.13297,7.5992,-1.8613e-15,8.7592e-16
2892.9,-254.68,851.24,7.3499,0.73282,0.45496,-0.1301,7.5992,-1.8613e-15,8.7592e-16
2893,-254.69,851.32,7.337,0.73143,0.46031,-0.12718,7.5992,-1.8613e-15,8.7592e-16
2893.1,-254.69,851.41,7.3245,0.73014,0.46554,-0.1242,7.5992,-1.8613e-15,8.7592e-16
2893.2,-254.69,851.5,7.3122,0.72894,0.47065,-0.12117,7.5992,-1.8613e-15,8.7592e-16
2893.3,-254.7,851.58,7.3002,0.72785,0.47565,-0.11808,7.5992,-1.8613e-15,8.7592e-16
2893.4,-254.7,851.67,7.2886,0.72686,0.48055,-0.11494,7.5992,-1.8613e-15,8.7592e-16
2893.5,-254.7,851.76,7.2772,0.72598,0.48536,-0.11174,7.5992,-1.8613e-15,8.7592e-16
2893.6,-254.7,851.84,7.2662,0.72521,0.49008,-0.10849,7.5992,-1.8613e-15,8.7592e-16
2893.7,-254.7,851.93,7.2555,0.72455,0.49472,-0.10518,7.5992,-1.8613e-15,8.7592e-16
2893.8,-254.7,852.02,7.2452,0.724,0.49928,-0.10181,7.5992,-1.8613e-15,8.7592e-16
2893.9,-254.7,852.11,7.2352,0.72358,0.50378,-0.098375,7.5992,-1.8613e-15,8.7592e-16
2894,-254.7,852.2,7.2255,0.72327,0.50823,-0.094872,7.5992,-1.8613e-15,8.7592e-16
2894.1,-254.7,852.28,7.2162,0.72309,0.51262,-0.091296,7.5992,-1.8613e-15,8.7592e-16
2894.2,-254.7,852.37,7.2073,0.72304,0.51696,-0.087641,7.5992,-1.8613e-15,8.7592e-16
2894.3,-254.69,852.46,7.1987,0.72311,0.52127,-0.0839,7.5992,-1.8613e-15,8.7592e-16
2894.4,-254.69,852.55,7.1905,0.72332,0.52555,-0.080064,7.5992,-1.8613e-15,8.7592e-16
2894.5,-254.69,852.64,7.1827,0.72366,0.5298,-0.076124,7.5992,-1.8613e-15,8.7592e-16
2894.6,-254.68,852.73,7.1753,0.72415,0.53404,-0.072069,7.5992,-1.8613e-15,8.7592e-16
2894.7,-254.68,852.82,7.1683,0.72478,0.53826,-0.067886,7.5992,-1.8613e-15,8.7592e-16
2894.8,-254.67,852.91,7.1617,0.72555,0.54248,-0.06356,7.5992,-1.8613e-15,8.7592e-16
2894.9,-254.67,853,7.1556,0.72649,0.54671,-0.059074,7.5992,-1.8613e-15,8.7592e-16
2895,-254.67,853.09,7.1499,0.72759,0.55094,-0.054407,7.5992,-1.8613e-15,8.7592e-16
2895.1,-254.66,853.18,7.1447,0.72886,0.5552,-0.049534,7.5992,-1.8613e-15,8.7592e-16
2895.2,-254.65,853.28,7.14,0.7303,0.55949,-0.044428,7.5992,-1.8613e-15,8.7592e-16
2895.3,-254.65,853.37,7.1358,0.73194,0.56381,-0.039055,7.5992,-1.8613e-15,8.7592e-16
2895.4,-254.64,853.46,7.1322,0.73378,0.56817,-0.033374,7.5992,-1.8613e-15,8.7592e-16
2895.5,-254.64,853.55,7.1291,0.73584,0.57259,-0.027336,7.5992,-1.8613e-15,8.7592e-16
2895.6,-254.63,853.65,7.1267,0.73813,0.57708,-0.020883,7.5992,-1.8613e-15,8.7592e-16
2895.7,-254.63,853.74,7.125,0.74068,0.58165,-0.013942,7.5992,-1.8613e-15,8.7592e-16
2895.8,-254.62,853.83,7.124,0.74351,0.58631,-0.0064202,7.5992,-1.8613e-15,8.7592e-16
2895.9,-254.61,853.93,7.1237,0.74665,0.59103,0.0017764,1.6923,-0.1107,0.054298
2896,-254.61,854.02,7.1244,0.73707,0.59348,0.011875,1.6923,-0.1107,0.054298
2896.1,-254.6,854.12,7.1261,0.72832,0.59304,0.021982,1.6923,-0.1107,0.054298
2896.2,-254.6,854.21,7.1288,0.72035,0.58968,0.031717,1.6923,-0.1107,0.054298
2896.3,-254.6,854.3,7.1324,0.71311,0.58353,0.04076,1.6923,-0.1107,0.054298
2896.4,-254.59,854.4,7.1369,0.70651,0.57481,0.048874,1.6923,-0.1107,0.054298
2896.5,-254.59,854.49,7.1422,0.70045,0.56384,0.055908,1.6923,-0.1107,0.054298
2896.6,-254.59,854.58,7.1481,0.69485,0.55098,0.0618,1.6923,-0.1107,0.054298
2896.7,-254.58,854.66,7.1545,0.6896,0.53658,0.066555,1.6923,-0.1107,0.054298
2896.8,-254.58,854.75,7.1613,0.68463,0.52102,0.070231,1.6923,-0.1107,0.054298
2896.9,-254.58,854.84,7.1685,0.67986,0.50462,0.072924,1.6923,-0.1107,0.054298
2897,-254.57,854.92,7.1759,0.67522,0.48768,0.074745,1.6923,-0.1107,0.054298
2897.1,-254.57,855,7.1834,0.67068,0.47046,0.075816,1.6923,-0.1107,0.054298
2897.2,-254.56,855.08,7.191,0.66619,0.45317,0.076255,1.6923,-0.1107,0.054298
2897.3,-254.56,855.16,7.1987,0.66172,0.43597,0.076172,1.6923,-0.1107,0.054298
2897.4,-254.55,855.24,7.2062,0.65725,0.419,0.075667,1.6923,-0.1107,0.054298
2897.5,-254.54,855.32,7.2138,0.65278,0.40236,0.07483,1.6923,-0.1107,0.054298
2897.6,-254.54,855.39,7.2212,0.64829,0.38612,0.073736,1.6923,-0.1107,0.054298
2897.7,-254.53,855.47,7.2285,0.64379,0.37034,0.072449,1.6923,-0.1107,0.054298
2897.8,-254.52,855.54,7.2357,0.63927,0.35505,0.071024,1.6923,-0.1107,0.054298
2897.9,-254.51,855.61,7.2427,0.63474,0.34026,0.069506,1.6923,-0.1107,0.054298
2898,-254.51,855.68,7.2496,0.6302,0.326,0.067931,1.6923,-0.1107,0.054298
2898.1,-254.5,855.75,7.2563,0.62566,0.31225,0.066331,1.6923,-0.1107,0.054298
2898.2,-254.49,855.82,7.2629,0.62112,0.29902,0.064729,1.6923,-0.1107,0.054298
2898.3,-254.48,855.89,7.2693,0.6166,0.28629,0.063145,1.6923,-0.1107,0.054298
2898.4,-254.47,855.96,7.2755,0.61209,0.27404,0.061595,1.6923,-0.1107,0.054298
2898.5,-254.46,856.02,7.2816,0.6076,0.26226,0.060092,1.6923,-0.1107,0.054298
2898.6,-254.44,856.09,7.2875,0.60314,0.25093,0.058645,1.6923,-0.1107,0.054298
2898.7,-254.43,856.15,7.2933,0.59871,0.24003,0.057262,1.6923,-0.1107,0.054298
2898.8,-254.42,856.21,7.299,0.59432,0.22954,0.055949,1.6923,-0.1107,0.054298
2898.9,-254.41,856.28,7.3045,0.58997,0.21944,0.05471,1.6923,-0.1107,0.054298
2899,-254.4,856.34,7.3099,0.58567,0.20971,0.05355,1.6923,-0.1107,0.054298
2899.1,-254.38,856.4,7.3152,0.58142,0.20033,0.052471,1.6923,-0.1107,0.054298
2899.2,-254.37,856.46,7.3204,0.57722,0.19128,0.051474,1.6923,-0.1107,0.054298
2899.3,-254.36,856.52,7.3255,0.57307,0.18254,0.050561,1.6923,-0.1107,0.054298
2899.4,-254.35,856.58,7.3305,0.56899,0.17411,0.049733,1.6923,-0.1107,0.054298
2899.5,-254.33,856.63,7.3355,0.56496,0.16595,0.04899,1.6923,-0.1107,0.054298
2899.6,-254.32,856.69,7.3403,0.56099,0.15805,0.048333,1.6923,-0.1107,0.054298
2899.7,-254.3,856.75,7.3451,0.55709,0.1504,0.047761,1.6923,-0.1107,0.054298
2899.8,-254.29,856.8,7.3499,0.55325,0.14299,0.047275,1.6923,-0.1107,0.054298
2899.9,-254.28,856.86,7.3546,0.54947,0.13579,0.046874,1.6923,-0.1107,0.054298
2900,-254.26,856.91,7.3593,0.54576,0.12881,0.046559,1.6923,-0.1107,0.054298
2900.1,-254.25,856.97,7.3639,0.54211,0.12202,0.046327,1.6923,-0.1107,0.054298
2900.2,-254.23,857.02,7.3685,0.53853,0.11541,0.04618,1.6923,-0.1107,0.054298
2900.3,-254.22,857.07,7.3731,0.53501,0.10898,0.046116,1.6923,-0.1107,0.054298
2900.4,-254.2,857.12,7.3777,0.53155,0.10271,0.046135,1.6923,-0.1107,0.054298
2900.5,-254.19,857.18,7.3824,0.52816,0.096603,0.046237,1.6923,-0.1107,0.054298
2900.6,-254.17,857.23,7.387,0.52482,0.090638,0.04642,1.6923,-0.1107,0.054298
2900.7,-254.16,857.28,7.3917,0.52155,0.084813,0.046684,1.6923,-0.1107,0.054298
2900.8,-254.14,857.33,7.3963,0.51835,0.079119,0.047028,1.6923,-0.1107,0.054298
2900.9,-254.12,857.38,7.4011,0.5152,0.07355,0.047451,1.6923,-0.1107,0.054298
2901,-254.11,857.43,7.4058,0.51211,0.0681,0.047952,1.6923,-0.1107,0.054298
2901.1,-254.09,857.48,7.4107,0.50907,0.062763,0.04853,1.6923,-0.1107,0.054298
2901.2,-254.08,857.52,7.4155,0.50609,0.057535,0.049184,1.6923,-0.1107,0.054298
2901.3,-254.06,857.57,7.4205,0.50317,0.05241,0.049912,1.6923,-0.1107,0.054298
2901.4,-254.04,857.62,7.4255,0.5003,0.047385,0.050712,1.6923,-0.1107,0.054298
2901.5,-254.03,857.67,7.4306,0.49749,0.042455,0.051584,1.6923,-0.1107,0.054298
2901.6,-254.01,857.71,7.4358,0.49472,0.037619,0.052524,1.6923,-0.1107,0.054298
2901.7,-253.99,857.76,7.4411,0.492,0.032872,0.053532,1.6923,-0.1107,0.054298
2901.8,-253.98,857.81,7.4466,0.48933,0.028212,0.054604,1.6923,-0.1107,0.054298
2901.9,-253.96,857.85,7.4521,0.4867,0.023638,0.055738,1.6923,-0.1107,0.054298
2902,-253.94,857.9,7.4577,0.48412,0.019147,0.056931,1.6923,-0.1107,0.054298
2902.1,-253.93,857.94,7.4635,0.48158,0.014739,0.058181,1.6923,-0.1107,0.054298
2902.2,-253.91,857.99,7.4693,0.47908,0.010412,0.059484,1.6923,-0.1107,0.054298
2902.3,-253.89,858.03,7.4754,0.47663,0.006166,0.060837,1.6923,-0.1107,0.054298
2902.4,-253.87,858.08,7.4815,0.4742,0.0020002,0.062236,1.6923,-0.1107,0.054298
2902.5,-253.86,858.12,7.4878,0.47182,-0.0020927,0.063669,1.6923,-0.1107,0.054298
2902.6,-253.84,858.17,7.4942,0.46947,-0.0061525,0.065089,1.6923,-0.1107,0.054298
2902.7,-253.82,858.21,7.5008,0.46715,-0.010184,0.06648,1.6923,-0.1107,0.054298
2902.8,-253.81,858.25,7.5075,0.46486,-0.014186,0.067836,1.6923,-0.1107,0.054298
2902.9,-253.79,858.3,7.5144,0.4626,-0.018156,0.06915,1.6923,-0.1107,0.054298
2903,-253.77,858.34,7.5214,0.46037,-0.022091,0.070417,1.6923,-0.1107,0.054298
2903.1,-253.75,858.38,7.5285,0.45817,-0.02599,0.071632,1.6923,-0.1107,0.054298
2903.2,-253.74,858.42,7.5357,0.45599,-0.029848,0.072791,1.6923,-0.1107,0.054298
2903.3,-253.72,858.47,7.543,0.45383,-0.033664,0.07389,1.6923,-0.1107,0.054298
2903.4,-253.7,858.51,7.5505,0.4517,-0.037435,0.074926,1.6923,-0.1107,0.054298
2903.5,-253.69,858.55,7.558,0.44959,-0.041158,0.075897,1.6923,-0.1107,0.054298
2903.6,-253.67,858.59,7.5656,0.4475,-0.04483,0.076802,1.6923,-0.1107,0.054298
2903.7,-253.65,858.63,7.5734,0.44542,-0.048449,0.077639,1.6923,-0.1107,0.054298
2903.8,-253.64,858.67,7.5812,0.44337,-0.052011,0.078408,1.6923,-0.1107,0.054298
2903.9,-253.62,858.72,7.589,0.44134,-0.055515,0.079108,1.6923,-0.1107,0.054298
2904,-253.6,858.76,7.597,0.43933,-0.058958,0.07974,1.6923,-0.1107,0.054298
2904.1,-253.58,858.8,7.605,0.43733,-0.062338,0.080305,1.6923,-0.1107,0.054298
2904.2,-253.57,858.84,7.613,0.43536,-0.065653,0.080804,1.6923,-0.1107,0.054298
2904.3,-253.55,858.88,7.6211,0.4334,-0.068902,0.081238,0.38784,-9.4994e-17,4.8909e-17
2904.4,-253.53,858.92,7.6292,0.42855,-0.071576,0.080103,0.38784,-9.4994e-17,4.8909e-17
2904.5,-253.52,858.96,7.6372,0.4238,-0.07409,0.078962,0.38784,-9.4994e-17,4.8909e-17
2904.6,-253.5,859,7.645,0.41914,-0.076452,0.077816,0.38784,-9.4994e-17,4.8909e-17
2904.7,-253.49,859.04,7.6527,0.41457,-0.078667,0.076664,0.38784,-9.4994e-17,4.8909e-17
2904.8,-253.47,859.08,7.6603,0.41009,-0.080742,0.075506,0.38784,-9.4994e-17,4.8909e-17
2904.9,-253.45,859.12,7.6678,0.4057,-0.082681,0.074344,0.38784,-9.4994e-17,4.8909e-17
2905,-253.44,859.15,7.6752,0.40139,-0.08449,0.073177,0.38784,-9.4994e-17,4.8909e-17
2905.1,-253.42,859.19,7.6825,0.39716,-0.086174,0.072007,0.38784,-9.4994e-17,4.8909e-17
2905.2,-253.41,859.23,7.6896,0.39302,-0.087739,0.070834,0.38784,-9.4994e-17,4.8909e-17
2905.3,-253.39,859.27,7.6966,0.38896,-0.089187,0.069658,0.38784,-9.4994e-17,4.8909e-17
2905.4,-253.38,859.3,7.7035,0.38499,-0.090526,0.068482,0.38784,-9.4994e-17,4.8909e-17
2905.5,-253.36,859.34,7.7103,0.38109,-0.091758,0.067306,0.38784,-9.4994e-17,4.8909e-17
2905.6,-253.35,859.38,7.717,0.37727,-0.092887,0.06613,0.38784,-9.4994e-17,4.8909e-17
2905.7,-253.34,859.41,7.7236,0.37352,-0.093919,0.064956,0.38784,-9.4994e-17,4.8909e-17
2905.8,-253.32,859.45,7.73,0.36986,-0.094857,0.063786,0.38784,-9.4994e-17,4.8909e-17
2905.9,-253.31,859.48,7.7363,0.36626,-0.095705,0.062618,0.38784,-9.4994e-17,4.8909e-17
2906,-253.29,859.52,7.7425,0.36274,-0.096467,0.061456,0.38784,-9.4994e-17,4.8909e-17
2906.1,-253.28,859.55,7.7486,0.35929,-0.097146,0.060299,0.38784,-9.4994e-17,4.8909e-17
2906.2,-253.27,859.59,7.7546,0.35592,-0.097745,0.059149,0.38784,-9.4994e-17,4.8909e-17
2906.3,-253.25,859.62,7.7604,0.35261,-0.098269,0.058006,0.38784,-9.4994e-17,4.8909e-17
2906.4,-253.24,859.66,7.7662,0.34937,-0.09872,0.05687,0.38784,-9.4994e-17,4.8909e-17
2906.5,-253.23,859.69,7.7718,0.34619,-0.099101,0.055744,0.38784,-9.4994e-17,4.8909e-17
2906.6,-253.21,859.72,7.7773,0.34308,-0.099416,0.054626,0.38784,-9.4994e-17,4.8909e-17
2906.7,-253.2,859.76,7.7827,0.34004,-0.099667,0.053519,0.38784,-9.4994e-17,4.8909e-17
2906.8,-253.19,859.79,7.788,0.33705,-0.099858,0.052422,0.38784,-9.4994e-17,4.8909e-17
2906.9,-253.18,859.82,7.7932,0.33413,-0.09999,0.051336,0.38784,-9.4994e-17,4.8909e-17
2907,-253.17,859.86,7.7983,0.33127,-0.10007,0.050262,0.38784,-9.4994e-17,4.8909e-17
2907.1,-253.15,859.89,7.8033,0.32847,-0.10009,0.049199,0.38784,-9.4994e-17,4.8909e-17
2907.2,-253.14,859.92,7.8081,0.32572,-0.10006,0.048149,0.38784,-9.4994e-17,4.8909e-17
2907.3,-253.13,859.95,7.8129,0.32303,-0.099989,0.047112,0.38784,-9.4994e-17,4.8909e-17
2907.4,-253.12,859.98,7.8176,0.3204,-0.099868,0.046088,0.38784,-9.4994e-17,4.8909e-17
2907.5,-253.11,860.02,7.8221,0.31782,-0.099704,0.045077,0.38784,-9.4994e-17,4.8909e-17
2907.6,-253.1,860.05,7.8266,0.3153,-0.099498,0.04408,0.38784,-9.4994e-17,4.8909e-17
2907.7,-253.09,860.08,7.8309,0.31282,-0.099252,0.043096,0.38784,-9.4994e-17,4.8909e-17
2907.8,-253.08,860.11,7.8352,0.3104,-0.098968,0.042126,0.38784,-9.4994e-17,4.8909e-17
2907.9,-253.07,860.14,7.8394,0.30803,-0.098649,0.041171,0.38784,-9.4994e-17,4.8909e-17
2908,-253.06,860.17,7.8434,0.3057,-0.098295,0.04023,0.38784,-9.4994e-17,4.8909e-17
2908.1,-253.05,860.2,7.8474,0.30342,-0.097909,0.039303,0.38784,-9.4994e-17,4.8909e-17
2908.2,-253.04,860.23,7.8513,0.30119,-0.097493,0.038391,0.38784,-9.4994e-17,4.8909e-17
2908.3,-253.03,860.26,7.8551,0.29901,-0.097047,0.037493,0.38784,-9.4994e-17,4.8909e-17
2908.4,-253.02,860.29,7.8588,0.29687,-0.096574,0.03661,0.38784,-9.4994e-17,4.8909e-17
2908.5,-253.01,860.32,7.8624,0.29477,-0.096075,0.035741,0.38784,-9.4994e-17,4.8909e-17
2908.6,-253,860.35,7.8659,0.29271,-0.095551,0.034887,0.38784,-9.4994e-17,4.8909e-17
2908.7,-252.99,860.38,7.8694,0.2907,-0.095003,0.034048,0.38784,-9.4994e-17,4.8909e-17
2908.8,-252.98,860.41,7.8728,0.28872,-0.094434,0.033223,0.38784,-9.4994e-17,4.8909e-17
2908.9,-252.97,860.44,7.876,0.28679,-0.093844,0.032412,0.38784,-9.4994e-17,4.8909e-17
2909,-252.96,860.47,7.8792,0.28489,-0.093234,0.031616,0.38784,-9.4994e-17,4.8909e-17
2909.1,-252.95,860.49,7.8824,0.28303,-0.092606,0.030834,0.38784,-9.4994e-17,4.8909e-17
2909.2,-252.95,860.52,7.8854,0.28121,-0.09196,0.030067,0.38784,-9.4994e-17,4.8909e-17
2909.3,-252.94,860.55,7.8884,0.27942,-0.091298,0.029313,0.38784,-9.4994e-17,4.8909e-17
2909.4,-252.93,860.58,7.8913,0.27767,-0.090621,0.028574,0.38784,-9.4994e-17,4.8909e-17
2909.5,-252.92,860.61,7.8941,0.27595,-0.08993,0.027849,0.38784,-9.4994e-17,4.8909e-17
2909.6,-252.91,860.64,7.8968,0.27427,-0.089226,0.027137,0.38784,-9.4994e-17,4.8909e-17
2909.7,-252.91,860.66,7.8995,0.27262,-0.088509,0.026439,0.38784,-9.4994e-17,4.8909e-17
2909.8,-252.9,860.69,7.9021,0.271,-0.08778,0.025755,0.38784,-9.4994e-17,4.8909e-17
2909.9,-252.89,860.72,7.9047,0.26941,-0.087041,0.025084,0.38784,-9.4994e-17,4.8909e-17
2910,-252.88,860.75,7.9071,0.26785,-0.086292,0.024426,0.38784,-9.4994e-17,4.8909e-17
2910.1,-252.88,860.77,7.9096,0.26632,-0.085534,0.023781,0.38784,-9.4994e-17,4.8909e-17
2910.2,-252.87,860.8,7.9119,0.26482,-0.084767,0.023149,0.38784,-9.4994e-17,4.8909e-17
2910.3,-252.86,860.83,7.9142,0.26335,-0.083993,0.02253,0.38784,-9.4994e-17,4.8909e-17
2910.4,-252.86,860.85,7.9164,0.26191,-0.083212,0.021924,0.38784,-9.4994e-17,4.8909e-17
2910.5,-252.85,860.88,7.9186,0.26049,-0.082424,0.02133,0.38784,-9.4994e-17,4.8909e-17
2910.6,-252.84,860.91,7.9207,0.2591,-0.081631,0.020748,0.38784,-9.4994e-17,4.8909e-17
2910.7,-252.84,860.93,7.9227,0.25774,-0.080833,0.020179,0.38784,-9.4994e-17,4.8909e-17
2910.8,-252.83,860.96,7.9247,0.2564,-0.08003,0.019621,0.38784,-9.4994e-17,4.8909e-17
2910.9,-252.82,860.98,7.9266,0.25508,-0.079223,0.019075,0.38784,-9.4994e-17,4.8909e-17
2911,-252.82,861.01,7.9285,0.25379,-0.078412,0.018541,0.38784,-9.4994e-17,4.8909e-17
2911.1,-252.81,861.04,7.9303,0.25252,-0.077599,0.018018,0.38784,-9.4994e-17,4.8909e-17
2911.2,-252.81,861.06,7.9321,0.25127,-0.076783,0.017506,0.38784,-9.4994e-17,4.8909e-17
2911.3,-252.8,861.09,7.9339,0.25005,-0.075965,0.017006,0.38784,-9.4994e-17,4.8909e-17
2911.4,-252.8,861.11,7.9355,0.24885,-0.075146,0.016516,0.38784,-9.4994e-17,4.8909e-17
2911.5,-252.79,861.14,7.9372,0.24767,-0.074325,0.016037,0.38784,-9.4994e-17,4.8909e-17
2911.6,-252.78,861.16,7.9387,0.24651,-0.073504,0.015568,0.38784,-9.4994e-17,4.8909e-17
2911.7,-252.78,861.19,7.9403,0.24537,-0.072682,0.01511,0.38784,-9.4994e-17,4.8909e-17
2911.8,-252.77,861.21,7.9418,0.24425,-0.07186,0.014661,0.38784,-9.4994e-17,4.8909e-17
2911.9,-252.77,861.24,7.9432,0.24315,-0.071039,0.014223,0.38784,-9.4994e-17,4.8909e-17
2912,-252.76,861.26,7.9446,0.24207,-0.070219,0.013795,0.38784,-9.4994e-17,4.8909e-17
2912.1,-252.76,861.29,7.946,0.241,-0.069399,0.013376,0.38784,-9.4994e-17,4.8909e-17
2912.2,-252.76,861.31,7.9473,0.23996,-0.068581,0.012967,0.38784,-9.4994e-17,4.8909e-17
2912.3,-252.75,861.34,7.9486,0.23893,-0.067765,0.012567,0.38784,-9.4994e-17,4.8909e-17
2912.4,-252.75,861.36,7.9498,0.23792,-0.066951,0.012176,0.38784,-9.4994e-17,4.8909e-17
2912.5,-252.74,861.39,7.951,0.23693,-0.066139,0.011794,0.38784,-9.4994e-17,4.8909e-17
2912.6,-252.74,861.41,7.9522,0.23595,-0.065329,0.011421,0.38784,-9.4994e-17,4.8909e-17
2912.7,-252.73,861.43,7.9533,0.23499,-0.064522,0.011057,0.38784,-9.4994e-17,4.8909e-17
2912.8,-252.73,861.46,7.9544,0.23404,-0.063718,0.010701,0.38784,-9.4994e-17,4.8909e-17
2912.9,-252.73,861.48,7.9554,0.23311,-0.062918,0.010353,0.38784,-9.4994e-17,4.8909e-17
2913,-252.72,861.51,7.9564,0.2322,-0.062121,0.010013,0.38784,-9.4994e-17,4.8909e-17
2913.1,-252.72,861.53,7.9574,0.2313,-0.061327,0.0096819,0.38784,-9.4994e-17,4.8909e-17
2913.2,-252.71,861.55,7.9584,0.23041,-0.060537,0.0093582,0.38784,-9.4994e-17,4.8909e-17
2913.3,-252.71,861.58,7.9593,0.22954,-0.059752,0.0090422,0.38784,-9.4994e-17,4.8909e-17
2913.4,-252.71,861.6,7.9602,0.22868,-0.058971,0.0087337,0.38784,-9.4994e-17,4.8909e-17
2913.5,-252.7,861.62,7.961,0.22784,-0.058194,0.0084327,0.38784,-9.4994e-17,4.8909e-17
2913.6,-252.7,861.65,7.9619,0.22701,-0.057421,0.0081389,0.38784,-9.4994e-17,4.8909e-17
2913.7,-252.7,861.67,7.9627,0.22619,-0.056654,0.0078521,0.38784,-9.4994e-17,4.8909e-17
2913.8,-252.69,861.69,7.9634,0.22538,-0.055891,0.0075724,0.38784,-9.4994e-17,4.8909e-17
2913.9,-252.69,861.72,7.9642,0.22459,-0.055133,0.0072994,0.38784,-9.4994e-17,4.8909e-17
2914,-252.69,861.74,7.9649,0.22381,-0.05438,0.0070332,0.38784,-9.4994e-17,4.8909e-17
2914.1,-252.69,861.76,7.9656,0.22304,-0.053633,0.0067735,0.38784,-9.4994e-17,4.8909e-17
2914.2,-252.68,861.78,7.9663,0.22228,-0.052891,0.0065202,0.38784,-9.4994e-17,4.8909e-17
2914.3,-252.68,861.81,7.9669,0.22153,-0.052154,0.0062731,0.38784,-9.4994e-17,4.8909e-17
2914.4,-252.68,861.83,7.9675,0.22079,-0.051423,0.0060323,0.38784,-9.4994e-17,4.8909e-17
2914.5,-252.67,861.85,7.9681,0.22007,-0.050697,0.0057974,0.38784,-9.4994e-17,4.8909e-17
2914.6,-252.67,861.87,7.9687,0.21935,-0.049978,0.0055685,0.38784,-9.4994e-17,4.8909e-17
2914.7,-252.67,861.9,7.9692,0.21865,-0.049264,0.0053453,0.38784,-9.4994e-17,4.8909e-17
2914.8,-252.67,861.92,7.9697,0.21796,-0.048556,0.0051278,0.38784,-9.4994e-17,4.8909e-17
2914.9,-252.67,861.94,7.9702,0.21727,-0.047854,0.0049158,0.38784,-9.4994e-17,4.8909e-17
2915,-252.66,861.96,7.9707,0.2166,-0.047158,0.0047093,0.38784,-9.4994e-17,4.8909e-17
2915.1,-252.66,861.99,7.9712,0.21593,-0.046468,0.004508,0.38784,-9.4994e-17,4.8909e-17
2915.2,-252.66,862.01,7.9716,0.21528,-0.045785,0.0043119,0.38784,-9.4994e-17,4.8909e-17
2915.3,-252.66,862.03,7.972,0.21463,-0.045108,0.0041209,0.38784,-9.4994e-17,4.8909e-17
2915.4,-252.65,862.05,7.9724,0.21399,-0.044437,0.0039349,0.38784,-9.4994e-17,4.8909e-17
2915.5,-252.65,862.07,7.9728,0.21337,-0.043772,0.0037538,0.38784,-9.4994e-17,4.8909e-17
2915.6,-252.65,862.09,7.9732,0.21275,-0.043113,0.0035774,0.38784,-9.4994e-17,4.8909e-17
2915.7,-252.65,862.12,7.9735,0.21214,-0.042461,0.0034056,0.38784,-9.4994e-17,4.8909e-17
2915.8,-252.65,862.14,7.9739,0.21153,-0.041816,0.0032385,0.38784,-9.4994e-17,4.8909e-17
2915.9,-252.65,862.16,7.9742,0.21094,-0.041177,0.0030757,0.38784,-9.4994e-17,4.8909e-17
2916,-252.64,862.18,7.9745,0.21035,-0.040544,0.0029174,0.38784,-9.4994e-17,4.8909e-17
2916.1,-252.64,862.2,7.9748,0.20978,-0.039918,0.0027633,0.38784,-9.4994e-17,4.8909e-17
2916.2,-252.64,862.22,7.975,0.20921,-0.039299,0.0026133,0.38784,-9.4994e-17,4.8909e-17
2916.3,-252.64,862.24,7.9753,0.20864,-0.038686,0.0024675,0.38784,-9.4994e-17,4.8909e-17
2916.4,-252.64,862.27,7.9755,0.20809,-0.038079,0.0023256,0.38784,-9.4994e-17,4.8909e-17
2916.5,-252.64,862.29,7.9758,0.20754,-0.037479,0.0021876,0.38784,-9.4994e-17,4.8909e-17
2916.6,-252.64,862.31,7.976,0.207,-0.036886,0.0020534,0.38784,-9.4994e-17,4.8909e-17
2916.7,-252.64,862.33,7.9762,0.20646,-0.036299,0.001923,0.38784,-9.4994e-17,4.8909e-17
2916.8,-252.63,862.35,7.9764,0.20594,-0.035719,0.0017962,0.38784,-9.4994e-17,4.8909e-17
2916.9,-252.63,862.37,7.9765,0.20542,-0.035145,0.001673,1.065,0.18414,-0.090321
2917,-252.63,862.39,7.9766,0.20643,-0.033793,-0.0009809,1.065,0.18414,-0.090321
2917.1,-252.63,862.41,7.9763,0.20743,-0.032378,-0.0035846,1.065,0.18414,-0.090321
2917.2,-252.63,862.43,7.9759,0.20843,-0.030896,-0.0061305,1.065,0.18414,-0.090321
2917.3,-252.63,862.45,7.9751,0.20942,-0.029352,-0.008614,1.065,0.18414,-0.090321
2917.4,-252.63,862.48,7.9741,0.2104,-0.02775,-0.011031,1.065,0.18414,-0.090321
2917.5,-252.63,862.5,7.9729,0.21138,-0.026095,-0.013379,1.065,0.18414,-0.090321
2917.6,-252.63,862.52,7.9715,0.21235,-0.024392,-0.015655,1.065,0.18414,-0.090321
2917.7,-252.63,862.54,7.9698,0.21331,-0.022646,-0.017858,1.065,0.18414,-0.090321
2917.8,-252.63,862.56,7.9679,0.21427,-0.020863,-0.019987,1.065,0.18414,-0.090321
2917.9,-252.63,862.58,7.9658,0.21521,-0.019047,-0.022042,1.065,0.18414,-0.090321
2918,-252.63,862.6,7.9635,0.21614,-0.017203,-0.024022,1.065,0.18414,-0.090321
2918.1,-252.63,862.63,7.961,0.21706,-0.015337,-0.025929,1.065,0.18414,-0.090321
2918.2,-252.63,862.65,7.9583,0.21796,-0.013453,-0.027764,1.065,0.18414,-0.090321
2918.3,-252.63,862.67,7.9554,0.21886,-0.011556,-0.029528,1.065,0.18414,-0.090321
2918.4,-252.64,862.69,7.9524,0.21974,-0.0096497,-0.031224,1.065,0.18414,-0.090321
2918.5,-252.64,862.71,7.9492,0.2206,-0.0077388,-0.032853,1.065,0.18414,-0.090321
2918.6,-252.64,862.74,7.9458,0.22145,-0.0058272,-0.034418,1.065,0.18414,-0.090321
2918.7,-252.64,862.76,7.9423,0.22229,-0.0039186,-0.03592,1.065,0.18414,-0.090321
2918.8,-252.64,862.78,7.9386,0.22311,-0.0020165,-0.037364,1.065,0.18414,-0.090321
2918.9,-252.64,862.8,7.9348,0.22392,-0.00012405,-0.038751,1.065,0.18414,-0.090321
2919,-252.65,862.82,7.9309,0.22471,0.0017625,-0.040077,1.065,0.18414,-0.090321
2919.1,-252.65,862.85,7.9268,0.22548,0.0036495,-0.041333,1.065,0.18414,-0.090321
2919.2,-252.65,862.87,7.9226,0.22624,0.0055349,-0.042523,1.065,0.18414,-0.090321
2919.3,-252.65,862.89,7.9183,0.22698,0.0074166,-0.043646,1.065,0.18414,-0.090321
2919.4,-252.65,862.91,7.9139,0.2277,0.0092927,-0.044707,1.065,0.18414,-0.090321
2919.5,-252.66,862.94,7.9094,0.22841,0.011161,-0.045705,1.065,0.18414,-0.090321
2919.6,-252.66,862.96,7.9048,0.2291,0.013021,-0.046644,1.065,0.18414,-0.090321
2919.7,-252.66,862.98,7.9001,0.22978,0.01487,-0.047526,1.065,0.18414,-0.090321
2919.8,-252.66,863.01,7.8953,0.23043,0.016706,-0.048353,1.065,0.18414,-0.090321
2919.9,-252.67,863.03,7.8904,0.23107,0.018529,-0.049127,1.065,0.18414,-0.090321
2920,-252.67,863.05,7.8854,0.2317,0.020337,-0.049851,1.065,0.18414,-0.090321
2920.1,-252.67,863.07,7.8804,0.2323,0.022129,-0.050526,1.065,0.18414,-0.090321
2920.2,-252.67,863.1,7.8753,0.23289,0.023903,-0.051156,1.065,0.18414,-0.090321
2920.3,-252.68,863.12,7.8702,0.23347,0.025659,-0.051742,1.065,0.18414,-0.090321
2920.4,-252.68,863.14,7.865,0.23402,0.027396,-0.052287,1.065,0.18414,-0.090321
2920.5,-252.68,863.17,7.8597,0.23456,0.029113,-0.052792,1.065,0.18414,-0.090321
2920.6,-252.69,863.19,7.8544,0.23509,0.030809,-0.05326,1.065,0.18414,-0.090321
2920.7,-252.69,863.22,7.8491,0.2356,0.032484,-0.053693,1.065,0.18414,-0.090321
2920.8,-252.69,863.24,7.8437,0.23609,0.034137,-0.054092,1.065,0.18414,-0.090321
2920.9,-252.7,863.26,7.8383,0.23657,0.035767,-0.054459,1.065,0.18414,-0.090321
2921,-252.7,863.29,7.8328,0.23703,0.037375,-0.054796,1.065,0.18414,-0.090321
2921.1,-252.7,863.31,7.8273,0.23748,0.038959,-0.055105,1.065,0.18414,-0.090321
2921.2,-252.71,863.33,7.8218,0.23792,0.04052,-0.055388,1.065,0.18414,-0.090321
2921.3,-252.71,863.36,7.8162,0.23834,0.042057,-0.055645,1.065,0.18414,-0.090321
2921.4,-252.71,863.38,7.8107,0.23874,0.04357,-0.055879,1.065,0.18414,-0.090321
2921.5,-252.72,863.41,7.8051,0.23914,0.045059,-0.05609,1.065,0.18414,-0.090321
2921.6,-252.72,863.43,7.7994,0.23952,0.046524,-0.056281,1.065,0.18414,-0.090321
2921.7,-252.72,863.45,7.7938,0.23988,0.047964,-0.056451,1.065,0.18414,-0.090321
2921.8,-252.73,863.48,7.7881,0.24024,0.04938,-0.056603,1.065,0.18414,-0.090321
2921.9,-252.73,863.5,7.7825,0.24058,0.050773,-0.056738,1.065,0.18414,-0.090321
2922,-252.73,863.53,7.7768,0.24091,0.05214,-0.056856,1.065,0.18414,-0.090321
2922.1,-252.74,863.55,7.7711,0.24123,0.053484,-0.056959,1.065,0.18414,-0.090321
2922.2,-252.74,863.58,7.7654,0.24153,0.054804,-0.057047,1.065,0.18414,-0.090321
2922.3,-252.74,863.6,7.7597,0.24183,0.0561,-0.057122,1.065,0.18414,-0.090321
2922.4,-252.75,863.63,7.754,0.24211,0.057373,-0.057184,1.065,0.18414,-0.090321
2922.5,-252.75,863.65,7.7483,0.24239,0.058622,-0.057234,1.065,0.18414,-0.090321
2922.6,-252.75,863.67,7.7425,0.24265,0.059848,-0.057273,1.065,0.18414,-0.090321
2922.7,-252.76,863.7,7.7368,0.2429,0.06105,-0.057301,1.065,0.18414,-0.090321
2922.8,-252.76,863.72,7.7311,0.24315,0.06223,-0.05732,1.065,0.18414,-0.090321
2922.9,-252.76,863.75,7.7253,0.24338,0.063388,-0.057329,1.065,0.18414,-0.090321
2923,-252.76,863.77,7.7196,0.24361,0.064523,-0.05733,1.065,0.18414,-0.090321
2923.1,-252.77,863.8,7.7139,0.24382,0.065636,-0.057323,1.065,0.18414,-0.090321
2923.2,-252.77,863.82,7.7082,0.24403,0.066727,-0.057308,1.065,0.18414,-0.090321
2923.3,-252.77,863.85,7.7024,0.24423,0.067797,-0.057286,1.065,0.18414,-0.090321
2923.4,-252.78,863.87,7.6967,0.24443,0.068845,-0.057257,1.065,0.18414,-0.090321
2923.5,-252.78,863.9,7.691,0.24461,0.069873,-0.057223,1.065,0.18414,-0.090321
2923.6,-252.78,863.93,7.6852,0.24479,0.07088,-0.057182,1.065,0.18414,-0.090321
2923.7,-252.79,863.95,7.6795,0.24496,0.071866,-0.057137,1.065,0.18414,-0.090321
2923.8,-252.79,863.98,7.6738,0.24512,0.072833,-0.057086,1.065,0.18414,-0.090321
2923.9,-252.79,864,7.6681,0.24527,0.07378,-0.057031,1.065,0.18414,-0.090321
2924,-252.79,864.03,7.6624,0.24542,0.074708,-0.056972,1.065,0.18414,-0.090321
2924.1,-252.8,864.05,7.6567,0.24557,0.075616,-0.056908,1.065,0.18414,-0.090321
2924.2,-252.8,864.08,7.651,0.2457,0.076506,-0.056841,1.065,0.18414,-0.090321
2924.3,-252.8,864.1,7.6454,0.24583,0.077377,-0.056771,1.065,0.18414,-0.090321
2924.4,-252.8,864.13,7.6397,0.24596,0.07823,-0.056697,1.065,0.18414,-0.090321
2924.5,-252.81,864.16,7.634,0.24608,0.079065,-0.056621,1.065,0.18414,-0.090321
2924.6,-252.81,864.18,7.6284,0.24619,0.079883,-0.056542,1.065,0.18414,-0.090321
2924.7,-252.81,864.21,7.6227,0.2463,0.080684,-0.056461,1.065,0.18414,-0.090321
2924.8,-252.81,864.23,7.6171,0.24641,0.081467,-0.056377,1.065,0.18414,-0.090321
2924.9,-252.82,864.26,7.6114,0.2465,0.082234,-0.056291,1.065,0.18414,-0.090321
2925,-252.82,864.28,7.6058,0.2466,0.082985,-0.056204,1.065,0.18414,-0.090321
2925.1,-252.82,864.31,7.6002,0.24669,0.083719,-0.056115,1.065,0.18414,-0.090321
2925.2,-252.82,864.34,7.5946,0.24677,0.084438,-0.056024,1.065,0.18414,-0.090321
2925.3,-252.82,864.36,7.589,0.24686,0.085142,-0.055932,1.065,0.18414,-0.090321
2925.4,-252.82,864.39,7.5834,0.24693,0.08583,-0.055839,1.065,0.18414,-0.090321
2925.5,-252.83,864.41,7.5778,0.24701,0.086503,-0.055745,1.065,0.18414,-0.090321
2925.6,-252.83,864.44,7.5722,0.24708,0.087162,-0.05565,1.065,0.18414,-0.090321
2925.7,-252.83,864.47,7.5667,0.24714,0.087807,-0.055554,1.065,0.18414,-0.090321
2925.8,-252.83,864.49,7.5611,0.24721,0.088437,-0.055458,1.065,0.18414,-0.090321
2925.9,-252.83,864.52,7.5556,0.24727,0.089054,-0.055361,1.065,0.18414,-0.090321
2926,-252.83,864.55,7.5501,0.24732,0.089657,-0.055264,1.065,0.18414,-0.090321
2926.1,-252.83,864.57,7.5445,0.24738,0.090247,-0.055166,1.065,0.18414,-0.090321
2926.2,-252.84,864.6,7.539,0.24743,0.090824,-0.055068,1.065,0.18414,-0.090321
2926.3,-252.84,864.62,7.5335,0.24747,0.091388,-0.05497,1.065,0.18414,-0.090321
2926.4,-252.84,864.65,7.528,0.24752,0.09194,-0.054872,1.065,0.18414,-0.090321
2926.5,-252.84,864.68,7.5226,0.24756,0.09248,-0.054774,1.065,0.18414,-0.090321
2926.6,-252.84,864.7,7.5171,0.2476,0.093007,-0.054676,7.321,-1.7931e-15,9.1012e-16
2926.7,-252.84,864.73,7.5117,0.26165,0.092781,-0.052236,7.321,-1.7931e-15,9.1012e-16
2926.8,-252.84,864.76,7.5066,0.2755,0.092591,-0.050183,7.321,-1.7931e-15,9.1012e-16
2926.9,-252.84,864.79,7.5017,0.28916,0.092437,-0.048473,7.321,-1.7931e-15,9.1012e-16
2927,-252.84,864.82,7.4969,0.30261,0.092324,-0.047068,7.321,-1.7931e-15,9.1012e-16
2927.1,-252.83,864.85,7.4923,0.31584,0.092253,-0.045938,7.321,-1.7931e-15,9.1012e-16
2927.2,-252.83,864.89,7.4877,0.32886,0.092227,-0.045059,7.321,-1.7931e-15,9.1012e-16
2927.3,-252.83,864.92,7.4833,0.34165,0.092249,-0.044409,7.321,-1.7931e-15,9.1012e-16
2927.4,-252.82,864.96,7.4788,0.35422,0.092323,-0.04397,7.321,-1.7931e-15,9.1012e-16
2927.5,-252.82,864.99,7.4744,0.36655,0.092452,-0.043727,7.321,-1.7931e-15,9.1012e-16
2927.6,-252.81,865.03,7.4701,0.37864,0.092641,-0.043669,7.321,-1.7931e-15,9.1012e-16
2927.7,-252.81,865.07,7.4657,0.3905,0.092893,-0.043784,7.321,-1.7931e-15,9.1012e-16
2927.8,-252.8,865.11,7.4613,0.40211,0.093213,-0.044063,7.321,-1.7931e-15,9.1012e-16
2927.9,-252.79,865.15,7.4569,0.41348,0.093605,-0.044498,7.321,-1.7931e-15,9.1012e-16
2928,-252.79,865.19,7.4524,0.4246,0.094075,-0.045083,7.321,-1.7931e-15,9.1012e-16
2928.1,-252.78,865.24,7.4479,0.43547,0.094626,-0.045811,7.321,-1.7931e-15,9.1012e-16
2928.2,-252.77,865.28,7.4432,0.4461,0.095264,-0.046677,7.321,-1.7931e-15,9.1012e-16
2928.3,-252.76,865.33,7.4385,0.45649,0.095995,-0.047677,7.321,-1.7931e-15,9.1012e-16
2928.4,-252.75,865.37,7.4337,0.46662,0.096824,-0.048807,7.321,-1.7931e-15,9.1012e-16
2928.5,-252.74,865.42,7.4288,0.47651,0.097756,-0.050061,7.321,-1.7931e-15,9.1012e-16
2928.6,-252.73,865.47,7.4237,0.48615,0.098797,-0.051437,7.321,-1.7931e-15,9.1012e-16
2928.7,-252.72,865.52,7.4185,0.49555,0.099952,-0.052931,7.321,-1.7931e-15,9.1012e-16
2928.8,-252.7,865.57,7.4131,0.5047,0.10123,-0.054538,7.321,-1.7931e-15,9.1012e-16
2928.9,-252.69,865.62,7.4076,0.51361,0.10263,-0.056254,7.321,-1.7931e-15,9.1012e-16
2929,-252.68,865.67,7.4018,0.52228,0.10416,-0.058077,7.321,-1.7931e-15,9.1012e-16
2929.1,-252.66,865.72,7.3959,0.5307,0.10583,-0.06,7.321,-1.7931e-15,9.1012e-16
2929.2,-252.65,865.77,7.3898,0.53889,0.10764,-0.062019,7.321,-1.7931e-15,9.1012e-16
2929.3,-252.64,865.83,7.3835,0.54685,0.10959,-0.06413,7.321,-1.7931e-15,9.1012e-16
2929.4,-252.62,865.88,7.377,0.55457,0.1117,-0.066326,7.321,-1.7931e-15,9.1012e-16
2929.5,-252.6,865.93,7.3703,0.56205,0.11396,-0.068601,7.321,-1.7931e-15,9.1012e-16
2929.6,-252.59,865.99,7.3633,0.5693,0.11638,-0.07095,7.321,-1.7931e-15,9.1012e-16
2929.7,-252.57,866.05,7.3561,0.57633,0.11896,-0.073364,7.321,-1.7931e-15,9.1012e-16
2929.8,-252.55,866.1,7.3486,0.58313,0.12171,-0.075837,7.321,-1.7931e-15,9.1012e-16
2929.9,-252.54,866.16,7.3409,0.5897,0.12462,-0.078361,7.321,-1.7931e-15,9.1012e-16
2930,-252.52,866.22,7.3329,0.59605,0.1277,-0.080927,7.321,-1.7931e-15,9.1012e-16
2930.1,-252.5,866.28,7.3247,0.60218,0.13096,-0.083527,7.321,-1.7931e-15,9.1012e-16
2930.2,-252.48,866.33,7.3162,0.60809,0.13438,-0.086151,7.321,-1.7931e-15,9.1012e-16
2930.3,-252.46,866.39,7.3075,0.61378,0.13797,-0.088791,7.321,-1.7931e-15,9.1012e-16
2930.4,-252.44,866.45,7.2985,0.61926,0.14173,-0.091437,7.321,-1.7931e-15,9.1012e-16
2930.5,-252.42,866.51,7.2892,0.62453,0.14566,-0.09408,7.321,-1.7931e-15,9.1012e-16
2930.6,-252.4,866.57,7.2797,0.62958,0.14975,-0.096709,7.321,-1.7931e-15,9.1012e-16
2930.7,-252.38,866.64,7.2699,0.63443,0.154,-0.099315,7.321,-1.7931e-15,9.1012e-16
2930.8,-252.35,866.7,7.2598,0.63907,0.15841,-0.10189,7.321,-1.7931e-15,9.1012e-16
2930.9,-252.33,866.76,7.2495,0.64351,0.16296,-0.10442,7.321,-1.7931e-15,9.1012e-16
2931,-252.31,866.82,7.2389,0.64775,0.16767,-0.10691,7.321,-1.7931e-15,9.1012e-16
2931.1,-252.28,866.88,7.2281,0.65179,0.17251,-0.10933,7.321,-1.7931e-15,9.1012e-16
2931.2,-252.26,866.95,7.2171,0.65564,0.17748,-0.11169,7.321,-1.7931e-15,9.1012e-16
2931.3,-252.23,867.01,7.2058,0.65929,0.18258,-0.11397,7.321,-1.7931e-15,9.1012e-16
2931.4,-252.21,867.07,7.1943,0.66276,0.18779,-0.11617,7.321,-1.7931e-15,9.1012e-16
2931.5,-252.18,867.14,7.1825,0.66604,0.19312,-0.11828,7.321,-1.7931e-15,9.1012e-16
2931.6,-252.16,867.2,7.1706,0.66914,0.19854,-0.12031,7.321,-1.7931e-15,9.1012e-16
2931.7,-252.13,867.27,7.1585,0.67206,0.20405,-0.12223,7.321,-1.7931e-15,9.1012e-16
2931.8,-252.1,867.33,7.1462,0.6748,0.20965,-0.12404,7.321,-1.7931e-15,9.1012e-16
2931.9,-252.07,867.4,7.1337,0.67738,0.21532,-0.12576,7.321,-1.7931e-15,9.1012e-16
2932,-252.04,867.46,7.121,0.67978,0.22105,-0.12736,7.321,-1.7931e-15,9.1012e-16
2932.1,-252.01,867.53,7.1082,0.68203,0.22683,-0.12884,7.321,-1.7931e-15,9.1012e-16
2932.2,-251.98,867.59,7.0953,0.68412,0.23266,-0.13022,7.321,-1.7931e-15,9.1012e-16
2932.3,-251.95,867.66,7.0822,0.68606,0.23852,-0.13147,7.321,-1.7931e-15,9.1012e-16
2932.4,-251.92,867.73,7.069,0.68785,0.24442,-0.13261,7.321,-1.7931e-15,9.1012e-16
2932.5,-251.89,867.79,7.0557,0.6895,0.25033,-0.13364,7.321,-1.7931e-15,9.1012e-16
2932.6,-251.86,867.86,7.0422,0.69101,0.25624,-0.13454,7.321,-1.7931e-15,9.1012e-16
2932.7,-251.83,867.92,7.0287,0.69238,0.26217,-0.13533,7.321,-1.7931e-15,9.1012e-16
2932.8,-251.79,867.99,7.0152,0.69364,0.26808,-0.136,7.321,-1.7931e-15,9.1012e-16
2932.9,-251.76,868.06,7.0016,0.69477,0.27398,-0.13656,7.321,-1.7931e-15,9.1012e-16
2933,-251.72,868.12,6.9879,0.69579,0.27986,-0.137,7.321,-1.7931e-15,9.1012e-16
2933.1,-251.69,868.19,6.9742,0.69669,0.28572,-0.13733,7.321,-1.7931e-15,9.1012e-16
2933.2,-251.65,868.26,6.9604,0.6975,0.29154,-0.13756,7.321,-1.7931e-15,9.1012e-16
2933.3,-251.62,868.32,6.9466,0.6982,0.29732,-0.13767,7.321,-1.7931e-15,9.1012e-16
2933.4,-251.58,868.39,6.9329,0.69881,0.30306,-0.13769,7.321,-1.7931e-15,9.1012e-16
2933.5,-251.54,868.45,6.9191,0.69934,0.30875,-0.1376,7.321,-1.7931e-15,9.1012e-16
2933.6,-251.5,868.52,6.9054,0.69979,0.31439,-0.13741,7.321,-1.7931e-15,9.1012e-16
2933.7,-251.47,868.59,6.8916,0.70016,0.31998,-0.13713,7.321,-1.7931e-15,9.1012e-16
2933.8,-251.43,868.65,6.8779,0.70046,0.3255,-0.13676,7.321,-1.7931e-15,9.1012e-16
2933.9,-251.39,868.72,6.8643,0.70069,0.33096,-0.13629,7.321,-1.7931e-15,9.1012e-16
2934,-251.35,868.79,6.8507,0.70087,0.33636,-0.13574,7.321,-1.7931e-15,9.1012e-16
2934.1,-251.3,868.85,6.8371,0.701,0.34169,-0.1351,7.321,-1.7931e-15,9.1012e-16
2934.2,-251.26,868.92,6.8237,0.70107,0.34695,-0.13439,7.321,-1.7931e-15,9.1012e-16
2934.3,-251.22,868.98,6.8103,0.70111,0.35214,-0.13359,7.321,-1.7931e-15,9.1012e-16
2934.4,-251.18,869.05,6.7969,0.7011,0.35726,-0.13272,7.321,-1.7931e-15,9.1012e-16
2934.5,-251.13,869.11,6.7837,0.70106,0.3623,-0.13178,7.321,-1.7931e-15,9.1012e-16
2934.6,-251.09,869.18,6.7706,0.701,0.36727,-0.13077,7.321,-1.7931e-15,9.1012e-16
2934.7,-251.04,869.24,6.7576,0.70091,0.37217,-0.12969,7.321,-1.7931e-15,9.1012e-16
2934.8,-251,869.31,6.7447,0.7008,0.377,-0.12855,7.321,-1.7931e-15,9.1012e-16
2934.9,-250.95,869.37,6.7319,0.70068,0.38175,-0.12735,7.321,-1.7931e-15,9.1012e-16
2935,-250.9,869.44,6.7192,0.70054,0.38643,-0.12608,7.321,-1.7931e-15,9.1012e-16
2935.1,-250.86,869.5,6.7066,0.7004,0.39104,-0.12476,7.321,-1.7931e-15,9.1012e-16
2935.2,-250.81,869.57,6.6942,0.70026,0.39558,-0.12338,7.321,-1.7931e-15,9.1012e-16
2935.3,-250.76,869.63,6.682,0.70012,0.40005,-0.12195,7.321,-1.7931e-15,9.1012e-16
2935.4,-250.71,869.7,6.6699,0.69998,0.40445,-0.12047,7.321,-1.7931e-15,9.1012e-16
2935.5,-250.66,869.76,6.6579,0.69985,0.40879,-0.11893,7.321,-1.7931e-15,9.1012e-16
2935.6,-250.61,869.82,6.6461,0.69973,0.41306,-0.11735,7.321,-1.7931e-15,9.1012e-16
2935.7,-250.56,869.89,6.6344,0.69962,0.41726,-0.11572,7.321,-1.7931e-15,9.1012e-16
2935.8,-250.51,869.95,6.6229,0.69953,0.4214,-0.11404,7.321,-1.7931e-15,9.1012e-16
2935.9,-250.46,870.01,6.6116,0.69946,0.42549,-0.11232,7.321,-1.7931e-15,9.1012e-16
2936,-250.4,870.08,6.6005,0.69942,0.42951,-0.11056,7.321,-1.7931e-15,9.1012e-16
2936.1,-250.35,870.14,6.5895,0.6994,0.43348,-0.10875,7.321,-1.7931e-15,9.1012e-16
2936.2,-250.3,870.2,6.5787,0.69941,0.4374,-0.10689,7.321,-1.7931e-15,9.1012e-16
2936.3,-250.24,870.26,6.5681,0.69945,0.44127,-0.105,7.321,-1.7931e-15,9.1012e-16
2936.4,-250.19,870.32,6.5577,0.69953,0.44508,-0.10306,7.321,-1.7931e-15,9.1012e-16
2936.5,-250.13,870.39,6.5475,0.69964,0.44885,-0.10107,7.321,-1.7931e-15,9.1012e-16
2936.6,-250.07,870.45,6.5375,0.69979,0.45258,-0.099044,7.321,-1.7931e-15,9.1012e-16
2936.7,-250.02,870.51,6.5277,0.69997,0.45626,-0.096972,7.321,-1.7931e-15,9.1012e-16
2936.8,-249.96,870.57,6.5181,0.70021,0.45991,-0.094855,7.321,-1.7931e-15,9.1012e-16
2936.9,-249.9,870.63,6.5087,0.70048,0.46352,-0.092691,7.321,-1.7931e-15,9.1012e-16
2937,-249.84,870.69,6.4996,0.70081,0.46709,-0.090479,7.321,-1.7931e-15,9.1012e-16
2937.1,-249.79,870.75,6.4906,0.70118,0.47063,-0.088217,7.321,-1.7931e-15,9.1012e-16
2937.2,-249.73,870.81,6.4819,0.70161,0.47415,-0.085903,7.321,-1.7931e-15,9.1012e-16
2937.3,-249.67,870.87,6.4735,0.70208,0.47763,-0.083535,7.321,-1.7931e-15,9.1012e-16
2937.4,-249.61,870.93,6.4652,0.70262,0.4811,-0.081111,7.321,-1.7931e-15,9.1012e-16
2937.5,-249.55,870.99,6.4572,0.70321,0.48454,-0.078625,7.321,-1.7931e-15,9.1012e-16
2937.6,-249.49,871.05,6.4495,0.70387,0.48796,-0.076076,7.321,-1.7931e-15,9.1012e-16
2937.7,-249.42,871.11,6.442,0.70459,0.49137,-0.073459,7.321,-1.7931e-15,9.1012e-16
2937.8,-249.36,871.17,6.4348,0.70537,0.49476,-0.070768,7.321,-1.7931e-15,9.1012e-16
2937.9,-249.3,871.23,6.4279,0.70623,0.49815,-0.067999,7.321,-1.7931e-15,9.1012e-16
2938,-249.24,871.29,6.4212,0.70715,0.50153,-0.065144,7.321,-1.7931e-15,9.1012e-16
2938.1,-249.17,871.35,6.4149,0.70816,0.5049,-0.062198,7.321,-1.7931e-15,9.1012e-16
2938.2,-249.11,871.41,6.4088,0.70924,0.50827,-0.059151,7.321,-1.7931e-15,9.1012e-16
2938.3,-249.04,871.47,6.403,0.71041,0.51164,-0.055994,7.321,-1.7931e-15,9.1012e-16
2938.4,-248.98,871.53,6.3976,0.71166,0.51502,-0.052717,7.321,-1.7931e-15,9.1012e-16
2938.5,-248.92,871.59,6.3925,0.71301,0.51841,-0.049308,7.321,-1.7931e-15,9.1012e-16
2938.6,-248.85,871.65,6.3877,0.71446,0.52181,-0.045751,7.321,-1.7931e-15,9.1012e-16
2938.7,-248.78,871.71,6.3833,0.71601,0.52522,-0.042031,7.321,-1.7931e-15,9.1012e-16
2938.8,-248.72,871.77,6.3793,0.71767,0.52865,-0.038129,7.321,-1.7931e-15,9.1012e-16
2938.9,-248.65,871.83,6.3757,0.71946,0.53211,-0.034022,7.321,-1.7931e-15,9.1012e-16
2939,-248.58,871.89,6.3725,0.72137,0.53559,-0.029685,7.321,-1.7931e-15,9.1012e-16
2939.1,-248.52,871.95,6.3698,0.72342,0.5391,-0.025085,7.321,-1.7931e-15,9.1012e-16
2939.2,-248.45,872.01,6.3675,0.72562,0.54265,-0.020186,7.321,-1.7931e-15,9.1012e-16
2939.3,-248.38,872.07,6.3658,0.72799,0.54624,-0.014944,7.321,-1.7931e-15,9.1012e-16
2939.4,-248.31,872.13,6.3646,0.73054,0.54987,-0.0093043,7.321,-1.7931e-15,9.1012e-16
2939.5,-248.24,872.19,6.3639,0.73328,0.55356,-0.0032002,7.321,-1.7931e-15,9.1012e-16
2939.6,-248.18,872.25,6.3639,0.73625,0.55709,0.0033654,7.321,-1.7931e-15,9.1012e-16
2939.7,-248.11,872.31,6.3646,0.73945,0.55912,0.0098941,7.321,-1.7931e-15,9.1012e-16
2939.8,-248.04,872.37,6.3659,0.74286,0.55943,0.016155,7.321,-1.7931e-15,9.1012e-16
2939.9,-247.97,872.43,6.3678,0.74647,0.55808,0.022006,7.321,-1.7931e-15,9.1012e-16
2940,-247.9,872.5,6.3703,0.75023,0.55514,0.027333,7.321,-1.7931e-15,9.1012e-16
2940.1,-247.83,872.56,6.3733,0.75411,0.55075,0.032052,7.321,-1.7931e-15,9.1012e-16
2940.2,-247.76,872.62,6.3767,0.75808,0.54507,0.03611,7.321,-1.7931e-15,9.1012e-16
2940.3,-247.69,872.68,6.3805,0.76207,0.53827,0.039485,11.645,0.1625,-0.079707
2940.4,-247.62,872.74,6.3844,0.7756,0.53155,0.039869,11.645,0.1625,-0.079707
2940.5,-247.54,872.8,6.3884,0.78866,0.52474,0.039516,11.645,0.1625,-0.079707
2940.6,-247.47,872.86,6.3923,0.80125,0.51805,0.038499,11.645,0.1625,-0.079707
2940.7,-247.4,872.92,6.3961,0.81335,0.51163,0.036889,11.645,0.1625,-0.079707
2940.8,-247.32,872.98,6.3997,0.82494,0.50564,0.034747,11.645,0.1625,-0.079707
2940.9,-247.24,873.04,6.403,0.83603,0.50024,0.032128,11.645,0.1625,-0.079707
2941,-247.17,873.1,6.4061,0.8466,0.49553,0.029077,11.645,0.1625,-0.079707
2941.1,-247.09,873.16,6.4088,0.85667,0.49164,0.025635,11.645,0.1625,-0.079707
2941.2,-247.01,873.22,6.4112,0.86624,0.48868,0.021832,11.645,0.1625,-0.079707
2941.3,-246.93,873.28,6.4132,0.8753,0.48675,0.017695,11.645,0.1625,-0.079707
2941.4,-246.85,873.34,6.4147,0.88388,0.48596,0.013246,11.645,0.1625,-0.079707
2941.5,-246.77,873.4,6.4158,0.89196,0.4864,0.0085029,11.645,0.1625,-0.079707
2941.6,-246.68,873.46,6.4164,0.89956,0.48819,0.0034855,11.645,0.1625,-0.079707
2941.7,-246.6,873.52,6.4165,0.90667,0.49137,-0.0018113,11.645,0.1625,-0.079707
2941.8,-246.52,873.58,6.416,0.9133,0.49512,-0.0076902,11.645,0.1625,-0.079707
2941.9,-246.43,873.64,6.4149,0.91944,0.49923,-0.014249,11.645,0.1625,-0.079707
2942,-246.35,873.7,6.4132,0.92505,0.50372,-0.021474,11.645,0.1625,-0.079707
2942.1,-246.26,873.77,6.4106,0.93013,0.50865,-0.029324,11.645,0.1625,-0.079707
2942.2,-246.18,873.83,6.4073,0.93467,0.51404,-0.037734,11.645,0.1625,-0.079707
2942.3,-246.09,873.89,6.4031,0.93864,0.51995,-0.046609,11.645,0.1625,-0.079707
2942.4,-246,873.95,6.3979,0.94205,0.5264,-0.055826,11.645,0.1625,-0.079707
2942.5,-245.91,874.02,6.3919,0.94489,0.53341,-0.065237,11.645,0.1625,-0.079707
2942.6,-245.83,874.08,6.3849,0.94716,0.541,-0.074676,11.645,0.1625,-0.079707
2942.7,-245.74,874.14,6.377,0.94887,0.54918,-0.083962,11.645,0.1625,-0.079707
2942.8,-245.65,874.21,6.3681,0.95003,0.55794,-0.092916,11.645,0.1625,-0.079707
2942.9,-245.56,874.27,6.3584,0.95067,0.56727,-0.10136,11.645,0.1625,-0.079707
2943,-245.47,874.34,6.3479,0.95082,0.57713,-0.10914,11.645,0.1625,-0.079707
2943.1,-245.38,874.4,6.3366,0.95051,0.5875,-0.11612,11.645,0.1625,-0.079707
2943.2,-245.28,874.46,6.3247,0.94978,0.59833,-0.12219,11.645,0.1625,-0.079707
2943.3,-245.19,874.53,6.3122,0.94868,0.60958,-0.12726,11.645,0.1625,-0.079707
2943.4,-245.1,874.59,6.2993,0.94727,0.62119,-0.13129,11.645,0.1625,-0.079707
2943.5,-245,874.65,6.286,0.94559,0.63312,-0.13424,11.645,0.1625,-0.079707
2943.6,-244.91,874.72,6.2724,0.9437,0.64533,-0.13611,11.645,0.1625,-0.079707
2943.7,-244.81,874.78,6.2588,0.94166,0.65777,-0.13691,11.645,0.1625,-0.079707
2943.8,-244.72,874.84,6.2451,0.93952,0.67042,-0.13666,11.645,0.1625,-0.079707
2943.9,-244.62,874.91,6.2315,0.93735,0.68325,-0.13539,11.645,0.1625,-0.079707
2944,-244.52,874.97,6.218,0.93521,0.69625,-0.13312,11.645,0.1625,-0.079707
2944.1,-244.42,875.03,6.2049,0.93315,0.70941,-0.12988,11.645,0.1625,-0.079707
2944.2,-244.33,875.1,6.1921,0.93123,0.72273,-0.12568,11.645,0.1625,-0.079707
2944.3,-244.23,875.16,6.1798,0.92952,0.73623,-0.12055,11.645,0.1625,-0.079707
2944.4,-244.13,875.23,6.168,0.92807,0.74992,-0.11446,11.645,0.1625,-0.079707
2944.5,-244.02,875.29,6.1569,0.92694,0.76385,-0.1074,11.645,0.1625,-0.079707
2944.6,-243.92,875.35,6.1466,0.92622,0.77805,-0.099333,11.645,0.1625,-0.079707
2944.7,-243.82,875.42,6.1371,0.92596,0.79259,-0.09017,11.645,0.1625,-0.079707
2944.8,-243.72,875.48,6.1286,0.92625,0.80753,-0.079808,11.645,0.1625,-0.079707
2944.9,-243.61,875.55,6.1212,0.92719,0.82296,-0.068087,11.645,0.1625,-0.079707
2945,-243.51,875.62,6.115,0.92888,0.83899,-0.054784,11.645,0.1625,-0.079707
2945.1,-243.4,875.68,6.1103,0.93147,0.85575,-0.039584,11.645,0.1625,-0.079707
2945.2,-243.29,875.75,6.1072,0.93512,0.87342,-0.022036,11.645,0.1625,-0.079707
2945.3,-243.19,875.82,6.106,0.94004,0.89221,-0.0014887,11.645,0.1625,-0.079707
2945.4,-243.08,875.9,6.107,0.9465,0.90809,0.021151,11.645,0.1625,-0.079707
2945.5,-242.97,875.97,6.1102,0.95453,0.91528,0.042857,11.645,0.1625,-0.079707
2945.6,-242.86,876.04,6.1155,0.96395,0.91389,0.062168,11.645,0.1625,-0.079707
2945.7,-242.75,876.12,6.1225,0.97443,0.90477,0.078119,11.645,0.1625,-0.079707
2945.8,-242.64,876.19,6.1309,0.9856,0.88926,0.09029,11.645,0.1625,-0.079707
2945.9,-242.52,876.26,6.1404,0.99704,0.86891,0.098716,11.645,0.1625,-0.079707
2946,-242.41,876.33,6.1506,1.0084,0.84528,0.10374,11.645,0.1625,-0.079707
2946.1,-242.3,876.4,6.1611,1.0194,0.81973,0.10585,11.645,0.1625,-0.079707
2946.2,-242.19,876.47,6.1717,1.0298,0.79343,0.10559,11.645,0.1625,-0.079707
2946.3,-242.08,876.54,6.1821,1.0396,0.76726,0.10345,11.645,0.1625,-0.079707
2946.4,-241.97,876.6,6.1923,1.0485,0.74192,0.09986,11.645,0.1625,-0.079707
2946.5,-241.86,876.67,6.2021,1.0566,0.71788,0.095169,11.645,0.1625,-0.079707
2946.6,-241.75,876.73,6.2113,1.0639,0.69552,0.089653,11.645,0.1625,-0.079707
2946.7,-241.64,876.79,6.22,1.0704,0.67506,0.08352,11.645,0.1625,-0.079707
2946.8,-241.52,876.85,6.228,1.0761,0.65667,0.076923,11.645,0.1625,-0.079707
2946.9,-241.41,876.91,6.2354,1.0812,0.64047,0.069973,11.645,0.1625,-0.079707
2947,-241.3,876.97,6.242,1.0855,0.62654,0.062744,11.645,0.1625,-0.079707
2947.1,-241.19,877.03,6.2479,1.0892,0.61494,0.055287,11.645,0.1625,-0.079707
2947.2,-241.08,877.08,6.253,1.0923,0.60573,0.047636,11.645,0.1625,-0.079707
2947.3,-240.97,877.14,6.2574,1.0948,0.59895,0.039812,11.645,0.1625,-0.079707
2947.4,-240.86,877.2,6.261,1.0968,0.59469,0.031829,11.645,0.1625,-0.079707
2947.5,-240.75,877.25,6.2638,1.0983,0.593,0.023705,11.645,0.1625,-0.079707
2947.6,-240.64,877.31,6.2657,1.0993,0.59399,0.015461,11.645,0.1625,-0.079707
2947.7,-240.53,877.37,6.2669,1.0998,0.59774,0.0071312,11.645,0.1625,-0.079707
2947.8,-240.41,877.43,6.2672,1.0999,0.60436,-0.0012377,11.645,0.1625,-0.079707
2947.9,-240.3,877.49,6.2666,1.0995,0.61244,-0.010095,11.645,0.1625,-0.079707
2948,-240.19,877.55,6.2651,1.0987,0.62119,-0.019665,11.645,0.1625,-0.079707
2948.1,-240.08,877.61,6.2627,1.0973,0.63064,-0.029823,11.645,0.1625,-0.079707
2948.2,-239.97,877.67,6.2591,1.0954,0.64082,-0.040395,11.645,0.1625,-0.079707
2948.3,-239.86,877.73,6.2546,1.0929,0.65176,-0.051157,11.645,0.1625,-0.079707
2948.4,-239.75,877.79,6.2489,1.0899,0.66347,-0.061849,11.645,0.1625,-0.079707
2948.5,-239.64,877.86,6.2422,1.0863,0.67595,-0.072182,11.645,0.1625,-0.079707
2948.6,-239.53,877.92,6.2345,1.0822,0.68918,-0.08186,11.645,0.1625,-0.079707
2948.7,-239.41,877.98,6.2259,1.0776,0.70312,-0.090598,11.645,0.1625,-0.079707
2948.8,-239.3,878.05,6.2164,1.0726,0.71774,-0.098135,11.645,0.1625,-0.079707
2948.9,-239.19,878.11,6.2063,1.0672,0.73297,-0.10425,11.645,0.1625,-0.079707
2949,-239.08,878.18,6.1956,1.0615,0.74877,-0.10877,11.645,0.1625,-0.079707
2949.1,-238.97,878.24,6.1846,1.0557,0.76508,-0.11156,11.645,0.1625,-0.079707
2949.2,-238.85,878.31,6.1734,1.0498,0.78186,-0.11252,11.645,0.1625,-0.079707
2949.3,-238.74,878.37,6.1621,1.0439,0.79908,-0.11161,11.645,0.1625,-0.079707
2949.4,-238.63,878.44,6.1511,1.0382,0.81673,-0.10876,11.645,0.1625,-0.079707
2949.5,-238.51,878.51,6.1405,1.0328,0.83481,-0.10394,11.645,0.1625,-0.079707
2949.6,-238.4,878.58,6.1304,1.0279,0.85338,-0.097086,11.645,0.1625,-0.079707
2949.7,-238.28,878.65,6.1211,1.0235,0.87248,-0.088104,11.645,0.1625,-0.079707
2949.8,-238.17,878.72,6.1128,1.0199,0.89222,-0.076841,11.645,0.1625,-0.079707
2949.9,-238.05,878.79,6.1058,1.0173,0.91273,-0.063051,11.645,0.1625,-0.079707
2950,-237.94,878.86,6.1003,1.0158,0.93422,-0.046357,11.645,0.1625,-0.079707
2950.1,-237.82,878.93,6.0967,1.0158,0.95692,-0.026173,0.96101,-2.3538e-16,1.1571e-16
2950.2,-237.7,879.01,6.0954,0.99409,0.9804,0.0016078,0.96101,-2.3538e-16,1.1571e-16
2950.3,-237.59,879.09,6.0971,0.97574,0.99742,0.033364,0.96101,-2.3538e-16,1.1571e-16
2950.4,-237.47,879.17,6.102,0.96082,1.0006,0.064095,0.96101,-2.3538e-16,1.1571e-16
2950.5,-237.36,879.25,6.1098,0.94897,0.99046,0.090921,0.96101,-2.3538e-16,1.1571e-16
2950.6,-237.25,879.33,6.12,0.93953,0.9688,0.11215,0.96101,-2.3538e-16,1.1571e-16
2950.7,-237.15,879.41,6.1321,0.93175,0.93838,0.12735,0.96101,-2.3538e-16,1.1571e-16
2950.8,-237.04,879.49,6.1453,0.92491,0.90206,0.13696,0.96101,-2.3538e-16,1.1571e-16
2950.9,-236.94,879.57,6.1593,0.91843,0.86235,0.1419,0.96101,-2.3538e-16,1.1571e-16
2951,-236.84,879.64,6.1736,0.91192,0.82127,0.14324,0.96101,-2.3538e-16,1.1571e-16
2951.1,-236.74,879.71,6.1878,0.90512,0.78027,0.14191,0.96101,-2.3538e-16,1.1571e-16
2951.2,-236.64,879.78,6.2019,0.89788,0.74034,0.13874,0.96101,-2.3538e-16,1.1571e-16
2951.3,-236.55,879.84,6.2156,0.89017,0.70208,0.13434,0.96101,-2.3538e-16,1.1571e-16
2951.4,-236.45,879.9,6.2287,0.88196,0.66584,0.12917,0.96101,-2.3538e-16,1.1571e-16
2951.5,-236.36,879.97,6.2414,0.87332,0.63179,0.12357,0.96101,-2.3538e-16,1.1571e-16
2951.6,-236.27,880.02,6.2534,0.86428,0.59997,0.11777,0.96101,-2.3538e-16,1.1571e-16
2951.7,-236.19,880.08,6.2649,0.85491,0.57033,0.11194,0.96101,-2.3538e-16,1.1571e-16
2951.8,-236.1,880.13,6.2758,0.84527,0.54278,0.10618,0.96101,-2.3538e-16,1.1571e-16
2951.9,-236.02,880.19,6.2862,0.83542,0.51721,0.10056,0.96101,-2.3538e-16,1.1571e-16
2952,-235.93,880.24,6.2959,0.82542,0.4935,0.095137,0.96101,-2.3538e-16,1.1571e-16
2952.1,-235.85,880.29,6.3052,0.81533,0.47152,0.089927,0.96101,-2.3538e-16,1.1571e-16
2952.2,-235.77,880.34,6.3139,0.80518,0.45113,0.084943,0.96101,-2.3538e-16,1.1571e-16
2952.3,-235.7,880.38,6.3222,0.79501,0.43222,0.080189,0.96101,-2.3538e-16,1.1571e-16
2952.4,-235.62,880.43,6.33,0.78486,0.41466,0.075664,0.96101,-2.3538e-16,1.1571e-16
2952.5,-235.54,880.47,6.3373,0.77476,0.39836,0.071361,0.96101,-2.3538e-16,1.1571e-16
2952.6,-235.47,880.52,6.3443,0.76474,0.3832,0.067271,0.96101,-2.3538e-16,1.1571e-16
2952.7,-235.39,880.56,6.3508,0.7548,0.36911,0.063384,0.96101,-2.3538e-16,1.1571e-16
2952.8,-235.32,880.6,6.3569,0.74498,0.35599,0.05969,0.96101,-2.3538e-16,1.1571e-16
2952.9,-235.25,880.64,6.3627,0.73528,0.34377,0.056178,0.96101,-2.3538e-16,1.1571e-16
2953,-235.18,880.68,6.3682,0.72572,0.33238,0.052837,0.96101,-2.3538e-16,1.1571e-16
2953.1,-235.11,880.72,6.3733,0.7163,0.32175,0.049655,0.96101,-2.3538e-16,1.1571e-16
2953.2,-235.04,880.76,6.3781,0.70704,0.31184,0.046624,0.96101,-2.3538e-16,1.1571e-16
2953.3,-234.98,880.8,6.3826,0.69793,0.30258,0.043733,0.96101,-2.3538e-16,1.1571e-16
2953.4,-234.91,880.83,6.3869,0.68899,0.29393,0.040974,0.96101,-2.3538e-16,1.1571e-16
2953.5,-234.85,880.87,6.3908,0.68022,0.28584,0.038337,0.96101,-2.3538e-16,1.1571e-16
2953.6,-234.78,880.9,6.3945,0.67161,0.27828,0.035816,0.96101,-2.3538e-16,1.1571e-16
2953.7,-234.72,880.94,6.398,0.66317,0.27121,0.033402,0.96101,-2.3538e-16,1.1571e-16
2953.8,-234.66,880.97,6.4012,0.6549,0.26459,0.03109,0.96101,-2.3538e-16,1.1571e-16
2953.9,-234.59,881.01,6.4042,0.6468,0.25839,0.028872,0.96101,-2.3538e-16,1.1571e-16
2954,-234.53,881.04,6.407,0.63887,0.2526,0.026743,0.96101,-2.3538e-16,1.1571e-16
2954.1,-234.47,881.07,6.4096,0.63111,0.24717,0.024697,0.96101,-2.3538e-16,1.1571e-16
2954.2,-234.42,881.1,6.412,0.62351,0.24209,0.022731,0.96101,-2.3538e-16,1.1571e-16
2954.3,-234.36,881.14,6.4141,0.61607,0.23734,0.020839,0.96101,-2.3538e-16,1.1571e-16
2954.4,-234.3,881.17,6.4161,0.60879,0.23289,0.019017,0.96101,-2.3538e-16,1.1571e-16
2954.5,-234.24,881.2,6.4179,0.60167,0.22872,0.017262,0.96101,-2.3538e-16,1.1571e-16
2954.6,-234.19,881.23,6.4196,0.5947,0.22483,0.015571,0.96101,-2.3538e-16,1.1571e-16
2954.7,-234.13,881.26,6.4211,0.58789,0.22119,0.013939,0.96101,-2.3538e-16,1.1571e-16
2954.8,-234.08,881.29,6.4224,0.58123,0.21779,0.012365,0.96101,-2.3538e-16,1.1571e-16
2954.9,-234.02,881.32,6.4235,0.57471,0.21461,0.010847,0.96101,-2.3538e-16,1.1571e-16
2955,-233.97,881.35,6.4245,0.56833,0.21165,0.0093812,0.96101,-2.3538e-16,1.1571e-16
2955.1,-233.91,881.38,6.4254,0.5621,0.20889,0.0079665,0.96101,-2.3538e-16,1.1571e-16
2955.2,-233.86,881.41,6.4261,0.556,0.20631,0.0066011,0.96101,-2.3538e-16,1.1571e-16
2955.3,-233.81,881.43,6.4267,0.55003,0.20392,0.0052834,0.96101,-2.3538e-16,1.1571e-16
2955.4,-233.76,881.46,6.4272,0.54419,0.20169,0.0040122,0.96101,-2.3538e-16,1.1571e-16
2955.5,-233.71,881.49,6.4275,0.53849,0.19962,0.0027862,0.96101,-2.3538e-16,1.1571e-16
2955.6,-233.66,881.52,6.4278,0.5329,0.1977,0.0016046,0.96101,-2.3538e-16,1.1571e-16
2955.7,-233.61,881.54,6.4279,0.52744,0.19592,0.0004665,0.96101,-2.3538e-16,1.1571e-16
2955.8,-233.56,881.57,6.4278,0.52209,0.19426,-0.0006346,0.96101,-2.3538e-16,1.1571e-16
2955.9,-233.51,881.6,6.4277,0.51686,0.19264,-0.0017243,0.96101,-2.3538e-16,1.1571e-16
2956,-233.46,881.62,6.4275,0.51175,0.19104,-0.002804,0.96101,-2.3538e-16,1.1571e-16
2956.1,-233.42,881.65,6.4272,0.50674,0.18948,-0.0038716,0.96101,-2.3538e-16,1.1571e-16
2956.2,-233.37,881.68,6.4267,0.50184,0.18794,-0.0049252,0.96101,-2.3538e-16,1.1571e-16
2956.3,-233.32,881.7,6.4262,0.49703,0.18643,-0.0059628,0.96101,-2.3538e-16,1.1571e-16
2956.4,-233.28,881.73,6.4255,0.49233,0.18494,-0.0069826,0.96101,-2.3538e-16,1.1571e-16
2956.5,-233.23,881.75,6.4248,0.48773,0.18348,-0.0079826,0.96101,-2.3538e-16,1.1571e-16
2956.6,-233.18,881.78,6.4239,0.48322,0.18205,-0.008961,0.96101,-2.3538e-16,1.1571e-16
2956.7,-233.14,881.8,6.423,0.47881,0.18064,-0.0099161,0.96101,-2.3538e-16,1.1571e-16
2956.8,-233.09,881.83,6.422,0.47448,0.17925,-0.010846,0.96101,-2.3538e-16,1.1571e-16
2956.9,-233.05,881.85,6.4208,0.47025,0.17789,-0.01175,0.96101,-2.3538e-16,1.1571e-16
2957,-233.01,881.87,6.4196,0.4661,0.17654,-0.012625,0.96101,-2.3538e-16,1.1571e-16
2957.1,-232.96,881.9,6.4183,0.46203,0.17522,-0.013472,0.96101,-2.3538e-16,1.1571e-16
2957.2,-232.92,881.92,6.4169,0.45805,0.17392,-0.014287,0.96101,-2.3538e-16,1.1571e-16
2957.3,-232.88,881.94,6.4154,0.45414,0.17264,-0.015071,0.96101,-2.3538e-16,1.1571e-16
2957.4,-232.83,881.97,6.4139,0.45032,0.17137,-0.015823,0.96101,-2.3538e-16,1.1571e-16
2957.5,-232.79,881.99,6.4123,0.44657,0.17013,-0.016542,0.96101,-2.3538e-16,1.1571e-16
2957.6,-232.75,882.01,6.4106,0.4429,0.1689,-0.017226,0.96101,-2.3538e-16,1.1571e-16
2957.7,-232.71,882.03,6.4088,0.4393,0.16768,-0.017877,0.96101,-2.3538e-16,1.1571e-16
2957.8,-232.67,882.06,6.407,0.43577,0.16648,-0.018493,0.96101,-2.3538e-16,1.1571e-16
2957.9,-232.63,882.08,6.4051,0.43231,0.1653,-0.019074,0.96101,-2.3538e-16,1.1571e-16
2958,-232.58,882.1,6.4032,0.42893,0.16412,-0.01962,0.96101,-2.3538e-16,1.1571e-16
2958.1,-232.54,882.12,6.4012,0.42561,0.16296,-0.020132,0.96101,-2.3538e-16,1.1571e-16
2958.2,-232.5,882.14,6.3992,0.42236,0.16181,-0.02061,0.96101,-2.3538e-16,1.1571e-16
2958.3,-232.46,882.16,6.3971,0.41917,0.16067,-0.021053,0.96101,-2.3538e-16,1.1571e-16
2958.4,-232.42,882.18,6.395,0.41605,0.15954,-0.021463,0.96101,-2.3538e-16,1.1571e-16
2958.5,-232.38,882.2,6.3928,0.41299,0.15842,-0.02184,0.96101,-2.3538e-16,1.1571e-16
2958.6,-232.35,882.22,6.3906,0.40999,0.1573,-0.022184,0.96101,-2.3538e-16,1.1571e-16
2958.7,-232.31,882.24,6.3884,0.40706,0.1562,-0.022497,0.96101,-2.3538e-16,1.1571e-16
2958.8,-232.27,882.26,6.3861,0.40418,0.1551,-0.022778,0.96101,-2.3538e-16,1.1571e-16
2958.9,-232.23,882.28,6.3838,0.40136,0.154,-0.02303,0.96101,-2.3538e-16,1.1571e-16
2959,-232.19,882.3,6.3815,0.3986,0.15291,-0.023253,0.96101,-2.3538e-16,1.1571e-16
2959.1,-232.15,882.32,6.3792,0.3959,0.15183,-0.023448,0.96101,-2.3538e-16,1.1571e-16
2959.2,-232.12,882.34,6.3768,0.39325,0.15074,-0.023616,0.96101,-2.3538e-16,1.1571e-16
2959.3,-232.08,882.36,6.3744,0.39065,0.14967,-0.023757,0.96101,-2.3538e-16,1.1571e-16
2959.4,-232.04,882.38,6.3721,0.38811,0.14859,-0.023874,0.96101,-2.3538e-16,1.1571e-16
2959.5,-232,882.4,6.3697,0.38562,0.14752,-0.023967,0.96101,-2.3538e-16,1.1571e-16
2959.6,-231.97,882.41,6.3673,0.38318,0.14645,-0.024037,0.96101,-2.3538e-16,1.1571e-16
2959.7,-231.93,882.43,6.3649,0.38079,0.14539,-0.024085,0.96101,-2.3538e-16,1.1571e-16
2959.8,-231.89,882.45,6.3625,0.37845,0.14432,-0.024113,0.96101,-2.3538e-16,1.1571e-16
2959.9,-231.86,882.47,6.36,0.37616,0.14326,-0.024121,0.96101,-2.3538e-16,1.1571e-16
2960,-231.82,882.48,6.3576,0.37391,0.1422,-0.024111,0.96101,-2.3538e-16,1.1571e-16
2960.1,-231.78,882.5,6.3552,0.37171,0.14114,-0.024083,0.96101,-2.3538e-16,1.1571e-16
2960.2,-231.75,882.52,6.3528,0.36956,0.14008,-0.02404,0.96101,-2.3538e-16,1.1571e-16
2960.3,-231.71,882.53,6.3504,0.36745,0.13902,-0.023981,0.96101,-2.3538e-16,1.1571e-16
2960.4,-231.68,882.55,6.348,0.36539,0.13796,-0.023907,0.96101,-2.3538e-16,1.1571e-16
2960.5,-231.64,882.57,6.3456,0.36336,0.13691,-0.02382,0.96101,-2.3538e-16,1.1571e-16
2960.6,-231.6,882.58,6.3433,0.36138,0.13585,-0.023721,0.96101,-2.3538e-16,1.1571e-16
2960.7,-231.57,882.6,6.3409,0.35944,0.1348,-0.023611,0.96101,-2.3538e-16,1.1571e-16
2960.8,-231.53,882.61,6.3385,0.35755,0.13374,-0.023489,0.96101,-2.3538e-16,1.1571e-16
2960.9,-231.5,882.63,6.3362,0.35569,0.13269,-0.023359,0.96101,-2.3538e-16,1.1571e-16
2961,-231.47,882.64,6.3339,0.35387,0.13163,-0.023219,0.96101,-2.3538e-16,1.1571e-16
2961.1,-231.43,882.66,6.3315,0.35208,0.13058,-0.023071,0.96101,-2.3538e-16,1.1571e-16
2961.2,-231.4,882.67,6.3292,0.35034,0.12953,-0.022915,0.96101,-2.3538e-16,1.1571e-16
2961.3,-231.36,882.69,6.327,0.34863,0.12848,-0.022754,0.96101,-2.3538e-16,1.1571e-16
2961.4,-231.33,882.7,6.3247,0.34695,0.12743,-0.022586,0.96101,-2.3538e-16,1.1571e-16
2961.5,-231.29,882.71,6.3224,0.34532,0.12638,-0.022412,0.96101,-2.3538e-16,1.1571e-16
2961.6,-231.26,882.73,6.3202,0.34371,0.12533,-0.022235,0.96101,-2.3538e-16,1.1571e-16
2961.7,-231.23,882.74,6.318,0.34214,0.12429,-0.022053,0.96101,-2.3538e-16,1.1571e-16
2961.8,-231.19,882.76,6.3158,0.3406,0.12324,-0.021867,0.96101,-2.3538e-16,1.1571e-16
2961.9,-231.16,882.77,6.3136,0.33909,0.1222,-0.021679,0.96101,-2.3538e-16,1.1571e-16
2962,-231.12,882.78,6.3115,0.33762,0.12115,-0.021488,6.6302,0.7498,-0.36778
2962.1,-231.09,882.8,6.3088,0.34877,0.12337,-0.031649,6.6302,0.7498,-0.36778
2962.2,-231.06,882.81,6.3051,0.35961,0.12588,-0.04166,6.6302,0.7498,-0.36778
2962.3,-231.02,882.82,6.3005,0.37014,0.12873,-0.051427,6.6302,0.7498,-0.36778
2962.4,-230.98,882.84,6.2949,0.38034,0.13191,-0.060866,6.6302,0.7498,-0.36778
2962.5,-230.94,882.85,6.2883,0.39023,0.13544,-0.069904,6.6302,0.7498,-0.36778
2962.6,-230.9,882.86,6.2809,0.39981,0.13932,-0.078485,6.6302,0.7498,-0.36778
2962.7,-230.86,882.88,6.2726,0.40907,0.14355,-0.086565,6.6302,0.7498,-0.36778
2962.8,-230.82,882.89,6.2636,0.41802,0.14812,-0.094118,6.6302,0.7498,-0.36778
2962.9,-230.78,882.9,6.2538,0.42666,0.15301,-0.10113,6.6302,0.7498,-0.36778
2963,-230.74,882.92,6.2434,0.43499,0.1582,-0.1076,6.6302,0.7498,-0.36778
2963.1,-230.69,882.93,6.2323,0.44301,0.16367,-0.11354,6.6302,0.7498,-0.36778
2963.2,-230.65,882.95,6.2207,0.45073,0.16941,-0.11896,6.6302,0.7498,-0.36778
2963.3,-230.6,882.96,6.2086,0.45815,0.17538,-0.12389,6.6302,0.7498,-0.36778
2963.4,-230.55,882.98,6.1959,0.46528,0.18157,-0.12835,6.6302,0.7498,-0.36778
2963.5,-230.5,882.99,6.1829,0.47211,0.18794,-0.13238,6.6302,0.7498,-0.36778
2963.6,-230.45,883,6.1695,0.47866,0.19448,-0.13601,6.6302,0.7498,-0.36778
2963.7,-230.4,883.02,6.1557,0.48493,0.20117,-0.13925,6.6302,0.7498,-0.36778
2963.8,-230.35,883.03,6.1416,0.49092,0.20798,-0.14215,6.6302,0.7498,-0.36778
2963.9,-230.3,883.04,6.1273,0.49663,0.21489,-0.14474,6.6302,0.7498,-0.36778
2964,-230.25,883.06,6.1127,0.50209,0.22189,-0.14703,6.6302,0.7498,-0.36778
2964.1,-230.19,883.07,6.0979,0.50728,0.22896,-0.14905,6.6302,0.7498,-0.36778
2964.2,-230.14,883.08,6.0829,0.51222,0.23609,-0.15082,6.6302,0.7498,-0.36778
2964.3,-230.08,883.1,6.0677,0.51691,0.24325,-0.15237,6.6302,0.7498,-0.36778
2964.4,-230.03,883.11,6.0524,0.52137,0.25045,-0.1537,6.6302,0.7498,-0.36778
2964.5,-229.97,883.12,6.037,0.52559,0.25766,-0.15484,6.6302,0.7498,-0.36778
2964.6,-229.91,883.13,6.0215,0.52959,0.26488,-0.15581,6.6302,0.7498,-0.36778
2964.7,-229.86,883.15,6.0059,0.53337,0.2721,-0.1566,6.6302,0.7498,-0.36778
2964.8,-229.8,883.16,5.9902,0.53694,0.27931,-0.15724,6.6302,0.7498,-0.36778
2964.9,-229.74,883.17,5.9744,0.54031,0.2865,-0.15773,6.6302,0.7498,-0.36778
2965,-229.68,883.18,5.9586,0.54349,0.29367,-0.15808,6.6302,0.7498,-0.36778
2965.1,-229.62,883.19,5.9428,0.54647,0.30081,-0.1583,6.6302,0.7498,-0.36778
2965.2,-229.55,883.2,5.927,0.54928,0.30791,-0.15839,6.6302,0.7498,-0.36778
2965.3,-229.49,883.21,5.9111,0.55191,0.31497,-0.15837,6.6302,0.7498,-0.36778
2965.4,-229.43,883.22,5.8953,0.55438,0.32199,-0.15824,6.6302,0.7498,-0.36778
2965.5,-229.36,883.23,5.8795,0.5567,0.32896,-0.15799,6.6302,0.7498,-0.36778
2965.6,-229.3,883.23,5.8637,0.55886,0.33589,-0.15765,6.6302,0.7498,-0.36778
2965.7,-229.23,883.24,5.848,0.56088,0.34276,-0.15721,6.6302,0.7498,-0.36778
2965.8,-229.17,883.25,5.8323,0.56277,0.34957,-0.15667,6.6302,0.7498,-0.36778
2965.9,-229.1,883.26,5.8166,0.56453,0.35633,-0.15603,6.6302,0.7498,-0.36778
2966,-229.04,883.26,5.8011,0.56617,0.36304,-0.15531,6.6302,0.7498,-0.36778
2966.1,-228.97,883.27,5.7856,0.5677,0.36969,-0.1545,6.6302,0.7498,-0.36778
2966.2,-228.9,883.27,5.7702,0.56913,0.37628,-0.15361,6.6302,0.7498,-0.36778
2966.3,-228.83,883.28,5.7548,0.57045,0.38281,-0.15264,6.6302,0.7498,-0.36778
2966.4,-228.76,883.28,5.7396,0.57169,0.38929,-0.15158,6.6302,0.7498,-0.36778
2966.5,-228.69,883.28,5.7245,0.57283,0.39571,-0.15045,6.6302,0.7498,-0.36778
2966.6,-228.62,883.29,5.7095,0.57391,0.40207,-0.14925,6.6302,0.7498,-0.36778
2966.7,-228.55,883.29,5.6947,0.57491,0.40838,-0.14797,6.6302,0.7498,-0.36778
2966.8,-228.48,883.29,5.68,0.57584,0.41464,-0.14662,6.6302,0.7498,-0.36778
2966.9,-228.41,883.29,5.6654,0.57672,0.42085,-0.14519,6.6302,0.7498,-0.36778
2967,-228.34,883.29,5.6509,0.57754,0.42701,-0.1437,6.6302,0.7498,-0.36778
2967.1,-228.27,883.29,5.6366,0.57831,0.43312,-0.14213,6.6302,0.7498,-0.36778
2967.2,-228.2,883.29,5.6225,0.57905,0.43919,-0.1405,6.6302,0.7498,-0.36778
2967.3,-228.12,883.29,5.6085,0.57975,0.44522,-0.13879,6.6302,0.7498,-0.36778
2967.4,-228.05,883.29,5.5947,0.58042,0.45122,-0.13702,6.6302,0.7498,-0.36778
2967.5,-227.98,883.29,5.5811,0.58107,0.45718,-0.13518,6.6302,0.7498,-0.36778
2967.6,-227.9,883.29,5.5677,0.5817,0.46311,-0.13327,1.5337,-3.7565e-16,1.879e-16
2967.7,-227.83,883.28,5.555,0.5712,0.46568,-0.12131,1.5337,-3.7565e-16,1.879e-16
2967.8,-227.75,883.28,5.5434,0.56141,0.46784,-0.10999,1.5337,-3.7565e-16,1.879e-16
2967.9,-227.68,883.28,5.533,0.55227,0.46966,-0.099175,1.5337,-3.7565e-16,1.879e-16
2968,-227.61,883.27,5.5236,0.54378,0.47119,-0.088759,1.5337,-3.7565e-16,1.879e-16
2968.1,-227.54,883.27,5.5152,0.5359,0.4725,-0.078644,1.5337,-3.7565e-16,1.879e-16
2968.2,-227.47,883.27,5.5078,0.52862,0.47363,-0.068747,1.5337,-3.7565e-16,1.879e-16
2968.3,-227.4,883.26,5.5015,0.5219,0.47462,-0.058989,1.5337,-3.7565e-16,1.879e-16
2968.4,-227.33,883.26,5.496,0.51574,0.47551,-0.049297,1.5337,-3.7565e-16,1.879e-16
2968.5,-227.26,883.26,5.4916,0.51013,0.47632,-0.039594,1.5337,-3.7565e-16,1.879e-16
2968.6,-227.19,883.25,5.4881,0.50505,0.4771,-0.029804,1.5337,-3.7565e-16,1.879e-16
2968.7,-227.12,883.25,5.4856,0.5005,0.47788,-0.01984,1.5337,-3.7565e-16,1.879e-16
2968.8,-227.05,883.25,5.4842,0.49648,0.47869,-0.0096082,1.5337,-3.7565e-16,1.879e-16
2968.9,-226.98,883.25,5.4837,0.49299,0.47954,0.0010009,1.5337,-3.7565e-16,1.879e-16
2969,-226.91,883.25,5.4844,0.49004,0.47905,0.011518,1.5337,-3.7565e-16,1.879e-16
2969.1,-226.84,883.24,5.486,0.48758,0.47629,0.021359,1.5337,-3.7565e-16,1.879e-16
2969.2,-226.77,883.24,5.4886,0.48557,0.4714,0.0303,1.5337,-3.7565e-16,1.879e-16
2969.3,-226.71,883.24,5.492,0.48395,0.46461,0.038196,1.5337,-3.7565e-16,1.879e-16
2969.4,-226.64,883.24,5.4962,0.48265,0.45617,0.044977,1.5337,-3.7565e-16,1.879e-16
2969.5,-226.57,883.24,5.501,0.4816,0.44636,0.050635,1.5337,-3.7565e-16,1.879e-16
2969.6,-226.51,883.23,5.5063,0.48073,0.43545,0.055214,1.5337,-3.7565e-16,1.879e-16
2969.7,-226.45,883.23,5.512,0.47999,0.42372,0.05879,1.5337,-3.7565e-16,1.879e-16
2969.8,-226.38,883.23,5.518,0.47932,0.4114,0.061463,1.5337,-3.7565e-16,1.879e-16
2969.9,-226.32,883.22,5.5243,0.47869,0.39869,0.06334,1.5337,-3.7565e-16,1.879e-16
2970,-226.26,883.22,5.5307,0.47805,0.38579,0.06453,1.5337,-3.7565e-16,1.879e-16
2970.1,-226.2,883.21,5.5372,0.47739,0.37284,0.065136,1.5337,-3.7565e-16,1.879e-16
2970.2,-226.14,883.21,5.5437,0.47668,0.35996,0.065256,1.5337,-3.7565e-16,1.879e-16
2970.3,-226.08,883.2,5.5502,0.47591,0.34724,0.064975,1.5337,-3.7565e-16,1.879e-16
2970.4,-226.02,883.2,5.5567,0.47508,0.33477,0.064368,1.5337,-3.7565e-16,1.879e-16
2970.5,-225.96,883.19,5.5631,0.47417,0.3226,0.063501,1.5337,-3.7565e-16,1.879e-16
2970.6,-225.91,883.18,5.5694,0.47318,0.31076,0.062429,1.5337,-3.7565e-16,1.879e-16
2970.7,-225.85,883.18,5.5755,0.47212,0.29929,0.061198,1.5337,-3.7565e-16,1.879e-16
2970.8,-225.79,883.17,5.5816,0.47099,0.2882,0.059847,1.5337,-3.7565e-16,1.879e-16
2970.9,-225.74,883.16,5.5875,0.4698,0.27751,0.05841,1.5337,-3.7565e-16,1.879e-16
2971,-225.69,883.15,5.5933,0.46854,0.26721,0.056911,1.5337,-3.7565e-16,1.879e-16
2971.1,-225.63,883.14,5.5989,0.46722,0.25731,0.055374,1.5337,-3.7565e-16,1.879e-16
2971.2,-225.58,883.13,5.6043,0.46584,0.2478,0.053815,1.5337,-3.7565e-16,1.879e-16
2971.3,-225.53,883.12,5.6096,0.46442,0.23868,0.052249,1.5337,-3.7565e-16,1.879e-16
2971.4,-225.48,883.11,5.6148,0.46295,0.22992,0.050687,1.5337,-3.7565e-16,1.879e-16
2971.5,-225.43,883.1,5.6198,0.46145,0.22153,0.049139,1.5337,-3.7565e-16,1.879e-16
2971.6,-225.38,883.09,5.6246,0.45992,0.21348,0.047611,1.5337,-3.7565e-16,1.879e-16
2971.7,-225.33,883.08,5.6293,0.45835,0.20578,0.046108,1.5337,-3.7565e-16,1.879e-16
2971.8,-225.28,883.07,5.6338,0.45677,0.19839,0.044636,1.5337,-3.7565e-16,1.879e-16
2971.9,-225.23,883.05,5.6382,0.45516,0.19131,0.043197,1.5337,-3.7565e-16,1.879e-16
2972,-225.19,883.04,5.6425,0.45354,0.18453,0.041793,1.5337,-3.7565e-16,1.879e-16
2972.1,-225.14,883.03,5.6466,0.45191,0.17804,0.040426,1.5337,-3.7565e-16,1.879e-16
2972.2,-225.09,883.02,5.6506,0.45027,0.17181,0.039097,1.5337,-3.7565e-16,1.879e-16
2972.3,-225.05,883,5.6544,0.44863,0.16584,0.037807,1.5337,-3.7565e-16,1.879e-16
2972.4,-225,882.99,5.6581,0.44698,0.16012,0.036555,1.5337,-3.7565e-16,1.879e-16
2972.5,-224.95,882.98,5.6617,0.44533,0.15464,0.035342,1.5337,-3.7565e-16,1.879e-16
2972.6,-224.91,882.96,5.6652,0.44369,0.14938,0.034167,1.5337,-3.7565e-16,1.879e-16
2972.7,-224.87,882.95,5.6686,0.44205,0.14433,0.033029,1.5337,-3.7565e-16,1.879e-16
2972.8,-224.82,882.94,5.6718,0.44042,0.13949,0.031929,1.5337,-3.7565e-16,1.879e-16
2972.9,-224.78,882.92,5.675,0.4388,0.13484,0.030864,1.5337,-3.7565e-16,1.879e-16
2973,-224.73,882.91,5.678,0.43718,0.13038,0.029834,1.5337,-3.7565e-16,1.879e-16
2973.1,-224.69,882.89,5.6809,0.43558,0.12609,0.028838,1.5337,-3.7565e-16,1.879e-16
2973.2,-224.65,882.88,5.6838,0.434,0.12198,0.027876,1.5337,-3.7565e-16,1.879e-16
2973.3,-224.6,882.86,5.6865,0.43242,0.11802,0.026945,1.5337,-3.7565e-16,1.879e-16
2973.4,-224.56,882.85,5.6891,0.43087,0.11422,0.026046,1.5337,-3.7565e-16,1.879e-16
2973.5,-224.52,882.84,5.6917,0.42932,0.11056,0.025176,1.5337,-3.7565e-16,1.879e-16
2973.6,-224.48,882.82,5.6942,0.4278,0.10705,0.024336,1.5337,-3.7565e-16,1.879e-16
2973.7,-224.44,882.81,5.6966,0.42629,0.10367,0.023524,1.5337,-3.7565e-16,1.879e-16
2973.8,-224.4,882.79,5.6989,0.4248,0.10041,0.022738,1.5337,-3.7565e-16,1.879e-16
2973.9,-224.36,882.78,5.7011,0.42333,0.097281,0.021979,1.5337,-3.7565e-16,1.879e-16
2974,-224.32,882.76,5.7033,0.42188,0.094267,0.021244,1.5337,-3.7565e-16,1.879e-16
2974.1,-224.27,882.75,5.7054,0.42044,0.091364,0.020533,1.5337,-3.7565e-16,1.879e-16
2974.2,-224.23,882.73,5.7074,0.41903,0.088568,0.019846,1.5337,-3.7565e-16,1.879e-16
2974.3,-224.19,882.71,5.7093,0.41764,0.085875,0.019181,1.5337,-3.7565e-16,1.879e-16
2974.4,-224.16,882.7,5.7112,0.41626,0.08328,0.018537,1.5337,-3.7565e-16,1.879e-16
2974.5,-224.12,882.68,5.7131,0.41491,0.080778,0.017914,1.5337,-3.7565e-16,1.879e-16
2974.6,-224.08,882.67,5.7148,0.41358,0.078367,0.017311,1.5337,-3.7565e-16,1.879e-16
2974.7,-224.04,882.65,5.7165,0.41226,0.076042,0.016727,1.5337,-3.7565e-16,1.879e-16
2974.8,-224,882.64,5.7182,0.41097,0.0738,0.016161,1.5337,-3.7565e-16,1.879e-16
2974.9,-223.96,882.62,5.7197,0.4097,0.071637,0.015612,1.5337,-3.7565e-16,1.879e-16
2975,-223.92,882.6,5.7213,0.40845,0.06955,0.015081,1.5337,-3.7565e-16,1.879e-16
2975.1,-223.88,882.59,5.7228,0.40721,0.067537,0.014565,1.5337,-3.7565e-16,1.879e-16
2975.2,-223.85,882.57,5.7242,0.406,0.065594,0.014065,1.5337,-3.7565e-16,1.879e-16
2975.3,-223.81,882.56,5.7256,0.40481,0.063718,0.01358,1.5337,-3.7565e-16,1.879e-16
2975.4,-223.77,882.54,5.7269,0.40364,0.061907,0.013109,1.5337,-3.7565e-16,1.879e-16
2975.5,-223.73,882.52,5.7282,0.40248,0.060159,0.012652,1.5337,-3.7565e-16,1.879e-16
2975.6,-223.7,882.51,5.7294,0.40135,0.05847,0.012208,1.5337,-3.7565e-16,1.879e-16
2975.7,-223.66,882.49,5.7306,0.40023,0.05684,0.011777,1.5337,-3.7565e-16,1.879e-16
2975.8,-223.62,882.48,5.7318,0.39914,0.055264,0.011358,1.5337,-3.7565e-16,1.879e-16
2975.9,-223.58,882.46,5.7329,0.39806,0.053743,0.01095,1.5337,-3.7565e-16,1.879e-16
2976,-223.55,882.44,5.734,0.397,0.052273,0.010554,1.5337,-3.7565e-16,1.879e-16
2976.1,-223.51,882.43,5.735,0.39597,0.050852,0.010168,1.5337,-3.7565e-16,1.879e-16
2976.2,-223.48,882.41,5.736,0.39494,0.04948,0.0097928,1.5337,-3.7565e-16,1.879e-16
2976.3,-223.44,882.39,5.737,0.39394,0.048154,0.0094272,1.5337,-3.7565e-16,1.879e-16
2976.4,-223.4,882.38,5.7379,0.39296,0.046872,0.0090709,1.5337,-3.7565e-16,1.879e-16
2976.5,-223.37,882.36,5.7388,0.39199,0.045633,0.0087236,1.5337,-3.7565e-16,1.879e-16
2976.6,-223.33,882.35,5.7397,0.39104,0.044435,0.0083849,1.5337,-3.7565e-16,1.879e-16
2976.7,-223.3,882.33,5.7405,0.3901,0.043278,0.0080544,1.5337,-3.7565e-16,1.879e-16
2976.8,-223.26,882.31,5.7413,0.38919,0.042159,0.0077318,1.5337,-3.7565e-16,1.879e-16
2976.9,-223.22,882.3,5.742,0.38829,0.041078,0.0074167,1.5337,-3.7565e-16,1.879e-16
2977,-223.19,882.28,5.7427,0.3874,0.040033,0.0071088,1.5337,-3.7565e-16,1.879e-16
2977.1,-223.15,882.26,5.7434,0.38653,0.039022,0.0068078,1.5337,-3.7565e-16,1.879e-16
2977.2,-223.12,882.25,5.7441,0.38568,0.038046,0.0065133,1.5337,-3.7565e-16,1.879e-16
2977.3,-223.08,882.23,5.7447,0.38484,0.037102,0.006225,1.5337,-3.7565e-16,1.879e-16
2977.4,-223.05,882.21,5.7454,0.38402,0.03619,0.0059426,1.5337,-3.7565e-16,1.879e-16
2977.5,-223.01,882.2,5.7459,0.38321,0.035308,0.0056659,1.5337,-3.7565e-16,1.879e-16
2977.6,-222.98,882.18,5.7465,0.38242,0.034456,0.0053945,1.5337,-3.7565e-16,1.879e-16
2977.7,-222.94,882.16,5.747,0.38164,0.033633,0.0051282,1.5337,-3.7565e-16,1.879e-16
2977.8,-222.91,882.15,5.7475,0.38088,0.032838,0.0048667,1.5337,-3.7565e-16,1.879e-16
2977.9,-222.88,882.13,5.748,0.38013,0.03207,0.0046097,1.5337,-3.7565e-16,1.879e-16
2978,-222.84,882.11,5.7484,0.3794,0.031328,0.0043571,1.5337,-3.7565e-16,1.879e-16
2978.1,-222.81,882.1,5.7489,0.37868,0.030611,0.0041085,1.5337,-3.7565e-16,1.879e-16
2978.2,-222.77,882.08,5.7493,0.37797,0.029919,0.0038637,1.5337,-3.7565e-16,1.879e-16
2978.3,-222.74,882.06,5.7496,0.37727,0.029251,0.0036225,1.5337,-3.7565e-16,1.879e-16
2978.4,-222.71,882.05,5.75,0.37659,0.028607,0.0033846,1.5337,-3.7565e-16,1.879e-16
2978.5,-222.67,882.03,5.7503,0.37592,0.027985,0.0031498,1.5337,-3.7565e-16,1.879e-16
2978.6,-222.64,882.01,5.7506,0.37526,0.027385,0.0029179,1.5337,-3.7565e-16,1.879e-16
2978.7,-222.6,882,5.7509,0.37462,0.026806,0.0026887,1.5337,-3.7565e-16,1.879e-16
2978.8,-222.57,881.98,5.7512,0.37398,0.026249,0.0024619,1.5337,-3.7565e-16,1.879e-16
2978.9,-222.54,881.96,5.7514,0.37336,0.025711,0.0022373,1.5337,-3.7565e-16,1.879e-16
2979,-222.5,881.95,5.7516,0.37275,0.025194,0.0020148,1.5337,-3.7565e-16,1.879e-16
2979.1,-222.47,881.93,5.7518,0.37215,0.024696,0.0017941,1.5337,-3.7565e-16,1.879e-16
2979.2,-222.44,881.91,5.752,0.37156,0.024216,0.0015751,1.5337,-3.7565e-16,1.879e-16
2979.3,-222.4,881.9,5.7521,0.37099,0.023755,0.0013574,1.5337,-3.7565e-16,1.879e-16
2979.4,-222.37,881.88,5.7522,0.37042,0.023312,0.001141,1.5337,-3.7565e-16,1.879e-16
2979.5,-222.34,881.86,5.7523,0.36986,0.022887,0.00092555,1.5337,-3.7565e-16,1.879e-16
2979.6,-222.3,881.85,5.7524,0.36932,0.022478,0.00071094,1.5337,-3.7565e-16,1.879e-16
2979.7,-222.27,881.83,5.7525,0.36878,0.022087,0.00049696,1.5337,-3.7565e-16,1.879e-16
2979.8,-222.24,881.81,5.7525,0.36826,0.021711,0.00028341,1.5337,-3.7565e-16,1.879e-16
2979.9,-222.21,881.8,5.7525,0.36774,0.021352,7.0086e-05,1.5337,-3.7565e-16,1.879e-16
2980,-222.17,881.78,5.7525,0.36724,0.021008,-0.00014336,7.3181,0.2821,-0.13837
2980.1,-222.14,881.76,5.7523,0.37964,0.021919,-0.0043228,7.3181,0.2821,-0.13837
2980.2,-222.11,881.74,5.7517,0.39179,0.022992,-0.0086116,7.3181,0.2821,-0.13837
2980.3,-222.07,881.73,5.7506,0.40369,0.024244,-0.013008,7.3181,0.2821,-0.13837
2980.4,-222.03,881.71,5.7491,0.41533,0.025688,-0.017509,7.3181,0.2821,-0.13837
2980.5,-222,881.69,5.7471,0.42672,0.027338,-0.02211,7.3181,0.2821,-0.13837
2980.6,-221.96,881.67,5.7446,0.43784,0.029208,-0.026806,7.3181,0.2821,-0.13837
2980.7,-221.92,881.65,5.7417,0.44871,0.031311,-0.031587,7.3181,0.2821,-0.13837
2980.8,-221.88,881.63,5.7383,0.45931,0.033658,-0.036446,7.3181,0.2821,-0.13837
2980.9,-221.84,881.61,5.7344,0.46966,0.03626,-0.041372,7.3181,0.2821,-0.13837
2981,-221.79,881.59,5.73,0.47974,0.039127,-0.046352,7.3181,0.2821,-0.13837
2981.1,-221.75,881.56,5.7251,0.48956,0.042267,-0.051373,7.3181,0.2821,-0.13837
2981.2,-221.71,881.54,5.7198,0.49912,0.045687,-0.056421,7.3181,0.2821,-0.13837
2981.3,-221.66,881.52,5.7139,0.50841,0.049391,-0.06148,7.3181,0.2821,-0.13837
2981.4,-221.61,881.49,5.7075,0.51744,0.053384,-0.066535,7.3181,0.2821,-0.13837
2981.5,-221.57,881.47,5.7006,0.5262,0.057667,-0.071569,7.3181,0.2821,-0.13837
2981.6,-221.52,881.45,5.6931,0.5347,0.062241,-0.076565,7.3181,0.2821,-0.13837
2981.7,-221.47,881.42,5.6852,0.54293,0.067103,-0.081507,7.3181,0.2821,-0.13837
2981.8,-221.42,881.4,5.6769,0.55089,0.072249,-0.086379,7.3181,0.2821,-0.13837
2981.9,-221.37,881.37,5.668,0.55858,0.077674,-0.091165,7.3181,0.2821,-0.13837
2982,-221.32,881.34,5.6586,0.56601,0.083372,-0.095849,7.3181,0.2821,-0.13837
2982.1,-221.27,881.32,5.6488,0.57316,0.089332,-0.10042,7.3181,0.2821,-0.13837
2982.2,-221.22,881.29,5.6385,0.58004,0.095545,-0.10486,7.3181,0.2821,-0.13837
2982.3,-221.17,881.26,5.6278,0.58665,0.102,-0.10916,7.3181,0.2821,-0.13837
2982.4,-221.11,881.24,5.6167,0.593,0.10868,-0.11331,7.3181,0.2821,-0.13837
2982.5,-221.06,881.21,5.6052,0.59907,0.11558,-0.11731,7.3181,0.2821,-0.13837
2982.6,-221.01,881.18,5.5933,0.60487,0.12268,-0.12113,7.3181,0.2821,-0.13837
2982.7,-220.95,881.15,5.581,0.6104,0.12996,-0.12478,7.3181,0.2821,-0.13837
2982.8,-220.9,881.12,5.5683,0.61567,0.13741,-0.12825,7.3181,0.2821,-0.13837
2982.9,-220.84,881.09,5.5553,0.62068,0.14501,-0.13154,7.3181,0.2821,-0.13837
2983,-220.78,881.06,5.542,0.62542,0.15274,-0.13463,7.3181,0.2821,-0.13837
2983.1,-220.73,881.03,5.5284,0.62991,0.1606,-0.13754,7.3181,0.2821,-0.13837
2983.2,-220.67,881,5.5145,0.63414,0.16856,-0.14026,7.3181,0.2821,-0.13837
2983.3,-220.61,880.96,5.5004,0.63812,0.1766,-0.14279,7.3181,0.2821,-0.13837
2983.4,-220.56,880.93,5.486,0.64186,0.18472,-0.14513,7.3181,0.2821,-0.13837
2983.5,-220.5,880.9,5.4713,0.64535,0.19289,-0.14727,7.3181,0.2821,-0.13837
2983.6,-220.44,880.86,5.4565,0.64861,0.2011,-0.14923,7.3181,0.2821,-0.13837
2983.7,-220.38,880.83,5.4415,0.65165,0.20933,-0.15101,7.3181,0.2821,-0.13837
2983.8,-220.32,880.79,5.4263,0.65445,0.21758,-0.1526,7.3181,0.2821,-0.13837
2983.9,-220.26,880.76,5.411,0.65705,0.22583,-0.15402,7.3181,0.2821,-0.13837
2984,-220.2,880.72,5.3955,0.65943,0.23406,-0.15526,7.3181,0.2821,-0.13837
2984.1,-220.14,880.69,5.3799,0.66162,0.24227,-0.15633,7.3181,0.2821,-0.13837
2984.2,-220.08,880.65,5.3643,0.6636,0.25044,-0.15723,7.3181,0.2821,-0.13837
2984.3,-220.02,880.61,5.3485,0.66541,0.25857,-0.15797,7.3181,0.2821,-0.13837
2984.4,-219.96,880.57,5.3327,0.66703,0.26664,-0.15855,7.3181,0.2821,-0.13837
2984.5,-219.9,880.53,5.3168,0.66849,0.27465,-0.15897,7.3181,0.2821,-0.13837
2984.6,-219.84,880.49,5.3009,0.66978,0.28259,-0.15925,7.3181,0.2821,-0.13837
2984.7,-219.78,880.45,5.2849,0.67093,0.29046,-0.15938,7.3181,0.2821,-0.13837
2984.8,-219.72,880.41,5.269,0.67192,0.29824,-0.15938,7.3181,0.2821,-0.13837
2984.9,-219.66,880.37,5.2531,0.67278,0.30593,-0.15924,7.3181,0.2821,-0.13837
2985,-219.6,880.33,5.2372,0.67352,0.31353,-0.15897,7.3181,0.2821,-0.13837
2985.1,-219.54,880.29,5.2213,0.67413,0.32103,-0.15857,7.3181,0.2821,-0.13837
2985.2,-219.47,880.24,5.2054,0.67464,0.32843,-0.15806,7.3181,0.2821,-0.13837
2985.3,-219.41,880.2,5.1897,0.67504,0.33573,-0.15743,7.3181,0.2821,-0.13837
2985.4,-219.35,880.15,5.174,0.67535,0.34293,-0.15668,7.3181,0.2821,-0.13837
2985.5,-219.29,880.11,5.1583,0.67558,0.35002,-0.15583,7.3181,0.2821,-0.13837
2985.6,-219.23,880.06,5.1428,0.67572,0.35701,-0.15488,7.3181,0.2821,-0.13837
2985.7,-219.17,880.01,5.1274,0.6758,0.36388,-0.15383,7.3181,0.2821,-0.13837
2985.8,-219.11,879.97,5.112,0.67581,0.37065,-0.15269,7.3181,0.2821,-0.13837
2985.9,-219.05,879.92,5.0968,0.67577,0.37732,-0.15145,7.3181,0.2821,-0.13837
2986,-218.99,879.87,5.0818,0.67568,0.38388,-0.15013,7.3181,0.2821,-0.13837
2986.1,-218.93,879.82,5.0668,0.67554,0.39034,-0.14872,7.3181,0.2821,-0.13837
2986.2,-218.87,879.77,5.052,0.67538,0.39669,-0.14723,7.3181,0.2821,-0.13837
2986.3,-218.81,879.72,5.0374,0.67518,0.40294,-0.14567,7.3181,0.2821,-0.13837
2986.4,-218.75,879.67,5.0229,0.67497,0.4091,-0.14403,7.3181,0.2821,-0.13837
2986.5,-218.69,879.62,5.0086,0.67474,0.41516,-0.14232,7.3181,0.2821,-0.13837
2986.6,-218.63,879.56,4.9944,0.67449,0.42113,-0.14053,7.3181,0.2821,-0.13837
2986.7,-218.57,879.51,4.9805,0.67425,0.42702,-0.13868,7.3181,0.2821,-0.13837
2986.8,-218.51,879.46,4.9667,0.67401,0.43281,-0.13677,7.3181,0.2821,-0.13837
2986.9,-218.45,879.4,4.9531,0.67377,0.43853,-0.13479,7.3181,0.2821,-0.13837
2987,-218.4,879.35,4.9397,0.67354,0.44417,-0.13274,7.3181,0.2821,-0.13837
2987.1,-218.34,879.29,4.9266,0.67334,0.44973,-0.13064,7.3181,0.2821,-0.13837
2987.2,-218.28,879.23,4.9136,0.67315,0.45522,-0.12847,7.3181,0.2821,-0.13837
2987.3,-218.22,879.18,4.9009,0.67299,0.46065,-0.12624,7.3181,0.2821,-0.13837
2987.4,-218.16,879.12,4.8884,0.67286,0.46602,-0.12395,7.3181,0.2821,-0.13837
2987.5,-218.11,879.06,4.8761,0.67276,0.47133,-0.1216,7.3181,0.2821,-0.13837
2987.6,-218.05,879,4.864,0.6727,0.47659,-0.11919,7.3181,0.2821,-0.13837
2987.7,-217.99,878.94,4.8522,0.67269,0.4818,-0.11672,7.3181,0.2821,-0.13837
2987.8,-217.93,878.88,4.8407,0.67272,0.48698,-0.11418,7.3181,0.2821,-0.13837
2987.9,-217.88,878.82,4.8294,0.67281,0.49211,-0.11157,7.3181,0.2821,-0.13837
2988,-217.82,878.76,4.8184,0.67295,0.49722,-0.1089,7.3181,0.2821,-0.13837
2988.1,-217.76,878.7,4.8076,0.67314,0.50229,-0.10616,7.3181,0.2821,-0.13837
2988.2,-217.71,878.63,4.7972,0.67341,0.50735,-0.10334,7.3181,0.2821,-0.13837
2988.3,-217.65,878.57,4.787,0.67374,0.5124,-0.10044,7.3181,0.2821,-0.13837
2988.4,-217.6,878.51,4.7771,0.67414,0.51743,-0.097464,7.3181,0.2821,-0.13837
2988.5,-217.54,878.44,4.7675,0.67462,0.52247,-0.094397,7.3181,0.2821,-0.13837
2988.6,-217.48,878.38,4.7582,0.67517,0.5275,-0.091236,7.3181,0.2821,-0.13837
2988.7,-217.43,878.31,4.7492,0.67582,0.53255,-0.087973,7.3181,0.2821,-0.13837
2988.8,-217.37,878.25,4.7406,0.67655,0.53762,-0.084601,7.3181,0.2821,-0.13837
2988.9,-217.32,878.18,4.7323,0.67738,0.54271,-0.08111,7.3181,0.2821,-0.13837
2989,-217.26,878.11,4.7244,0.67832,0.54783,-0.077488,7.3181,0.2821,-0.13837
2989.1,-217.21,878.05,4.7168,0.67936,0.553,-0.073725,7.3181,0.2821,-0.13837
2989.2,-217.15,877.98,4.7096,0.68052,0.55821,-0.069804,6.7659,-1.6572e-15,7.9654e-16
2989.3,-217.1,877.91,4.7031,0.68067,0.56228,-0.061858,6.7659,-1.6572e-15,7.9654e-16
2989.4,-217.04,877.84,4.6973,0.68118,0.56633,-0.05381,6.7659,-1.6572e-15,7.9654e-16
2989.5,-216.98,877.77,4.6923,0.68205,0.57041,-0.045589,6.7659,-1.6572e-15,7.9654e-16
2989.6,-216.93,877.7,4.6882,0.68329,0.57452,-0.037121,6.7659,-1.6572e-15,7.9654e-16
2989.7,-216.87,877.63,4.6849,0.6849,0.57869,-0.028318,6.7659,-1.6572e-15,7.9654e-16
2989.8,-216.82,877.56,4.6825,0.68691,0.58295,-0.019077,6.7659,-1.6572e-15,7.9654e-16
2989.9,-216.76,877.49,4.6811,0.68933,0.58732,-0.0092741,6.7659,-1.6572e-15,7.9654e-16
2990,-216.7,877.42,4.6807,0.6922,0.59181,0.0012376,6.7659,-1.6572e-15,7.9654e-16
2990.1,-216.65,877.35,4.6813,0.69553,0.59461,0.011877,6.7659,-1.6572e-15,7.9654e-16
2990.2,-216.59,877.28,4.683,0.69931,0.59454,0.021945,6.7659,-1.6572e-15,7.9654e-16
2990.3,-216.53,877.21,4.6857,0.70348,0.5917,0.03115,6.7659,-1.6572e-15,7.9654e-16
2990.4,-216.47,877.13,4.6892,0.70796,0.58632,0.039284,6.7659,-1.6572e-15,7.9654e-16
2990.5,-216.42,877.06,4.6935,0.71268,0.57869,0.046226,6.7659,-1.6572e-15,7.9654e-16
2990.6,-216.36,876.99,4.6984,0.71755,0.56915,0.05193,6.7659,-1.6572e-15,7.9654e-16
2990.7,-216.31,876.92,4.7039,0.72248,0.55807,0.056418,6.7659,-1.6572e-15,7.9654e-16
2990.8,-216.25,876.84,4.7097,0.72739,0.54579,0.059759,6.7659,-1.6572e-15,7.9654e-16
2990.9,-216.2,876.77,4.7158,0.73222,0.53264,0.062051,6.7659,-1.6572e-15,7.9654e-16
2991,-216.14,876.7,4.7221,0.73692,0.51893,0.063409,6.7659,-1.6572e-15,7.9654e-16
2991.1,-216.09,876.63,4.7284,0.74144,0.50491,0.063955,6.7659,-1.6572e-15,7.9654e-16
2991.2,-216.04,876.55,4.7348,0.74575,0.4908,0.063804,6.7659,-1.6572e-15,7.9654e-16
2991.3,-215.99,876.48,4.7412,0.74982,0.47679,0.063066,6.7659,-1.6572e-15,7.9654e-16
2991.4,-215.94,876.4,4.7474,0.75365,0.46301,0.061837,6.7659,-1.6572e-15,7.9654e-16
2991.5,-215.89,876.33,4.7535,0.75722,0.44959,0.060202,6.7659,-1.6572e-15,7.9654e-16
2991.6,-215.84,876.26,4.7595,0.76053,0.43661,0.058233,6.7659,-1.6572e-15,7.9654e-16
2991.7,-215.8,876.18,4.7652,0.76359,0.42415,0.055992,6.7659,-1.6572e-15,7.9654e-16
2991.8,-215.75,876.11,4.7707,0.76641,0.41226,0.053528,6.7659,-1.6572e-15,7.9654e-16
2991.9,-215.71,876.04,4.7759,0.76899,0.40097,0.050882,6.7659,-1.6572e-15,7.9654e-16
2992,-215.66,875.96,4.7808,0.77133,0.39032,0.048085,6.7659,-1.6572e-15,7.9654e-16
2992.1,-215.62,875.89,4.7855,0.77346,0.38032,0.045163,6.7659,-1.6572e-15,7.9654e-16
2992.2,-215.58,875.81,4.7899,0.77538,0.37099,0.042132,6.7659,-1.6572e-15,7.9654e-16
2992.3,-215.53,875.74,4.7939,0.77711,0.36232,0.039008,6.7659,-1.6572e-15,7.9654e-16
2992.4,-215.49,875.66,4.7977,0.77864,0.35434,0.035798,6.7659,-1.6572e-15,7.9654e-16
2992.5,-215.45,875.59,4.8011,0.78,0.34705,0.032506,6.7659,-1.6572e-15,7.9654e-16
2992.6,-215.41,875.51,4.8041,0.78119,0.34044,0.029134,6.7659,-1.6572e-15,7.9654e-16
2992.7,-215.37,875.44,4.8069,0.78223,0.33452,0.025679,6.7659,-1.6572e-15,7.9654e-16
2992.8,-215.33,875.36,4.8093,0.78311,0.32931,0.022138,6.7659,-1.6572e-15,7.9654e-16
2992.9,-215.29,875.29,4.8113,0.78386,0.32481,0.018502,6.7659,-1.6572e-15,7.9654e-16
2993,-215.25,875.21,4.813,0.78446,0.32102,0.014765,6.7659,-1.6572e-15,7.9654e-16
2993.1,-215.21,875.14,4.8143,0.78493,0.31798,0.010914,6.7659,-1.6572e-15,7.9654e-16
2993.2,-215.17,875.07,4.8152,0.78528,0.31568,0.0069366,6.7659,-1.6572e-15,7.9654e-16
2993.3,-215.13,874.99,4.8156,0.7855,0.31416,0.0028198,6.7659,-1.6572e-15,7.9654e-16
2993.4,-215.09,874.92,4.8157,0.7856,0.31341,-0.0014644,6.7659,-1.6572e-15,7.9654e-16
2993.5,-215.05,874.84,4.8153,0.78557,0.313,-0.0060883,6.7659,-1.6572e-15,7.9654e-16
2993.6,-215.01,874.77,4.8145,0.78541,0.3128,-0.011099,6.7659,-1.6572e-15,7.9654e-16
2993.7,-214.97,874.69,4.8131,0.78512,0.31285,-0.016487,6.7659,-1.6572e-15,7.9654e-16
2993.8,-214.93,874.62,4.8112,0.78469,0.31316,-0.02223,6.7659,-1.6572e-15,7.9654e-16
2993.9,-214.89,874.54,4.8087,0.78411,0.31376,-0.028298,6.7659,-1.6572e-15,7.9654e-16
2994,-214.85,874.47,4.8055,0.78337,0.31467,-0.034647,6.7659,-1.6572e-15,7.9654e-16
2994.1,-214.82,874.39,4.8017,0.78249,0.31591,-0.041224,6.7659,-1.6572e-15,7.9654e-16
2994.2,-214.78,874.32,4.7973,0.78145,0.31748,-0.047966,6.7659,-1.6572e-15,7.9654e-16
2994.3,-214.74,874.24,4.7921,0.78025,0.31941,-0.054803,6.7659,-1.6572e-15,7.9654e-16
2994.4,-214.7,874.16,4.7863,0.7789,0.32169,-0.061658,6.7659,-1.6572e-15,7.9654e-16
2994.5,-214.66,874.09,4.7798,0.7774,0.32432,-0.068451,6.7659,-1.6572e-15,7.9654e-16
2994.6,-214.63,874.01,4.7726,0.77574,0.3273,-0.075103,6.7659,-1.6572e-15,7.9654e-16
2994.7,-214.59,873.94,4.7648,0.77394,0.33063,-0.081538,6.7659,-1.6572e-15,7.9654e-16
2994.8,-214.55,873.86,4.7563,0.772,0.33427,-0.087683,6.7659,-1.6572e-15,7.9654e-16
2994.9,-214.51,873.79,4.7473,0.76993,0.33822,-0.093478,6.7659,-1.6572e-15,7.9654e-16
2995,-214.48,873.71,4.7376,0.76774,0.34244,-0.09887,6.7659,-1.6572e-15,7.9654e-16
2995.1,-214.44,873.64,4.7275,0.76543,0.34692,-0.10382,6.7659,-1.6572e-15,7.9654e-16
2995.2,-214.41,873.56,4.7169,0.76303,0.35161,-0.10829,6.7659,-1.6572e-15,7.9654e-16
2995.3,-214.37,873.48,4.7059,0.76053,0.35649,-0.11227,6.7659,-1.6572e-15,7.9654e-16
2995.4,-214.34,873.41,4.6944,0.75795,0.36153,-0.11574,6.7659,-1.6572e-15,7.9654e-16
2995.5,-214.3,873.33,4.6827,0.75532,0.36669,-0.11872,6.7659,-1.6572e-15,7.9654e-16
2995.6,-214.27,873.25,4.6707,0.75263,0.37195,-0.1212,6.7659,-1.6572e-15,7.9654e-16
2995.7,-214.23,873.18,4.6585,0.7499,0.37727,-0.1232,6.7659,-1.6572e-15,7.9654e-16
2995.8,-214.2,873.1,4.6461,0.74714,0.38262,-0.12475,6.7659,-1.6572e-15,7.9654e-16
2995.9,-214.17,873.02,4.6336,0.74437,0.388,-0.12586,6.7659,-1.6572e-15,7.9654e-16
2996,-214.13,872.95,4.6209,0.7416,0.39336,-0.12656,6.7659,-1.6572e-15,7.9654e-16
2996.1,-214.1,872.87,4.6083,0.73885,0.39869,-0.12688,6.7659,-1.6572e-15,7.9654e-16
2996.2,-214.07,872.79,4.5956,0.73611,0.40398,-0.12685,6.7659,-1.6572e-15,7.9654e-16
2996.3,-214.04,872.71,4.5829,0.73341,0.40922,-0.12649,6.7659,-1.6572e-15,7.9654e-16
2996.4,-214.01,872.63,4.5703,0.73075,0.41438,-0.12583,6.7659,-1.6572e-15,7.9654e-16
2996.5,-213.98,872.56,4.5577,0.72814,0.41946,-0.1249,6.7659,-1.6572e-15,7.9654e-16
2996.6,-213.95,872.48,4.5453,0.7256,0.42445,-0.12371,6.7659,-1.6572e-15,7.9654e-16
2996.7,-213.92,872.4,4.533,0.72313,0.42936,-0.1223,6.7659,-1.6572e-15,7.9654e-16
2996.8,-213.89,872.32,4.5209,0.72073,0.43416,-0.12068,6.7659,-1.6572e-15,7.9654e-16
2996.9,-213.86,872.24,4.5089,0.71842,0.43887,-0.11887,6.7659,-1.6572e-15,7.9654e-16
2997,-213.83,872.16,4.4971,0.7162,0.44348,-0.11689,6.7659,-1.6572e-15,7.9654e-16
2997.1,-213.8,872.08,4.4855,0.71407,0.44799,-0.11475,6.7659,-1.6572e-15,7.9654e-16
2997.2,-213.78,872,4.4741,0.71205,0.4524,-0.11246,6.7659,-1.6572e-15,7.9654e-16
2997.3,-213.75,871.92,4.463,0.71014,0.45671,-0.11005,6.7659,-1.6572e-15,7.9654e-16
2997.4,-213.72,871.84,4.4521,0.70833,0.46093,-0.10751,6.7659,-1.6572e-15,7.9654e-16
2997.5,-213.7,871.76,4.4415,0.70664,0.46505,-0.10486,6.7659,-1.6572e-15,7.9654e-16
2997.6,-213.67,871.68,4.4312,0.70507,0.46909,-0.1021,6.7659,-1.6572e-15,7.9654e-16
2997.7,-213.65,871.6,4.4211,0.70362,0.47305,-0.099242,6.7659,-1.6572e-15,7.9654e-16
2997.8,-213.62,871.52,4.4113,0.70229,0.47693,-0.096289,6.7659,-1.6572e-15,7.9654e-16
2997.9,-213.6,871.44,4.4018,0.70109,0.48073,-0.093244,6.7659,-1.6572e-15,7.9654e-16
2998,-213.57,871.36,4.3927,0.70003,0.48446,-0.09011,6.7659,-1.6572e-15,7.9654e-16
2998.1,-213.55,871.27,4.3838,0.69909,0.48813,-0.086887,6.7659,-1.6572e-15,7.9654e-16
2998.2,-213.53,871.19,4.3753,0.69829,0.49174,-0.083575,6.7659,-1.6572e-15,7.9654e-16
2998.3,-213.5,871.11,4.3671,0.69762,0.49529,-0.080172,6.7659,-1.6572e-15,7.9654e-16
2998.4,-213.48,871.03,4.3593,0.6971,0.49879,-0.076676,6.7659,-1.6572e-15,7.9654e-16
2998.5,-213.46,870.94,4.3518,0.69671,0.50225,-0.073083,6.7659,-1.6572e-15,7.9654e-16
2998.6,-213.44,870.86,4.3447,0.69647,0.50568,-0.069387,6.7659,-1.6572e-15,7.9654e-16
2998.7,-213.41,870.78,4.3379,0.69638,0.50907,-0.065581,6.7659,-1.6572e-15,7.9654e-16
2998.8,-213.39,870.69,4.3315,0.69644,0.51243,-0.061656,6.7659,-1.6572e-15,7.9654e-16
2998.9,-213.37,870.61,4.3256,0.69665,0.51577,-0.057601,6.7659,-1.6572e-15,7.9654e-16
2999,-213.35,870.53,4.32,0.69702,0.51909,-0.053404,6.7659,-1.6572e-15,7.9654e-16
2999.1,-213.33,870.44,4.3149,0.69756,0.52241,-0.049049,6.7659,-1.6572e-15,7.9654e-16
2999.2,-213.31,870.36,4.3102,0.69826,0.52571,-0.044518,6.7659,-1.6572e-15,7.9654e-16
2999.3,-213.28,870.27,4.306,0.69914,0.52903,-0.039789,6.7659,-1.6572e-15,7.9654e-16
2999.4,-213.26,870.19,4.3023,0.7002,0.53234,-0.034835,6.7659,-1.6572e-15,7.9654e-16
2999.5,-213.24,870.1,4.2991,0.70145,0.53568,-0.029625,6.7659,-1.6572e-15,7.9654e-16
2999.6,-213.22,870.02,4.2964,0.7029,0.53903,-0.024121,6.7659,-1.6572e-15,7.9654e-16
2999.7,-213.2,869.93,4.2942,0.70456,0.54242,-0.018278,6.7659,-1.6572e-15,7.9654e-16
2999.8,-213.18,869.84,4.2927,0.70646,0.54584,-0.012039,6.7659,-1.6572e-15,7.9654e-16
2999.9,-213.16,869.76,4.2918,0.7086,0.54931,-0.0053364,6.7659,-1.6572e-15,7.9654e-16
